Time (s),V_SW,I_IN,I_OUT,I_P
0.0,23.749996544,0.58824999616,1.476124997312,2.1875007999999996
5e-10,23.749996544,0.58824999616,1.477374997184,1.8750008319999996
1e-09,22.968746496,0.58824999616,1.47487499744,2.1875007999999996
1.5000000000000002e-09,22.968746496,0.58824999616,1.476124997312,2.1875007999999996
2e-09,23.749996544,0.5819999967999999,1.478624997056,2.1875007999999996
2.5e-09,22.968746496,0.58824999616,1.476124997312,2.5000007679999996
3.0000000000000004e-09,22.968746496,0.58824999616,1.47487499744,2.1875007999999996
3.5000000000000003e-09,23.749996544,0.58824999616,1.479874996928,2.5000007679999996
4e-09,22.968746496,0.5819999967999999,1.4811249968,2.5000007679999996
4.500000000000001e-09,22.968746496,0.58824999616,1.479874996928,2.1875007999999996
5e-09,23.749996544,0.59449999552,1.476124997312,2.1875007999999996
5.5000000000000004e-09,23.749996544,0.59449999552,1.476124997312,2.5000007679999996
6.000000000000001e-09,23.749996544,0.58824999616,1.477374997184,2.5000007679999996
6.5e-09,23.749996544,0.58824999616,1.479874996928,2.1875007999999996
7.000000000000001e-09,24.531246592000002,0.58824999616,1.478624997056,1.8750008319999996
7.500000000000001e-09,22.968746496,0.5819999967999999,1.478624997056,2.1875007999999996
8e-09,24.531246592000002,0.58824999616,1.476124997312,2.1875007999999996
8.5e-09,23.749996544,0.58824999616,1.478624997056,2.1875007999999996
9.000000000000001e-09,23.749996544,0.58824999616,1.478624997056,2.1875007999999996
9.5e-09,22.968746496,0.58824999616,1.4811249968,2.1875007999999996
1e-08,22.968746496,0.58824999616,1.479874996928,2.1875007999999996
1.0500000000000001e-08,23.749996544,0.58824999616,1.477374997184,2.1875007999999996
1.1000000000000001e-08,23.749996544,0.59449999552,1.478624997056,2.1875007999999996
1.15e-08,23.749996544,0.5819999967999999,1.478624997056,2.5000007679999996
1.2000000000000002e-08,23.749996544,0.5819999967999999,1.478624997056,2.5000007679999996
1.2500000000000001e-08,23.749996544,0.58824999616,1.479874996928,1.8750008319999996
1.3e-08,23.749996544,0.59449999552,1.477374997184,2.1875007999999996
1.35e-08,22.968746496,0.5819999967999999,1.477374997184,2.1875007999999996
1.4000000000000001e-08,23.749996544,0.5819999967999999,1.477374997184,2.5000007679999996
1.45e-08,23.749996544,0.58824999616,1.477374997184,2.5000007679999996
1.5000000000000002e-08,23.749996544,0.58824999616,1.477374997184,2.1875007999999996
1.55e-08,22.968746496,0.58824999616,1.479874996928,2.1875007999999996
1.6e-08,24.531246592000002,0.58824999616,1.478624997056,2.5000007679999996
1.6500000000000002e-08,23.749996544,0.58824999616,1.479874996928,2.1875007999999996
1.7e-08,23.749996544,0.58824999616,1.478624997056,2.1875007999999996
1.75e-08,23.749996544,0.58824999616,1.477374997184,2.1875007999999996
1.8000000000000002e-08,24.531246592000002,0.58824999616,1.476124997312,2.5000007679999996
1.85e-08,23.749996544,0.58824999616,1.476124997312,2.1875007999999996
1.9e-08,23.749996544,0.59449999552,1.477374997184,2.1875007999999996
1.9500000000000003e-08,22.968746496,0.58824999616,1.477374997184,2.5000007679999996
2e-08,22.968746496,0.58824999616,1.478624997056,2.5000007679999996
2.05e-08,23.749996544,0.58824999616,1.477374997184,2.1875007999999996
2.1000000000000003e-08,23.749996544,0.59449999552,1.476124997312,2.1875007999999996
2.15e-08,23.749996544,0.58824999616,1.478624997056,2.1875007999999996
2.2000000000000002e-08,23.749996544,0.58824999616,1.478624997056,2.1875007999999996
2.2500000000000003e-08,23.749996544,0.58824999616,1.477374997184,2.1875007999999996
2.3e-08,22.968746496,0.59449999552,1.476124997312,2.1875007999999996
2.3500000000000002e-08,22.968746496,0.58824999616,1.478624997056,2.1875007999999996
2.4000000000000003e-08,22.968746496,0.58824999616,1.476124997312,2.1875007999999996
2.45e-08,23.749996544,0.58824999616,1.478624997056,2.1875007999999996
2.5000000000000002e-08,22.968746496,0.59449999552,1.478624997056,2.1875007999999996
2.55e-08,22.968746496,0.59449999552,1.478624997056,2.5000007679999996
2.6e-08,23.749996544,0.58824999616,1.478624997056,2.1875007999999996
2.6500000000000002e-08,23.749996544,0.58824999616,1.476124997312,2.1875007999999996
2.7e-08,23.749996544,0.58824999616,1.476124997312,2.1875007999999996
2.75e-08,23.749996544,0.58824999616,1.477374997184,2.8125007359999996
2.8000000000000003e-08,23.749996544,0.58824999616,1.476124997312,2.1875007999999996
2.85e-08,23.749996544,0.58824999616,1.476124997312,2.1875007999999996
2.9e-08,23.749996544,0.58824999616,1.476124997312,2.1875007999999996
2.9500000000000003e-08,22.968746496,0.59449999552,1.478624997056,2.1875007999999996
3.0000000000000004e-08,23.749996544,0.59449999552,1.478624997056,2.1875007999999996
3.05e-08,23.749996544,0.59449999552,1.477374997184,2.1875007999999996
3.1e-08,22.968746496,0.59449999552,1.47487499744,1.8750008319999996
3.1500000000000004e-08,22.968746496,0.58824999616,1.476124997312,2.1875007999999996
3.2e-08,23.749996544,0.58824999616,1.47487499744,2.1875007999999996
3.25e-08,23.749996544,0.58824999616,1.477374997184,1.8750008319999996
3.3000000000000004e-08,23.749996544,0.58824999616,1.477374997184,2.1875007999999996
3.35e-08,22.968746496,0.59449999552,1.476124997312,2.1875007999999996
3.4e-08,23.749996544,0.59449999552,1.476124997312,2.1875007999999996
3.4500000000000005e-08,23.749996544,0.58824999616,1.478624997056,2.5000007679999996
3.5e-08,23.749996544,0.59449999552,1.479874996928,2.1875007999999996
3.55e-08,23.749996544,0.58824999616,1.478624997056,2.5000007679999996
3.6000000000000005e-08,23.749996544,0.58824999616,1.478624997056,2.5000007679999996
3.65e-08,23.749996544,0.59449999552,1.479874996928,2.5000007679999996
3.7e-08,24.531246592000002,0.59449999552,1.479874996928,2.5000007679999996
3.7500000000000005e-08,23.749996544,0.59449999552,1.479874996928,2.5000007679999996
3.8e-08,22.968746496,0.59449999552,1.479874996928,2.5000007679999996
3.85e-08,23.749996544,0.58824999616,1.478624997056,2.5000007679999996
3.9000000000000005e-08,23.749996544,0.59449999552,1.476124997312,2.1875007999999996
3.95e-08,23.749996544,0.58824999616,1.477374997184,2.1875007999999996
4e-08,23.749996544,0.58824999616,1.478624997056,2.1875007999999996
4.0500000000000005e-08,23.749996544,0.58824999616,1.479874996928,2.1875007999999996
4.1e-08,22.968746496,0.58824999616,1.478624997056,2.1875007999999996
4.15e-08,22.968746496,0.58824999616,1.477374997184,2.1875007999999996
4.2000000000000006e-08,23.749996544,0.58824999616,1.476124997312,2.1875007999999996
4.2500000000000003e-08,22.968746496,0.58824999616,1.47487499744,2.1875007999999996
4.3e-08,23.749996544,0.59449999552,1.477374997184,2.5000007679999996
4.3500000000000006e-08,22.968746496,0.58824999616,1.478624997056,2.5000007679999996
4.4000000000000004e-08,22.968746496,0.59449999552,1.476124997312,2.1875007999999996
4.45e-08,23.749996544,0.59449999552,1.476124997312,2.1875007999999996
4.5000000000000006e-08,23.749996544,0.59449999552,1.476124997312,2.1875007999999996
4.5500000000000004e-08,23.749996544,0.59449999552,1.476124997312,2.5000007679999996
4.6e-08,23.749996544,0.58824999616,1.476124997312,2.1875007999999996
4.6500000000000006e-08,23.749996544,0.58824999616,1.478624997056,2.5000007679999996
4.7000000000000004e-08,23.749996544,0.59449999552,1.477374997184,2.1875007999999996
4.75e-08,23.749996544,0.58824999616,1.477374997184,1.8750008319999996
4.8000000000000006e-08,23.749996544,0.58824999616,1.476124997312,2.5000007679999996
4.8500000000000004e-08,23.749996544,0.59449999552,1.478624997056,2.1875007999999996
4.9e-08,23.749996544,0.58824999616,1.477374997184,2.1875007999999996
4.95e-08,22.968746496,0.59449999552,1.47487499744,2.1875007999999996
5.0000000000000004e-08,22.968746496,0.59449999552,1.473624997568,2.1875007999999996
5.05e-08,22.968746496,0.58824999616,1.47487499744,2.1875007999999996
5.1e-08,23.749996544,0.58824999616,1.477374997184,2.1875007999999996
5.1500000000000005e-08,23.749996544,0.58824999616,1.478624997056,2.5000007679999996
5.2e-08,23.749996544,0.58824999616,1.477374997184,2.1875007999999996
5.25e-08,23.749996544,0.58824999616,1.478624997056,2.1875007999999996
5.3000000000000005e-08,23.749996544,0.58824999616,1.476124997312,2.1875007999999996
5.35e-08,23.749996544,0.58824999616,1.477374997184,2.1875007999999996
5.4e-08,22.968746496,0.58824999616,1.478624997056,2.5000007679999996
5.4500000000000005e-08,22.968746496,0.59449999552,1.478624997056,2.1875007999999996
5.5e-08,23.749996544,0.59449999552,1.476124997312,2.1875007999999996
5.55e-08,22.968746496,0.58824999616,1.47487499744,1.8750008319999996
5.6000000000000005e-08,22.968746496,0.59449999552,1.472374997696,2.1875007999999996
5.65e-08,23.749996544,0.59449999552,1.47487499744,1.8750008319999996
5.7e-08,23.749996544,0.59449999552,1.476124997312,2.5000007679999996
5.7500000000000005e-08,22.968746496,0.59449999552,1.476124997312,2.1875007999999996
5.8e-08,23.749996544,0.59449999552,1.477374997184,2.5000007679999996
5.85e-08,22.968746496,0.58824999616,1.477374997184,2.1875007999999996
5.9000000000000006e-08,23.749996544,0.6007499948799999,1.477374997184,2.1875007999999996
5.9500000000000003e-08,23.749996544,0.58824999616,1.477374997184,2.1875007999999996
6.000000000000001e-08,23.749996544,0.58824999616,1.477374997184,2.5000007679999996
6.05e-08,23.749996544,0.59449999552,1.478624997056,2.1875007999999996
6.1e-08,23.749996544,0.59449999552,1.476124997312,2.1875007999999996
6.15e-08,22.968746496,0.59449999552,1.476124997312,2.5000007679999996
6.2e-08,22.968746496,0.58824999616,1.478624997056,2.5000007679999996
6.250000000000001e-08,22.968746496,0.59449999552,1.4811249968,2.5000007679999996
6.300000000000001e-08,22.968746496,0.59449999552,1.477374997184,2.1875007999999996
6.35e-08,22.968746496,0.58824999616,1.476124997312,1.8750008319999996
6.4e-08,23.749996544,0.58824999616,1.47487499744,2.1875007999999996
6.45e-08,23.749996544,0.59449999552,1.47487499744,2.1875007999999996
6.5e-08,22.968746496,0.58824999616,1.47487499744,2.1875007999999996
6.55e-08,23.749996544,0.58824999616,1.476124997312,2.1875007999999996
6.600000000000001e-08,23.749996544,0.58824999616,1.476124997312,2.1875007999999996
6.65e-08,23.749996544,0.59449999552,1.476124997312,2.1875007999999996
6.7e-08,22.968746496,0.6007499948799999,1.476124997312,2.5000007679999996
6.75e-08,23.749996544,0.59449999552,1.478624997056,2.1875007999999996
6.8e-08,23.749996544,0.59449999552,1.478624997056,2.1875007999999996
6.85e-08,22.968746496,0.59449999552,1.479874996928,2.1875007999999996
6.900000000000001e-08,23.749996544,0.58824999616,1.479874996928,2.5000007679999996
6.950000000000001e-08,23.749996544,0.59449999552,1.478624997056,2.1875007999999996
7e-08,22.968746496,0.58824999616,1.478624997056,2.5000007679999996
7.05e-08,23.749996544,0.58824999616,1.479874996928,2.1875007999999996
7.1e-08,22.968746496,0.58824999616,1.479874996928,2.1875007999999996
7.15e-08,23.749996544,0.58824999616,1.4811249968,2.1875007999999996
7.200000000000001e-08,23.749996544,0.59449999552,1.476124997312,2.5000007679999996
7.250000000000001e-08,23.749996544,0.58824999616,1.476124997312,1.8750008319999996
7.3e-08,22.968746496,0.58824999616,1.476124997312,1.8750008319999996
7.35e-08,23.749996544,0.59449999552,1.47487499744,2.1875007999999996
7.4e-08,23.749996544,0.59449999552,1.476124997312,2.1875007999999996
7.45e-08,22.968746496,0.6007499948799999,1.477374997184,2.1875007999999996
7.500000000000001e-08,23.749996544,0.6007499948799999,1.478624997056,2.1875007999999996
7.550000000000001e-08,23.749996544,0.59449999552,1.478624997056,1.8750008319999996
7.6e-08,23.749996544,0.59449999552,1.477374997184,2.5000007679999996
7.65e-08,23.749996544,0.59449999552,1.477374997184,2.1875007999999996
7.7e-08,23.749996544,0.59449999552,1.477374997184,2.1875007999999996
7.75e-08,22.968746496,0.6007499948799999,1.478624997056,2.1875007999999996
7.800000000000001e-08,23.749996544,0.59449999552,1.479874996928,2.5000007679999996
7.850000000000001e-08,22.968746496,0.59449999552,1.479874996928,2.5000007679999996
7.9e-08,22.968746496,0.59449999552,1.476124997312,2.1875007999999996
7.95e-08,22.968746496,0.59449999552,1.47487499744,1.8750008319999996
8e-08,22.968746496,0.58824999616,1.47487499744,2.1875007999999996
8.05e-08,23.749996544,0.58824999616,1.478624997056,2.1875007999999996
8.100000000000001e-08,22.968746496,0.58824999616,1.477374997184,2.1875007999999996
8.150000000000001e-08,23.749996544,0.58824999616,1.47487499744,2.1875007999999996
8.2e-08,23.749996544,0.58824999616,1.473624997568,2.5000007679999996
8.25e-08,23.749996544,0.59449999552,1.47487499744,2.5000007679999996
8.3e-08,23.749996544,0.59449999552,1.476124997312,2.1875007999999996
8.35e-08,23.749996544,0.59449999552,1.478624997056,2.5000007679999996
8.400000000000001e-08,23.749996544,0.59449999552,1.478624997056,2.5000007679999996
8.450000000000001e-08,22.968746496,0.59449999552,1.478624997056,2.1875007999999996
8.500000000000001e-08,22.968746496,0.6007499948799999,1.476124997312,2.5000007679999996
8.55e-08,23.749996544,0.59449999552,1.477374997184,2.1875007999999996
8.6e-08,22.968746496,0.58824999616,1.4811249968,2.1875007999999996
8.65e-08,22.968746496,0.59449999552,1.4811249968,2.5000007679999996
8.700000000000001e-08,23.749996544,0.59449999552,1.476124997312,1.8750008319999996
8.750000000000001e-08,22.968746496,0.58824999616,1.476124997312,1.8750008319999996
8.800000000000001e-08,22.968746496,0.59449999552,1.477374997184,2.1875007999999996
8.85e-08,23.749996544,0.58824999616,1.4811249968,1.8750008319999996
8.9e-08,22.968746496,0.59449999552,1.478624997056,2.1875007999999996
8.95e-08,22.968746496,0.58824999616,1.477374997184,2.5000007679999996
9.000000000000001e-08,23.749996544,0.58824999616,1.47487499744,2.1875007999999996
9.050000000000001e-08,23.749996544,0.59449999552,1.47487499744,2.1875007999999996
9.100000000000001e-08,23.749996544,0.6007499948799999,1.47487499744,2.1875007999999996
9.15e-08,22.968746496,0.58824999616,1.476124997312,2.5000007679999996
9.2e-08,22.968746496,0.58824999616,1.47487499744,2.5000007679999996
9.25e-08,23.749996544,0.59449999552,1.477374997184,1.8750008319999996
9.300000000000001e-08,22.968746496,0.6007499948799999,1.478624997056,2.1875007999999996
9.350000000000001e-08,23.749996544,0.59449999552,1.477374997184,2.1875007999999996
9.400000000000001e-08,22.968746496,0.59449999552,1.47487499744,2.1875007999999996
9.45e-08,22.968746496,0.59449999552,1.478624997056,2.5000007679999996
9.5e-08,22.968746496,0.59449999552,1.479874996928,2.1875007999999996
9.55e-08,23.749996544,0.59449999552,1.478624997056,2.1875007999999996
9.600000000000001e-08,22.968746496,0.6007499948799999,1.47487499744,2.1875007999999996
9.650000000000001e-08,23.749996544,0.59449999552,1.476124997312,2.1875007999999996
9.700000000000001e-08,22.968746496,0.59449999552,1.47487499744,2.1875007999999996
9.75e-08,22.968746496,0.59449999552,1.476124997312,2.1875007999999996
9.8e-08,23.749996544,0.59449999552,1.478624997056,2.1875007999999996
9.85e-08,23.749996544,0.58824999616,1.479874996928,2.1875007999999996
9.9e-08,22.968746496,0.59449999552,1.478624997056,2.1875007999999996
9.950000000000001e-08,22.968746496,0.59449999552,1.477374997184,2.1875007999999996
1.0000000000000001e-07,22.187496448000005,0.58824999616,1.476124997312,2.1875007999999996
1.005e-07,22.968746496,0.6007499948799999,1.477374997184,2.1875007999999996
1.01e-07,23.749996544,0.59449999552,1.476124997312,2.1875007999999996
1.015e-07,23.749996544,0.59449999552,1.47487499744,2.1875007999999996
1.02e-07,23.749996544,0.59449999552,1.476124997312,2.5000007679999996
1.0250000000000001e-07,23.749996544,0.58824999616,1.477374997184,2.1875007999999996
1.0300000000000001e-07,22.968746496,0.59449999552,1.476124997312,2.1875007999999996
1.0350000000000001e-07,22.968746496,0.59449999552,1.476124997312,1.8750008319999996
1.04e-07,23.749996544,0.59449999552,1.47487499744,1.8750008319999996
1.045e-07,23.749996544,0.59449999552,1.476124997312,1.8750008319999996
1.05e-07,22.968746496,0.59449999552,1.478624997056,2.1875007999999996
1.0550000000000001e-07,22.968746496,0.59449999552,1.479874996928,2.1875007999999996
1.0600000000000001e-07,23.749996544,0.59449999552,1.476124997312,2.5000007679999996
1.0650000000000001e-07,23.749996544,0.58824999616,1.47487499744,2.5000007679999996
1.07e-07,22.968746496,0.58824999616,1.47487499744,2.1875007999999996
1.075e-07,22.968746496,0.59449999552,1.47487499744,2.1875007999999996
1.08e-07,22.187496448000005,0.59449999552,1.47487499744,2.5000007679999996
1.0850000000000001e-07,23.749996544,0.59449999552,1.479874996928,2.1875007999999996
1.0900000000000001e-07,23.749996544,0.59449999552,1.478624997056,2.1875007999999996
1.0950000000000001e-07,23.749996544,0.59449999552,1.478624997056,2.1875007999999996
1.1e-07,23.749996544,0.58824999616,1.479874996928,2.1875007999999996
1.105e-07,22.968746496,0.59449999552,1.478624997056,2.1875007999999996
1.11e-07,23.749996544,0.59449999552,1.476124997312,1.8750008319999996
1.1150000000000001e-07,23.749996544,0.58824999616,1.477374997184,1.8750008319999996
1.1200000000000001e-07,22.968746496,0.59449999552,1.478624997056,2.1875007999999996
1.1250000000000001e-07,23.749996544,0.58824999616,1.4811249968,1.8750008319999996
1.13e-07,22.968746496,0.58824999616,1.478624997056,1.8750008319999996
1.135e-07,22.968746496,0.59449999552,1.476124997312,2.1875007999999996
1.14e-07,23.749996544,0.59449999552,1.476124997312,2.1875007999999996
1.1450000000000001e-07,22.968746496,0.59449999552,1.477374997184,2.1875007999999996
1.1500000000000001e-07,23.749996544,0.6007499948799999,1.477374997184,2.1875007999999996
1.1550000000000001e-07,23.749996544,0.59449999552,1.47487499744,2.1875007999999996
1.16e-07,22.187496448000005,0.59449999552,1.473624997568,2.1875007999999996
1.165e-07,22.968746496,0.59449999552,1.477374997184,2.1875007999999996
1.17e-07,23.749996544,0.59449999552,1.479874996928,2.1875007999999996
1.1750000000000001e-07,22.968746496,0.59449999552,1.478624997056,2.1875007999999996
1.1800000000000001e-07,22.968746496,0.59449999552,1.47487499744,2.1875007999999996
1.1850000000000001e-07,22.968746496,0.6007499948799999,1.472374997696,2.1875007999999996
1.1900000000000001e-07,22.968746496,0.59449999552,1.473624997568,2.1875007999999996
1.195e-07,22.968746496,0.59449999552,1.477374997184,2.1875007999999996
1.2000000000000002e-07,23.749996544,0.59449999552,1.47487499744,2.5000007679999996
1.205e-07,23.749996544,0.59449999552,1.477374997184,2.1875007999999996
1.21e-07,22.968746496,0.59449999552,1.478624997056,2.1875007999999996
1.215e-07,23.749996544,0.59449999552,1.4811249968,2.1875007999999996
1.22e-07,22.968746496,0.58824999616,1.478624997056,2.1875007999999996
1.2250000000000002e-07,23.749996544,0.59449999552,1.478624997056,1.8750008319999996
1.23e-07,23.749996544,0.59449999552,1.478624997056,2.1875007999999996
1.2350000000000001e-07,23.749996544,0.58824999616,1.478624997056,2.1875007999999996
1.24e-07,22.968746496,0.59449999552,1.479874996928,2.1875007999999996
1.245e-07,23.749996544,0.59449999552,1.479874996928,1.8750008319999996
1.2500000000000002e-07,23.749996544,0.59449999552,1.479874996928,2.1875007999999996
1.255e-07,23.749996544,0.59449999552,1.477374997184,2.1875007999999996
1.2600000000000002e-07,22.968746496,0.59449999552,1.477374997184,2.1875007999999996
1.265e-07,23.749996544,0.59449999552,1.478624997056,2.1875007999999996
1.27e-07,22.968746496,0.59449999552,1.476124997312,1.8750008319999996
1.275e-07,22.968746496,0.58824999616,1.476124997312,1.8750008319999996
1.28e-07,22.968746496,0.59449999552,1.47487499744,2.1875007999999996
1.2850000000000002e-07,23.749996544,0.59449999552,1.476124997312,1.5625008640000004
1.29e-07,23.749996544,0.58824999616,1.47487499744,1.8750008319999996
1.2950000000000001e-07,22.968746496,0.58824999616,1.477374997184,2.1875007999999996
1.3e-07,22.968746496,0.59449999552,1.476124997312,2.1875007999999996
1.305e-07,22.187496448000005,0.59449999552,1.477374997184,1.8750008319999996
1.31e-07,22.968746496,0.59449999552,1.478624997056,2.1875007999999996
1.315e-07,23.749996544,0.59449999552,1.478624997056,2.1875007999999996
1.3200000000000002e-07,22.968746496,0.59449999552,1.478624997056,2.5000007679999996
1.325e-07,22.968746496,0.59449999552,1.479874996928,2.1875007999999996
1.33e-07,22.968746496,0.58824999616,1.479874996928,2.1875007999999996
1.335e-07,22.968746496,0.59449999552,1.477374997184,1.8750008319999996
1.34e-07,22.968746496,0.59449999552,1.476124997312,2.1875007999999996
1.3450000000000002e-07,23.749996544,0.6007499948799999,1.478624997056,2.5000007679999996
1.35e-07,22.968746496,0.59449999552,1.478624997056,1.8750008319999996
1.3550000000000002e-07,23.749996544,0.59449999552,1.4811249968,2.1875007999999996
1.36e-07,23.749996544,0.58824999616,1.478624997056,2.1875007999999996
1.365e-07,23.749996544,0.58824999616,1.478624997056,1.8750008319999996
1.37e-07,22.968746496,0.59449999552,1.476124997312,2.1875007999999996
1.375e-07,22.968746496,0.59449999552,1.477374997184,2.5000007679999996
1.3800000000000002e-07,23.749996544,0.59449999552,1.477374997184,2.1875007999999996
1.385e-07,22.968746496,0.6007499948799999,1.477374997184,2.1875007999999996
1.3900000000000001e-07,22.968746496,0.6007499948799999,1.476124997312,2.1875007999999996
1.395e-07,22.968746496,0.58824999616,1.47487499744,2.1875007999999996
1.4e-07,23.749996544,0.59449999552,1.47487499744,2.1875007999999996
1.4050000000000002e-07,22.968746496,0.6007499948799999,1.476124997312,2.1875007999999996
1.41e-07,22.968746496,0.59449999552,1.47487499744,2.1875007999999996
1.4150000000000002e-07,23.749996544,0.59449999552,1.473624997568,2.1875007999999996
1.42e-07,22.968746496,0.59449999552,1.473624997568,2.1875007999999996
1.425e-07,22.968746496,0.59449999552,1.476124997312,2.5000007679999996
1.43e-07,22.968746496,0.59449999552,1.478624997056,1.8750008319999996
1.435e-07,23.749996544,0.59449999552,1.479874996928,1.8750008319999996
1.4400000000000002e-07,23.749996544,0.58824999616,1.477374997184,2.1875007999999996
1.445e-07,23.749996544,0.58824999616,1.4811249968,1.8750008319999996
1.4500000000000001e-07,22.968746496,0.59449999552,1.478624997056,2.1875007999999996
1.455e-07,22.187496448000005,0.6007499948799999,1.478624997056,2.1875007999999996
1.46e-07,23.749996544,0.59449999552,1.476124997312,2.1875007999999996
1.4650000000000002e-07,22.968746496,0.59449999552,1.477374997184,1.8750008319999996
1.47e-07,23.749996544,0.59449999552,1.477374997184,2.1875007999999996
1.4750000000000002e-07,22.968746496,0.59449999552,1.479874996928,2.5000007679999996
1.48e-07,23.749996544,0.59449999552,1.479874996928,2.5000007679999996
1.485e-07,23.749996544,0.59449999552,1.479874996928,1.8750008319999996
1.49e-07,23.749996544,0.59449999552,1.477374997184,2.1875007999999996
1.495e-07,22.968746496,0.6007499948799999,1.476124997312,2.1875007999999996
1.5000000000000002e-07,23.749996544,0.59449999552,1.476124997312,2.5000007679999996
1.505e-07,23.749996544,0.59449999552,1.476124997312,2.5000007679999996
1.5100000000000002e-07,22.968746496,0.59449999552,1.477374997184,2.1875007999999996
1.515e-07,22.968746496,0.59449999552,1.477374997184,2.1875007999999996
1.52e-07,23.749996544,0.59449999552,1.477374997184,2.5000007679999996
1.5250000000000002e-07,23.749996544,0.59449999552,1.478624997056,1.8750008319999996
1.53e-07,22.968746496,0.59449999552,1.476124997312,2.1875007999999996
1.5350000000000002e-07,22.968746496,0.59449999552,1.476124997312,2.1875007999999996
1.54e-07,22.968746496,0.59449999552,1.477374997184,2.1875007999999996
1.5450000000000001e-07,23.749996544,0.59449999552,1.479874996928,2.1875007999999996
1.55e-07,23.749996544,0.59449999552,1.4811249968,2.1875007999999996
1.555e-07,22.968746496,0.6007499948799999,1.4811249968,2.5000007679999996
1.5600000000000002e-07,22.968746496,0.6007499948799999,1.478624997056,1.8750008319999996
1.565e-07,23.749996544,0.59449999552,1.478624997056,2.1875007999999996
1.5700000000000002e-07,22.968746496,0.59449999552,1.476124997312,2.1875007999999996
1.575e-07,23.749996544,0.6007499948799999,1.478624997056,2.1875007999999996
1.58e-07,22.968746496,0.59449999552,1.478624997056,2.5000007679999996
1.5850000000000002e-07,23.749996544,0.59449999552,1.478624997056,2.5000007679999996
1.59e-07,23.749996544,0.6007499948799999,1.476124997312,2.1875007999999996
1.5950000000000002e-07,23.749996544,0.59449999552,1.478624997056,2.1875007999999996
1.6e-07,23.749996544,0.6007499948799999,1.476124997312,2.1875007999999996
1.6050000000000001e-07,23.749996544,0.59449999552,1.477374997184,1.8750008319999996
1.61e-07,22.968746496,0.6007499948799999,1.479874996928,2.1875007999999996
1.615e-07,22.968746496,0.6007499948799999,1.479874996928,2.1875007999999996
1.6200000000000002e-07,23.749996544,0.59449999552,1.478624997056,2.1875007999999996
1.625e-07,22.968746496,0.59449999552,1.47487499744,2.1875007999999996
1.6300000000000002e-07,22.968746496,0.6007499948799999,1.47487499744,2.1875007999999996
1.635e-07,22.968746496,0.59449999552,1.478624997056,2.5000007679999996
1.64e-07,22.968746496,0.59449999552,1.478624997056,2.5000007679999996
1.645e-07,23.749996544,0.59449999552,1.477374997184,2.1875007999999996
1.65e-07,23.749996544,0.59449999552,1.477374997184,2.1875007999999996
1.6550000000000002e-07,23.749996544,0.59449999552,1.47487499744,2.1875007999999996
1.66e-07,23.749996544,0.59449999552,1.47487499744,2.5000007679999996
1.6650000000000002e-07,23.749996544,0.58824999616,1.473624997568,2.5000007679999996
1.67e-07,22.968746496,0.59449999552,1.476124997312,2.1875007999999996
1.675e-07,22.187496448000005,0.58824999616,1.479874996928,2.1875007999999996
1.6800000000000002e-07,22.968746496,0.58824999616,1.4811249968,2.1875007999999996
1.685e-07,23.749996544,0.58824999616,1.4823749966720001,1.8750008319999996
1.6900000000000002e-07,22.968746496,0.6007499948799999,1.478624997056,2.1875007999999996
1.695e-07,22.968746496,0.6007499948799999,1.477374997184,2.5000007679999996
1.7000000000000001e-07,22.968746496,0.59449999552,1.477374997184,2.1875007999999996
1.705e-07,22.187496448000005,0.59449999552,1.476124997312,2.1875007999999996
1.71e-07,22.968746496,0.6007499948799999,1.476124997312,2.1875007999999996
1.7150000000000002e-07,22.968746496,0.59449999552,1.477374997184,2.1875007999999996
1.72e-07,22.968746496,0.59449999552,1.477374997184,2.5000007679999996
1.7250000000000002e-07,23.749996544,0.6007499948799999,1.477374997184,2.1875007999999996
1.73e-07,23.749996544,0.59449999552,1.477374997184,2.1875007999999996
1.735e-07,22.968746496,0.59449999552,1.47487499744,2.5000007679999996
1.7400000000000002e-07,22.968746496,0.59449999552,1.473624997568,2.5000007679999996
1.745e-07,22.968746496,0.59449999552,1.477374997184,2.5000007679999996
1.7500000000000002e-07,22.968746496,0.6007499948799999,1.477374997184,2.1875007999999996
1.755e-07,22.968746496,0.6007499948799999,1.476124997312,1.8750008319999996
1.7600000000000001e-07,23.749996544,0.6007499948799999,1.472374997696,2.1875007999999996
1.765e-07,23.749996544,0.6007499948799999,1.473624997568,1.5625008640000004
1.77e-07,22.968746496,0.6007499948799999,1.47487499744,1.8750008319999996
1.7750000000000002e-07,23.749996544,0.6007499948799999,1.477374997184,2.1875007999999996
1.78e-07,22.968746496,0.59449999552,1.4811249968,2.1875007999999996
1.7850000000000002e-07,22.968746496,0.59449999552,1.4811249968,2.1875007999999996
1.79e-07,22.968746496,0.6007499948799999,1.478624997056,2.1875007999999996
1.795e-07,23.749996544,0.58824999616,1.477374997184,1.8750008319999996
1.8000000000000002e-07,23.749996544,0.59449999552,1.478624997056,2.1875007999999996
1.805e-07,23.749996544,0.6007499948799999,1.4811249968,2.1875007999999996
1.8100000000000002e-07,23.749996544,0.59449999552,1.4811249968,2.1875007999999996
1.815e-07,23.749996544,0.59449999552,1.479874996928,2.1875007999999996
1.8200000000000002e-07,22.968746496,0.59449999552,1.479874996928,2.1875007999999996
1.825e-07,23.749996544,0.59449999552,1.479874996928,2.5000007679999996
1.83e-07,22.968746496,0.6007499948799999,1.477374997184,2.1875007999999996
1.8350000000000002e-07,22.968746496,0.59449999552,1.476124997312,2.1875007999999996
1.84e-07,23.749996544,0.6007499948799999,1.471124997824,2.1875007999999996
1.8450000000000002e-07,23.749996544,0.6007499948799999,1.473624997568,1.8750008319999996
1.85e-07,22.968746496,0.6007499948799999,1.476124997312,2.1875007999999996
1.8550000000000001e-07,22.968746496,0.59449999552,1.478624997056,2.5000007679999996
1.8600000000000002e-07,23.749996544,0.59449999552,1.478624997056,2.1875007999999996
1.865e-07,23.749996544,0.59449999552,1.477374997184,2.1875007999999996
1.8700000000000002e-07,22.968746496,0.59449999552,1.476124997312,2.1875007999999996
1.875e-07,22.968746496,0.59449999552,1.473624997568,1.8750008319999996
1.8800000000000002e-07,22.968746496,0.59449999552,1.473624997568,2.1875007999999996
1.885e-07,22.968746496,0.6007499948799999,1.473624997568,2.1875007999999996
1.89e-07,23.749996544,0.59449999552,1.476124997312,2.1875007999999996
1.8950000000000002e-07,23.749996544,0.59449999552,1.476124997312,2.1875007999999996
1.9e-07,23.749996544,0.59449999552,1.477374997184,2.1875007999999996
1.9050000000000002e-07,22.968746496,0.6007499948799999,1.476124997312,2.1875007999999996
1.91e-07,22.968746496,0.59449999552,1.476124997312,2.1875007999999996
1.9150000000000001e-07,23.749996544,0.59449999552,1.478624997056,1.8750008319999996
1.9200000000000003e-07,22.968746496,0.59449999552,1.476124997312,2.1875007999999996
1.925e-07,22.968746496,0.59449999552,1.476124997312,2.1875007999999996
1.9300000000000002e-07,22.968746496,0.59449999552,1.47487499744,2.1875007999999996
1.935e-07,22.968746496,0.6007499948799999,1.47487499744,2.1875007999999996
1.9400000000000002e-07,23.749996544,0.59449999552,1.476124997312,2.1875007999999996
1.945e-07,23.749996544,0.59449999552,1.476124997312,2.1875007999999996
1.95e-07,22.968746496,0.59449999552,1.476124997312,2.1875007999999996
1.9550000000000002e-07,22.968746496,0.58824999616,1.477374997184,2.1875007999999996
1.96e-07,22.968746496,0.59449999552,1.476124997312,2.1875007999999996
1.9650000000000002e-07,23.749996544,0.59449999552,1.478624997056,2.1875007999999996
1.97e-07,23.749996544,0.6007499948799999,1.478624997056,2.1875007999999996
1.9750000000000001e-07,23.749996544,0.59449999552,1.477374997184,2.1875007999999996
1.98e-07,22.968746496,0.58824999616,1.477374997184,1.8750008319999996
1.985e-07,22.968746496,0.59449999552,1.476124997312,2.1875007999999996
1.9900000000000002e-07,22.968746496,0.59449999552,1.47487499744,2.1875007999999996
1.995e-07,22.968746496,0.59449999552,1.476124997312,1.8750008319999996
2.0000000000000002e-07,22.968746496,0.59449999552,1.476124997312,2.1875007999999996
2.005e-07,22.968746496,0.59449999552,1.478624997056,2.1875007999999996
2.01e-07,22.968746496,0.59449999552,1.477374997184,2.1875007999999996
2.0150000000000002e-07,23.749996544,0.59449999552,1.477374997184,2.1875007999999996
2.02e-07,23.749996544,0.59449999552,1.477374997184,2.1875007999999996
2.0250000000000002e-07,22.968746496,0.59449999552,1.476124997312,2.1875007999999996
2.03e-07,23.749996544,0.6007499948799999,1.476124997312,1.8750008319999996
2.0350000000000002e-07,22.968746496,0.59449999552,1.476124997312,2.1875007999999996
2.04e-07,22.968746496,0.59449999552,1.47487499744,2.1875007999999996
2.045e-07,23.749996544,0.6007499948799999,1.477374997184,1.5625008640000004
2.0500000000000002e-07,22.968746496,0.6007499948799999,1.478624997056,2.1875007999999996
2.055e-07,22.968746496,0.59449999552,1.47487499744,2.1875007999999996
2.0600000000000002e-07,22.968746496,0.59449999552,1.47487499744,2.1875007999999996
2.065e-07,22.968746496,0.59449999552,1.477374997184,2.5000007679999996
2.0700000000000001e-07,22.968746496,0.6007499948799999,1.477374997184,1.8750008319999996
2.0750000000000003e-07,22.968746496,0.59449999552,1.477374997184,1.8750008319999996
2.08e-07,22.968746496,0.59449999552,1.476124997312,1.8750008319999996
2.0850000000000002e-07,23.749996544,0.59449999552,1.477374997184,1.8750008319999996
2.09e-07,22.968746496,0.59449999552,1.47487499744,1.8750008319999996
2.0950000000000002e-07,23.749996544,0.59449999552,1.47487499744,2.5000007679999996
2.1e-07,23.749996544,0.59449999552,1.476124997312,2.1875007999999996
2.105e-07,23.749996544,0.59449999552,1.476124997312,1.8750008319999996
2.1100000000000002e-07,23.749996544,0.6007499948799999,1.47487499744,2.1875007999999996
2.115e-07,23.749996544,0.59449999552,1.47487499744,2.1875007999999996
2.1200000000000002e-07,23.749996544,0.59449999552,1.476124997312,2.1875007999999996
2.125e-07,23.749996544,0.6007499948799999,1.478624997056,2.1875007999999996
2.1300000000000001e-07,23.749996544,0.6007499948799999,1.478624997056,2.1875007999999996
2.1350000000000003e-07,22.968746496,0.6007499948799999,1.4811249968,2.1875007999999996
2.14e-07,23.749996544,0.59449999552,1.479874996928,2.5000007679999996
2.1450000000000002e-07,23.749996544,0.6007499948799999,1.477374997184,2.5000007679999996
2.15e-07,22.968746496,0.6007499948799999,1.47487499744,1.8750008319999996
2.1550000000000002e-07,22.968746496,0.59449999552,1.477374997184,1.8750008319999996
2.16e-07,23.749996544,0.58824999616,1.47487499744,2.1875007999999996
2.165e-07,23.749996544,0.59449999552,1.476124997312,1.5625008640000004
2.1700000000000002e-07,22.968746496,0.59449999552,1.476124997312,1.8750008319999996
2.175e-07,22.968746496,0.59449999552,1.477374997184,2.5000007679999996
2.1800000000000002e-07,23.749996544,0.59449999552,1.479874996928,2.1875007999999996
2.185e-07,23.749996544,0.59449999552,1.476124997312,2.1875007999999996
2.1900000000000002e-07,23.749996544,0.59449999552,1.477374997184,2.1875007999999996
2.1950000000000003e-07,23.749996544,0.59449999552,1.479874996928,2.1875007999999996
2.2e-07,23.749996544,0.6007499948799999,1.479874996928,2.1875007999999996
2.2050000000000002e-07,23.749996544,0.6007499948799999,1.479874996928,2.1875007999999996
2.21e-07,23.749996544,0.59449999552,1.4811249968,1.8750008319999996
2.2150000000000002e-07,22.968746496,0.59449999552,1.479874996928,2.1875007999999996
2.22e-07,23.749996544,0.59449999552,1.478624997056,1.8750008319999996
2.2250000000000001e-07,22.968746496,0.59449999552,1.477374997184,2.1875007999999996
2.2300000000000002e-07,23.749996544,0.59449999552,1.477374997184,2.1875007999999996
2.235e-07,22.968746496,0.59449999552,1.478624997056,2.1875007999999996
2.2400000000000002e-07,22.968746496,0.59449999552,1.477374997184,2.1875007999999996
2.245e-07,23.749996544,0.59449999552,1.4811249968,1.5625008640000004
2.2500000000000002e-07,22.968746496,0.59449999552,1.479874996928,2.1875007999999996
2.255e-07,23.749996544,0.59449999552,1.477374997184,2.1875007999999996
2.26e-07,22.968746496,0.59449999552,1.477374997184,2.1875007999999996
2.2650000000000002e-07,23.749996544,0.6007499948799999,1.477374997184,2.1875007999999996
2.27e-07,23.749996544,0.60699999424,1.477374997184,2.1875007999999996
2.2750000000000002e-07,22.968746496,0.59449999552,1.477374997184,2.1875007999999996
2.28e-07,22.968746496,0.59449999552,1.477374997184,2.1875007999999996
2.2850000000000001e-07,23.749996544,0.6007499948799999,1.479874996928,2.1875007999999996
2.2900000000000003e-07,23.749996544,0.59449999552,1.4811249968,2.1875007999999996
2.295e-07,23.749996544,0.59449999552,1.4811249968,2.1875007999999996
2.3000000000000002e-07,23.749996544,0.58824999616,1.479874996928,2.1875007999999996
2.305e-07,23.749996544,0.59449999552,1.479874996928,2.5000007679999996
2.3100000000000002e-07,23.749996544,0.6007499948799999,1.479874996928,2.1875007999999996
2.315e-07,22.968746496,0.6007499948799999,1.479874996928,2.1875007999999996
2.32e-07,23.749996544,0.6007499948799999,1.476124997312,2.1875007999999996
2.3250000000000002e-07,23.749996544,0.6007499948799999,1.478624997056,1.8750008319999996
2.33e-07,22.968746496,0.6007499948799999,1.478624997056,2.1875007999999996
2.3350000000000002e-07,22.968746496,0.6007499948799999,1.477374997184,2.1875007999999996
2.34e-07,24.531246592000002,0.59449999552,1.476124997312,2.1875007999999996
2.3450000000000002e-07,23.749996544,0.59449999552,1.478624997056,2.1875007999999996
2.3500000000000003e-07,22.968746496,0.6007499948799999,1.4811249968,2.1875007999999996
2.355e-07,22.968746496,0.6007499948799999,1.4823749966720001,2.5000007679999996
2.3600000000000002e-07,22.968746496,0.6007499948799999,1.479874996928,2.1875007999999996
2.365e-07,22.968746496,0.6007499948799999,1.479874996928,1.8750008319999996
2.3700000000000002e-07,22.968746496,0.6007499948799999,1.479874996928,2.1875007999999996
2.375e-07,22.187496448000005,0.59449999552,1.479874996928,2.5000007679999996
2.3800000000000001e-07,23.749996544,0.6007499948799999,1.478624997056,2.5000007679999996
2.385e-07,22.968746496,0.6007499948799999,1.478624997056,2.1875007999999996
2.39e-07,22.968746496,0.60699999424,1.477374997184,2.1875007999999996
2.395e-07,22.968746496,0.59449999552,1.478624997056,1.8750008319999996
2.4000000000000003e-07,22.968746496,0.59449999552,1.477374997184,1.8750008319999996
2.405e-07,23.749996544,0.59449999552,1.4811249968,1.8750008319999996
2.41e-07,22.968746496,0.6007499948799999,1.479874996928,1.8750008319999996
2.4150000000000004e-07,23.749996544,0.6007499948799999,1.477374997184,2.1875007999999996
2.42e-07,23.749996544,0.59449999552,1.476124997312,2.1875007999999996
2.425e-07,23.749996544,0.59449999552,1.478624997056,2.1875007999999996
2.43e-07,22.968746496,0.59449999552,1.4811249968,2.1875007999999996
2.4350000000000003e-07,22.968746496,0.59449999552,1.478624997056,2.1875007999999996
2.44e-07,22.968746496,0.6007499948799999,1.476124997312,2.5000007679999996
2.445e-07,23.749996544,0.6007499948799999,1.479874996928,2.1875007999999996
2.4500000000000004e-07,23.749996544,0.6007499948799999,1.4811249968,2.1875007999999996
2.455e-07,22.968746496,0.6007499948799999,1.4811249968,2.1875007999999996
2.46e-07,22.968746496,0.59449999552,1.478624997056,2.1875007999999996
2.465e-07,22.968746496,0.6007499948799999,1.479874996928,2.1875007999999996
2.4700000000000003e-07,22.968746496,0.59449999552,1.479874996928,1.8750008319999996
2.475e-07,22.968746496,0.59449999552,1.478624997056,2.1875007999999996
2.48e-07,23.749996544,0.60699999424,1.47487499744,2.1875007999999996
2.4850000000000003e-07,23.749996544,0.6007499948799999,1.479874996928,1.8750008319999996
2.49e-07,22.968746496,0.6007499948799999,1.479874996928,2.1875007999999996
2.495e-07,22.968746496,0.6007499948799999,1.479874996928,2.1875007999999996
2.5000000000000004e-07,23.749996544,0.6007499948799999,1.4811249968,2.1875007999999996
2.505e-07,22.968746496,0.60699999424,1.479874996928,2.1875007999999996
2.51e-07,22.968746496,0.6007499948799999,1.479874996928,2.1875007999999996
2.515e-07,23.749996544,0.59449999552,1.478624997056,2.1875007999999996
2.5200000000000003e-07,22.968746496,0.6007499948799999,1.478624997056,2.1875007999999996
2.525e-07,22.968746496,0.60699999424,1.478624997056,1.8750008319999996
2.53e-07,22.968746496,0.6007499948799999,1.476124997312,2.1875007999999996
2.5350000000000004e-07,22.968746496,0.59449999552,1.476124997312,1.8750008319999996
2.54e-07,22.968746496,0.59449999552,1.476124997312,2.1875007999999996
2.545e-07,22.968746496,0.6007499948799999,1.477374997184,2.1875007999999996
2.55e-07,22.968746496,0.6007499948799999,1.479874996928,2.1875007999999996
2.5550000000000003e-07,22.968746496,0.6007499948799999,1.4811249968,1.8750008319999996
2.56e-07,23.749996544,0.6007499948799999,1.4811249968,2.1875007999999996
2.565e-07,23.749996544,0.6007499948799999,1.4823749966720001,2.1875007999999996
2.5700000000000004e-07,22.968746496,0.6007499948799999,1.477374997184,2.1875007999999996
2.575e-07,23.749996544,0.6007499948799999,1.476124997312,2.1875007999999996
2.58e-07,23.749996544,0.6007499948799999,1.478624997056,2.1875007999999996
2.585e-07,22.968746496,0.6007499948799999,1.479874996928,2.1875007999999996
2.5900000000000003e-07,23.749996544,0.60699999424,1.479874996928,2.5000007679999996
2.595e-07,23.749996544,0.6007499948799999,1.479874996928,2.1875007999999996
2.6e-07,22.968746496,0.6007499948799999,1.477374997184,2.1875007999999996
2.6050000000000004e-07,23.749996544,0.6007499948799999,1.478624997056,2.1875007999999996
2.61e-07,23.749996544,0.60699999424,1.477374997184,2.1875007999999996
2.615e-07,23.749996544,0.59449999552,1.478624997056,2.1875007999999996
2.62e-07,23.749996544,0.59449999552,1.4811249968,2.1875007999999996
2.6250000000000003e-07,22.968746496,0.6007499948799999,1.4811249968,2.1875007999999996
2.63e-07,23.749996544,0.6007499948799999,1.478624997056,1.8750008319999996
2.635e-07,23.749996544,0.6007499948799999,1.4823749966720001,2.1875007999999996
2.6400000000000003e-07,23.749996544,0.6007499948799999,1.479874996928,2.1875007999999996
2.645e-07,23.749996544,0.6007499948799999,1.479874996928,1.8750008319999996
2.65e-07,22.968746496,0.6007499948799999,1.479874996928,2.1875007999999996
2.6550000000000004e-07,22.968746496,0.6007499948799999,1.478624997056,2.1875007999999996
2.66e-07,23.749996544,0.6007499948799999,1.478624997056,2.1875007999999996
2.665e-07,22.968746496,0.6007499948799999,1.477374997184,1.8750008319999996
2.67e-07,22.968746496,0.60699999424,1.4811249968,1.8750008319999996
2.6750000000000003e-07,22.968746496,0.6007499948799999,1.4811249968,1.8750008319999996
2.68e-07,22.187496448000005,0.6007499948799999,1.478624997056,2.1875007999999996
2.685e-07,22.968746496,0.6007499948799999,1.478624997056,1.8750008319999996
2.6900000000000004e-07,24.531246592000002,0.60699999424,1.479874996928,1.8750008319999996
2.695e-07,22.968746496,0.59449999552,1.479874996928,2.1875007999999996
2.7e-07,22.968746496,0.6007499948799999,1.479874996928,2.1875007999999996
2.705e-07,22.968746496,0.6007499948799999,1.4811249968,2.1875007999999996
2.7100000000000003e-07,22.968746496,0.6007499948799999,1.479874996928,1.8750008319999996
2.715e-07,23.749996544,0.6007499948799999,1.478624997056,1.8750008319999996
2.72e-07,22.968746496,0.60699999424,1.477374997184,2.1875007999999996
2.7250000000000004e-07,23.749996544,0.6007499948799999,1.479874996928,1.8750008319999996
2.73e-07,23.749996544,0.6007499948799999,1.477374997184,2.1875007999999996
2.735e-07,22.968746496,0.59449999552,1.477374997184,2.1875007999999996
2.74e-07,23.749996544,0.6007499948799999,1.476124997312,2.5000007679999996
2.7450000000000003e-07,22.968746496,0.6007499948799999,1.476124997312,2.1875007999999996
2.75e-07,23.749996544,0.60699999424,1.477374997184,2.1875007999999996
2.755e-07,22.968746496,0.6007499948799999,1.478624997056,2.1875007999999996
2.7600000000000004e-07,22.968746496,0.6007499948799999,1.4811249968,2.5000007679999996
2.765e-07,22.968746496,0.6007499948799999,1.483624996544,1.8750008319999996
2.77e-07,23.749996544,0.6007499948799999,1.4811249968,2.1875007999999996
2.7750000000000004e-07,22.968746496,0.6007499948799999,1.478624997056,2.1875007999999996
2.7800000000000003e-07,22.968746496,0.59449999552,1.477374997184,2.5000007679999996
2.785e-07,22.968746496,0.6007499948799999,1.477374997184,2.1875007999999996
2.79e-07,23.749996544,0.6007499948799999,1.476124997312,2.1875007999999996
2.7950000000000003e-07,23.749996544,0.59449999552,1.476124997312,2.1875007999999996
2.8e-07,23.749996544,0.6007499948799999,1.478624997056,2.1875007999999996
2.805e-07,23.749996544,0.6007499948799999,1.483624996544,1.8750008319999996
2.8100000000000004e-07,22.968746496,0.60699999424,1.4811249968,2.1875007999999996
2.815e-07,22.968746496,0.6007499948799999,1.479874996928,2.1875007999999996
2.82e-07,23.749996544,0.59449999552,1.477374997184,2.1875007999999996
2.825e-07,22.968746496,0.6007499948799999,1.478624997056,2.1875007999999996
2.8300000000000003e-07,22.968746496,0.6007499948799999,1.4811249968,2.5000007679999996
2.835e-07,22.968746496,0.6007499948799999,1.483624996544,2.5000007679999996
2.84e-07,23.749996544,0.6007499948799999,1.4811249968,2.1875007999999996
2.8450000000000004e-07,22.968746496,0.6007499948799999,1.4811249968,2.1875007999999996
2.85e-07,23.749996544,0.60699999424,1.479874996928,2.1875007999999996
2.855e-07,22.968746496,0.6007499948799999,1.479874996928,2.1875007999999996
2.86e-07,22.968746496,0.6007499948799999,1.479874996928,2.1875007999999996
2.8650000000000003e-07,22.968746496,0.6007499948799999,1.479874996928,2.5000007679999996
2.87e-07,23.749996544,0.6007499948799999,1.477374997184,2.1875007999999996
2.875e-07,22.968746496,0.6007499948799999,1.478624997056,1.8750008319999996
2.8800000000000004e-07,22.968746496,0.59449999552,1.478624997056,1.8750008319999996
2.885e-07,23.749996544,0.6007499948799999,1.4823749966720001,2.1875007999999996
2.89e-07,22.968746496,0.59449999552,1.479874996928,2.1875007999999996
2.895e-07,23.749996544,0.6007499948799999,1.479874996928,2.1875007999999996
2.9000000000000003e-07,23.749996544,0.6007499948799999,1.4811249968,2.1875007999999996
2.905e-07,22.968746496,0.6007499948799999,1.4823749966720001,2.1875007999999996
2.91e-07,22.968746496,0.60699999424,1.479874996928,2.1875007999999996
2.9150000000000004e-07,22.968746496,0.60699999424,1.477374997184,2.5000007679999996
2.92e-07,23.749996544,0.6007499948799999,1.477374997184,2.5000007679999996
2.925e-07,23.749996544,0.60699999424,1.478624997056,1.8750008319999996
2.9300000000000004e-07,23.749996544,0.60699999424,1.477374997184,2.1875007999999996
2.9350000000000003e-07,22.968746496,0.60699999424,1.476124997312,2.1875007999999996
2.94e-07,23.749996544,0.60699999424,1.476124997312,1.8750008319999996
2.945e-07,23.749996544,0.6007499948799999,1.478624997056,2.1875007999999996
2.9500000000000003e-07,22.968746496,0.6007499948799999,1.479874996928,1.8750008319999996
2.955e-07,22.968746496,0.6007499948799999,1.4811249968,2.1875007999999996
2.96e-07,22.968746496,0.6007499948799999,1.477374997184,2.1875007999999996
2.9650000000000004e-07,24.531246592000002,0.59449999552,1.478624997056,1.8750008319999996
2.97e-07,23.749996544,0.59449999552,1.479874996928,2.1875007999999996
2.975e-07,23.749996544,0.6007499948799999,1.479874996928,2.1875007999999996
2.98e-07,23.749996544,0.60699999424,1.478624997056,2.1875007999999996
2.9850000000000003e-07,23.749996544,0.6007499948799999,1.479874996928,1.8750008319999996
2.99e-07,22.968746496,0.60699999424,1.478624997056,1.8750008319999996
2.995e-07,23.749996544,0.6007499948799999,1.477374997184,1.8750008319999996
3.0000000000000004e-07,23.749996544,0.6007499948799999,1.476124997312,2.1875007999999996
3.005e-07,23.749996544,0.6007499948799999,1.477374997184,1.8750008319999996
3.01e-07,23.749996544,0.6007499948799999,1.478624997056,1.8750008319999996
3.015e-07,23.749996544,0.6007499948799999,1.479874996928,2.1875007999999996
3.0200000000000003e-07,23.749996544,0.59449999552,1.479874996928,2.1875007999999996
3.025e-07,22.968746496,0.6007499948799999,1.4811249968,2.5000007679999996
3.03e-07,22.968746496,0.6007499948799999,1.478624997056,1.8750008319999996
3.0350000000000004e-07,22.187496448000005,0.6007499948799999,1.478624997056,1.5625008640000004
3.04e-07,22.968746496,0.6007499948799999,1.477374997184,1.8750008319999996
3.045e-07,22.968746496,0.6007499948799999,1.477374997184,1.5625008640000004
3.0500000000000004e-07,22.968746496,0.6007499948799999,1.477374997184,1.8750008319999996
3.0550000000000003e-07,22.968746496,0.59449999552,1.477374997184,1.8750008319999996
3.06e-07,22.968746496,0.59449999552,1.478624997056,1.8750008319999996
3.065e-07,22.968746496,0.59449999552,1.479874996928,1.8750008319999996
3.0700000000000004e-07,22.187496448000005,0.6007499948799999,1.478624997056,1.8750008319999996
3.075e-07,21.4062464,0.6007499948799999,1.476124997312,2.1875007999999996
3.08e-07,20.624996352000004,0.59449999552,1.477374997184,1.8750008319999996
3.0850000000000004e-07,19.843746304,0.6007499948799999,1.477374997184,1.5625008640000004
3.0900000000000003e-07,19.843746304,0.6007499948799999,1.477374997184,2.1875007999999996
3.095e-07,19.062496256000003,0.6007499948799999,1.476124997312,1.8750008319999996
3.1e-07,19.062496256000003,0.6007499948799999,1.476124997312,1.8750008319999996
3.1050000000000003e-07,17.499996160000002,0.6007499948799999,1.478624997056,2.1875007999999996
3.11e-07,15.937496064000001,0.6007499948799999,1.478624997056,1.8750008319999996
3.115e-07,15.156246015999997,0.6007499948799999,1.478624997056,1.8750008319999996
3.1200000000000004e-07,14.374995968000007,0.6007499948799999,1.477374997184,1.8750008319999996
3.125e-07,13.593745920000003,0.59449999552,1.479874996928,1.5625008640000004
3.13e-07,12.031245823999996,0.6007499948799999,1.478624997056,1.8750008319999996
3.135e-07,10.468745728000002,0.59449999552,1.477374997184,1.8750008319999996
3.1400000000000003e-07,9.687495679999998,0.6007499948799999,1.476124997312,2.1875007999999996
3.145e-07,8.906245632000008,0.59449999552,1.478624997056,1.8750008319999996
3.15e-07,8.124995584000004,0.6007499948799999,1.477374997184,2.5000007679999996
3.1550000000000004e-07,6.562495487999996,0.6007499948799999,1.476124997312,2.1875007999999996
3.16e-07,4.999995392000002,0.59449999552,1.477374997184,1.8750008319999996
3.165e-07,4.2187453439999985,0.6007499948799999,1.477374997184,1.8750008319999996
3.1700000000000005e-07,3.4374952960000087,0.6007499948799999,1.477374997184,2.1875007999999996
3.1750000000000003e-07,1.8749952000000008,0.6007499948799999,1.479874996928,1.8750008319999996
3.18e-07,1.0937451519999968,0.59449999552,1.479874996928,1.8750008319999996
3.185e-07,0.312495104000007,0.6007499948799999,1.479874996928,1.8750008319999996
3.1900000000000004e-07,-1.250004992000001,0.6007499948799999,1.477374997184,1.8750008319999996
3.195e-07,-1.250004992000001,0.6007499948799999,1.478624997056,1.8750008319999996
3.2e-07,-2.8125050879999947,0.6007499948799999,1.476124997312,1.8750008319999996
3.2050000000000004e-07,-3.5937551359999986,0.59449999552,1.478624997056,1.5625008640000004
3.2100000000000003e-07,-3.5937551359999986,0.6007499948799999,1.479874996928,2.1875007999999996
3.215e-07,-4.375005184000003,0.6007499948799999,1.478624997056,2.1875007999999996
3.22e-07,-4.375005184000003,0.6007499948799999,1.476124997312,1.8750008319999996
3.2250000000000004e-07,-5.156255231999992,0.6007499948799999,1.477374997184,1.5625008640000004
3.23e-07,-5.937505279999996,0.60699999424,1.477374997184,1.8750008319999996
3.235e-07,-4.375005184000003,0.6007499948799999,1.477374997184,1.8750008319999996
3.2400000000000004e-07,-4.375005184000003,0.6007499948799999,1.476124997312,1.8750008319999996
3.2450000000000003e-07,-2.8125050879999947,0.6007499948799999,1.477374997184,1.8750008319999996
3.25e-07,-1.250004992000001,0.60699999424,1.476124997312,1.8750008319999996
3.255e-07,-0.46875494399999695,0.59449999552,1.476124997312,1.8750008319999996
3.2600000000000003e-07,-0.46875494399999695,0.59449999552,1.47487499744,1.8750008319999996
3.265e-07,0.312495104000007,0.6007499948799999,1.476124997312,1.8750008319999996
3.27e-07,0.312495104000007,0.60699999424,1.47487499744,1.8750008319999996
3.2750000000000004e-07,0.312495104000007,0.6007499948799999,1.473624997568,1.5625008640000004
3.28e-07,0.312495104000007,0.59449999552,1.473624997568,1.8750008319999996
3.285e-07,-0.46875494399999695,0.6007499948799999,1.473624997568,1.8750008319999996
3.29e-07,-1.250004992000001,0.6007499948799999,1.473624997568,1.8750008319999996
3.2950000000000003e-07,-1.250004992000001,0.6007499948799999,1.473624997568,1.8750008319999996
3.3e-07,-1.250004992000001,0.6007499948799999,1.469874997952,2.1875007999999996
3.305e-07,-2.0312550399999907,0.6007499948799999,1.471124997824,1.8750008319999996
3.3100000000000004e-07,-2.8125050879999947,0.6007499948799999,1.471124997824,2.1875007999999996
3.315e-07,-2.8125050879999947,0.6007499948799999,1.4686249980800001,1.8750008319999996
3.32e-07,-2.8125050879999947,0.6007499948799999,1.469874997952,1.8750008319999996
3.3250000000000005e-07,-2.0312550399999907,0.60699999424,1.473624997568,1.8750008319999996
3.3300000000000003e-07,-2.0312550399999907,0.60699999424,1.473624997568,2.1875007999999996
3.335e-07,-2.0312550399999907,0.6007499948799999,1.471124997824,2.1875007999999996
3.34e-07,-1.250004992000001,0.6007499948799999,1.471124997824,2.1875007999999996
3.3450000000000004e-07,-0.46875494399999695,0.6007499948799999,1.473624997568,2.1875007999999996
3.35e-07,-0.46875494399999695,0.6007499948799999,1.473624997568,1.8750008319999996
3.355e-07,0.312495104000007,0.6007499948799999,1.473624997568,1.8750008319999996
3.3600000000000004e-07,0.312495104000007,0.6007499948799999,1.469874997952,2.1875007999999996
3.3650000000000003e-07,0.312495104000007,0.6007499948799999,1.472374997696,1.8750008319999996
3.37e-07,-0.46875494399999695,0.6007499948799999,1.472374997696,2.1875007999999996
3.375e-07,-0.46875494399999695,0.6007499948799999,1.473624997568,2.1875007999999996
3.3800000000000004e-07,-0.46875494399999695,0.6007499948799999,1.472374997696,2.1875007999999996
3.385e-07,-2.0312550399999907,0.6007499948799999,1.471124997824,2.1875007999999996
3.39e-07,-1.250004992000001,0.60699999424,1.472374997696,2.1875007999999996
3.3950000000000004e-07,-1.250004992000001,0.6007499948799999,1.471124997824,2.1875007999999996
3.4000000000000003e-07,-1.250004992000001,0.6007499948799999,1.467374998208,2.1875007999999996
3.405e-07,-1.250004992000001,0.6007499948799999,1.471124997824,1.8750008319999996
3.41e-07,-1.250004992000001,0.60699999424,1.473624997568,2.1875007999999996
3.4150000000000003e-07,-0.46875494399999695,0.60699999424,1.472374997696,1.8750008319999996
3.42e-07,-0.46875494399999695,0.6007499948799999,1.472374997696,2.1875007999999996
3.425e-07,0.312495104000007,0.6007499948799999,1.472374997696,2.1875007999999996
3.4300000000000004e-07,0.312495104000007,0.6007499948799999,1.472374997696,1.8750008319999996
3.435e-07,0.312495104000007,0.6007499948799999,1.473624997568,1.8750008319999996
3.44e-07,-0.46875494399999695,0.60699999424,1.473624997568,1.8750008319999996
3.4450000000000005e-07,0.312495104000007,0.60699999424,1.476124997312,1.8750008319999996
3.4500000000000003e-07,-0.46875494399999695,0.6007499948799999,1.476124997312,2.1875007999999996
3.455e-07,0.312495104000007,0.6007499948799999,1.477374997184,2.1875007999999996
3.46e-07,0.312495104000007,0.6007499948799999,1.476124997312,1.8750008319999996
3.4650000000000004e-07,-1.250004992000001,0.6007499948799999,1.47487499744,1.5625008640000004
3.47e-07,-0.46875494399999695,0.60699999424,1.476124997312,1.8750008319999996
3.475e-07,-1.250004992000001,0.60699999424,1.47487499744,2.1875007999999996
3.4800000000000005e-07,-1.250004992000001,0.6007499948799999,1.473624997568,2.1875007999999996
3.4850000000000003e-07,-1.250004992000001,0.6007499948799999,1.476124997312,1.5625008640000004
3.49e-07,-0.46875494399999695,0.60699999424,1.47487499744,2.1875007999999996
3.495e-07,-1.250004992000001,0.6007499948799999,1.476124997312,1.8750008319999996
3.5000000000000004e-07,-0.46875494399999695,0.6007499948799999,1.477374997184,1.8750008319999996
3.505e-07,-0.46875494399999695,0.6007499948799999,1.478624997056,1.8750008319999996
3.51e-07,-0.46875494399999695,0.60699999424,1.478624997056,1.8750008319999996
3.5150000000000004e-07,-0.46875494399999695,0.60699999424,1.479874996928,1.8750008319999996
3.5200000000000003e-07,-1.250004992000001,0.60699999424,1.477374997184,1.8750008319999996
3.525e-07,0.312495104000007,0.60699999424,1.479874996928,1.5625008640000004
3.53e-07,-0.46875494399999695,0.6007499948799999,1.479874996928,1.8750008319999996
3.5350000000000004e-07,-0.46875494399999695,0.6007499948799999,1.478624997056,2.1875007999999996
3.54e-07,-0.46875494399999695,0.6007499948799999,1.478624997056,1.8750008319999996
3.545e-07,-0.46875494399999695,0.60699999424,1.479874996928,1.8750008319999996
3.5500000000000004e-07,-0.46875494399999695,0.60699999424,1.479874996928,1.8750008319999996
3.5550000000000003e-07,-0.46875494399999695,0.6007499948799999,1.477374997184,1.8750008319999996
3.56e-07,-1.250004992000001,0.6007499948799999,1.476124997312,1.8750008319999996
3.565e-07,-1.250004992000001,0.6007499948799999,1.478624997056,1.8750008319999996
3.5700000000000003e-07,-0.46875494399999695,0.60699999424,1.4811249968,1.8750008319999996
3.575e-07,-0.46875494399999695,0.60699999424,1.4811249968,1.8750008319999996
3.58e-07,-0.46875494399999695,0.6007499948799999,1.4823749966720001,2.1875007999999996
3.5850000000000004e-07,-0.46875494399999695,0.60699999424,1.479874996928,2.1875007999999996
3.59e-07,-1.250004992000001,0.6007499948799999,1.479874996928,1.8750008319999996
3.595e-07,-1.250004992000001,0.60699999424,1.4823749966720001,1.8750008319999996
3.6000000000000005e-07,-0.46875494399999695,0.60699999424,1.4823749966720001,2.1875007999999996
3.6050000000000003e-07,-0.46875494399999695,0.60699999424,1.483624996544,1.8750008319999996
3.61e-07,-0.46875494399999695,0.60699999424,1.483624996544,1.8750008319999996
3.615e-07,-0.46875494399999695,0.6007499948799999,1.483624996544,2.1875007999999996
3.6200000000000004e-07,-0.46875494399999695,0.6007499948799999,1.4823749966720001,2.1875007999999996
3.625e-07,-0.46875494399999695,0.60699999424,1.4823749966720001,1.8750008319999996
3.63e-07,-0.46875494399999695,0.60699999424,1.4823749966720001,2.1875007999999996
3.6350000000000005e-07,0.312495104000007,0.6007499948799999,1.483624996544,1.8750008319999996
3.6400000000000003e-07,-0.46875494399999695,0.6007499948799999,1.4811249968,1.8750008319999996
3.645e-07,-1.250004992000001,0.6007499948799999,1.479874996928,1.8750008319999996
3.65e-07,-0.46875494399999695,0.6007499948799999,1.479874996928,1.8750008319999996
3.6550000000000004e-07,-1.250004992000001,0.6007499948799999,1.4811249968,1.8750008319999996
3.66e-07,-1.250004992000001,0.6007499948799999,1.4811249968,2.1875007999999996
3.665e-07,-0.46875494399999695,0.60699999424,1.4823749966720001,2.1875007999999996
3.6700000000000004e-07,-1.250004992000001,0.60699999424,1.4823749966720001,1.8750008319999996
3.6750000000000003e-07,-1.250004992000001,0.6007499948799999,1.486124996288,1.8750008319999996
3.68e-07,-1.250004992000001,0.59449999552,1.486124996288,1.8750008319999996
3.685e-07,-0.46875494399999695,0.60699999424,1.48737499616,1.5625008640000004
3.6900000000000004e-07,-1.250004992000001,0.6007499948799999,1.486124996288,1.5625008640000004
3.695e-07,-1.250004992000001,0.6007499948799999,1.48737499616,1.8750008319999996
3.7e-07,-0.46875494399999695,0.60699999424,1.48737499616,1.8750008319999996
3.7050000000000004e-07,-1.250004992000001,0.6007499948799999,1.484874996416,1.8750008319999996
3.7100000000000003e-07,-0.46875494399999695,0.60699999424,1.483624996544,1.8750008319999996
3.715e-07,-0.46875494399999695,0.6007499948799999,1.483624996544,1.5625008640000004
3.7200000000000005e-07,-0.46875494399999695,0.6007499948799999,1.483624996544,1.5625008640000004
3.7250000000000003e-07,-0.46875494399999695,0.6007499948799999,1.483624996544,1.5625008640000004
3.73e-07,-0.46875494399999695,0.60699999424,1.4823749966720001,1.8750008319999996
3.735e-07,-0.46875494399999695,0.60699999424,1.479874996928,1.5625008640000004
3.7400000000000004e-07,-0.46875494399999695,0.6007499948799999,1.4811249968,1.8750008319999996
3.745e-07,-0.46875494399999695,0.60699999424,1.479874996928,1.8750008319999996
3.75e-07,-0.46875494399999695,0.60699999424,1.476124997312,1.8750008319999996
3.7550000000000005e-07,-0.46875494399999695,0.6007499948799999,1.476124997312,1.8750008319999996
3.7600000000000003e-07,-0.46875494399999695,0.60699999424,1.473624997568,1.5625008640000004
3.765e-07,-0.46875494399999695,0.6007499948799999,1.476124997312,1.5625008640000004
3.77e-07,-1.250004992000001,0.6007499948799999,1.47487499744,1.8750008319999996
3.7750000000000004e-07,-1.250004992000001,0.6007499948799999,1.477374997184,1.8750008319999996
3.78e-07,0.312495104000007,0.60699999424,1.478624997056,1.8750008319999996
3.785e-07,-1.250004992000001,0.6007499948799999,1.479874996928,1.8750008319999996
3.7900000000000005e-07,-0.46875494399999695,0.60699999424,1.479874996928,2.1875007999999996
3.7950000000000003e-07,-1.250004992000001,0.60699999424,1.479874996928,1.8750008319999996
3.8e-07,-1.250004992000001,0.60699999424,1.479874996928,1.8750008319999996
3.805e-07,-0.46875494399999695,0.6132499936,1.479874996928,1.5625008640000004
3.8100000000000004e-07,-0.46875494399999695,0.60699999424,1.478624997056,1.8750008319999996
3.815e-07,-0.46875494399999695,0.60699999424,1.478624997056,1.8750008319999996
3.82e-07,-0.46875494399999695,0.59449999552,1.4811249968,1.8750008319999996
3.8250000000000004e-07,-0.46875494399999695,0.6007499948799999,1.4823749966720001,1.5625008640000004
3.8300000000000003e-07,-1.250004992000001,0.60699999424,1.479874996928,1.8750008319999996
3.835e-07,-0.46875494399999695,0.60699999424,1.477374997184,1.8750008319999996
3.8400000000000005e-07,-0.46875494399999695,0.60699999424,1.47487499744,1.8750008319999996
3.8450000000000004e-07,-0.46875494399999695,0.6007499948799999,1.47487499744,1.5625008640000004
3.85e-07,-1.250004992000001,0.6007499948799999,1.473624997568,1.8750008319999996
3.855e-07,-0.46875494399999695,0.60699999424,1.473624997568,1.8750008319999996
3.8600000000000004e-07,-0.46875494399999695,0.60699999424,1.47487499744,1.8750008319999996
3.865e-07,-0.46875494399999695,0.6007499948799999,1.476124997312,1.5625008640000004
3.87e-07,-0.46875494399999695,0.6007499948799999,1.476124997312,1.5625008640000004
3.8750000000000005e-07,0.312495104000007,0.6007499948799999,1.477374997184,1.8750008319999996
3.8800000000000003e-07,-0.46875494399999695,0.6007499948799999,1.476124997312,1.8750008319999996
3.885e-07,-0.46875494399999695,0.60699999424,1.477374997184,1.8750008319999996
3.89e-07,-0.46875494399999695,0.60699999424,1.477374997184,1.8750008319999996
3.8950000000000004e-07,-1.250004992000001,0.6007499948799999,1.477374997184,1.8750008319999996
3.9e-07,-0.46875494399999695,0.6007499948799999,1.476124997312,2.1875007999999996
3.905e-07,-0.46875494399999695,0.60699999424,1.476124997312,2.1875007999999996
3.9100000000000005e-07,-0.46875494399999695,0.6007499948799999,1.473624997568,1.8750008319999996
3.9150000000000003e-07,-1.250004992000001,0.6007499948799999,1.47487499744,1.5625008640000004
3.92e-07,-0.46875494399999695,0.60699999424,1.47487499744,1.5625008640000004
3.925e-07,0.312495104000007,0.6007499948799999,1.477374997184,1.5625008640000004
3.9300000000000004e-07,-1.250004992000001,0.6007499948799999,1.477374997184,1.8750008319999996
3.935e-07,-1.250004992000001,0.6007499948799999,1.476124997312,1.8750008319999996
3.94e-07,-0.46875494399999695,0.60699999424,1.476124997312,1.5625008640000004
3.9450000000000005e-07,-1.250004992000001,0.6007499948799999,1.47487499744,1.8750008319999996
3.9500000000000003e-07,-0.46875494399999695,0.60699999424,1.47487499744,1.8750008319999996
3.955e-07,-1.250004992000001,0.6007499948799999,1.476124997312,1.8750008319999996
3.96e-07,-1.250004992000001,0.6007499948799999,1.476124997312,1.8750008319999996
3.9650000000000004e-07,-1.250004992000001,0.60699999424,1.477374997184,1.8750008319999996
3.97e-07,-0.46875494399999695,0.6007499948799999,1.477374997184,1.8750008319999996
3.975e-07,-0.46875494399999695,0.6007499948799999,1.477374997184,1.8750008319999996
3.9800000000000004e-07,-0.46875494399999695,0.6007499948799999,1.478624997056,1.8750008319999996
3.9850000000000003e-07,-0.46875494399999695,0.6007499948799999,1.478624997056,1.8750008319999996
3.99e-07,-1.250004992000001,0.60699999424,1.47487499744,1.8750008319999996
3.9950000000000005e-07,-0.46875494399999695,0.59449999552,1.47487499744,1.8750008319999996
4.0000000000000003e-07,-0.46875494399999695,0.60699999424,1.472374997696,1.5625008640000004
4.005e-07,-0.46875494399999695,0.59449999552,1.47487499744,1.5625008640000004
4.01e-07,-0.46875494399999695,0.6007499948799999,1.476124997312,1.8750008319999996
4.0150000000000004e-07,-0.46875494399999695,0.60699999424,1.477374997184,1.8750008319999996
4.02e-07,-0.46875494399999695,0.60699999424,1.476124997312,1.8750008319999996
4.025e-07,-0.46875494399999695,0.6007499948799999,1.478624997056,1.5625008640000004
4.0300000000000005e-07,-0.46875494399999695,0.60699999424,1.4823749966720001,1.8750008319999996
4.0350000000000003e-07,-0.46875494399999695,0.6007499948799999,1.483624996544,1.8750008319999996
4.04e-07,-0.46875494399999695,0.60699999424,1.479874996928,1.8750008319999996
4.045e-07,-0.46875494399999695,0.60699999424,1.4811249968,1.8750008319999996
4.0500000000000004e-07,-0.46875494399999695,0.60699999424,1.4811249968,1.8750008319999996
4.055e-07,-1.250004992000001,0.60699999424,1.479874996928,1.8750008319999996
4.06e-07,-0.46875494399999695,0.60699999424,1.478624997056,1.8750008319999996
4.0650000000000005e-07,-0.46875494399999695,0.60699999424,1.4811249968,1.8750008319999996
4.0700000000000003e-07,-0.46875494399999695,0.60699999424,1.479874996928,1.8750008319999996
4.075e-07,-0.46875494399999695,0.6007499948799999,1.479874996928,1.5625008640000004
4.08e-07,-0.46875494399999695,0.60699999424,1.478624997056,1.5625008640000004
4.0850000000000004e-07,0.312495104000007,0.6007499948799999,1.479874996928,1.5625008640000004
4.09e-07,-0.46875494399999695,0.6007499948799999,1.479874996928,2.1875007999999996
4.095e-07,-0.46875494399999695,0.6007499948799999,1.4823749966720001,2.1875007999999996
4.1000000000000004e-07,-1.250004992000001,0.6007499948799999,1.4811249968,2.1875007999999996
4.1050000000000003e-07,-0.46875494399999695,0.60699999424,1.4823749966720001,1.5625008640000004
4.11e-07,-0.46875494399999695,0.60699999424,1.4823749966720001,1.8750008319999996
4.1150000000000005e-07,-0.46875494399999695,0.60699999424,1.484874996416,1.8750008319999996
4.1200000000000004e-07,-0.46875494399999695,0.6007499948799999,1.483624996544,1.8750008319999996
4.125e-07,-0.46875494399999695,0.6007499948799999,1.483624996544,1.5625008640000004
4.13e-07,-1.250004992000001,0.60699999424,1.4811249968,1.8750008319999996
4.1350000000000004e-07,-0.46875494399999695,0.60699999424,1.4823749966720001,1.8750008319999996
4.1400000000000003e-07,-0.46875494399999695,0.6007499948799999,1.4823749966720001,2.1875007999999996
4.145e-07,-0.46875494399999695,0.60699999424,1.4823749966720001,2.1875007999999996
4.1500000000000005e-07,-0.46875494399999695,0.60699999424,1.479874996928,1.8750008319999996
4.1550000000000003e-07,-0.46875494399999695,0.60699999424,1.477374997184,1.8750008319999996
4.16e-07,0.312495104000007,0.60699999424,1.478624997056,1.5625008640000004
4.165e-07,0.312495104000007,0.6007499948799999,1.4823749966720001,1.5625008640000004
4.1700000000000004e-07,0.312495104000007,0.6007499948799999,1.4823749966720001,1.5625008640000004
4.175e-07,0.312495104000007,0.6007499948799999,1.4811249968,1.8750008319999996
4.18e-07,0.312495104000007,0.60699999424,1.4811249968,1.8750008319999996
4.1850000000000005e-07,-0.46875494399999695,0.60699999424,1.4823749966720001,1.8750008319999996
4.1900000000000003e-07,-0.46875494399999695,0.60699999424,1.4823749966720001,1.5625008640000004
4.195e-07,-0.46875494399999695,0.60699999424,1.4823749966720001,1.8750008319999996
4.2e-07,-0.46875494399999695,0.6007499948799999,1.4823749966720001,1.8750008319999996
4.2050000000000004e-07,-0.46875494399999695,0.60699999424,1.4811249968,1.5625008640000004
4.21e-07,0.312495104000007,0.60699999424,1.479874996928,1.8750008319999996
4.215e-07,-0.46875494399999695,0.60699999424,1.478624997056,1.5625008640000004
4.2200000000000005e-07,-0.46875494399999695,0.6007499948799999,1.479874996928,1.8750008319999996
4.2250000000000003e-07,-0.46875494399999695,0.60699999424,1.479874996928,2.1875007999999996
4.23e-07,-0.46875494399999695,0.60699999424,1.479874996928,1.8750008319999996
4.235e-07,-0.46875494399999695,0.60699999424,1.4811249968,1.8750008319999996
4.2400000000000004e-07,0.312495104000007,0.6007499948799999,1.4823749966720001,1.8750008319999996
4.245e-07,-0.46875494399999695,0.60699999424,1.484874996416,1.5625008640000004
4.25e-07,-0.46875494399999695,0.6007499948799999,1.4823749966720001,1.5625008640000004
4.2550000000000004e-07,0.312495104000007,0.6007499948799999,1.479874996928,1.8750008319999996
4.2600000000000003e-07,0.312495104000007,0.60699999424,1.478624997056,2.1875007999999996
4.265e-07,-0.46875494399999695,0.60699999424,1.478624997056,1.8750008319999996
4.2700000000000005e-07,-0.46875494399999695,0.60699999424,1.478624997056,1.8750008319999996
4.2750000000000004e-07,0.312495104000007,0.6007499948799999,1.478624997056,1.8750008319999996
4.28e-07,0.312495104000007,0.6007499948799999,1.479874996928,1.8750008319999996
4.285e-07,0.312495104000007,0.60699999424,1.4823749966720001,1.5625008640000004
4.2900000000000004e-07,0.312495104000007,0.6132499936,1.4811249968,1.8750008319999996
4.2950000000000003e-07,-0.46875494399999695,0.6132499936,1.479874996928,1.5625008640000004
4.3e-07,-0.46875494399999695,0.60699999424,1.4811249968,1.8750008319999996
4.3050000000000005e-07,-0.46875494399999695,0.60699999424,1.479874996928,1.5625008640000004
4.3100000000000003e-07,-0.46875494399999695,0.60699999424,1.478624997056,1.8750008319999996
4.315e-07,0.312495104000007,0.60699999424,1.479874996928,1.5625008640000004
4.32e-07,-0.46875494399999695,0.60699999424,1.478624997056,1.5625008640000004
4.3250000000000004e-07,-0.46875494399999695,0.60699999424,1.479874996928,1.2500008959999995
4.33e-07,-0.46875494399999695,0.60699999424,1.477374997184,1.5625008640000004
4.335e-07,0.312495104000007,0.6007499948799999,1.479874996928,1.8750008319999996
4.3400000000000005e-07,0.312495104000007,0.60699999424,1.479874996928,1.8750008319999996
4.3450000000000003e-07,-0.46875494399999695,0.6132499936,1.477374997184,1.5625008640000004
4.35e-07,-0.46875494399999695,0.60699999424,1.478624997056,1.8750008319999996
4.355e-07,-0.46875494399999695,0.6007499948799999,1.479874996928,1.8750008319999996
4.3600000000000004e-07,-1.250004992000001,0.60699999424,1.479874996928,1.8750008319999996
4.365e-07,-0.46875494399999695,0.6007499948799999,1.479874996928,1.5625008640000004
4.37e-07,-0.46875494399999695,0.60699999424,1.478624997056,1.8750008319999996
4.3750000000000005e-07,-0.46875494399999695,0.60699999424,1.476124997312,1.2500008959999995
4.3800000000000003e-07,-0.46875494399999695,0.60699999424,1.476124997312,1.8750008319999996
4.385e-07,-0.46875494399999695,0.60699999424,1.477374997184,1.5625008640000004
4.3900000000000005e-07,-0.46875494399999695,0.60699999424,1.479874996928,1.5625008640000004
4.3950000000000004e-07,0.312495104000007,0.60699999424,1.4811249968,1.5625008640000004
4.4e-07,-0.46875494399999695,0.6007499948799999,1.477374997184,1.5625008640000004
4.405e-07,-0.46875494399999695,0.60699999424,1.477374997184,1.5625008640000004
4.4100000000000004e-07,-0.46875494399999695,0.60699999424,1.477374997184,1.5625008640000004
4.4150000000000003e-07,-0.46875494399999695,0.60699999424,1.477374997184,1.5625008640000004
4.42e-07,-0.46875494399999695,0.6007499948799999,1.476124997312,1.8750008319999996
4.4250000000000005e-07,-0.46875494399999695,0.6007499948799999,1.477374997184,1.5625008640000004
4.4300000000000004e-07,0.312495104000007,0.60699999424,1.478624997056,1.5625008640000004
4.435e-07,0.312495104000007,0.60699999424,1.476124997312,1.5625008640000004
4.44e-07,-0.46875494399999695,0.60699999424,1.47487499744,1.5625008640000004
4.4450000000000004e-07,0.312495104000007,0.60699999424,1.477374997184,1.5625008640000004
4.4500000000000003e-07,0.312495104000007,0.60699999424,1.476124997312,1.5625008640000004
4.455e-07,-0.46875494399999695,0.6007499948799999,1.473624997568,1.5625008640000004
4.4600000000000005e-07,-0.46875494399999695,0.60699999424,1.476124997312,1.5625008640000004
4.4650000000000003e-07,0.312495104000007,0.6007499948799999,1.477374997184,1.8750008319999996
4.47e-07,-0.46875494399999695,0.60699999424,1.477374997184,1.8750008319999996
4.475e-07,-0.46875494399999695,0.6007499948799999,1.477374997184,1.5625008640000004
4.4800000000000004e-07,-0.46875494399999695,0.60699999424,1.476124997312,1.5625008640000004
4.485e-07,0.312495104000007,0.60699999424,1.477374997184,1.2500008959999995
4.49e-07,-0.46875494399999695,0.60699999424,1.477374997184,1.5625008640000004
4.4950000000000005e-07,0.312495104000007,0.60699999424,1.478624997056,1.5625008640000004
4.5000000000000003e-07,0.312495104000007,0.60699999424,1.476124997312,1.5625008640000004
4.505e-07,-0.46875494399999695,0.60699999424,1.47487499744,1.5625008640000004
4.51e-07,0.312495104000007,0.60699999424,1.476124997312,1.8750008319999996
4.5150000000000004e-07,-0.46875494399999695,0.6007499948799999,1.478624997056,1.5625008640000004
4.52e-07,-0.46875494399999695,0.6132499936,1.476124997312,1.5625008640000004
4.525e-07,-0.46875494399999695,0.60699999424,1.477374997184,1.5625008640000004
4.5300000000000005e-07,-0.46875494399999695,0.60699999424,1.476124997312,1.8750008319999996
4.5350000000000003e-07,-0.46875494399999695,0.6007499948799999,1.477374997184,1.2500008959999995
4.54e-07,-0.46875494399999695,0.6007499948799999,1.478624997056,1.8750008319999996
4.5450000000000005e-07,-0.46875494399999695,0.60699999424,1.478624997056,1.5625008640000004
4.5500000000000004e-07,0.312495104000007,0.60699999424,1.478624997056,1.5625008640000004
4.555e-07,-0.46875494399999695,0.6007499948799999,1.479874996928,1.2500008959999995
4.56e-07,-0.46875494399999695,0.60699999424,1.478624997056,1.5625008640000004
4.5650000000000004e-07,-0.46875494399999695,0.6007499948799999,1.478624997056,1.2500008959999995
4.5700000000000003e-07,-0.46875494399999695,0.6007499948799999,1.476124997312,1.5625008640000004
4.575e-07,0.312495104000007,0.6007499948799999,1.478624997056,1.5625008640000004
4.5800000000000005e-07,0.312495104000007,0.60699999424,1.477374997184,1.8750008319999996
4.5850000000000004e-07,-0.46875494399999695,0.60699999424,1.478624997056,1.5625008640000004
4.59e-07,-0.46875494399999695,0.60699999424,1.478624997056,1.8750008319999996
4.595e-07,0.312495104000007,0.60699999424,1.479874996928,1.5625008640000004
4.6000000000000004e-07,-0.46875494399999695,0.6132499936,1.479874996928,1.5625008640000004
4.6050000000000003e-07,-0.46875494399999695,0.6132499936,1.479874996928,1.2500008959999995
4.61e-07,0.312495104000007,0.60699999424,1.479874996928,1.8750008319999996
4.6150000000000005e-07,0.312495104000007,0.60699999424,1.477374997184,1.2500008959999995
4.6200000000000003e-07,0.312495104000007,0.60699999424,1.477374997184,2.1875007999999996
4.625e-07,0.312495104000007,0.60699999424,1.479874996928,2.1875007999999996
4.63e-07,-0.46875494399999695,0.6132499936,1.478624997056,1.5625008640000004
4.6350000000000004e-07,0.312495104000007,0.60699999424,1.476124997312,1.5625008640000004
4.64e-07,0.312495104000007,0.6132499936,1.476124997312,1.5625008640000004
4.645e-07,-0.46875494399999695,0.6007499948799999,1.478624997056,1.5625008640000004
4.6500000000000005e-07,0.312495104000007,0.60699999424,1.477374997184,1.5625008640000004
4.6550000000000003e-07,-0.46875494399999695,0.60699999424,1.479874996928,1.5625008640000004
4.66e-07,0.312495104000007,0.60699999424,1.4811249968,1.8750008319999996
4.6650000000000005e-07,-0.46875494399999695,0.60699999424,1.4811249968,1.5625008640000004
4.6700000000000004e-07,-0.46875494399999695,0.60699999424,1.4811249968,1.2500008959999995
4.675e-07,-0.46875494399999695,0.60699999424,1.4811249968,1.5625008640000004
4.68e-07,0.312495104000007,0.6007499948799999,1.479874996928,1.5625008640000004
4.6850000000000005e-07,-0.46875494399999695,0.60699999424,1.4811249968,1.5625008640000004
4.6900000000000003e-07,0.312495104000007,0.60699999424,1.479874996928,1.5625008640000004
4.695e-07,-0.46875494399999695,0.6132499936,1.479874996928,1.5625008640000004
4.7000000000000005e-07,-0.46875494399999695,0.6007499948799999,1.4823749966720001,1.5625008640000004
4.7050000000000004e-07,-0.46875494399999695,0.60699999424,1.483624996544,1.5625008640000004
4.71e-07,-0.46875494399999695,0.60699999424,1.4811249968,1.2500008959999995
4.715e-07,0.312495104000007,0.60699999424,1.479874996928,1.2500008959999995
4.7200000000000004e-07,0.312495104000007,0.6132499936,1.478624997056,1.2500008959999995
4.7250000000000003e-07,-0.46875494399999695,0.60699999424,1.478624997056,1.2500008959999995
4.73e-07,-0.46875494399999695,0.60699999424,1.477374997184,1.5625008640000004
4.7350000000000005e-07,0.312495104000007,0.60699999424,1.477374997184,1.5625008640000004
4.7400000000000004e-07,-0.46875494399999695,0.60699999424,1.479874996928,1.5625008640000004
4.745e-07,-0.46875494399999695,0.6132499936,1.4811249968,1.2500008959999995
4.75e-07,-0.46875494399999695,0.6132499936,1.479874996928,1.5625008640000004
4.7550000000000004e-07,-0.46875494399999695,0.60699999424,1.4823749966720001,1.5625008640000004
4.7600000000000003e-07,-1.250004992000001,0.6132499936,1.4811249968,1.5625008640000004
4.765e-07,0.312495104000007,0.6132499936,1.4811249968,1.5625008640000004
4.77e-07,-0.46875494399999695,0.60699999424,1.4811249968,1.5625008640000004
4.775e-07,0.312495104000007,0.6007499948799999,1.4823749966720001,1.5625008640000004
4.78e-07,-0.46875494399999695,0.60699999424,1.479874996928,1.5625008640000004
4.785000000000001e-07,-0.46875494399999695,0.6132499936,1.478624997056,1.8750008319999996
4.79e-07,-0.46875494399999695,0.60699999424,1.4811249968,1.5625008640000004
4.795e-07,0.312495104000007,0.6007499948799999,1.483624996544,1.2500008959999995
4.800000000000001e-07,0.312495104000007,0.60699999424,1.479874996928,1.2500008959999995
4.805e-07,0.312495104000007,0.6007499948799999,1.479874996928,1.2500008959999995
4.81e-07,0.312495104000007,0.6007499948799999,1.479874996928,1.5625008640000004
4.815000000000001e-07,-0.46875494399999695,0.60699999424,1.4823749966720001,1.5625008640000004
4.82e-07,0.312495104000007,0.60699999424,1.479874996928,1.2500008959999995
4.825e-07,0.312495104000007,0.60699999424,1.478624997056,1.5625008640000004
4.830000000000001e-07,0.312495104000007,0.60699999424,1.479874996928,1.5625008640000004
4.835e-07,-0.46875494399999695,0.60699999424,1.4823749966720001,1.8750008319999996
4.84e-07,-0.46875494399999695,0.60699999424,1.479874996928,1.5625008640000004
4.845e-07,0.312495104000007,0.6132499936,1.4823749966720001,1.2500008959999995
4.85e-07,0.312495104000007,0.60699999424,1.484874996416,1.8750008319999996
4.855e-07,0.312495104000007,0.60699999424,1.483624996544,1.5625008640000004
4.86e-07,0.312495104000007,0.60699999424,1.483624996544,1.5625008640000004
4.865e-07,0.312495104000007,0.60699999424,1.483624996544,1.8750008319999996
4.870000000000001e-07,0.312495104000007,0.60699999424,1.483624996544,1.5625008640000004
4.875e-07,-0.46875494399999695,0.60699999424,1.4811249968,0.9375009279999986
4.88e-07,-0.46875494399999695,0.6132499936,1.477374997184,1.2500008959999995
4.885000000000001e-07,0.312495104000007,0.60699999424,1.479874996928,1.2500008959999995
4.89e-07,-0.46875494399999695,0.60699999424,1.479874996928,1.5625008640000004
4.895e-07,0.312495104000007,0.6007499948799999,1.477374997184,1.8750008319999996
4.900000000000001e-07,-0.46875494399999695,0.60699999424,1.476124997312,1.5625008640000004
4.905e-07,-0.46875494399999695,0.60699999424,1.478624997056,1.2500008959999995
4.91e-07,-0.46875494399999695,0.60699999424,1.479874996928,1.2500008959999995
4.915000000000001e-07,0.312495104000007,0.60699999424,1.479874996928,1.2500008959999995
4.92e-07,0.312495104000007,0.6007499948799999,1.477374997184,1.5625008640000004
4.925e-07,1.0937451519999968,0.6007499948799999,1.479874996928,1.5625008640000004
4.93e-07,-0.46875494399999695,0.60699999424,1.4823749966720001,1.5625008640000004
4.935e-07,-0.46875494399999695,0.6007499948799999,1.4811249968,1.5625008640000004
4.940000000000001e-07,-0.46875494399999695,0.60699999424,1.478624997056,1.8750008319999996
4.945e-07,-0.46875494399999695,0.60699999424,1.477374997184,1.8750008319999996
4.95e-07,-0.46875494399999695,0.60699999424,1.478624997056,1.5625008640000004
4.955000000000001e-07,0.312495104000007,0.60699999424,1.4823749966720001,1.2500008959999995
4.96e-07,-0.46875494399999695,0.60699999424,1.479874996928,1.5625008640000004
4.965e-07,-0.46875494399999695,0.60699999424,1.4811249968,1.2500008959999995
4.970000000000001e-07,-0.46875494399999695,0.60699999424,1.4811249968,1.5625008640000004
4.975e-07,0.312495104000007,0.6132499936,1.479874996928,1.5625008640000004
4.98e-07,0.312495104000007,0.60699999424,1.477374997184,1.8750008319999996
4.985000000000001e-07,0.312495104000007,0.60699999424,1.476124997312,1.2500008959999995
4.99e-07,-0.46875494399999695,0.6132499936,1.477374997184,1.5625008640000004
4.995e-07,-0.46875494399999695,0.60699999424,1.4823749966720001,1.8750008319999996
5.000000000000001e-07,-0.46875494399999695,0.6007499948799999,1.4811249968,1.5625008640000004
5.005e-07,-0.46875494399999695,0.6132499936,1.479874996928,1.5625008640000004
5.01e-07,0.312495104000007,0.6132499936,1.477374997184,1.5625008640000004
5.015e-07,-0.46875494399999695,0.60699999424,1.477374997184,1.5625008640000004
5.02e-07,0.312495104000007,0.60699999424,1.477374997184,1.5625008640000004
5.025000000000001e-07,0.312495104000007,0.60699999424,1.478624997056,1.5625008640000004
5.03e-07,0.312495104000007,0.60699999424,1.477374997184,1.5625008640000004
5.035e-07,-0.46875494399999695,0.60699999424,1.478624997056,1.2500008959999995
5.040000000000001e-07,-0.46875494399999695,0.60699999424,1.477374997184,1.5625008640000004
5.045e-07,0.312495104000007,0.60699999424,1.479874996928,1.2500008959999995
5.05e-07,-0.46875494399999695,0.6007499948799999,1.478624997056,1.5625008640000004
5.055000000000001e-07,0.312495104000007,0.60699999424,1.479874996928,1.5625008640000004
5.06e-07,0.312495104000007,0.60699999424,1.4811249968,1.5625008640000004
5.065e-07,-0.46875494399999695,0.60699999424,1.4811249968,1.2500008959999995
5.070000000000001e-07,-0.46875494399999695,0.60699999424,1.478624997056,1.5625008640000004
5.075e-07,0.312495104000007,0.60699999424,1.478624997056,1.5625008640000004
5.08e-07,0.312495104000007,0.60699999424,1.478624997056,1.5625008640000004
5.085e-07,-0.46875494399999695,0.6132499936,1.4811249968,1.5625008640000004
5.09e-07,0.312495104000007,0.6132499936,1.4811249968,1.5625008640000004
5.095000000000001e-07,0.312495104000007,0.6132499936,1.4811249968,1.8750008319999996
5.1e-07,0.312495104000007,0.60699999424,1.4811249968,1.5625008640000004
5.105e-07,0.312495104000007,0.6007499948799999,1.479874996928,1.5625008640000004
5.110000000000001e-07,-0.46875494399999695,0.60699999424,1.478624997056,1.5625008640000004
5.115e-07,0.312495104000007,0.60699999424,1.479874996928,1.2500008959999995
5.12e-07,-0.46875494399999695,0.6132499936,1.478624997056,1.5625008640000004
5.125000000000001e-07,-0.46875494399999695,0.6132499936,1.4811249968,1.2500008959999995
5.13e-07,-0.46875494399999695,0.6132499936,1.479874996928,1.5625008640000004
5.135e-07,-0.46875494399999695,0.6007499948799999,1.478624997056,1.8750008319999996
5.140000000000001e-07,0.312495104000007,0.6132499936,1.478624997056,1.5625008640000004
5.145e-07,0.312495104000007,0.60699999424,1.478624997056,1.2500008959999995
5.15e-07,0.312495104000007,0.60699999424,1.478624997056,1.5625008640000004
5.155000000000001e-07,-0.46875494399999695,0.60699999424,1.479874996928,1.8750008319999996
5.16e-07,-0.46875494399999695,0.60699999424,1.4811249968,1.5625008640000004
5.165e-07,0.312495104000007,0.6132499936,1.4823749966720001,1.5625008640000004
5.17e-07,0.312495104000007,0.6132499936,1.478624997056,1.2500008959999995
5.175e-07,0.312495104000007,0.60699999424,1.479874996928,1.2500008959999995
5.180000000000001e-07,-0.46875494399999695,0.60699999424,1.4823749966720001,1.5625008640000004
5.185e-07,0.312495104000007,0.60699999424,1.479874996928,1.5625008640000004
5.19e-07,-0.46875494399999695,0.6132499936,1.476124997312,1.5625008640000004
5.195000000000001e-07,0.312495104000007,0.60699999424,1.477374997184,1.2500008959999995
5.2e-07,0.312495104000007,0.60699999424,1.479874996928,1.5625008640000004
5.205e-07,1.0937451519999968,0.6007499948799999,1.4823749966720001,1.2500008959999995
5.210000000000001e-07,0.312495104000007,0.60699999424,1.479874996928,1.2500008959999995
5.215e-07,0.312495104000007,0.60699999424,1.478624997056,1.5625008640000004
5.22e-07,0.312495104000007,0.6132499936,1.4811249968,1.2500008959999995
5.225000000000001e-07,0.312495104000007,0.60699999424,1.4811249968,1.2500008959999995
5.23e-07,-0.46875494399999695,0.6132499936,1.4811249968,1.5625008640000004
5.235e-07,0.312495104000007,0.60699999424,1.479874996928,1.5625008640000004
5.24e-07,0.312495104000007,0.6132499936,1.478624997056,1.5625008640000004
5.245e-07,-0.46875494399999695,0.6132499936,1.479874996928,1.5625008640000004
5.250000000000001e-07,0.312495104000007,0.6132499936,1.4811249968,1.5625008640000004
5.255e-07,-0.46875494399999695,0.60699999424,1.478624997056,1.5625008640000004
5.26e-07,-0.46875494399999695,0.6132499936,1.479874996928,1.8750008319999996
5.265000000000001e-07,0.312495104000007,0.6132499936,1.4811249968,1.5625008640000004
5.27e-07,-1.250004992000001,0.60699999424,1.478624997056,1.2500008959999995
5.275e-07,-0.46875494399999695,0.60699999424,1.478624997056,1.2500008959999995
5.280000000000001e-07,-0.46875494399999695,0.6132499936,1.476124997312,1.2500008959999995
5.285e-07,-1.250004992000001,0.60699999424,1.477374997184,1.2500008959999995
5.29e-07,-0.46875494399999695,0.6132499936,1.479874996928,1.5625008640000004
5.295000000000001e-07,0.312495104000007,0.60699999424,1.478624997056,1.5625008640000004
5.3e-07,0.312495104000007,0.60699999424,1.476124997312,1.2500008959999995
5.305e-07,-0.46875494399999695,0.60699999424,1.476124997312,1.2500008959999995
5.310000000000001e-07,0.312495104000007,0.60699999424,1.476124997312,1.5625008640000004
5.315e-07,-0.46875494399999695,0.6132499936,1.476124997312,1.5625008640000004
5.32e-07,-0.46875494399999695,0.6132499936,1.476124997312,1.5625008640000004
5.325e-07,-0.46875494399999695,0.6132499936,1.478624997056,1.2500008959999995
5.33e-07,0.312495104000007,0.6132499936,1.478624997056,1.5625008640000004
5.335000000000001e-07,0.312495104000007,0.60699999424,1.478624997056,1.2500008959999995
5.34e-07,-0.46875494399999695,0.6132499936,1.478624997056,1.5625008640000004
5.345e-07,0.312495104000007,0.60699999424,1.4811249968,1.5625008640000004
5.350000000000001e-07,0.312495104000007,0.60699999424,1.4823749966720001,0.9375009279999986
5.355e-07,-0.46875494399999695,0.6132499936,1.483624996544,0.9375009279999986
5.36e-07,-1.250004992000001,0.60699999424,1.479874996928,1.2500008959999995
5.365000000000001e-07,0.312495104000007,0.60699999424,1.477374997184,1.2500008959999995
5.37e-07,0.312495104000007,0.60699999424,1.473624997568,1.2500008959999995
5.375e-07,-0.46875494399999695,0.6132499936,1.47487499744,1.5625008640000004
5.380000000000001e-07,-0.46875494399999695,0.60699999424,1.47487499744,1.5625008640000004
5.385e-07,-0.46875494399999695,0.6132499936,1.476124997312,1.2500008959999995
5.39e-07,-0.46875494399999695,0.6132499936,1.477374997184,1.5625008640000004
5.395000000000001e-07,-0.46875494399999695,0.60699999424,1.477374997184,1.5625008640000004
5.4e-07,0.312495104000007,0.6007499948799999,1.476124997312,1.2500008959999995
5.405000000000001e-07,-0.46875494399999695,0.6132499936,1.477374997184,0.9375009279999986
5.41e-07,-0.46875494399999695,0.6132499936,1.478624997056,1.5625008640000004
5.415e-07,-0.46875494399999695,0.61949999296,1.479874996928,1.2500008959999995
5.420000000000001e-07,-0.46875494399999695,0.6132499936,1.479874996928,1.2500008959999995
5.425e-07,-0.46875494399999695,0.60699999424,1.478624997056,1.5625008640000004
5.43e-07,-0.46875494399999695,0.60699999424,1.478624997056,1.5625008640000004
5.435000000000001e-07,-0.46875494399999695,0.60699999424,1.4823749966720001,1.2500008959999995
5.44e-07,0.312495104000007,0.6132499936,1.479874996928,1.2500008959999995
5.445e-07,0.312495104000007,0.60699999424,1.479874996928,1.2500008959999995
5.450000000000001e-07,-1.250004992000001,0.60699999424,1.478624997056,1.2500008959999995
5.455e-07,-0.46875494399999695,0.6007499948799999,1.478624997056,1.2500008959999995
5.46e-07,-0.46875494399999695,0.60699999424,1.477374997184,1.2500008959999995
5.465000000000001e-07,0.312495104000007,0.60699999424,1.479874996928,1.2500008959999995
5.47e-07,0.312495104000007,0.60699999424,1.4811249968,1.5625008640000004
5.475e-07,-0.46875494399999695,0.60699999424,1.479874996928,1.5625008640000004
5.48e-07,-0.46875494399999695,0.6132499936,1.478624997056,1.5625008640000004
5.485e-07,-0.46875494399999695,0.6132499936,1.4811249968,1.2500008959999995
5.490000000000001e-07,-0.46875494399999695,0.60699999424,1.483624996544,1.2500008959999995
5.495e-07,-0.46875494399999695,0.60699999424,1.4823749966720001,1.2500008959999995
5.5e-07,-0.46875494399999695,0.6007499948799999,1.479874996928,1.5625008640000004
5.505000000000001e-07,-0.46875494399999695,0.60699999424,1.479874996928,1.5625008640000004
5.51e-07,0.312495104000007,0.60699999424,1.4811249968,1.5625008640000004
5.515e-07,-0.46875494399999695,0.60699999424,1.4811249968,1.2500008959999995
5.520000000000001e-07,0.312495104000007,0.6132499936,1.477374997184,1.2500008959999995
5.525e-07,-0.46875494399999695,0.60699999424,1.478624997056,1.2500008959999995
5.53e-07,0.312495104000007,0.60699999424,1.477374997184,1.5625008640000004
5.535000000000001e-07,0.312495104000007,0.60699999424,1.478624997056,1.5625008640000004
5.54e-07,0.312495104000007,0.60699999424,1.479874996928,1.2500008959999995
5.545e-07,-0.46875494399999695,0.6132499936,1.479874996928,1.5625008640000004
5.550000000000001e-07,0.312495104000007,0.6132499936,1.4823749966720001,1.2500008959999995
5.555e-07,0.312495104000007,0.60699999424,1.4823749966720001,0.9375009279999986
5.560000000000001e-07,-0.46875494399999695,0.6132499936,1.479874996928,1.2500008959999995
5.565e-07,-0.46875494399999695,0.6132499936,1.478624997056,1.5625008640000004
5.57e-07,0.312495104000007,0.6132499936,1.477374997184,1.2500008959999995
5.575000000000001e-07,-0.46875494399999695,0.6132499936,1.477374997184,1.2500008959999995
5.58e-07,-0.46875494399999695,0.6132499936,1.477374997184,1.5625008640000004
5.585e-07,-0.46875494399999695,0.6132499936,1.478624997056,1.5625008640000004
5.590000000000001e-07,-0.46875494399999695,0.6132499936,1.477374997184,1.5625008640000004
5.595e-07,-0.46875494399999695,0.60699999424,1.478624997056,1.2500008959999995
5.6e-07,0.312495104000007,0.60699999424,1.478624997056,1.2500008959999995
5.605000000000001e-07,0.312495104000007,0.60699999424,1.4811249968,1.2500008959999995
5.61e-07,0.312495104000007,0.60699999424,1.4823749966720001,1.5625008640000004
5.615e-07,-0.46875494399999695,0.60699999424,1.4823749966720001,1.5625008640000004
5.620000000000001e-07,0.312495104000007,0.6132499936,1.478624997056,1.5625008640000004
5.625e-07,-0.46875494399999695,0.6132499936,1.478624997056,1.2500008959999995
5.63e-07,-0.46875494399999695,0.6132499936,1.479874996928,1.5625008640000004
5.635e-07,-0.46875494399999695,0.60699999424,1.478624997056,1.2500008959999995
5.64e-07,-0.46875494399999695,0.6132499936,1.476124997312,1.5625008640000004
5.645000000000001e-07,-0.46875494399999695,0.6132499936,1.479874996928,1.5625008640000004
5.65e-07,-0.46875494399999695,0.6132499936,1.479874996928,1.5625008640000004
5.655e-07,-0.46875494399999695,0.6132499936,1.478624997056,0.9375009279999986
5.660000000000001e-07,-0.46875494399999695,0.6132499936,1.478624997056,1.5625008640000004
5.665e-07,-0.46875494399999695,0.6132499936,1.4811249968,1.5625008640000004
5.67e-07,-0.46875494399999695,0.60699999424,1.477374997184,1.2500008959999995
5.675000000000001e-07,-0.46875494399999695,0.60699999424,1.476124997312,0.9375009279999986
5.68e-07,0.312495104000007,0.6132499936,1.47487499744,1.2500008959999995
5.685e-07,-0.46875494399999695,0.6132499936,1.479874996928,1.2500008959999995
5.690000000000001e-07,-0.46875494399999695,0.60699999424,1.479874996928,1.5625008640000004
5.695e-07,-0.46875494399999695,0.60699999424,1.478624997056,1.5625008640000004
5.7e-07,-0.46875494399999695,0.60699999424,1.478624997056,2.1875007999999996
5.705000000000001e-07,-0.46875494399999695,0.60699999424,1.479874996928,1.5625008640000004
5.71e-07,-0.46875494399999695,0.60699999424,1.4823749966720001,1.5625008640000004
5.715000000000001e-07,0.312495104000007,0.60699999424,1.483624996544,1.5625008640000004
5.72e-07,-0.46875494399999695,0.6132499936,1.479874996928,1.5625008640000004
5.725e-07,-0.46875494399999695,0.6132499936,1.479874996928,1.2500008959999995
5.730000000000001e-07,-0.46875494399999695,0.6132499936,1.4823749966720001,1.5625008640000004
5.735e-07,0.312495104000007,0.6132499936,1.478624997056,1.2500008959999995
5.74e-07,0.312495104000007,0.60699999424,1.478624997056,1.5625008640000004
5.745000000000001e-07,0.312495104000007,0.6132499936,1.4811249968,1.5625008640000004
5.75e-07,0.312495104000007,0.6132499936,1.4823749966720001,1.5625008640000004
5.755e-07,-1.250004992000001,0.6132499936,1.4823749966720001,0.9375009279999986
5.760000000000001e-07,0.312495104000007,0.6132499936,1.4823749966720001,1.2500008959999995
5.765e-07,-0.46875494399999695,0.6132499936,1.483624996544,1.2500008959999995
5.77e-07,-0.46875494399999695,0.60699999424,1.479874996928,1.5625008640000004
5.775000000000001e-07,0.312495104000007,0.60699999424,1.477374997184,1.5625008640000004
5.78e-07,-0.46875494399999695,0.6132499936,1.477374997184,1.5625008640000004
5.785e-07,-0.46875494399999695,0.60699999424,1.4811249968,1.5625008640000004
5.79e-07,-0.46875494399999695,0.6132499936,1.4823749966720001,1.2500008959999995
5.795e-07,0.312495104000007,0.6132499936,1.4823749966720001,1.5625008640000004
5.800000000000001e-07,-1.250004992000001,0.60699999424,1.4811249968,1.5625008640000004
5.805e-07,0.312495104000007,0.60699999424,1.4811249968,0.9375009279999986
5.81e-07,0.312495104000007,0.60699999424,1.4811249968,1.2500008959999995
5.815000000000001e-07,-0.46875494399999695,0.60699999424,1.479874996928,1.2500008959999995
5.82e-07,-0.46875494399999695,0.60699999424,1.4823749966720001,1.5625008640000004
5.825e-07,-0.46875494399999695,0.6007499948799999,1.483624996544,1.5625008640000004
5.830000000000001e-07,0.312495104000007,0.60699999424,1.4823749966720001,1.5625008640000004
5.835e-07,-0.46875494399999695,0.60699999424,1.483624996544,1.2500008959999995
5.84e-07,-0.46875494399999695,0.60699999424,1.483624996544,1.2500008959999995
5.845000000000001e-07,-0.46875494399999695,0.60699999424,1.483624996544,0.9375009279999986
5.85e-07,0.312495104000007,0.60699999424,1.4811249968,1.5625008640000004
5.855e-07,0.312495104000007,0.6132499936,1.479874996928,1.5625008640000004
5.860000000000001e-07,0.312495104000007,0.60699999424,1.4811249968,1.2500008959999995
5.865e-07,-0.46875494399999695,0.60699999424,1.478624997056,1.2500008959999995
5.870000000000001e-07,-0.46875494399999695,0.6132499936,1.477374997184,1.2500008959999995
5.875e-07,0.312495104000007,0.6132499936,1.477374997184,1.5625008640000004
5.88e-07,-1.250004992000001,0.61949999296,1.477374997184,1.5625008640000004
5.885000000000001e-07,-0.46875494399999695,0.6132499936,1.479874996928,1.2500008959999995
5.89e-07,0.312495104000007,0.60699999424,1.479874996928,1.2500008959999995
5.895e-07,0.312495104000007,0.6132499936,1.479874996928,1.2500008959999995
5.900000000000001e-07,-0.46875494399999695,0.60699999424,1.4811249968,1.2500008959999995
5.905e-07,0.312495104000007,0.6132499936,1.4811249968,1.2500008959999995
5.91e-07,0.312495104000007,0.60699999424,1.479874996928,1.2500008959999995
5.915000000000001e-07,-0.46875494399999695,0.6132499936,1.4811249968,1.2500008959999995
5.92e-07,-1.250004992000001,0.60699999424,1.478624997056,1.2500008959999995
5.925e-07,-0.46875494399999695,0.60699999424,1.4811249968,0.9375009279999986
5.930000000000001e-07,-1.250004992000001,0.60699999424,1.4823749966720001,1.5625008640000004
5.935e-07,-0.46875494399999695,0.60699999424,1.4811249968,1.5625008640000004
5.94e-07,-0.46875494399999695,0.60699999424,1.476124997312,1.2500008959999995
5.945000000000001e-07,-0.46875494399999695,0.60699999424,1.477374997184,1.2500008959999995
5.95e-07,-0.46875494399999695,0.6132499936,1.479874996928,1.5625008640000004
5.955000000000001e-07,-0.46875494399999695,0.6132499936,1.4811249968,1.5625008640000004
5.96e-07,-0.46875494399999695,0.60699999424,1.479874996928,1.2500008959999995
5.965e-07,-0.46875494399999695,0.6132499936,1.479874996928,0.9375009279999986
5.970000000000001e-07,-0.46875494399999695,0.6132499936,1.478624997056,1.2500008959999995
5.975e-07,-1.250004992000001,0.60699999424,1.479874996928,1.2500008959999995
5.98e-07,-0.46875494399999695,0.60699999424,1.479874996928,1.2500008959999995
5.985000000000001e-07,-0.46875494399999695,0.60699999424,1.4811249968,1.2500008959999995
5.99e-07,-0.46875494399999695,0.6132499936,1.478624997056,1.2500008959999995
5.995e-07,-0.46875494399999695,0.60699999424,1.477374997184,1.2500008959999995
6.000000000000001e-07,-1.250004992000001,0.6132499936,1.476124997312,1.2500008959999995
6.005e-07,-0.46875494399999695,0.60699999424,1.478624997056,0.9375009279999986
6.01e-07,-0.46875494399999695,0.6132499936,1.478624997056,1.2500008959999995
6.015000000000001e-07,-0.46875494399999695,0.6132499936,1.477374997184,1.2500008959999995
6.02e-07,0.312495104000007,0.60699999424,1.477374997184,0.9375009279999986
6.025000000000001e-07,-0.46875494399999695,0.60699999424,1.478624997056,1.5625008640000004
6.03e-07,0.312495104000007,0.60699999424,1.479874996928,1.5625008640000004
6.035e-07,-0.46875494399999695,0.60699999424,1.4811249968,1.5625008640000004
6.040000000000001e-07,-0.46875494399999695,0.6132499936,1.479874996928,1.2500008959999995
6.045e-07,-0.46875494399999695,0.61949999296,1.4811249968,0.9375009279999986
6.05e-07,-0.46875494399999695,0.6132499936,1.4823749966720001,1.2500008959999995
6.055000000000001e-07,-1.250004992000001,0.6132499936,1.4811249968,0.9375009279999986
6.06e-07,-0.46875494399999695,0.6132499936,1.478624997056,1.2500008959999995
6.065e-07,-0.46875494399999695,0.6132499936,1.479874996928,1.2500008959999995
6.070000000000001e-07,-0.46875494399999695,0.6132499936,1.478624997056,1.2500008959999995
6.075e-07,-1.250004992000001,0.6132499936,1.477374997184,0.9375009279999986
6.08e-07,-0.46875494399999695,0.6132499936,1.476124997312,0.9375009279999986
6.085000000000001e-07,-0.46875494399999695,0.6132499936,1.4811249968,0.9375009279999986
6.09e-07,0.312495104000007,0.6132499936,1.4811249968,0.9375009279999986
6.095e-07,-0.46875494399999695,0.6132499936,1.4811249968,1.2500008959999995
6.100000000000001e-07,-0.46875494399999695,0.60699999424,1.478624997056,0.9375009279999986
6.105e-07,-0.46875494399999695,0.6132499936,1.479874996928,0.9375009279999986
6.110000000000001e-07,-0.46875494399999695,0.6132499936,1.479874996928,0.9375009279999986
6.115e-07,0.312495104000007,0.60699999424,1.4811249968,1.2500008959999995
6.12e-07,-0.46875494399999695,0.60699999424,1.478624997056,1.5625008640000004
6.125000000000001e-07,-0.46875494399999695,0.6132499936,1.479874996928,0.9375009279999986
6.13e-07,0.312495104000007,0.6132499936,1.478624997056,1.2500008959999995
6.135e-07,-0.46875494399999695,0.6132499936,1.477374997184,1.2500008959999995
6.140000000000001e-07,-0.46875494399999695,0.6132499936,1.476124997312,1.2500008959999995
6.145e-07,0.312495104000007,0.6132499936,1.476124997312,1.2500008959999995
6.15e-07,-0.46875494399999695,0.61949999296,1.478624997056,1.2500008959999995
6.155000000000001e-07,0.312495104000007,0.61949999296,1.478624997056,0.9375009279999986
6.16e-07,-0.46875494399999695,0.61949999296,1.476124997312,1.2500008959999995
6.165e-07,-0.46875494399999695,0.6132499936,1.476124997312,0.9375009279999986
6.170000000000001e-07,-1.250004992000001,0.61949999296,1.478624997056,1.2500008959999995
6.175e-07,-0.46875494399999695,0.6132499936,1.479874996928,1.2500008959999995
6.180000000000001e-07,0.312495104000007,0.61949999296,1.478624997056,0.9375009279999986
6.185e-07,-0.46875494399999695,0.61949999296,1.476124997312,1.2500008959999995
6.19e-07,-0.46875494399999695,0.61949999296,1.479874996928,1.2500008959999995
6.195000000000001e-07,0.312495104000007,0.6132499936,1.479874996928,1.2500008959999995
6.2e-07,-0.46875494399999695,0.6132499936,1.477374997184,1.2500008959999995
6.205e-07,-0.46875494399999695,0.61949999296,1.478624997056,0.9375009279999986
6.210000000000001e-07,-0.46875494399999695,0.6132499936,1.478624997056,1.2500008959999995
6.215e-07,-0.46875494399999695,0.61949999296,1.478624997056,0.9375009279999986
6.22e-07,-0.46875494399999695,0.60699999424,1.478624997056,1.2500008959999995
6.225000000000001e-07,-0.46875494399999695,0.6132499936,1.479874996928,1.2500008959999995
6.23e-07,0.312495104000007,0.6132499936,1.479874996928,1.2500008959999995
6.235e-07,-0.46875494399999695,0.6132499936,1.479874996928,0.6250009599999995
6.240000000000001e-07,-0.46875494399999695,0.6132499936,1.477374997184,0.9375009279999986
6.245e-07,-0.46875494399999695,0.6132499936,1.479874996928,0.9375009279999986
6.25e-07,-1.250004992000001,0.6132499936,1.478624997056,1.2500008959999995
6.255000000000001e-07,0.312495104000007,0.6132499936,1.476124997312,1.2500008959999995
6.26e-07,-0.46875494399999695,0.61949999296,1.476124997312,0.9375009279999986
6.265000000000001e-07,-0.46875494399999695,0.6132499936,1.477374997184,0.9375009279999986
6.27e-07,0.312495104000007,0.6132499936,1.478624997056,1.2500008959999995
6.275e-07,0.312495104000007,0.6132499936,1.477374997184,1.2500008959999995
6.280000000000001e-07,-0.46875494399999695,0.60699999424,1.477374997184,1.5625008640000004
6.285e-07,-0.46875494399999695,0.61949999296,1.479874996928,0.9375009279999986
6.29e-07,0.312495104000007,0.6132499936,1.4811249968,1.2500008959999995
6.295000000000001e-07,-0.46875494399999695,0.6132499936,1.478624997056,0.9375009279999986
6.3e-07,-0.46875494399999695,0.6132499936,1.478624997056,1.2500008959999995
6.305e-07,-1.250004992000001,0.6132499936,1.4811249968,1.2500008959999995
6.310000000000001e-07,-1.250004992000001,0.60699999424,1.4823749966720001,1.2500008959999995
6.315e-07,-0.46875494399999695,0.60699999424,1.4823749966720001,0.9375009279999986
6.32e-07,-1.250004992000001,0.60699999424,1.479874996928,1.2500008959999995
6.325000000000001e-07,-0.46875494399999695,0.6132499936,1.479874996928,0.9375009279999986
6.33e-07,-0.46875494399999695,0.60699999424,1.478624997056,0.9375009279999986
6.335000000000001e-07,-0.46875494399999695,0.60699999424,1.4811249968,1.2500008959999995
6.340000000000001e-07,0.312495104000007,0.6132499936,1.4811249968,1.2500008959999995
6.345e-07,-0.46875494399999695,0.61949999296,1.478624997056,0.9375009279999986
6.350000000000001e-07,-0.46875494399999695,0.6132499936,1.478624997056,1.2500008959999995
6.355e-07,0.312495104000007,0.6132499936,1.479874996928,1.2500008959999995
6.36e-07,-0.46875494399999695,0.60699999424,1.4811249968,0.9375009279999986
6.365000000000001e-07,-0.46875494399999695,0.61949999296,1.4811249968,0.9375009279999986
6.37e-07,0.312495104000007,0.61949999296,1.4811249968,1.2500008959999995
6.375e-07,-0.46875494399999695,0.61949999296,1.479874996928,1.2500008959999995
6.380000000000001e-07,-0.46875494399999695,0.6132499936,1.4811249968,1.5625008640000004
6.385e-07,-0.46875494399999695,0.6132499936,1.4811249968,1.2500008959999995
6.39e-07,-0.46875494399999695,0.60699999424,1.478624997056,1.2500008959999995
6.395000000000001e-07,-0.46875494399999695,0.60699999424,1.479874996928,0.9375009279999986
6.4e-07,-0.46875494399999695,0.60699999424,1.476124997312,0.9375009279999986
6.405e-07,0.312495104000007,0.60699999424,1.479874996928,0.9375009279999986
6.410000000000001e-07,-0.46875494399999695,0.6132499936,1.479874996928,1.2500008959999995
6.415e-07,-0.46875494399999695,0.60699999424,1.477374997184,1.2500008959999995
6.420000000000001e-07,0.312495104000007,0.6132499936,1.479874996928,1.2500008959999995
6.425e-07,-0.46875494399999695,0.60699999424,1.4811249968,0.9375009279999986
6.43e-07,-0.46875494399999695,0.6132499936,1.4811249968,1.2500008959999995
6.435000000000001e-07,0.312495104000007,0.6132499936,1.4811249968,1.2500008959999995
6.44e-07,-0.46875494399999695,0.6132499936,1.477374997184,1.2500008959999995
6.445e-07,-0.46875494399999695,0.60699999424,1.479874996928,0.9375009279999986
6.450000000000001e-07,-0.46875494399999695,0.6132499936,1.4811249968,0.9375009279999986
6.455e-07,-0.46875494399999695,0.6132499936,1.479874996928,0.9375009279999986
6.46e-07,0.312495104000007,0.60699999424,1.4823749966720001,1.2500008959999995
6.465000000000001e-07,0.312495104000007,0.6132499936,1.483624996544,0.9375009279999986
6.47e-07,0.312495104000007,0.6132499936,1.4823749966720001,1.2500008959999995
6.475e-07,-0.46875494399999695,0.60699999424,1.483624996544,1.2500008959999995
6.480000000000001e-07,-0.46875494399999695,0.6132499936,1.4811249968,1.2500008959999995
6.485e-07,0.312495104000007,0.6132499936,1.483624996544,0.6250009599999995
6.490000000000001e-07,-1.250004992000001,0.6132499936,1.4811249968,1.2500008959999995
6.495000000000001e-07,-0.46875494399999695,0.60699999424,1.479874996928,1.2500008959999995
6.5e-07,0.312495104000007,0.61949999296,1.479874996928,1.2500008959999995
6.505000000000001e-07,-0.46875494399999695,0.6132499936,1.4811249968,0.9375009279999986
6.51e-07,-0.46875494399999695,0.60699999424,1.478624997056,0.9375009279999986
6.515e-07,0.312495104000007,0.6132499936,1.478624997056,1.2500008959999995
6.520000000000001e-07,0.312495104000007,0.6132499936,1.478624997056,1.2500008959999995
6.525e-07,0.312495104000007,0.6132499936,1.479874996928,0.9375009279999986
6.53e-07,0.312495104000007,0.6132499936,1.479874996928,1.2500008959999995
6.535000000000001e-07,-0.46875494399999695,0.6132499936,1.4811249968,0.9375009279999986
6.54e-07,-0.46875494399999695,0.6132499936,1.477374997184,1.2500008959999995
6.545e-07,0.312495104000007,0.6132499936,1.47487499744,1.2500008959999995
6.550000000000001e-07,0.312495104000007,0.6132499936,1.47487499744,0.9375009279999986
6.555e-07,0.312495104000007,0.60699999424,1.476124997312,0.6250009599999995
6.56e-07,0.312495104000007,0.60699999424,1.477374997184,0.9375009279999986
6.565000000000001e-07,-0.46875494399999695,0.6132499936,1.478624997056,0.9375009279999986
6.57e-07,-0.46875494399999695,0.61949999296,1.477374997184,1.2500008959999995
6.575000000000001e-07,-1.250004992000001,0.61949999296,1.476124997312,1.2500008959999995
6.58e-07,-0.46875494399999695,0.61949999296,1.476124997312,1.2500008959999995
6.585e-07,-0.46875494399999695,0.61949999296,1.476124997312,0.9375009279999986
6.590000000000001e-07,-0.46875494399999695,0.61949999296,1.478624997056,0.9375009279999986
6.595e-07,0.312495104000007,0.61949999296,1.478624997056,0.9375009279999986
6.6e-07,-0.46875494399999695,0.6132499936,1.477374997184,0.9375009279999986
6.605000000000001e-07,-1.250004992000001,0.6132499936,1.4811249968,0.9375009279999986
6.61e-07,-0.46875494399999695,0.61949999296,1.4811249968,1.2500008959999995
6.615e-07,-0.46875494399999695,0.6132499936,1.477374997184,0.9375009279999986
6.620000000000001e-07,0.312495104000007,0.6132499936,1.476124997312,1.2500008959999995
6.625e-07,0.312495104000007,0.6132499936,1.477374997184,1.2500008959999995
6.63e-07,0.312495104000007,0.6132499936,1.479874996928,0.9375009279999986
6.635000000000001e-07,0.312495104000007,0.60699999424,1.479874996928,0.6250009599999995
6.64e-07,0.312495104000007,0.6132499936,1.477374997184,0.9375009279999986
6.645000000000001e-07,0.312495104000007,0.61949999296,1.4811249968,0.9375009279999986
6.650000000000001e-07,0.312495104000007,0.6132499936,1.479874996928,1.2500008959999995
6.655e-07,0.312495104000007,0.60699999424,1.478624997056,0.9375009279999986
6.660000000000001e-07,0.312495104000007,0.61949999296,1.477374997184,0.9375009279999986
6.665e-07,-0.46875494399999695,0.6132499936,1.479874996928,0.9375009279999986
6.67e-07,-0.46875494399999695,0.6132499936,1.479874996928,0.6250009599999995
6.675000000000001e-07,0.312495104000007,0.6132499936,1.476124997312,0.9375009279999986
6.68e-07,0.312495104000007,0.6132499936,1.476124997312,1.2500008959999995
6.685e-07,0.312495104000007,0.61949999296,1.479874996928,0.9375009279999986
6.690000000000001e-07,0.312495104000007,0.6132499936,1.4811249968,1.2500008959999995
6.695e-07,-0.46875494399999695,0.6132499936,1.478624997056,0.9375009279999986
6.7e-07,-0.46875494399999695,0.60699999424,1.477374997184,1.2500008959999995
6.705000000000001e-07,-0.46875494399999695,0.6132499936,1.478624997056,1.2500008959999995
6.71e-07,-0.46875494399999695,0.6132499936,1.477374997184,1.2500008959999995
6.715e-07,-0.46875494399999695,0.6132499936,1.477374997184,0.9375009279999986
6.720000000000001e-07,-0.46875494399999695,0.6132499936,1.47487499744,1.2500008959999995
6.725e-07,-0.46875494399999695,0.6132499936,1.477374997184,1.2500008959999995
6.730000000000001e-07,0.312495104000007,0.60699999424,1.478624997056,1.2500008959999995
6.735e-07,0.312495104000007,0.6132499936,1.4811249968,1.2500008959999995
6.74e-07,-0.46875494399999695,0.6132499936,1.4811249968,0.9375009279999986
6.745000000000001e-07,0.312495104000007,0.6132499936,1.4823749966720001,0.9375009279999986
6.75e-07,0.312495104000007,0.60699999424,1.479874996928,0.9375009279999986
6.755e-07,0.312495104000007,0.60699999424,1.479874996928,0.9375009279999986
6.760000000000001e-07,-0.46875494399999695,0.6132499936,1.478624997056,1.2500008959999995
6.765e-07,0.312495104000007,0.61949999296,1.479874996928,0.9375009279999986
6.77e-07,0.312495104000007,0.61949999296,1.4823749966720001,1.2500008959999995
6.775000000000001e-07,0.312495104000007,0.6132499936,1.4811249968,0.9375009279999986
6.78e-07,0.312495104000007,0.6132499936,1.478624997056,0.9375009279999986
6.785e-07,-0.46875494399999695,0.6132499936,1.478624997056,0.9375009279999986
6.790000000000001e-07,-0.46875494399999695,0.6132499936,1.477374997184,0.9375009279999986
6.795e-07,0.312495104000007,0.6132499936,1.477374997184,0.6250009599999995
6.800000000000001e-07,0.312495104000007,0.6132499936,1.476124997312,0.9375009279999986
6.805000000000001e-07,-0.46875494399999695,0.6132499936,1.479874996928,0.6250009599999995
6.81e-07,-0.46875494399999695,0.6132499936,1.479874996928,0.9375009279999986
6.815000000000001e-07,-0.46875494399999695,0.6132499936,1.4811249968,0.9375009279999986
6.82e-07,-0.46875494399999695,0.6132499936,1.478624997056,0.9375009279999986
6.825e-07,-0.46875494399999695,0.60699999424,1.477374997184,0.9375009279999986
6.830000000000001e-07,0.312495104000007,0.60699999424,1.478624997056,0.9375009279999986
6.835e-07,0.312495104000007,0.60699999424,1.479874996928,0.9375009279999986
6.84e-07,-0.46875494399999695,0.61949999296,1.478624997056,0.9375009279999986
6.845000000000001e-07,-0.46875494399999695,0.6132499936,1.479874996928,0.6250009599999995
6.85e-07,0.312495104000007,0.6132499936,1.4811249968,0.9375009279999986
6.855e-07,0.312495104000007,0.6132499936,1.478624997056,0.9375009279999986
6.860000000000001e-07,0.312495104000007,0.6132499936,1.476124997312,0.9375009279999986
6.865e-07,0.312495104000007,0.6132499936,1.477374997184,0.9375009279999986
6.87e-07,0.312495104000007,0.60699999424,1.477374997184,0.9375009279999986
6.875000000000001e-07,-0.46875494399999695,0.6132499936,1.479874996928,0.6250009599999995
6.88e-07,0.312495104000007,0.61949999296,1.479874996928,0.6250009599999995
6.885000000000001e-07,0.312495104000007,0.6132499936,1.4823749966720001,0.6250009599999995
6.890000000000001e-07,-0.46875494399999695,0.6132499936,1.4811249968,0.9375009279999986
6.895e-07,0.312495104000007,0.6132499936,1.479874996928,0.9375009279999986
6.900000000000001e-07,-0.46875494399999695,0.6132499936,1.4811249968,0.6250009599999995
6.905e-07,-0.46875494399999695,0.6132499936,1.4811249968,0.9375009279999986
6.91e-07,-0.46875494399999695,0.6132499936,1.4811249968,0.9375009279999986
6.915000000000001e-07,0.312495104000007,0.6132499936,1.478624997056,0.9375009279999986
6.92e-07,-0.46875494399999695,0.6132499936,1.478624997056,0.9375009279999986
6.925e-07,0.312495104000007,0.6132499936,1.479874996928,0.6250009599999995
6.930000000000001e-07,0.312495104000007,0.6132499936,1.4811249968,0.9375009279999986
6.935e-07,0.312495104000007,0.6132499936,1.477374997184,0.9375009279999986
6.94e-07,-0.46875494399999695,0.6132499936,1.476124997312,0.9375009279999986
6.945000000000001e-07,-0.46875494399999695,0.6132499936,1.476124997312,0.9375009279999986
6.95e-07,0.312495104000007,0.6132499936,1.476124997312,0.9375009279999986
6.955000000000001e-07,-0.46875494399999695,0.6132499936,1.478624997056,0.6250009599999995
6.960000000000001e-07,0.312495104000007,0.61949999296,1.476124997312,0.9375009279999986
6.965e-07,-0.46875494399999695,0.6132499936,1.479874996928,0.9375009279999986
6.970000000000001e-07,-0.46875494399999695,0.6132499936,1.479874996928,0.6250009599999995
6.975e-07,-0.46875494399999695,0.61949999296,1.479874996928,0.9375009279999986
6.98e-07,0.312495104000007,0.6132499936,1.478624997056,0.9375009279999986
6.985000000000001e-07,0.312495104000007,0.6132499936,1.478624997056,0.9375009279999986
6.99e-07,-0.46875494399999695,0.6132499936,1.479874996928,0.9375009279999986
6.995e-07,0.312495104000007,0.6132499936,1.4811249968,0.9375009279999986
7.000000000000001e-07,-0.46875494399999695,0.60699999424,1.479874996928,1.2500008959999995
7.005e-07,0.312495104000007,0.6132499936,1.4811249968,0.9375009279999986
7.01e-07,0.312495104000007,0.6132499936,1.479874996928,1.2500008959999995
7.015000000000001e-07,-0.46875494399999695,0.60699999424,1.478624997056,0.9375009279999986
7.02e-07,-0.46875494399999695,0.6132499936,1.478624997056,1.2500008959999995
7.025e-07,0.312495104000007,0.6132499936,1.4811249968,1.2500008959999995
7.030000000000001e-07,-0.46875494399999695,0.61949999296,1.4823749966720001,0.9375009279999986
7.035e-07,-0.46875494399999695,0.6132499936,1.4823749966720001,0.6250009599999995
7.040000000000001e-07,-0.46875494399999695,0.61949999296,1.4811249968,0.6250009599999995
7.045000000000001e-07,-0.46875494399999695,0.6132499936,1.479874996928,0.6250009599999995
7.05e-07,0.312495104000007,0.6132499936,1.479874996928,0.9375009279999986
7.055000000000001e-07,0.312495104000007,0.61949999296,1.4811249968,0.9375009279999986
7.06e-07,-0.46875494399999695,0.6132499936,1.479874996928,0.9375009279999986
7.065e-07,0.312495104000007,0.6132499936,1.479874996928,0.9375009279999986
7.070000000000001e-07,-0.46875494399999695,0.61949999296,1.478624997056,0.9375009279999986
7.075e-07,0.312495104000007,0.6132499936,1.477374997184,0.9375009279999986
7.08e-07,0.312495104000007,0.6132499936,1.476124997312,0.9375009279999986
7.085000000000001e-07,0.312495104000007,0.61949999296,1.477374997184,0.6250009599999995
7.09e-07,0.312495104000007,0.61949999296,1.477374997184,1.2500008959999995
7.095e-07,0.312495104000007,0.61949999296,1.477374997184,0.6250009599999995
7.100000000000001e-07,-0.46875494399999695,0.6132499936,1.477374997184,0.9375009279999986
7.105e-07,-0.46875494399999695,0.6132499936,1.478624997056,0.9375009279999986
7.110000000000001e-07,-1.250004992000001,0.6132499936,1.477374997184,0.9375009279999986
7.115000000000001e-07,-0.46875494399999695,0.6132499936,1.477374997184,0.6250009599999995
7.12e-07,0.312495104000007,0.6132499936,1.476124997312,0.9375009279999986
7.125000000000001e-07,0.312495104000007,0.6132499936,1.479874996928,0.9375009279999986
7.13e-07,-0.46875494399999695,0.60699999424,1.478624997056,0.9375009279999986
7.135e-07,0.312495104000007,0.61949999296,1.479874996928,1.2500008959999995
7.140000000000001e-07,0.312495104000007,0.61949999296,1.479874996928,0.9375009279999986
7.145e-07,-0.46875494399999695,0.61949999296,1.479874996928,0.9375009279999986
7.15e-07,-0.46875494399999695,0.6132499936,1.478624997056,0.9375009279999986
7.155000000000001e-07,0.312495104000007,0.6132499936,1.478624997056,0.9375009279999986
7.16e-07,0.312495104000007,0.6132499936,1.478624997056,0.9375009279999986
7.165e-07,-0.46875494399999695,0.60699999424,1.479874996928,0.9375009279999986
7.170000000000001e-07,0.312495104000007,0.6132499936,1.479874996928,0.9375009279999986
7.175e-07,0.312495104000007,0.6132499936,1.478624997056,0.6250009599999995
7.18e-07,-0.46875494399999695,0.6132499936,1.478624997056,1.2500008959999995
7.185000000000001e-07,-0.46875494399999695,0.6132499936,1.4811249968,0.9375009279999986
7.19e-07,-0.46875494399999695,0.6132499936,1.4823749966720001,0.6250009599999995
7.195000000000001e-07,-1.250004992000001,0.6132499936,1.478624997056,0.6250009599999995
7.200000000000001e-07,0.312495104000007,0.6132499936,1.47487499744,0.6250009599999995
7.205e-07,0.312495104000007,0.6132499936,1.478624997056,0.31250099200000037
7.210000000000001e-07,0.312495104000007,0.6132499936,1.478624997056,0.6250009599999995
7.215e-07,-0.46875494399999695,0.61949999296,1.478624997056,0.9375009279999986
7.22e-07,0.312495104000007,0.61949999296,1.478624997056,0.9375009279999986
7.225000000000001e-07,-0.46875494399999695,0.6132499936,1.478624997056,0.9375009279999986
7.23e-07,-0.46875494399999695,0.61949999296,1.479874996928,0.9375009279999986
7.235e-07,0.312495104000007,0.60699999424,1.478624997056,0.9375009279999986
7.240000000000001e-07,-0.46875494399999695,0.6132499936,1.477374997184,0.9375009279999986
7.245e-07,-0.46875494399999695,0.6132499936,1.479874996928,0.6250009599999995
7.25e-07,0.312495104000007,0.6132499936,1.4811249968,1.2500008959999995
7.255000000000001e-07,-0.46875494399999695,0.6132499936,1.4811249968,0.6250009599999995
7.26e-07,-0.46875494399999695,0.6132499936,1.477374997184,0.9375009279999986
7.265000000000001e-07,-0.46875494399999695,0.6132499936,1.477374997184,1.2500008959999995
7.270000000000001e-07,-0.46875494399999695,0.6132499936,1.477374997184,0.9375009279999986
7.275e-07,-0.46875494399999695,0.6132499936,1.477374997184,0.9375009279999986
7.280000000000001e-07,-1.250004992000001,0.61949999296,1.479874996928,0.9375009279999986
7.285000000000001e-07,-0.46875494399999695,0.61949999296,1.4823749966720001,0.9375009279999986
7.29e-07,-0.46875494399999695,0.6132499936,1.479874996928,0.6250009599999995
7.295000000000001e-07,0.312495104000007,0.6132499936,1.479874996928,0.9375009279999986
7.3e-07,-0.46875494399999695,0.61949999296,1.479874996928,0.6250009599999995
7.305e-07,-1.250004992000001,0.61949999296,1.478624997056,0.9375009279999986
7.310000000000001e-07,-0.46875494399999695,0.61949999296,1.478624997056,0.9375009279999986
7.315e-07,0.312495104000007,0.6132499936,1.476124997312,0.9375009279999986
7.32e-07,-1.250004992000001,0.6132499936,1.477374997184,0.9375009279999986
7.325000000000001e-07,0.312495104000007,0.6132499936,1.479874996928,0.6250009599999995
7.33e-07,0.312495104000007,0.61949999296,1.479874996928,0.9375009279999986
7.335e-07,-0.46875494399999695,0.61949999296,1.479874996928,0.9375009279999986
7.340000000000001e-07,-0.46875494399999695,0.61949999296,1.478624997056,0.9375009279999986
7.345e-07,-0.46875494399999695,0.6132499936,1.478624997056,0.9375009279999986
7.350000000000001e-07,-0.46875494399999695,0.6132499936,1.476124997312,0.9375009279999986
7.355000000000001e-07,-0.46875494399999695,0.6132499936,1.477374997184,0.6250009599999995
7.36e-07,-1.250004992000001,0.61949999296,1.476124997312,0.6250009599999995
7.365000000000001e-07,0.312495104000007,0.6132499936,1.476124997312,0.9375009279999986
7.37e-07,-0.46875494399999695,0.6132499936,1.477374997184,0.9375009279999986
7.375e-07,-0.46875494399999695,0.6132499936,1.478624997056,0.9375009279999986
7.380000000000001e-07,0.312495104000007,0.61949999296,1.477374997184,0.6250009599999995
7.385e-07,0.312495104000007,0.61949999296,1.477374997184,0.9375009279999986
7.39e-07,0.312495104000007,0.61949999296,1.479874996928,0.9375009279999986
7.395000000000001e-07,0.312495104000007,0.61949999296,1.4823749966720001,0.9375009279999986
7.4e-07,-0.46875494399999695,0.61949999296,1.478624997056,0.6250009599999995
7.405e-07,0.312495104000007,0.6132499936,1.4811249968,0.6250009599999995
7.410000000000001e-07,0.312495104000007,0.6132499936,1.4811249968,0.9375009279999986
7.415e-07,-0.46875494399999695,0.6132499936,1.4811249968,0.6250009599999995
7.420000000000001e-07,-0.46875494399999695,0.6132499936,1.484874996416,1.2500008959999995
7.425000000000001e-07,-0.46875494399999695,0.6132499936,1.4823749966720001,0.9375009279999986
7.43e-07,0.312495104000007,0.61949999296,1.478624997056,0.9375009279999986
7.435000000000001e-07,-0.46875494399999695,0.61949999296,1.4811249968,0.6250009599999995
7.440000000000001e-07,-0.46875494399999695,0.61949999296,1.478624997056,0.6250009599999995
7.445e-07,-0.46875494399999695,0.61949999296,1.4811249968,0.9375009279999986
7.450000000000001e-07,-0.46875494399999695,0.61949999296,1.479874996928,0.9375009279999986
7.455e-07,-0.46875494399999695,0.6132499936,1.4823749966720001,0.9375009279999986
7.46e-07,-0.46875494399999695,0.6132499936,1.4823749966720001,0.9375009279999986
7.465000000000001e-07,-0.46875494399999695,0.6132499936,1.4823749966720001,0.6250009599999995
7.47e-07,-0.46875494399999695,0.61949999296,1.479874996928,0.6250009599999995
7.475e-07,-0.46875494399999695,0.6132499936,1.478624997056,0.9375009279999986
7.480000000000001e-07,0.312495104000007,0.61949999296,1.477374997184,0.6250009599999995
7.485e-07,-0.46875494399999695,0.61949999296,1.479874996928,0.6250009599999995
7.49e-07,-0.46875494399999695,0.6132499936,1.478624997056,1.2500008959999995
7.495000000000001e-07,0.312495104000007,0.6132499936,1.477374997184,0.6250009599999995
7.5e-07,0.312495104000007,0.61949999296,1.478624997056,1.2500008959999995
7.505000000000001e-07,0.312495104000007,0.6132499936,1.4811249968,1.2500008959999995
7.510000000000001e-07,0.312495104000007,0.61949999296,1.4811249968,0.9375009279999986
7.515e-07,0.312495104000007,0.6132499936,1.4823749966720001,0.6250009599999995
7.520000000000001e-07,-0.46875494399999695,0.6132499936,1.476124997312,0.9375009279999986
7.525e-07,-0.46875494399999695,0.6132499936,1.479874996928,0.9375009279999986
7.53e-07,-0.46875494399999695,0.61949999296,1.479874996928,0.9375009279999986
7.535000000000001e-07,-0.46875494399999695,0.62574999232,1.478624997056,0.9375009279999986
7.54e-07,0.312495104000007,0.61949999296,1.476124997312,0.6250009599999995
7.545e-07,-0.46875494399999695,0.61949999296,1.476124997312,0.6250009599999995
7.550000000000001e-07,-0.46875494399999695,0.6132499936,1.477374997184,0.6250009599999995
7.555e-07,0.312495104000007,0.6132499936,1.478624997056,1.2500008959999995
7.56e-07,-0.46875494399999695,0.6132499936,1.478624997056,0.9375009279999986
7.565000000000001e-07,-0.46875494399999695,0.6132499936,1.479874996928,0.9375009279999986
7.57e-07,0.312495104000007,0.60699999424,1.479874996928,0.9375009279999986
7.575000000000001e-07,0.312495104000007,0.6132499936,1.479874996928,0.6250009599999995
7.580000000000001e-07,-0.46875494399999695,0.6132499936,1.4811249968,0.9375009279999986
7.585e-07,-0.46875494399999695,0.6132499936,1.479874996928,0.9375009279999986
7.590000000000001e-07,-0.46875494399999695,0.61949999296,1.477374997184,0.6250009599999995
7.595000000000001e-07,0.312495104000007,0.6132499936,1.4811249968,0.6250009599999995
7.6e-07,0.312495104000007,0.6132499936,1.479874996928,0.6250009599999995
7.605000000000001e-07,-0.46875494399999695,0.6132499936,1.4811249968,0.31250099200000037
7.61e-07,-0.46875494399999695,0.6132499936,1.479874996928,0.6250009599999995
7.615e-07,0.312495104000007,0.6132499936,1.479874996928,0.6250009599999995
7.620000000000001e-07,0.312495104000007,0.61949999296,1.479874996928,0.6250009599999995
7.625e-07,0.312495104000007,0.61949999296,1.478624997056,0.9375009279999986
7.63e-07,-0.46875494399999695,0.61949999296,1.478624997056,0.9375009279999986
7.635000000000001e-07,-0.46875494399999695,0.6132499936,1.478624997056,0.9375009279999986
7.64e-07,-0.46875494399999695,0.61949999296,1.477374997184,0.6250009599999995
7.645e-07,-0.46875494399999695,0.61949999296,1.479874996928,0.6250009599999995
7.650000000000001e-07,0.312495104000007,0.61949999296,1.478624997056,0.9375009279999986
7.655e-07,0.312495104000007,0.61949999296,1.477374997184,0.6250009599999995
7.660000000000001e-07,0.312495104000007,0.61949999296,1.478624997056,0.9375009279999986
7.665000000000001e-07,0.312495104000007,0.6132499936,1.478624997056,0.9375009279999986
7.67e-07,-1.250004992000001,0.6132499936,1.478624997056,0.6250009599999995
7.675000000000001e-07,-0.46875494399999695,0.61949999296,1.478624997056,0.6250009599999995
7.680000000000001e-07,0.312495104000007,0.61949999296,1.478624997056,0.6250009599999995
7.685e-07,-0.46875494399999695,0.61949999296,1.4811249968,0.6250009599999995
7.690000000000001e-07,-1.250004992000001,0.61949999296,1.4811249968,0.6250009599999995
7.695e-07,-0.46875494399999695,0.6132499936,1.479874996928,0.6250009599999995
7.7e-07,0.312495104000007,0.61949999296,1.478624997056,0.6250009599999995
7.705000000000001e-07,-0.46875494399999695,0.6132499936,1.478624997056,0.9375009279999986
7.71e-07,0.312495104000007,0.61949999296,1.478624997056,0.9375009279999986
7.715e-07,0.312495104000007,0.6132499936,1.477374997184,0.9375009279999986
7.720000000000001e-07,-0.46875494399999695,0.6132499936,1.47487499744,0.9375009279999986
7.725e-07,0.312495104000007,0.61949999296,1.477374997184,0.9375009279999986
7.73e-07,0.312495104000007,0.61949999296,1.476124997312,0.9375009279999986
7.735000000000001e-07,0.312495104000007,0.61949999296,1.47487499744,0.6250009599999995
7.74e-07,-0.46875494399999695,0.6132499936,1.476124997312,0.9375009279999986
7.745000000000001e-07,0.312495104000007,0.61949999296,1.478624997056,0.9375009279999986
7.750000000000001e-07,0.312495104000007,0.61949999296,1.477374997184,0.6250009599999995
7.755e-07,0.312495104000007,0.61949999296,1.479874996928,0.6250009599999995
7.760000000000001e-07,0.312495104000007,0.6132499936,1.479874996928,0.31250099200000037
7.765e-07,0.312495104000007,0.6132499936,1.4823749966720001,0.31250099200000037
7.77e-07,0.312495104000007,0.6132499936,1.4823749966720001,0.6250009599999995
7.775000000000001e-07,-0.46875494399999695,0.6132499936,1.4823749966720001,0.9375009279999986
7.78e-07,0.312495104000007,0.6132499936,1.479874996928,0.9375009279999986
7.785e-07,0.312495104000007,0.6132499936,1.477374997184,0.6250009599999995
7.790000000000001e-07,0.312495104000007,0.61949999296,1.477374997184,0.6250009599999995
7.795e-07,0.312495104000007,0.6132499936,1.479874996928,0.9375009279999986
7.8e-07,-0.46875494399999695,0.6132499936,1.477374997184,0.9375009279999986
7.805000000000001e-07,-0.46875494399999695,0.61949999296,1.478624997056,0.6250009599999995
7.81e-07,0.312495104000007,0.6132499936,1.4811249968,0.6250009599999995
7.815000000000001e-07,-0.46875494399999695,0.6132499936,1.479874996928,0.9375009279999986
7.820000000000001e-07,-0.46875494399999695,0.6132499936,1.478624997056,0.9375009279999986
7.825e-07,-0.46875494399999695,0.6132499936,1.478624997056,0.9375009279999986
7.830000000000001e-07,0.312495104000007,0.60699999424,1.478624997056,0.9375009279999986
7.835000000000001e-07,-0.46875494399999695,0.6132499936,1.4811249968,0.6250009599999995
7.84e-07,0.312495104000007,0.6132499936,1.479874996928,0.6250009599999995
7.845000000000001e-07,-0.46875494399999695,0.6132499936,1.4811249968,0.6250009599999995
7.85e-07,-0.46875494399999695,0.6132499936,1.479874996928,0.6250009599999995
7.855e-07,-0.46875494399999695,0.6132499936,1.479874996928,0.6250009599999995
7.860000000000001e-07,0.312495104000007,0.61949999296,1.477374997184,0.6250009599999995
7.865e-07,-0.46875494399999695,0.6132499936,1.477374997184,0.9375009279999986
7.87e-07,-0.46875494399999695,0.6132499936,1.479874996928,0.6250009599999995
7.875000000000001e-07,-0.46875494399999695,0.6132499936,1.478624997056,0.9375009279999986
7.88e-07,-0.46875494399999695,0.6132499936,1.477374997184,0.9375009279999986
7.885e-07,-0.46875494399999695,0.6132499936,1.479874996928,0.6250009599999995
7.890000000000001e-07,0.312495104000007,0.60699999424,1.478624997056,0.9375009279999986
7.895e-07,-0.46875494399999695,0.6132499936,1.4811249968,0.6250009599999995
7.900000000000001e-07,0.312495104000007,0.6132499936,1.4823749966720001,0.9375009279999986
7.905000000000001e-07,-0.46875494399999695,0.6132499936,1.479874996928,0.6250009599999995
7.91e-07,-0.46875494399999695,0.6132499936,1.479874996928,0.6250009599999995
7.915000000000001e-07,-0.46875494399999695,0.6132499936,1.479874996928,0.31250099200000037
7.92e-07,0.312495104000007,0.6132499936,1.476124997312,0.6250009599999995
7.925e-07,0.312495104000007,0.6132499936,1.478624997056,0.9375009279999986
7.930000000000001e-07,0.312495104000007,0.6132499936,1.479874996928,0.6250009599999995
7.935e-07,0.312495104000007,0.6132499936,1.478624997056,0.6250009599999995
7.94e-07,0.312495104000007,0.61949999296,1.476124997312,0.6250009599999995
7.945000000000001e-07,-0.46875494399999695,0.6132499936,1.477374997184,0.6250009599999995
7.95e-07,0.312495104000007,0.6132499936,1.479874996928,0.9375009279999986
7.955e-07,1.0937451519999968,0.6132499936,1.4811249968,0.9375009279999986
7.960000000000001e-07,0.312495104000007,0.6132499936,1.479874996928,0.9375009279999986
7.965e-07,-0.46875494399999695,0.61949999296,1.479874996928,0.6250009599999995
7.970000000000001e-07,0.312495104000007,0.61949999296,1.477374997184,0.9375009279999986
7.975000000000001e-07,0.312495104000007,0.6132499936,1.478624997056,0.6250009599999995
7.98e-07,0.312495104000007,0.6132499936,1.479874996928,0.9375009279999986
7.985000000000001e-07,0.312495104000007,0.6132499936,1.4811249968,0.9375009279999986
7.990000000000001e-07,0.312495104000007,0.60699999424,1.478624997056,0.6250009599999995
7.995e-07,-0.46875494399999695,0.6132499936,1.479874996928,0.31250099200000037
8.000000000000001e-07,-0.46875494399999695,0.61949999296,1.476124997312,0.6250009599999995
8.005e-07,0.312495104000007,0.6132499936,1.479874996928,0.31250099200000037
8.01e-07,0.312495104000007,0.6132499936,1.477374997184,0.6250009599999995
8.015000000000001e-07,0.312495104000007,0.6132499936,1.477374997184,0.6250009599999995
8.02e-07,0.312495104000007,0.61949999296,1.477374997184,0.6250009599999995
8.025e-07,0.312495104000007,0.6132499936,1.479874996928,0.9375009279999986
8.030000000000001e-07,-0.46875494399999695,0.6132499936,1.4811249968,0.6250009599999995
8.035e-07,0.312495104000007,0.6132499936,1.4811249968,0.9375009279999986
8.04e-07,-0.46875494399999695,0.6132499936,1.479874996928,0.6250009599999995
8.045000000000001e-07,-0.46875494399999695,0.61949999296,1.4811249968,0.6250009599999995
8.05e-07,0.312495104000007,0.6132499936,1.4811249968,0.9375009279999986
8.055000000000001e-07,-0.46875494399999695,0.6132499936,1.478624997056,0.6250009599999995
8.060000000000001e-07,-0.46875494399999695,0.6132499936,1.479874996928,0.9375009279999986
8.065e-07,0.312495104000007,0.6132499936,1.479874996928,0.9375009279999986
8.070000000000001e-07,0.312495104000007,0.61949999296,1.478624997056,0.6250009599999995
8.075e-07,0.312495104000007,0.61949999296,1.4811249968,0.6250009599999995
8.08e-07,0.312495104000007,0.61949999296,1.478624997056,0.9375009279999986
8.085000000000001e-07,-0.46875494399999695,0.6132499936,1.4811249968,0.9375009279999986
8.09e-07,-0.46875494399999695,0.6132499936,1.479874996928,0.6250009599999995
8.095e-07,-0.46875494399999695,0.6132499936,1.478624997056,0.6250009599999995
8.100000000000001e-07,-0.46875494399999695,0.6132499936,1.477374997184,0.6250009599999995
8.105e-07,-0.46875494399999695,0.61949999296,1.477374997184,0.9375009279999986
8.11e-07,-0.46875494399999695,0.6132499936,1.478624997056,0.6250009599999995
8.115000000000001e-07,-1.250004992000001,0.6132499936,1.479874996928,0.6250009599999995
8.12e-07,-1.250004992000001,0.6132499936,1.478624997056,0.6250009599999995
8.125000000000001e-07,-0.46875494399999695,0.61949999296,1.479874996928,0.6250009599999995
8.130000000000001e-07,0.312495104000007,0.61949999296,1.4811249968,0.6250009599999995
8.135e-07,-0.46875494399999695,0.61949999296,1.4823749966720001,0.6250009599999995
8.140000000000001e-07,0.312495104000007,0.60699999424,1.4811249968,0.9375009279999986
8.145000000000001e-07,0.312495104000007,0.6132499936,1.4811249968,0.9375009279999986
8.15e-07,0.312495104000007,0.6132499936,1.478624997056,0.9375009279999986
8.155000000000001e-07,0.312495104000007,0.60699999424,1.478624997056,0.6250009599999995
8.16e-07,0.312495104000007,0.61949999296,1.476124997312,0.31250099200000037
8.165e-07,-0.46875494399999695,0.6132499936,1.477374997184,1.0239999994610116e-06
8.170000000000001e-07,-0.46875494399999695,0.60699999424,1.477374997184,0.31250099200000037
8.175e-07,0.312495104000007,0.6132499936,1.476124997312,0.6250009599999995
8.18e-07,0.312495104000007,0.6132499936,1.476124997312,0.31250099200000037
8.185000000000001e-07,-0.46875494399999695,0.6132499936,1.477374997184,0.9375009279999986
8.19e-07,0.312495104000007,0.6132499936,1.478624997056,0.9375009279999986
8.195e-07,0.312495104000007,0.6132499936,1.478624997056,0.6250009599999995
8.200000000000001e-07,-0.46875494399999695,0.6132499936,1.478624997056,0.9375009279999986
8.205e-07,0.312495104000007,0.61949999296,1.479874996928,0.6250009599999995
8.210000000000001e-07,0.312495104000007,0.61949999296,1.479874996928,0.9375009279999986
8.215000000000001e-07,-0.46875494399999695,0.6132499936,1.4811249968,0.31250099200000037
8.22e-07,-0.46875494399999695,0.6132499936,1.479874996928,0.6250009599999995
8.225000000000001e-07,-0.46875494399999695,0.6132499936,1.4811249968,0.9375009279999986
8.230000000000001e-07,0.312495104000007,0.61949999296,1.479874996928,0.6250009599999995
8.235e-07,0.312495104000007,0.61949999296,1.4811249968,0.31250099200000037
8.240000000000001e-07,0.312495104000007,0.61949999296,1.479874996928,0.6250009599999995
8.245e-07,0.312495104000007,0.6132499936,1.483624996544,0.31250099200000037
8.25e-07,-0.46875494399999695,0.61949999296,1.4823749966720001,0.6250009599999995
8.255000000000001e-07,0.312495104000007,0.6132499936,1.479874996928,0.6250009599999995
8.26e-07,0.312495104000007,0.6132499936,1.477374997184,0.6250009599999995
8.265e-07,-0.46875494399999695,0.6132499936,1.478624997056,0.6250009599999995
8.270000000000001e-07,0.312495104000007,0.6132499936,1.479874996928,0.31250099200000037
8.275e-07,0.312495104000007,0.62574999232,1.4811249968,0.6250009599999995
8.280000000000001e-07,-0.46875494399999695,0.61949999296,1.479874996928,0.6250009599999995
8.285000000000001e-07,0.312495104000007,0.61949999296,1.478624997056,0.6250009599999995
8.29e-07,0.312495104000007,0.6132499936,1.478624997056,0.6250009599999995
8.295000000000001e-07,-0.46875494399999695,0.6132499936,1.478624997056,0.6250009599999995
8.300000000000001e-07,-0.46875494399999695,0.6132499936,1.479874996928,0.9375009279999986
8.305e-07,-0.46875494399999695,0.6132499936,1.479874996928,0.9375009279999986
8.310000000000001e-07,0.312495104000007,0.61949999296,1.478624997056,0.6250009599999995
8.315e-07,0.312495104000007,0.61949999296,1.479874996928,0.6250009599999995
8.32e-07,0.312495104000007,0.61949999296,1.478624997056,0.6250009599999995
8.325000000000001e-07,-0.46875494399999695,0.6132499936,1.479874996928,0.31250099200000037
8.33e-07,-0.46875494399999695,0.6132499936,1.479874996928,0.6250009599999995
8.335e-07,-0.46875494399999695,0.6132499936,1.4823749966720001,0.6250009599999995
8.340000000000001e-07,0.312495104000007,0.6132499936,1.4823749966720001,0.6250009599999995
8.345e-07,0.312495104000007,0.61949999296,1.4823749966720001,0.6250009599999995
8.35e-07,-0.46875494399999695,0.61949999296,1.4811249968,0.6250009599999995
8.355000000000001e-07,0.312495104000007,0.61949999296,1.4811249968,0.6250009599999995
8.36e-07,-0.46875494399999695,0.6132499936,1.478624997056,0.6250009599999995
8.365000000000001e-07,-0.46875494399999695,0.61949999296,1.479874996928,0.6250009599999995
8.370000000000001e-07,0.312495104000007,0.61949999296,1.479874996928,0.9375009279999986
8.375e-07,-0.46875494399999695,0.6132499936,1.4811249968,0.6250009599999995
8.380000000000001e-07,-0.46875494399999695,0.6132499936,1.4823749966720001,0.6250009599999995
8.385000000000001e-07,-0.46875494399999695,0.6132499936,1.4823749966720001,0.31250099200000037
8.39e-07,0.312495104000007,0.61949999296,1.4823749966720001,0.31250099200000037
8.395000000000001e-07,0.312495104000007,0.61949999296,1.4811249968,0.31250099200000037
8.4e-07,0.312495104000007,0.61949999296,1.479874996928,0.31250099200000037
8.405e-07,0.312495104000007,0.61949999296,1.4811249968,1.0239999994610116e-06
8.410000000000001e-07,-0.46875494399999695,0.6132499936,1.479874996928,0.6250009599999995
8.415e-07,-0.46875494399999695,0.6132499936,1.4823749966720001,0.9375009279999986
8.42e-07,0.312495104000007,0.6132499936,1.4811249968,0.9375009279999986
8.425000000000001e-07,0.312495104000007,0.6132499936,1.479874996928,0.6250009599999995
8.43e-07,-0.46875494399999695,0.61949999296,1.478624997056,0.6250009599999995
8.435000000000001e-07,-0.46875494399999695,0.61949999296,1.479874996928,0.6250009599999995
8.440000000000001e-07,-0.46875494399999695,0.6132499936,1.479874996928,0.6250009599999995
8.445e-07,-0.46875494399999695,0.6132499936,1.479874996928,0.6250009599999995
8.450000000000001e-07,0.312495104000007,0.6132499936,1.479874996928,0.6250009599999995
8.455000000000001e-07,-0.46875494399999695,0.61949999296,1.4811249968,0.31250099200000037
8.46e-07,-0.46875494399999695,0.61949999296,1.483624996544,0.9375009279999986
8.465000000000001e-07,0.312495104000007,0.61949999296,1.4823749966720001,0.6250009599999995
8.47e-07,0.312495104000007,0.61949999296,1.4811249968,0.31250099200000037
8.475e-07,0.312495104000007,0.61949999296,1.4823749966720001,0.31250099200000037
8.480000000000001e-07,0.312495104000007,0.6132499936,1.479874996928,0.31250099200000037
8.485e-07,-0.46875494399999695,0.61949999296,1.483624996544,0.31250099200000037
8.49e-07,0.312495104000007,0.6132499936,1.4811249968,0.6250009599999995
8.495000000000001e-07,0.312495104000007,0.6132499936,1.4811249968,0.31250099200000037
8.5e-07,0.312495104000007,0.61949999296,1.4811249968,0.31250099200000037
8.505e-07,0.312495104000007,0.61949999296,1.477374997184,0.6250009599999995
8.510000000000001e-07,0.312495104000007,0.61949999296,1.478624997056,0.31250099200000037
8.515e-07,0.312495104000007,0.6132499936,1.477374997184,0.31250099200000037
8.520000000000001e-07,0.312495104000007,0.6132499936,1.479874996928,0.31250099200000037
8.525000000000001e-07,-0.46875494399999695,0.6132499936,1.4811249968,0.31250099200000037
8.53e-07,0.312495104000007,0.61949999296,1.4823749966720001,0.6250009599999995
8.535000000000001e-07,0.312495104000007,0.61949999296,1.479874996928,0.6250009599999995
8.540000000000001e-07,0.312495104000007,0.61949999296,1.479874996928,0.9375009279999986
8.545e-07,0.312495104000007,0.61949999296,1.4811249968,0.6250009599999995
8.550000000000001e-07,-0.46875494399999695,0.61949999296,1.479874996928,0.6250009599999995
8.555e-07,-0.46875494399999695,0.61949999296,1.478624997056,0.31250099200000037
8.56e-07,-0.46875494399999695,0.61949999296,1.477374997184,0.31250099200000037
8.565000000000001e-07,0.312495104000007,0.61949999296,1.479874996928,0.31250099200000037
8.57e-07,-0.46875494399999695,0.61949999296,1.478624997056,0.31250099200000037
8.575e-07,0.312495104000007,0.62574999232,1.478624997056,0.6250009599999995
8.580000000000001e-07,0.312495104000007,0.6132499936,1.479874996928,0.31250099200000037
8.585e-07,-0.46875494399999695,0.6132499936,1.478624997056,0.6250009599999995
8.590000000000001e-07,0.312495104000007,0.6132499936,1.479874996928,0.6250009599999995
8.595000000000001e-07,0.312495104000007,0.61949999296,1.4811249968,0.6250009599999995
8.6e-07,0.312495104000007,0.6132499936,1.478624997056,0.31250099200000037
8.605000000000001e-07,-0.46875494399999695,0.61949999296,1.478624997056,0.6250009599999995
8.610000000000001e-07,0.312495104000007,0.6132499936,1.479874996928,0.6250009599999995
8.615e-07,0.312495104000007,0.61949999296,1.478624997056,0.6250009599999995
8.620000000000001e-07,0.312495104000007,0.6132499936,1.479874996928,0.9375009279999986
8.625000000000001e-07,0.312495104000007,0.60699999424,1.479874996928,0.6250009599999995
8.63e-07,0.312495104000007,0.61949999296,1.479874996928,0.6250009599999995
8.635000000000001e-07,-0.46875494399999695,0.6132499936,1.4811249968,0.31250099200000037
8.64e-07,0.312495104000007,0.6132499936,1.477374997184,0.31250099200000037
8.645e-07,-0.46875494399999695,0.6132499936,1.477374997184,0.31250099200000037
8.650000000000001e-07,-0.46875494399999695,0.6132499936,1.477374997184,0.31250099200000037
8.655e-07,0.312495104000007,0.6132499936,1.477374997184,0.31250099200000037
8.66e-07,0.312495104000007,0.61949999296,1.477374997184,0.31250099200000037
8.665000000000001e-07,-0.46875494399999695,0.6132499936,1.477374997184,0.31250099200000037
8.67e-07,-0.46875494399999695,0.6132499936,1.478624997056,0.6250009599999995
8.675000000000001e-07,0.312495104000007,0.60699999424,1.4811249968,0.6250009599999995
8.680000000000001e-07,-0.46875494399999695,0.6132499936,1.478624997056,0.6250009599999995
8.685e-07,0.312495104000007,0.61949999296,1.479874996928,0.6250009599999995
8.690000000000001e-07,0.312495104000007,0.6132499936,1.478624997056,0.6250009599999995
8.695000000000001e-07,-0.46875494399999695,0.6132499936,1.477374997184,0.31250099200000037
8.7e-07,-0.46875494399999695,0.6132499936,1.478624997056,0.6250009599999995
8.705000000000001e-07,-0.46875494399999695,0.6132499936,1.479874996928,0.31250099200000037
8.71e-07,-0.46875494399999695,0.61949999296,1.478624997056,0.6250009599999995
8.715e-07,-0.46875494399999695,0.6132499936,1.478624997056,1.0239999994610116e-06
8.720000000000001e-07,0.312495104000007,0.61949999296,1.47487499744,0.31250099200000037
8.725e-07,-0.46875494399999695,0.6132499936,1.477374997184,1.0239999994610116e-06
8.73e-07,-0.46875494399999695,0.61949999296,1.477374997184,0.31250099200000037
8.735000000000001e-07,-0.46875494399999695,0.6132499936,1.478624997056,0.31250099200000037
8.74e-07,0.312495104000007,0.6132499936,1.478624997056,1.0239999994610116e-06
8.745000000000001e-07,-0.46875494399999695,0.61949999296,1.479874996928,0.6250009599999995
8.750000000000001e-07,0.312495104000007,0.61949999296,1.4811249968,1.0239999994610116e-06
8.755e-07,0.312495104000007,0.62574999232,1.4811249968,0.31250099200000037
8.760000000000001e-07,-0.46875494399999695,0.61949999296,1.479874996928,0.6250009599999995
8.765000000000001e-07,0.312495104000007,0.61949999296,1.479874996928,1.0239999994610116e-06
8.77e-07,0.312495104000007,0.61949999296,1.479874996928,0.31250099200000037
8.775000000000001e-07,-0.46875494399999695,0.61949999296,1.4823749966720001,0.6250009599999995
8.780000000000001e-07,-0.46875494399999695,0.61949999296,1.4823749966720001,0.6250009599999995
8.785e-07,-0.46875494399999695,0.6132499936,1.4811249968,0.6250009599999995
8.790000000000001e-07,-0.46875494399999695,0.61949999296,1.4823749966720001,0.6250009599999995
8.795e-07,0.312495104000007,0.61949999296,1.4823749966720001,0.31250099200000037
8.8e-07,0.312495104000007,0.6132499936,1.479874996928,0.31250099200000037
8.805000000000001e-07,-0.46875494399999695,0.6132499936,1.4811249968,0.31250099200000037
8.81e-07,-1.250004992000001,0.6132499936,1.479874996928,0.6250009599999995
8.815e-07,-0.46875494399999695,0.61949999296,1.4811249968,0.6250009599999995
8.820000000000001e-07,-0.46875494399999695,0.61949999296,1.478624997056,0.31250099200000037
8.825e-07,-0.46875494399999695,0.61949999296,1.477374997184,0.31250099200000037
8.830000000000001e-07,-0.46875494399999695,0.61949999296,1.479874996928,0.6250009599999995
8.835000000000001e-07,0.312495104000007,0.6132499936,1.483624996544,0.6250009599999995
8.84e-07,-0.46875494399999695,0.6132499936,1.4811249968,0.31250099200000037
8.845000000000001e-07,0.312495104000007,0.6132499936,1.479874996928,0.31250099200000037
8.850000000000001e-07,0.312495104000007,0.61949999296,1.4823749966720001,0.31250099200000037
8.855e-07,0.312495104000007,0.61949999296,1.4811249968,0.6250009599999995
8.860000000000001e-07,-0.46875494399999695,0.61949999296,1.479874996928,0.6250009599999995
8.865e-07,-0.46875494399999695,0.61949999296,1.4811249968,0.31250099200000037
8.87e-07,0.312495104000007,0.61949999296,1.477374997184,0.31250099200000037
8.875000000000001e-07,-0.46875494399999695,0.61949999296,1.477374997184,0.31250099200000037
8.88e-07,-0.46875494399999695,0.61949999296,1.476124997312,0.31250099200000037
8.885e-07,-0.46875494399999695,0.6132499936,1.479874996928,0.31250099200000037
8.890000000000001e-07,-1.250004992000001,0.6132499936,1.479874996928,0.31250099200000037
8.895e-07,-0.46875494399999695,0.61949999296,1.479874996928,0.31250099200000037
8.900000000000001e-07,0.312495104000007,0.61949999296,1.478624997056,0.31250099200000037
8.905000000000001e-07,-0.46875494399999695,0.6132499936,1.479874996928,0.6250009599999995
8.91e-07,0.312495104000007,0.61949999296,1.479874996928,0.31250099200000037
8.915000000000001e-07,0.312495104000007,0.6132499936,1.479874996928,0.31250099200000037
8.920000000000001e-07,-0.46875494399999695,0.6132499936,1.479874996928,0.31250099200000037
8.925e-07,-0.46875494399999695,0.6132499936,1.479874996928,0.31250099200000037
8.930000000000001e-07,-0.46875494399999695,0.6132499936,1.476124997312,0.6250009599999995
8.935000000000001e-07,0.312495104000007,0.61949999296,1.477374997184,0.31250099200000037
8.94e-07,-0.46875494399999695,0.6132499936,1.478624997056,0.6250009599999995
8.945000000000001e-07,0.312495104000007,0.6132499936,1.476124997312,0.31250099200000037
8.95e-07,-0.46875494399999695,0.61949999296,1.47487499744,0.6250009599999995
8.955e-07,0.312495104000007,0.61949999296,1.476124997312,0.31250099200000037
8.960000000000001e-07,0.312495104000007,0.61949999296,1.476124997312,0.31250099200000037
8.965e-07,-0.46875494399999695,0.61949999296,1.478624997056,1.0239999994610116e-06
8.97e-07,-0.46875494399999695,0.61949999296,1.479874996928,0.31250099200000037
8.975000000000001e-07,0.312495104000007,0.61949999296,1.479874996928,0.31250099200000037
8.98e-07,0.312495104000007,0.61949999296,1.479874996928,1.0239999994610116e-06
8.985000000000001e-07,0.312495104000007,0.6132499936,1.4811249968,0.31250099200000037
8.990000000000001e-07,-0.46875494399999695,0.61949999296,1.4811249968,1.0239999994610116e-06
8.995e-07,-0.46875494399999695,0.6132499936,1.479874996928,0.31250099200000037
9.000000000000001e-07,-1.250004992000001,0.61949999296,1.477374997184,0.6250009599999995
9.005000000000001e-07,0.312495104000007,0.61949999296,1.479874996928,0.31250099200000037
9.01e-07,0.312495104000007,0.6132499936,1.479874996928,0.6250009599999995
9.015000000000001e-07,0.312495104000007,0.61949999296,1.478624997056,0.31250099200000037
9.02e-07,0.312495104000007,0.61949999296,1.478624997056,0.31250099200000037
9.025e-07,-0.46875494399999695,0.61949999296,1.479874996928,0.31250099200000037
9.030000000000001e-07,-1.250004992000001,0.61949999296,1.478624997056,0.31250099200000037
9.035e-07,-0.46875494399999695,0.61949999296,1.477374997184,1.0239999994610116e-06
9.04e-07,-1.250004992000001,0.61949999296,1.47487499744,0.31250099200000037
9.045000000000001e-07,-0.46875494399999695,0.61949999296,1.476124997312,1.0239999994610116e-06
9.05e-07,0.312495104000007,0.6132499936,1.478624997056,0.31250099200000037
9.055000000000001e-07,-0.46875494399999695,0.61949999296,1.479874996928,0.31250099200000037
9.060000000000001e-07,-0.46875494399999695,0.61949999296,1.478624997056,0.31250099200000037
9.065e-07,-0.46875494399999695,0.61949999296,1.479874996928,0.31250099200000037
9.070000000000001e-07,-0.46875494399999695,0.6132499936,1.4811249968,1.0239999994610116e-06
9.075000000000001e-07,-0.46875494399999695,0.61949999296,1.479874996928,0.31250099200000037
9.08e-07,-0.46875494399999695,0.6132499936,1.476124997312,1.0239999994610116e-06
9.085000000000001e-07,0.312495104000007,0.61949999296,1.478624997056,0.31250099200000037
9.090000000000001e-07,-0.46875494399999695,0.61949999296,1.478624997056,0.31250099200000037
9.095e-07,-0.46875494399999695,0.61949999296,1.4811249968,1.0239999994610116e-06
9.100000000000001e-07,-0.46875494399999695,0.61949999296,1.4823749966720001,0.6250009599999995
9.105e-07,-0.46875494399999695,0.61949999296,1.4811249968,0.6250009599999995
9.11e-07,-1.250004992000001,0.62574999232,1.478624997056,0.31250099200000037
9.115000000000001e-07,0.312495104000007,0.61949999296,1.478624997056,1.0239999994610116e-06
9.12e-07,-0.46875494399999695,0.61949999296,1.476124997312,0.31250099200000037
9.125e-07,-0.46875494399999695,0.61949999296,1.479874996928,1.0239999994610116e-06
9.130000000000001e-07,-1.250004992000001,0.61949999296,1.478624997056,0.31250099200000037
9.135e-07,0.312495104000007,0.6132499936,1.477374997184,0.31250099200000037
9.140000000000001e-07,-0.46875494399999695,0.62574999232,1.47487499744,0.31250099200000037
9.145000000000001e-07,-0.46875494399999695,0.62574999232,1.476124997312,0.31250099200000037
9.15e-07,-0.46875494399999695,0.61949999296,1.478624997056,0.31250099200000037
9.155000000000001e-07,-0.46875494399999695,0.61949999296,1.479874996928,0.31250099200000037
9.160000000000001e-07,-0.46875494399999695,0.61949999296,1.479874996928,0.31250099200000037
9.165e-07,0.312495104000007,0.62574999232,1.479874996928,0.31250099200000037
9.170000000000001e-07,0.312495104000007,0.61949999296,1.478624997056,0.6250009599999995
9.175000000000001e-07,-0.46875494399999695,0.61949999296,1.478624997056,0.6250009599999995
9.18e-07,-0.46875494399999695,0.61949999296,1.4811249968,0.31250099200000037
9.185000000000001e-07,0.312495104000007,0.61949999296,1.4811249968,0.31250099200000037
9.19e-07,0.312495104000007,0.61949999296,1.4811249968,0.31250099200000037
9.195e-07,0.312495104000007,0.6132499936,1.4811249968,0.31250099200000037
9.200000000000001e-07,0.312495104000007,0.61949999296,1.479874996928,0.31250099200000037
9.205e-07,-0.46875494399999695,0.6132499936,1.483624996544,0.31250099200000037
9.210000000000001e-07,-0.46875494399999695,0.6132499936,1.4811249968,0.31250099200000037
9.215000000000001e-07,0.312495104000007,0.61949999296,1.483624996544,0.6250009599999995
9.22e-07,0.312495104000007,0.61949999296,1.484874996416,0.31250099200000037
9.225000000000001e-07,0.312495104000007,0.6132499936,1.484874996416,1.0239999994610116e-06
9.230000000000001e-07,0.312495104000007,0.6132499936,1.4823749966720001,1.0239999994610116e-06
9.235e-07,0.312495104000007,0.61949999296,1.4823749966720001,0.6250009599999995
9.240000000000001e-07,-0.46875494399999695,0.61949999296,1.4811249968,0.6250009599999995
9.245000000000001e-07,0.312495104000007,0.62574999232,1.479874996928,0.31250099200000037
9.25e-07,0.312495104000007,0.61949999296,1.478624997056,0.31250099200000037
9.255000000000001e-07,0.312495104000007,0.61949999296,1.478624997056,0.31250099200000037
9.26e-07,0.312495104000007,0.61949999296,1.4823749966720001,0.31250099200000037
9.265e-07,-0.46875494399999695,0.61949999296,1.484874996416,0.31250099200000037
9.270000000000001e-07,-0.46875494399999695,0.61949999296,1.4823749966720001,0.31250099200000037
9.275e-07,0.312495104000007,0.6132499936,1.4823749966720001,0.31250099200000037
9.28e-07,0.312495104000007,0.61949999296,1.4811249968,0.31250099200000037
9.285000000000001e-07,-0.46875494399999695,0.6132499936,1.4823749966720001,1.0239999994610116e-06
9.29e-07,0.312495104000007,0.61949999296,1.4823749966720001,0.31250099200000037
9.295000000000001e-07,0.312495104000007,0.62574999232,1.4823749966720001,0.31250099200000037
9.300000000000001e-07,0.312495104000007,0.61949999296,1.4823749966720001,1.0239999994610116e-06
9.305e-07,0.312495104000007,0.6132499936,1.4823749966720001,0.31250099200000037
9.310000000000001e-07,-0.46875494399999695,0.6132499936,1.479874996928,0.31250099200000037
9.315000000000001e-07,-0.46875494399999695,0.6132499936,1.479874996928,0.6250009599999995
9.32e-07,-0.46875494399999695,0.6132499936,1.4811249968,1.0239999994610116e-06
9.325000000000001e-07,-0.46875494399999695,0.61949999296,1.4823749966720001,1.0239999994610116e-06
9.330000000000001e-07,0.312495104000007,0.61949999296,1.4811249968,0.31250099200000037
9.335e-07,-0.46875494399999695,0.61949999296,1.479874996928,0.31250099200000037
9.340000000000001e-07,-0.46875494399999695,0.61949999296,1.479874996928,0.31250099200000037
9.345e-07,0.312495104000007,0.6132499936,1.4811249968,0.31250099200000037
9.35e-07,0.312495104000007,0.6132499936,1.479874996928,0.31250099200000037
9.355000000000001e-07,-0.46875494399999695,0.6132499936,1.478624997056,1.0239999994610116e-06
9.36e-07,0.312495104000007,0.61949999296,1.478624997056,0.31250099200000037
9.365000000000001e-07,-0.46875494399999695,0.61949999296,1.4811249968,1.0239999994610116e-06
9.370000000000001e-07,-0.46875494399999695,0.61949999296,1.478624997056,0.31250099200000037
9.375e-07,0.312495104000007,0.61949999296,1.477374997184,1.0239999994610116e-06
9.380000000000001e-07,0.312495104000007,0.6132499936,1.478624997056,1.0239999994610116e-06
9.385000000000001e-07,-0.46875494399999695,0.6132499936,1.4823749966720001,1.0239999994610116e-06
9.39e-07,-0.46875494399999695,0.6132499936,1.479874996928,0.31250099200000037
9.395000000000001e-07,0.312495104000007,0.61949999296,1.478624997056,0.31250099200000037
9.400000000000001e-07,0.312495104000007,0.61949999296,1.476124997312,1.0239999994610116e-06
9.405e-07,-0.46875494399999695,0.61949999296,1.479874996928,0.31250099200000037
9.410000000000001e-07,0.312495104000007,0.61949999296,1.4823749966720001,0.31250099200000037
9.415e-07,-0.46875494399999695,0.6132499936,1.4811249968,1.0239999994610116e-06
9.42e-07,0.312495104000007,0.61949999296,1.4823749966720001,1.0239999994610116e-06
9.425000000000001e-07,-0.46875494399999695,0.6132499936,1.4811249968,0.31250099200000037
9.43e-07,-0.46875494399999695,0.6132499936,1.478624997056,0.31250099200000037
9.435e-07,0.312495104000007,0.61949999296,1.479874996928,1.0239999994610116e-06
9.440000000000001e-07,0.312495104000007,0.61949999296,1.479874996928,1.0239999994610116e-06
9.445e-07,0.312495104000007,0.61949999296,1.4823749966720001,1.0239999994610116e-06
9.450000000000001e-07,0.312495104000007,0.61949999296,1.4811249968,0.31250099200000037
9.455000000000001e-07,0.312495104000007,0.62574999232,1.478624997056,0.31250099200000037
9.46e-07,0.312495104000007,0.6132499936,1.478624997056,0.31250099200000037
9.465000000000001e-07,0.312495104000007,0.6132499936,1.479874996928,1.0239999994610116e-06
9.470000000000001e-07,-0.46875494399999695,0.61949999296,1.478624997056,1.0239999994610116e-06
9.475e-07,0.312495104000007,0.62574999232,1.479874996928,0.31250099200000037
9.480000000000001e-07,-0.46875494399999695,0.61949999296,1.4811249968,0.31250099200000037
9.485000000000001e-07,0.312495104000007,0.61949999296,1.4811249968,0.31250099200000037
9.49e-07,0.312495104000007,0.62574999232,1.4823749966720001,0.31250099200000037
9.495000000000001e-07,0.312495104000007,0.61949999296,1.479874996928,1.0239999994610116e-06
9.5e-07,-0.46875494399999695,0.6132499936,1.4823749966720001,1.0239999994610116e-06
9.505e-07,0.312495104000007,0.61949999296,1.4823749966720001,1.0239999994610116e-06
9.510000000000001e-07,0.312495104000007,0.61949999296,1.479874996928,1.0239999994610116e-06
9.515e-07,-0.46875494399999695,0.61949999296,1.4823749966720001,-0.31249894400000144
9.520000000000001e-07,0.312495104000007,0.61949999296,1.479874996928,1.0239999994610116e-06
9.525000000000001e-07,-0.46875494399999695,0.61949999296,1.4811249968,1.0239999994610116e-06
9.53e-07,0.312495104000007,0.62574999232,1.478624997056,1.0239999994610116e-06
9.535000000000001e-07,0.312495104000007,0.61949999296,1.477374997184,1.0239999994610116e-06
9.54e-07,0.312495104000007,0.61949999296,1.477374997184,1.0239999994610116e-06
9.545000000000001e-07,-0.46875494399999695,0.6132499936,1.479874996928,0.31250099200000037
9.55e-07,0.312495104000007,0.61949999296,1.479874996928,1.0239999994610116e-06
9.555e-07,0.312495104000007,0.61949999296,1.477374997184,0.31250099200000037
9.56e-07,-0.46875494399999695,0.61949999296,1.477374997184,1.0239999994610116e-06
9.565e-07,-0.46875494399999695,0.62574999232,1.479874996928,-0.31249894400000144
9.570000000000001e-07,0.312495104000007,0.62574999232,1.478624997056,1.0239999994610116e-06
9.575000000000001e-07,0.312495104000007,0.61949999296,1.476124997312,1.0239999994610116e-06
9.58e-07,0.312495104000007,0.61949999296,1.476124997312,1.0239999994610116e-06
9.585e-07,0.312495104000007,0.62574999232,1.479874996928,0.31250099200000037
9.59e-07,-0.46875494399999695,0.62574999232,1.4811249968,1.0239999994610116e-06
9.595e-07,-0.46875494399999695,0.61949999296,1.4811249968,1.0239999994610116e-06
9.600000000000001e-07,-1.250004992000001,0.61949999296,1.478624997056,1.0239999994610116e-06
9.605000000000002e-07,-0.46875494399999695,0.61949999296,1.4811249968,1.0239999994610116e-06
9.61e-07,-0.46875494399999695,0.61949999296,1.478624997056,1.0239999994610116e-06
9.615e-07,-0.46875494399999695,0.62574999232,1.476124997312,1.0239999994610116e-06
9.62e-07,0.312495104000007,0.61949999296,1.477374997184,1.0239999994610116e-06
9.625e-07,0.312495104000007,0.62574999232,1.477374997184,1.0239999994610116e-06
9.630000000000001e-07,0.312495104000007,0.62574999232,1.477374997184,0.31250099200000037
9.635e-07,0.312495104000007,0.61949999296,1.477374997184,1.0239999994610116e-06
9.64e-07,0.312495104000007,0.61949999296,1.476124997312,1.0239999994610116e-06
9.645e-07,0.312495104000007,0.61949999296,1.476124997312,1.0239999994610116e-06
9.65e-07,0.312495104000007,0.61949999296,1.477374997184,1.0239999994610116e-06
9.655000000000001e-07,-0.46875494399999695,0.61949999296,1.478624997056,-0.31249894400000144
9.660000000000002e-07,0.312495104000007,0.6132499936,1.477374997184,0.31250099200000037
9.665e-07,0.312495104000007,0.62574999232,1.477374997184,0.31250099200000037
9.67e-07,-0.46875494399999695,0.61949999296,1.477374997184,1.0239999994610116e-06
9.675e-07,-0.46875494399999695,0.61949999296,1.4811249968,1.0239999994610116e-06
9.68e-07,0.312495104000007,0.61949999296,1.479874996928,1.0239999994610116e-06
9.685000000000001e-07,-0.46875494399999695,0.61949999296,1.4823749966720001,-0.31249894400000144
9.69e-07,-0.46875494399999695,0.61949999296,1.478624997056,1.0239999994610116e-06
9.695e-07,0.312495104000007,0.61949999296,1.478624997056,0.31250099200000037
9.7e-07,0.312495104000007,0.62574999232,1.478624997056,1.0239999994610116e-06
9.705e-07,-0.46875494399999695,0.63199999168,1.478624997056,1.0239999994610116e-06
9.71e-07,-0.46875494399999695,0.62574999232,1.4811249968,1.0239999994610116e-06
9.715000000000001e-07,0.312495104000007,0.62574999232,1.4823749966720001,1.0239999994610116e-06
9.72e-07,-0.46875494399999695,0.61949999296,1.4811249968,1.0239999994610116e-06
9.725e-07,-0.46875494399999695,0.61949999296,1.4823749966720001,1.0239999994610116e-06
9.73e-07,-0.46875494399999695,0.62574999232,1.483624996544,1.0239999994610116e-06
9.735e-07,-0.46875494399999695,0.6132499936,1.479874996928,1.0239999994610116e-06
9.740000000000001e-07,-0.46875494399999695,0.61949999296,1.478624997056,1.0239999994610116e-06
9.745000000000002e-07,-0.46875494399999695,0.6132499936,1.479874996928,1.0239999994610116e-06
9.75e-07,-1.250004992000001,0.6132499936,1.479874996928,-0.31249894400000144
9.755e-07,0.312495104000007,0.6132499936,1.4823749966720001,1.0239999994610116e-06
9.76e-07,-0.46875494399999695,0.61949999296,1.479874996928,1.0239999994610116e-06
9.765e-07,-0.46875494399999695,0.6132499936,1.479874996928,1.0239999994610116e-06
9.770000000000001e-07,-1.250004992000001,0.62574999232,1.479874996928,1.0239999994610116e-06
9.775e-07,0.312495104000007,0.62574999232,1.4811249968,1.0239999994610116e-06
9.78e-07,-0.46875494399999695,0.61949999296,1.4811249968,-0.31249894400000144
9.785e-07,-0.46875494399999695,0.61949999296,1.479874996928,-0.31249894400000144
9.79e-07,-0.46875494399999695,0.61949999296,1.479874996928,1.0239999994610116e-06
9.795000000000001e-07,-0.46875494399999695,0.61949999296,1.4811249968,0.31250099200000037
9.800000000000001e-07,-0.46875494399999695,0.6132499936,1.479874996928,1.0239999994610116e-06
9.805e-07,-0.46875494399999695,0.62574999232,1.479874996928,-0.31249894400000144
9.81e-07,0.312495104000007,0.61949999296,1.479874996928,1.0239999994610116e-06
9.815e-07,-0.46875494399999695,0.61949999296,1.478624997056,1.0239999994610116e-06
9.82e-07,-0.46875494399999695,0.62574999232,1.478624997056,1.0239999994610116e-06
9.825000000000001e-07,0.312495104000007,0.62574999232,1.4823749966720001,-0.31249894400000144
9.830000000000002e-07,-0.46875494399999695,0.62574999232,1.4811249968,1.0239999994610116e-06
9.835e-07,-0.46875494399999695,0.61949999296,1.4811249968,1.0239999994610116e-06
9.84e-07,0.312495104000007,0.61949999296,1.477374997184,1.0239999994610116e-06
9.845e-07,-0.46875494399999695,0.6132499936,1.479874996928,1.0239999994610116e-06
9.85e-07,-0.46875494399999695,0.61949999296,1.479874996928,1.0239999994610116e-06
9.855000000000001e-07,-0.46875494399999695,0.61949999296,1.4811249968,0.31250099200000037
9.86e-07,-0.46875494399999695,0.61949999296,1.4823749966720001,1.0239999994610116e-06
9.865e-07,-0.46875494399999695,0.62574999232,1.4823749966720001,1.0239999994610116e-06
9.87e-07,0.312495104000007,0.61949999296,1.4811249968,1.0239999994610116e-06
9.875e-07,0.312495104000007,0.6132499936,1.4811249968,1.0239999994610116e-06
9.880000000000001e-07,-0.46875494399999695,0.6132499936,1.477374997184,1.0239999994610116e-06
9.885000000000001e-07,-0.46875494399999695,0.61949999296,1.476124997312,1.0239999994610116e-06
9.89e-07,0.312495104000007,0.61949999296,1.477374997184,1.0239999994610116e-06
9.895e-07,0.312495104000007,0.61949999296,1.479874996928,-0.31249894400000144
9.9e-07,-0.46875494399999695,0.6132499936,1.479874996928,1.0239999994610116e-06
9.905e-07,-0.46875494399999695,0.6132499936,1.4811249968,1.0239999994610116e-06
9.910000000000001e-07,0.312495104000007,0.61949999296,1.479874996928,1.0239999994610116e-06
9.915000000000002e-07,-0.46875494399999695,0.61949999296,1.479874996928,-0.31249894400000144
9.92e-07,0.312495104000007,0.61949999296,1.476124997312,1.0239999994610116e-06
9.925e-07,-0.46875494399999695,0.6132499936,1.478624997056,-0.6249989120000006
9.93e-07,0.312495104000007,0.61949999296,1.477374997184,1.0239999994610116e-06
9.935e-07,0.312495104000007,0.61949999296,1.477374997184,0.31250099200000037
9.940000000000001e-07,0.312495104000007,0.61949999296,1.476124997312,1.0239999994610116e-06
9.945e-07,-0.46875494399999695,0.62574999232,1.47487499744,-0.31249894400000144
9.95e-07,-0.46875494399999695,0.6132499936,1.477374997184,1.0239999994610116e-06
9.955e-07,0.312495104000007,0.6132499936,1.4811249968,1.0239999994610116e-06
9.96e-07,0.312495104000007,0.6132499936,1.479874996928,-0.31249894400000144
9.965000000000001e-07,-0.46875494399999695,0.61949999296,1.4811249968,1.0239999994610116e-06
9.970000000000002e-07,0.312495104000007,0.61949999296,1.4811249968,1.0239999994610116e-06
9.975e-07,0.312495104000007,0.61949999296,1.479874996928,-0.31249894400000144
9.98e-07,-0.46875494399999695,0.61949999296,1.478624997056,1.0239999994610116e-06
9.985e-07,0.312495104000007,0.6132499936,1.479874996928,1.0239999994610116e-06
9.99e-07,0.312495104000007,0.61949999296,1.478624997056,1.0239999994610116e-06
9.995000000000001e-07,0.312495104000007,0.61949999296,1.479874996928,-0.31249894400000144
1.0000000000000002e-06,0.312495104000007,0.6132499936,1.478624997056,1.0239999994610116e-06
1.0005e-06,-0.46875494399999695,0.61949999296,1.4811249968,-0.31249894400000144
1.001e-06,-0.46875494399999695,0.61949999296,1.4811249968,0.31250099200000037
1.0015e-06,-0.46875494399999695,0.61949999296,1.4811249968,0.31250099200000037
1.002e-06,0.312495104000007,0.61949999296,1.4811249968,1.0239999994610116e-06
1.0025000000000001e-06,0.312495104000007,0.61949999296,1.4811249968,-0.31249894400000144
1.003e-06,-0.46875494399999695,0.6132499936,1.4811249968,0.31250099200000037
1.0035e-06,0.312495104000007,0.61949999296,1.4823749966720001,0.31250099200000037
1.004e-06,-0.46875494399999695,0.61949999296,1.479874996928,1.0239999994610116e-06
1.0045e-06,0.312495104000007,0.62574999232,1.479874996928,1.0239999994610116e-06
1.0050000000000001e-06,-0.46875494399999695,0.61949999296,1.479874996928,0.31250099200000037
1.0055000000000002e-06,-0.46875494399999695,0.61949999296,1.479874996928,1.0239999994610116e-06
1.006e-06,-0.46875494399999695,0.61949999296,1.479874996928,1.0239999994610116e-06
1.0065e-06,0.312495104000007,0.61949999296,1.478624997056,-0.31249894400000144
1.007e-06,0.312495104000007,0.61949999296,1.477374997184,0.31250099200000037
1.0075e-06,-0.46875494399999695,0.6132499936,1.478624997056,-0.31249894400000144
1.0080000000000001e-06,0.312495104000007,0.61949999296,1.478624997056,1.0239999994610116e-06
1.0085e-06,-0.46875494399999695,0.61949999296,1.479874996928,1.0239999994610116e-06
1.009e-06,-0.46875494399999695,0.61949999296,1.477374997184,1.0239999994610116e-06
1.0095e-06,0.312495104000007,0.61949999296,1.478624997056,1.0239999994610116e-06
1.01e-06,0.312495104000007,0.61949999296,1.479874996928,1.0239999994610116e-06
1.0105000000000001e-06,0.312495104000007,0.61949999296,1.477374997184,1.0239999994610116e-06
1.0110000000000001e-06,0.312495104000007,0.62574999232,1.477374997184,-0.31249894400000144
1.0115e-06,0.312495104000007,0.62574999232,1.479874996928,-0.31249894400000144
1.012e-06,-1.250004992000001,0.61949999296,1.479874996928,1.0239999994610116e-06
1.0125e-06,0.312495104000007,0.61949999296,1.479874996928,1.0239999994610116e-06
1.013e-06,0.312495104000007,0.61949999296,1.478624997056,1.0239999994610116e-06
1.0135000000000001e-06,-0.46875494399999695,0.61949999296,1.477374997184,1.0239999994610116e-06
1.0140000000000002e-06,-0.46875494399999695,0.6132499936,1.477374997184,1.0239999994610116e-06
1.0145e-06,-0.46875494399999695,0.61949999296,1.478624997056,-0.31249894400000144
1.015e-06,0.312495104000007,0.61949999296,1.479874996928,-0.31249894400000144
1.0155e-06,-0.46875494399999695,0.61949999296,1.479874996928,-0.31249894400000144
1.016e-06,0.312495104000007,0.61949999296,1.478624997056,1.0239999994610116e-06
1.0165000000000001e-06,-0.46875494399999695,0.61949999296,1.479874996928,-0.31249894400000144
1.017e-06,-0.46875494399999695,0.61949999296,1.477374997184,1.0239999994610116e-06
1.0175e-06,-0.46875494399999695,0.61949999296,1.478624997056,0.31250099200000037
1.018e-06,-0.46875494399999695,0.6132499936,1.4811249968,1.0239999994610116e-06
1.0185e-06,-0.46875494399999695,0.6132499936,1.4823749966720001,-0.31249894400000144
1.0190000000000001e-06,-0.46875494399999695,0.61949999296,1.479874996928,1.0239999994610116e-06
1.0195000000000001e-06,0.312495104000007,0.61949999296,1.479874996928,1.0239999994610116e-06
1.02e-06,0.312495104000007,0.61949999296,1.479874996928,1.0239999994610116e-06
1.0205e-06,-0.46875494399999695,0.61949999296,1.4811249968,1.0239999994610116e-06
1.021e-06,0.312495104000007,0.61949999296,1.479874996928,1.0239999994610116e-06
1.0215e-06,-0.46875494399999695,0.61949999296,1.476124997312,-0.31249894400000144
1.0220000000000001e-06,0.312495104000007,0.61949999296,1.478624997056,1.0239999994610116e-06
1.0225000000000002e-06,0.312495104000007,0.62574999232,1.4823749966720001,-0.31249894400000144
1.023e-06,-0.46875494399999695,0.62574999232,1.4823749966720001,1.0239999994610116e-06
1.0235e-06,0.312495104000007,0.6132499936,1.4811249968,1.0239999994610116e-06
1.024e-06,0.312495104000007,0.61949999296,1.478624997056,1.0239999994610116e-06
1.0245e-06,0.312495104000007,0.61949999296,1.478624997056,-0.31249894400000144
1.0250000000000001e-06,-0.46875494399999695,0.61949999296,1.478624997056,-0.31249894400000144
1.0255e-06,0.312495104000007,0.61949999296,1.4811249968,1.0239999994610116e-06
1.026e-06,0.312495104000007,0.61949999296,1.4811249968,1.0239999994610116e-06
1.0265e-06,-0.46875494399999695,0.6132499936,1.4823749966720001,-0.31249894400000144
1.027e-06,0.312495104000007,0.61949999296,1.479874996928,-0.31249894400000144
1.0275000000000001e-06,0.312495104000007,0.61949999296,1.478624997056,1.0239999994610116e-06
1.0280000000000002e-06,-0.46875494399999695,0.61949999296,1.478624997056,1.0239999994610116e-06
1.0285e-06,-0.46875494399999695,0.61949999296,1.479874996928,1.0239999994610116e-06
1.029e-06,0.312495104000007,0.6132499936,1.479874996928,1.0239999994610116e-06
1.0295e-06,0.312495104000007,0.61949999296,1.478624997056,-0.31249894400000144
1.03e-06,-0.46875494399999695,0.61949999296,1.4811249968,-0.31249894400000144
1.0305000000000001e-06,-0.46875494399999695,0.6132499936,1.4823749966720001,-0.31249894400000144
1.0310000000000002e-06,-0.46875494399999695,0.61949999296,1.4811249968,-0.31249894400000144
1.0315e-06,0.312495104000007,0.61949999296,1.4823749966720001,-0.31249894400000144
1.032e-06,0.312495104000007,0.61949999296,1.479874996928,-0.31249894400000144
1.0325e-06,0.312495104000007,0.61949999296,1.4823749966720001,-0.31249894400000144
1.033e-06,-0.46875494399999695,0.6132499936,1.4811249968,1.0239999994610116e-06
1.0335000000000001e-06,0.312495104000007,0.6132499936,1.4811249968,1.0239999994610116e-06
1.034e-06,1.0937451519999968,0.61949999296,1.4811249968,1.0239999994610116e-06
1.0345e-06,0.312495104000007,0.61949999296,1.479874996928,-0.31249894400000144
1.035e-06,1.0937451519999968,0.61949999296,1.478624997056,-0.31249894400000144
1.0355e-06,0.312495104000007,0.61949999296,1.478624997056,1.0239999994610116e-06
1.0360000000000001e-06,-0.46875494399999695,0.61949999296,1.477374997184,1.0239999994610116e-06
1.0365000000000002e-06,-0.46875494399999695,0.61949999296,1.4811249968,1.0239999994610116e-06
1.037e-06,0.312495104000007,0.62574999232,1.4823749966720001,1.0239999994610116e-06
1.0375e-06,0.312495104000007,0.61949999296,1.4811249968,1.0239999994610116e-06
1.038e-06,0.312495104000007,0.6132499936,1.4811249968,0.31250099200000037
1.0385e-06,0.312495104000007,0.6132499936,1.479874996928,0.31250099200000037
1.0390000000000001e-06,-1.250004992000001,0.61949999296,1.477374997184,-0.31249894400000144
1.0395000000000002e-06,-0.46875494399999695,0.61949999296,1.478624997056,1.0239999994610116e-06
1.04e-06,0.312495104000007,0.61949999296,1.476124997312,1.0239999994610116e-06
1.0405e-06,-0.46875494399999695,0.61949999296,1.478624997056,-0.6249989120000006
1.041e-06,0.312495104000007,0.61949999296,1.477374997184,-0.31249894400000144
1.0415000000000001e-06,0.312495104000007,0.61949999296,1.477374997184,-0.31249894400000144
1.0420000000000001e-06,0.312495104000007,0.61949999296,1.476124997312,-0.31249894400000144
1.0425e-06,0.312495104000007,0.62574999232,1.477374997184,-0.31249894400000144
1.043e-06,-0.46875494399999695,0.61949999296,1.478624997056,-0.31249894400000144
1.0435e-06,0.312495104000007,0.6132499936,1.478624997056,-0.31249894400000144
1.044e-06,-0.46875494399999695,0.61949999296,1.477374997184,1.0239999994610116e-06
1.0445000000000001e-06,0.312495104000007,0.61949999296,1.478624997056,-0.31249894400000144
1.0450000000000002e-06,0.312495104000007,0.61949999296,1.476124997312,1.0239999994610116e-06
1.0455e-06,-0.46875494399999695,0.61949999296,1.478624997056,-0.31249894400000144
1.046e-06,-0.46875494399999695,0.6132499936,1.478624997056,1.0239999994610116e-06
1.0465e-06,0.312495104000007,0.6132499936,1.4811249968,1.0239999994610116e-06
1.047e-06,0.312495104000007,0.62574999232,1.479874996928,1.0239999994610116e-06
1.0475000000000001e-06,1.0937451519999968,0.61949999296,1.478624997056,-0.6249989120000006
1.048e-06,-0.46875494399999695,0.61949999296,1.477374997184,-0.31249894400000144
1.0485e-06,-0.46875494399999695,0.6132499936,1.4811249968,-0.6249989120000006
1.049e-06,0.312495104000007,0.61949999296,1.4823749966720001,1.0239999994610116e-06
1.0495e-06,0.312495104000007,0.62574999232,1.4811249968,1.0239999994610116e-06
1.0500000000000001e-06,0.312495104000007,0.61949999296,1.478624997056,-0.31249894400000144
1.0505000000000001e-06,0.312495104000007,0.62574999232,1.477374997184,-0.31249894400000144
1.051e-06,-0.46875494399999695,0.6132499936,1.477374997184,-0.31249894400000144
1.0515e-06,-0.46875494399999695,0.61949999296,1.4811249968,-0.31249894400000144
1.052e-06,-0.46875494399999695,0.61949999296,1.4823749966720001,1.0239999994610116e-06
1.0525e-06,0.312495104000007,0.61949999296,1.483624996544,1.0239999994610116e-06
1.0530000000000001e-06,-0.46875494399999695,0.61949999296,1.4823749966720001,1.0239999994610116e-06
1.0535000000000002e-06,0.312495104000007,0.61949999296,1.4823749966720001,-0.31249894400000144
1.054e-06,0.312495104000007,0.61949999296,1.479874996928,1.0239999994610116e-06
1.0545e-06,0.312495104000007,0.61949999296,1.479874996928,1.0239999994610116e-06
1.055e-06,0.312495104000007,0.61949999296,1.478624997056,-0.31249894400000144
1.0555e-06,0.312495104000007,0.61949999296,1.478624997056,-0.31249894400000144
1.0560000000000001e-06,0.312495104000007,0.61949999296,1.477374997184,-0.31249894400000144
1.0565e-06,0.312495104000007,0.61949999296,1.478624997056,-0.31249894400000144
1.057e-06,-0.46875494399999695,0.61949999296,1.479874996928,-0.31249894400000144
1.0575e-06,0.312495104000007,0.61949999296,1.4811249968,-0.31249894400000144
1.058e-06,0.312495104000007,0.62574999232,1.479874996928,-0.31249894400000144
1.0585000000000001e-06,0.312495104000007,0.61949999296,1.476124997312,-0.6249989120000006
1.0590000000000002e-06,0.312495104000007,0.61949999296,1.477374997184,-0.31249894400000144
1.0595e-06,0.312495104000007,0.61949999296,1.477374997184,1.0239999994610116e-06
1.06e-06,-0.46875494399999695,0.61949999296,1.478624997056,1.0239999994610116e-06
1.0605e-06,0.312495104000007,0.61949999296,1.479874996928,-0.31249894400000144
1.061e-06,1.0937451519999968,0.61949999296,1.479874996928,1.0239999994610116e-06
1.0615000000000001e-06,0.312495104000007,0.61949999296,1.478624997056,1.0239999994610116e-06
1.0620000000000002e-06,0.312495104000007,0.61949999296,1.478624997056,1.0239999994610116e-06
1.0625e-06,0.312495104000007,0.61949999296,1.4811249968,1.0239999994610116e-06
1.063e-06,0.312495104000007,0.62574999232,1.4811249968,1.0239999994610116e-06
1.0635e-06,0.312495104000007,0.61949999296,1.479874996928,-0.31249894400000144
1.064e-06,-0.46875494399999695,0.61949999296,1.478624997056,1.0239999994610116e-06
1.0645000000000001e-06,0.312495104000007,0.61949999296,1.4823749966720001,-0.31249894400000144
1.065e-06,0.312495104000007,0.61949999296,1.4823749966720001,-0.31249894400000144
1.0655e-06,-0.46875494399999695,0.6132499936,1.4811249968,-0.31249894400000144
1.066e-06,0.312495104000007,0.61949999296,1.478624997056,-0.31249894400000144
1.0665e-06,0.312495104000007,0.61949999296,1.477374997184,-0.31249894400000144
1.0670000000000001e-06,-0.46875494399999695,0.61949999296,1.478624997056,-0.31249894400000144
1.0675000000000002e-06,0.312495104000007,0.61949999296,1.479874996928,1.0239999994610116e-06
1.068e-06,-0.46875494399999695,0.61949999296,1.478624997056,1.0239999994610116e-06
1.0685e-06,-0.46875494399999695,0.61949999296,1.477374997184,-0.31249894400000144
1.069e-06,0.312495104000007,0.61949999296,1.477374997184,-0.31249894400000144
1.0695e-06,-0.46875494399999695,0.61949999296,1.4811249968,-0.31249894400000144
1.0700000000000001e-06,0.312495104000007,0.61949999296,1.4823749966720001,1.0239999994610116e-06
1.0705000000000002e-06,0.312495104000007,0.6132499936,1.4811249968,-0.31249894400000144
1.071e-06,-0.46875494399999695,0.61949999296,1.479874996928,-0.31249894400000144
1.0715e-06,0.312495104000007,0.61949999296,1.4823749966720001,-0.31249894400000144
1.072e-06,0.312495104000007,0.62574999232,1.4823749966720001,-0.31249894400000144
1.0725000000000001e-06,-0.46875494399999695,0.6132499936,1.483624996544,-0.6249989120000006
1.0730000000000001e-06,-0.46875494399999695,0.61949999296,1.4811249968,-0.31249894400000144
1.0735e-06,-0.46875494399999695,0.6132499936,1.478624997056,-0.31249894400000144
1.074e-06,-0.46875494399999695,0.61949999296,1.478624997056,-0.6249989120000006
1.0745e-06,0.312495104000007,0.6132499936,1.478624997056,-0.31249894400000144
1.075e-06,-0.46875494399999695,0.61949999296,1.476124997312,-0.31249894400000144
1.0755000000000001e-06,0.312495104000007,0.6132499936,1.47487499744,-0.31249894400000144
1.0760000000000002e-06,-0.46875494399999695,0.61949999296,1.477374997184,-0.31249894400000144
1.0765e-06,-0.46875494399999695,0.61949999296,1.479874996928,-0.31249894400000144
1.077e-06,0.312495104000007,0.61949999296,1.4811249968,-0.31249894400000144
1.0775e-06,0.312495104000007,0.6132499936,1.4811249968,-0.31249894400000144
1.078e-06,0.312495104000007,0.61949999296,1.479874996928,-0.31249894400000144
1.0785000000000001e-06,-0.46875494399999695,0.6132499936,1.478624997056,-0.31249894400000144
1.0790000000000002e-06,0.312495104000007,0.6132499936,1.477374997184,-0.31249894400000144
1.0795e-06,0.312495104000007,0.61949999296,1.478624997056,-0.31249894400000144
1.08e-06,0.312495104000007,0.62574999232,1.477374997184,-0.6249989120000006
1.0805e-06,-0.46875494399999695,0.62574999232,1.479874996928,-0.6249989120000006
1.0810000000000001e-06,-0.46875494399999695,0.61949999296,1.479874996928,-0.6249989120000006
1.0815000000000001e-06,0.312495104000007,0.61949999296,1.478624997056,-0.31249894400000144
1.082e-06,0.312495104000007,0.61949999296,1.477374997184,-0.31249894400000144
1.0825e-06,-0.46875494399999695,0.61949999296,1.478624997056,-0.31249894400000144
1.083e-06,0.312495104000007,0.61949999296,1.476124997312,1.0239999994610116e-06
1.0835e-06,0.312495104000007,0.61949999296,1.47487499744,-0.31249894400000144
1.0840000000000001e-06,-0.46875494399999695,0.6132499936,1.476124997312,-0.31249894400000144
1.0845000000000002e-06,-0.46875494399999695,0.61949999296,1.478624997056,-0.6249989120000006
1.085e-06,-0.46875494399999695,0.61949999296,1.476124997312,-0.6249989120000006
1.0855e-06,-0.46875494399999695,0.61949999296,1.476124997312,-0.31249894400000144
1.086e-06,-0.46875494399999695,0.6132499936,1.478624997056,-0.31249894400000144
1.0865e-06,-0.46875494399999695,0.6132499936,1.479874996928,-0.31249894400000144
1.0870000000000001e-06,-0.46875494399999695,0.61949999296,1.476124997312,-0.31249894400000144
1.0875e-06,0.312495104000007,0.61949999296,1.476124997312,-0.31249894400000144
1.088e-06,0.312495104000007,0.61949999296,1.473624997568,-0.31249894400000144
1.0885e-06,0.312495104000007,0.61949999296,1.47487499744,-0.6249989120000006
1.089e-06,-0.46875494399999695,0.61949999296,1.477374997184,-0.31249894400000144
1.0895000000000001e-06,0.312495104000007,0.6132499936,1.479874996928,-0.31249894400000144
1.0900000000000002e-06,0.312495104000007,0.61949999296,1.478624997056,-0.6249989120000006
1.0905e-06,-0.46875494399999695,0.62574999232,1.477374997184,-0.6249989120000006
1.091e-06,0.312495104000007,0.6132499936,1.478624997056,-0.31249894400000144
1.0915e-06,-0.46875494399999695,0.62574999232,1.4811249968,-0.31249894400000144
1.092e-06,-0.46875494399999695,0.61949999296,1.479874996928,-0.31249894400000144
1.0925000000000001e-06,0.312495104000007,0.61949999296,1.479874996928,-0.31249894400000144
1.0930000000000002e-06,0.312495104000007,0.61949999296,1.479874996928,-0.31249894400000144
1.0935e-06,-0.46875494399999695,0.61949999296,1.478624997056,-0.31249894400000144
1.094e-06,0.312495104000007,0.61949999296,1.479874996928,-0.31249894400000144
1.0945e-06,0.312495104000007,0.61949999296,1.479874996928,-0.6249989120000006
1.095e-06,0.312495104000007,0.61949999296,1.478624997056,-0.31249894400000144
1.0955000000000001e-06,-1.250004992000001,0.6132499936,1.478624997056,-0.6249989120000006
1.096e-06,-0.46875494399999695,0.61949999296,1.478624997056,-0.31249894400000144
1.0965e-06,0.312495104000007,0.61949999296,1.483624996544,-0.31249894400000144
1.097e-06,0.312495104000007,0.61949999296,1.479874996928,-0.31249894400000144
1.0975e-06,0.312495104000007,0.61949999296,1.4811249968,-0.31249894400000144
1.0980000000000001e-06,0.312495104000007,0.61949999296,1.479874996928,1.0239999994610116e-06
1.0985000000000002e-06,-0.46875494399999695,0.62574999232,1.478624997056,-0.6249989120000006
1.099e-06,-0.46875494399999695,0.62574999232,1.478624997056,-0.31249894400000144
1.0995e-06,0.312495104000007,0.62574999232,1.4823749966720001,-0.31249894400000144
1.1e-06,0.312495104000007,0.6132499936,1.479874996928,1.0239999994610116e-06
1.1005e-06,0.312495104000007,0.61949999296,1.479874996928,-0.31249894400000144
1.1010000000000001e-06,0.312495104000007,0.62574999232,1.478624997056,-0.31249894400000144
1.1015000000000002e-06,0.312495104000007,0.61949999296,1.478624997056,-0.31249894400000144
1.102e-06,0.312495104000007,0.61949999296,1.479874996928,-0.31249894400000144
1.1025e-06,0.312495104000007,0.61949999296,1.479874996928,-0.31249894400000144
1.103e-06,0.312495104000007,0.61949999296,1.479874996928,-0.6249989120000006
1.1035000000000001e-06,-0.46875494399999695,0.61949999296,1.478624997056,-0.6249989120000006
1.1040000000000001e-06,0.312495104000007,0.61949999296,1.476124997312,-0.6249989120000006
1.1045e-06,0.312495104000007,0.61949999296,1.479874996928,-0.31249894400000144
1.105e-06,0.312495104000007,0.61949999296,1.479874996928,-0.31249894400000144
1.1055e-06,-0.46875494399999695,0.61949999296,1.479874996928,-0.31249894400000144
1.106e-06,0.312495104000007,0.6132499936,1.477374997184,-0.6249989120000006
1.1065000000000001e-06,0.312495104000007,0.61949999296,1.478624997056,-0.31249894400000144
1.1070000000000002e-06,0.312495104000007,0.61949999296,1.479874996928,-0.31249894400000144
1.1075e-06,0.312495104000007,0.61949999296,1.4811249968,-0.31249894400000144
1.108e-06,-0.46875494399999695,0.6132499936,1.479874996928,1.0239999994610116e-06
1.1085e-06,0.312495104000007,0.62574999232,1.479874996928,-0.6249989120000006
1.109e-06,-0.46875494399999695,0.61949999296,1.479874996928,-0.31249894400000144
1.1095000000000001e-06,-0.46875494399999695,0.61949999296,1.479874996928,-0.31249894400000144
1.1100000000000002e-06,0.312495104000007,0.6132499936,1.479874996928,1.0239999994610116e-06
1.1105e-06,0.312495104000007,0.61949999296,1.478624997056,-0.31249894400000144
1.111e-06,0.312495104000007,0.61949999296,1.479874996928,-0.6249989120000006
1.1115e-06,-0.46875494399999695,0.61949999296,1.4811249968,-0.6249989120000006
1.1120000000000001e-06,0.312495104000007,0.61949999296,1.479874996928,-0.6249989120000006
1.1125000000000001e-06,0.312495104000007,0.61949999296,1.479874996928,-0.6249989120000006
1.113e-06,-0.46875494399999695,0.61949999296,1.478624997056,-0.31249894400000144
1.1135e-06,0.312495104000007,0.62574999232,1.478624997056,-0.31249894400000144
1.114e-06,0.312495104000007,0.61949999296,1.478624997056,-0.31249894400000144
1.1145e-06,0.312495104000007,0.61949999296,1.479874996928,-0.31249894400000144
1.1150000000000001e-06,-0.46875494399999695,0.62574999232,1.478624997056,-0.31249894400000144
1.1155000000000002e-06,0.312495104000007,0.6132499936,1.478624997056,-0.31249894400000144
1.116e-06,-0.46875494399999695,0.61949999296,1.476124997312,-0.6249989120000006
1.1165e-06,-0.46875494399999695,0.61949999296,1.478624997056,-0.6249989120000006
1.117e-06,0.312495104000007,0.61949999296,1.479874996928,-0.31249894400000144
1.1175e-06,-0.46875494399999695,0.61949999296,1.4811249968,-0.6249989120000006
1.1180000000000001e-06,-0.46875494399999695,0.6132499936,1.479874996928,-0.31249894400000144
1.1185000000000002e-06,-0.46875494399999695,0.61949999296,1.479874996928,-0.6249989120000006
1.119e-06,-0.46875494399999695,0.62574999232,1.477374997184,-0.31249894400000144
1.1195e-06,0.312495104000007,0.61949999296,1.478624997056,-0.9374988799999997
1.12e-06,-1.250004992000001,0.61949999296,1.479874996928,-0.6249989120000006
1.1205000000000001e-06,-0.46875494399999695,0.61949999296,1.479874996928,-0.31249894400000144
1.1210000000000002e-06,-1.250004992000001,0.61949999296,1.479874996928,-0.31249894400000144
1.1215e-06,0.312495104000007,0.61949999296,1.477374997184,-0.31249894400000144
1.122e-06,0.312495104000007,0.61949999296,1.476124997312,-0.6249989120000006
1.1225e-06,0.312495104000007,0.61949999296,1.476124997312,-0.6249989120000006
1.123e-06,0.312495104000007,0.61949999296,1.479874996928,-0.31249894400000144
1.1235000000000001e-06,0.312495104000007,0.61949999296,1.479874996928,-0.31249894400000144
1.1240000000000002e-06,-0.46875494399999695,0.61949999296,1.478624997056,-0.31249894400000144
1.1245e-06,0.312495104000007,0.61949999296,1.4811249968,-0.31249894400000144
1.125e-06,0.312495104000007,0.61949999296,1.479874996928,1.0239999994610116e-06
1.1255e-06,-0.46875494399999695,0.61949999296,1.477374997184,-0.31249894400000144
1.126e-06,-0.46875494399999695,0.61949999296,1.476124997312,-0.31249894400000144
1.1265000000000001e-06,0.312495104000007,0.61949999296,1.476124997312,-0.31249894400000144
1.127e-06,-0.46875494399999695,0.61949999296,1.477374997184,-0.31249894400000144
1.1275e-06,-0.46875494399999695,0.61949999296,1.479874996928,-0.31249894400000144
1.128e-06,0.312495104000007,0.61949999296,1.477374997184,-0.31249894400000144
1.1285e-06,-0.46875494399999695,0.61949999296,1.477374997184,-0.6249989120000006
1.1290000000000001e-06,-1.250004992000001,0.61949999296,1.477374997184,-0.31249894400000144
1.1295000000000002e-06,-0.46875494399999695,0.61949999296,1.477374997184,-0.31249894400000144
1.13e-06,-0.46875494399999695,0.61949999296,1.47487499744,-0.31249894400000144
1.1305e-06,-0.46875494399999695,0.6132499936,1.476124997312,-0.6249989120000006
1.131e-06,-0.46875494399999695,0.61949999296,1.478624997056,-0.31249894400000144
1.1315e-06,0.312495104000007,0.6132499936,1.4811249968,1.0239999994610116e-06
1.1320000000000001e-06,-0.46875494399999695,0.6132499936,1.477374997184,-0.31249894400000144
1.1325000000000002e-06,0.312495104000007,0.61949999296,1.476124997312,-0.6249989120000006
1.133e-06,0.312495104000007,0.61949999296,1.477374997184,-0.31249894400000144
1.1335e-06,0.312495104000007,0.61949999296,1.477374997184,-0.31249894400000144
1.134e-06,0.312495104000007,0.6132499936,1.477374997184,1.0239999994610116e-06
1.1345000000000001e-06,0.312495104000007,0.6132499936,1.479874996928,-0.31249894400000144
1.1350000000000001e-06,-0.46875494399999695,0.61949999296,1.4823749966720001,-0.31249894400000144
1.1355e-06,-0.46875494399999695,0.61949999296,1.4823749966720001,-0.6249989120000006
1.136e-06,0.312495104000007,0.61949999296,1.4811249968,-0.6249989120000006
1.1365e-06,0.312495104000007,0.61949999296,1.479874996928,-0.31249894400000144
1.137e-06,-1.250004992000001,0.61949999296,1.476124997312,-0.31249894400000144
1.1375000000000001e-06,-0.46875494399999695,0.62574999232,1.47487499744,-0.31249894400000144
1.1380000000000002e-06,0.312495104000007,0.61949999296,1.476124997312,-0.31249894400000144
1.1385e-06,-0.46875494399999695,0.61949999296,1.476124997312,-0.6249989120000006
1.139e-06,0.312495104000007,0.61949999296,1.477374997184,-0.6249989120000006
1.1395e-06,0.312495104000007,0.62574999232,1.477374997184,-0.31249894400000144
1.14e-06,1.0937451519999968,0.61949999296,1.473624997568,-0.6249989120000006
1.1405000000000001e-06,0.312495104000007,0.61949999296,1.476124997312,-0.9374988799999997
1.1410000000000002e-06,0.312495104000007,0.62574999232,1.476124997312,-0.31249894400000144
1.1415e-06,-0.46875494399999695,0.61949999296,1.476124997312,-0.6249989120000006
1.142e-06,0.312495104000007,0.61949999296,1.477374997184,-0.31249894400000144
1.1425e-06,0.312495104000007,0.6132499936,1.477374997184,-0.6249989120000006
1.1430000000000001e-06,0.312495104000007,0.63199999168,1.47487499744,-0.6249989120000006
1.1435000000000001e-06,-0.46875494399999695,0.61949999296,1.47487499744,-0.9374988799999997
1.144e-06,0.312495104000007,0.61949999296,1.476124997312,-0.6249989120000006
1.1445e-06,0.312495104000007,0.6132499936,1.479874996928,-0.9374988799999997
1.145e-06,-0.46875494399999695,0.6132499936,1.477374997184,-0.31249894400000144
1.1455e-06,0.312495104000007,0.6132499936,1.47487499744,-0.31249894400000144
1.1460000000000001e-06,0.312495104000007,0.61949999296,1.476124997312,-0.31249894400000144
1.1465000000000002e-06,1.0937451519999968,0.62574999232,1.478624997056,-0.6249989120000006
1.147e-06,0.312495104000007,0.61949999296,1.478624997056,-0.31249894400000144
1.1475e-06,0.312495104000007,0.61949999296,1.479874996928,-0.31249894400000144
1.148e-06,-0.46875494399999695,0.61949999296,1.477374997184,-0.31249894400000144
1.1485e-06,0.312495104000007,0.62574999232,1.479874996928,-0.6249989120000006
1.1490000000000001e-06,0.312495104000007,0.62574999232,1.479874996928,-0.31249894400000144
1.1495000000000002e-06,0.312495104000007,0.61949999296,1.477374997184,-0.6249989120000006
1.15e-06,-0.46875494399999695,0.6132499936,1.478624997056,-0.31249894400000144
1.1505e-06,0.312495104000007,0.61949999296,1.4811249968,-0.6249989120000006
1.151e-06,0.312495104000007,0.62574999232,1.478624997056,-0.6249989120000006
1.1515000000000001e-06,0.312495104000007,0.61949999296,1.477374997184,-0.6249989120000006
1.1520000000000002e-06,0.312495104000007,0.62574999232,1.477374997184,-0.31249894400000144
1.1525e-06,0.312495104000007,0.61949999296,1.4823749966720001,-0.6249989120000006
1.153e-06,0.312495104000007,0.61949999296,1.4811249968,-0.6249989120000006
1.1535e-06,-0.46875494399999695,0.61949999296,1.4823749966720001,-0.6249989120000006
1.154e-06,0.312495104000007,0.6132499936,1.4823749966720001,-0.6249989120000006
1.1545000000000001e-06,0.312495104000007,0.6132499936,1.479874996928,-0.6249989120000006
1.1550000000000002e-06,0.312495104000007,0.6132499936,1.478624997056,-0.31249894400000144
1.1555e-06,0.312495104000007,0.61949999296,1.478624997056,-0.31249894400000144
1.156e-06,0.312495104000007,0.62574999232,1.478624997056,-0.6249989120000006
1.1565e-06,-0.46875494399999695,0.62574999232,1.478624997056,-0.6249989120000006
1.157e-06,-0.46875494399999695,0.61949999296,1.478624997056,1.0239999994610116e-06
1.1575000000000001e-06,-0.46875494399999695,0.61949999296,1.478624997056,-0.31249894400000144
1.158e-06,0.312495104000007,0.61949999296,1.478624997056,-0.31249894400000144
1.1585e-06,0.312495104000007,0.61949999296,1.479874996928,-0.31249894400000144
1.159e-06,0.312495104000007,0.61949999296,1.478624997056,-0.6249989120000006
1.1595e-06,0.312495104000007,0.61949999296,1.479874996928,-0.9374988799999997
1.1600000000000001e-06,-0.46875494399999695,0.61949999296,1.477374997184,-0.6249989120000006
1.1605000000000002e-06,0.312495104000007,0.61949999296,1.479874996928,-0.6249989120000006
1.161e-06,0.312495104000007,0.61949999296,1.479874996928,-0.6249989120000006
1.1615e-06,0.312495104000007,0.6132499936,1.4811249968,-0.6249989120000006
1.162e-06,0.312495104000007,0.61949999296,1.4811249968,-0.6249989120000006
1.1625e-06,0.312495104000007,0.61949999296,1.479874996928,-0.6249989120000006
1.1630000000000001e-06,0.312495104000007,0.61949999296,1.479874996928,-0.31249894400000144
1.1635000000000002e-06,0.312495104000007,0.62574999232,1.477374997184,-0.31249894400000144
1.164e-06,0.312495104000007,0.61949999296,1.476124997312,-0.6249989120000006
1.1645e-06,0.312495104000007,0.61949999296,1.477374997184,-0.6249989120000006
1.165e-06,0.312495104000007,0.62574999232,1.4811249968,-0.31249894400000144
1.1655000000000001e-06,-0.46875494399999695,0.62574999232,1.479874996928,-0.6249989120000006
1.1660000000000001e-06,0.312495104000007,0.61949999296,1.477374997184,-0.31249894400000144
1.1665e-06,0.312495104000007,0.62574999232,1.477374997184,-0.31249894400000144
1.167e-06,-0.46875494399999695,0.62574999232,1.477374997184,-0.6249989120000006
1.1675e-06,-0.46875494399999695,0.61949999296,1.478624997056,-0.9374988799999997
1.168e-06,0.312495104000007,0.62574999232,1.477374997184,-0.31249894400000144
1.1685000000000001e-06,-0.46875494399999695,0.61949999296,1.4811249968,-0.6249989120000006
1.1690000000000002e-06,-0.46875494399999695,0.61949999296,1.4823749966720001,-0.6249989120000006
1.1695e-06,0.312495104000007,0.62574999232,1.479874996928,-0.31249894400000144
1.17e-06,0.312495104000007,0.61949999296,1.4811249968,-0.31249894400000144
1.1705e-06,-0.46875494399999695,0.62574999232,1.4811249968,-0.6249989120000006
1.171e-06,0.312495104000007,0.61949999296,1.4823749966720001,-0.6249989120000006
1.1715000000000001e-06,0.312495104000007,0.62574999232,1.4823749966720001,-0.31249894400000144
1.1720000000000002e-06,-0.46875494399999695,0.62574999232,1.4811249968,-0.6249989120000006
1.1725e-06,0.312495104000007,0.61949999296,1.4823749966720001,-0.6249989120000006
1.173e-06,0.312495104000007,0.62574999232,1.4811249968,-0.6249989120000006
1.1735e-06,-0.46875494399999695,0.61949999296,1.478624997056,-0.6249989120000006
1.1740000000000001e-06,-0.46875494399999695,0.61949999296,1.479874996928,-0.31249894400000144
1.1745000000000001e-06,-0.46875494399999695,0.62574999232,1.479874996928,-0.6249989120000006
1.175e-06,0.312495104000007,0.62574999232,1.479874996928,-0.6249989120000006
1.1755e-06,-0.46875494399999695,0.61949999296,1.479874996928,-0.9374988799999997
1.176e-06,0.312495104000007,0.61949999296,1.479874996928,1.0239999994610116e-06
1.1765e-06,0.312495104000007,0.61949999296,1.4823749966720001,-0.6249989120000006
1.1770000000000001e-06,-0.46875494399999695,0.62574999232,1.479874996928,-0.6249989120000006
1.1775000000000002e-06,0.312495104000007,0.62574999232,1.478624997056,-0.31249894400000144
1.178e-06,0.312495104000007,0.62574999232,1.477374997184,-0.6249989120000006
1.1785e-06,-0.46875494399999695,0.61949999296,1.476124997312,-0.6249989120000006
1.179e-06,-0.46875494399999695,0.62574999232,1.477374997184,-0.6249989120000006
1.1795e-06,-0.46875494399999695,0.62574999232,1.477374997184,-0.31249894400000144
1.1800000000000001e-06,-0.46875494399999695,0.62574999232,1.478624997056,-0.31249894400000144
1.1805000000000002e-06,0.312495104000007,0.62574999232,1.479874996928,-0.9374988799999997
1.181e-06,0.312495104000007,0.62574999232,1.478624997056,-0.6249989120000006
1.1815e-06,0.312495104000007,0.61949999296,1.478624997056,-0.31249894400000144
1.182e-06,-0.46875494399999695,0.61949999296,1.479874996928,-0.6249989120000006
1.1825000000000001e-06,0.312495104000007,0.6132499936,1.479874996928,-0.31249894400000144
1.1830000000000002e-06,1.0937451519999968,0.61949999296,1.479874996928,-0.6249989120000006
1.1835e-06,1.0937451519999968,0.61949999296,1.4811249968,-0.9374988799999997
1.184e-06,0.312495104000007,0.61949999296,1.477374997184,-0.31249894400000144
1.1845e-06,0.312495104000007,0.61949999296,1.4811249968,-0.9374988799999997
1.185e-06,0.312495104000007,0.61949999296,1.4811249968,-0.6249989120000006
1.1855000000000001e-06,0.312495104000007,0.62574999232,1.4811249968,-0.6249989120000006
1.1860000000000002e-06,0.312495104000007,0.61949999296,1.479874996928,-0.31249894400000144
1.1865e-06,-0.46875494399999695,0.62574999232,1.479874996928,-0.6249989120000006
1.187e-06,-0.46875494399999695,0.62574999232,1.477374997184,-0.31249894400000144
1.1875e-06,0.312495104000007,0.61949999296,1.476124997312,-0.31249894400000144
1.188e-06,-0.46875494399999695,0.61949999296,1.477374997184,-0.6249989120000006
1.1885000000000001e-06,0.312495104000007,0.61949999296,1.479874996928,-0.6249989120000006
1.1890000000000002e-06,0.312495104000007,0.61949999296,1.479874996928,-0.6249989120000006
1.1895e-06,0.312495104000007,0.62574999232,1.477374997184,-0.6249989120000006
1.19e-06,-0.46875494399999695,0.62574999232,1.478624997056,-0.31249894400000144
1.1905e-06,-0.46875494399999695,0.62574999232,1.479874996928,-0.6249989120000006
1.1910000000000001e-06,-0.46875494399999695,0.63199999168,1.477374997184,-0.6249989120000006
1.1915000000000002e-06,-1.250004992000001,0.61949999296,1.478624997056,-0.9374988799999997
1.192e-06,-0.46875494399999695,0.63199999168,1.477374997184,-0.6249989120000006
1.1925e-06,0.312495104000007,0.63199999168,1.478624997056,-0.6249989120000006
1.193e-06,-0.46875494399999695,0.62574999232,1.477374997184,-0.31249894400000144
1.1935e-06,0.312495104000007,0.63199999168,1.477374997184,-0.6249989120000006
1.1940000000000001e-06,0.312495104000007,0.62574999232,1.478624997056,-0.6249989120000006
1.1945000000000002e-06,-0.46875494399999695,0.63199999168,1.477374997184,-0.6249989120000006
1.195e-06,-0.46875494399999695,0.62574999232,1.477374997184,-0.6249989120000006
1.1955e-06,-0.46875494399999695,0.62574999232,1.479874996928,-0.31249894400000144
1.196e-06,-0.46875494399999695,0.61949999296,1.479874996928,-0.6249989120000006
1.1965000000000001e-06,-0.46875494399999695,0.61949999296,1.479874996928,-0.6249989120000006
1.1970000000000001e-06,0.312495104000007,0.61949999296,1.479874996928,-0.31249894400000144
1.1975e-06,-0.46875494399999695,0.61949999296,1.479874996928,-0.6249989120000006
1.198e-06,-0.46875494399999695,0.62574999232,1.479874996928,-0.31249894400000144
1.1985e-06,-0.46875494399999695,0.62574999232,1.4811249968,-0.31249894400000144
1.199e-06,-0.46875494399999695,0.61949999296,1.4811249968,-0.6249989120000006
1.1995000000000001e-06,-0.46875494399999695,0.61949999296,1.4811249968,-0.9374988799999997
1.2000000000000002e-06,-1.250004992000001,0.61949999296,1.477374997184,-0.9374988799999997
1.2005e-06,-0.46875494399999695,0.62574999232,1.478624997056,-0.9374988799999997
1.201e-06,-1.250004992000001,0.62574999232,1.477374997184,-0.6249989120000006
1.2015e-06,0.312495104000007,0.61949999296,1.477374997184,-0.31249894400000144
1.202e-06,0.312495104000007,0.61949999296,1.479874996928,-0.6249989120000006
1.2025000000000001e-06,-0.46875494399999695,0.62574999232,1.478624997056,-0.6249989120000006
1.2030000000000002e-06,0.312495104000007,0.62574999232,1.477374997184,-0.31249894400000144
1.2035e-06,0.312495104000007,0.61949999296,1.476124997312,-0.31249894400000144
1.204e-06,-1.250004992000001,0.61949999296,1.477374997184,-0.6249989120000006
1.2045e-06,-0.46875494399999695,0.61949999296,1.479874996928,-0.6249989120000006
1.2050000000000001e-06,0.312495104000007,0.62574999232,1.4811249968,-0.6249989120000006
1.2055000000000001e-06,-0.46875494399999695,0.62574999232,1.479874996928,-0.6249989120000006
1.206e-06,-0.46875494399999695,0.61949999296,1.478624997056,-0.31249894400000144
1.2065e-06,0.312495104000007,0.61949999296,1.478624997056,-0.6249989120000006
1.207e-06,-0.46875494399999695,0.6132499936,1.476124997312,-0.31249894400000144
1.2075e-06,-0.46875494399999695,0.61949999296,1.478624997056,-0.9374988799999997
1.2080000000000001e-06,-0.46875494399999695,0.61949999296,1.478624997056,-0.9374988799999997
1.2085000000000002e-06,-0.46875494399999695,0.61949999296,1.478624997056,-1.2499988480000006
1.209e-06,-0.46875494399999695,0.61949999296,1.476124997312,-0.6249989120000006
1.2095e-06,0.312495104000007,0.6132499936,1.477374997184,-0.6249989120000006
1.21e-06,0.312495104000007,0.61949999296,1.479874996928,-0.6249989120000006
1.2105e-06,0.312495104000007,0.62574999232,1.479874996928,-0.6249989120000006
1.2110000000000001e-06,-0.46875494399999695,0.62574999232,1.479874996928,-0.6249989120000006
1.2115000000000002e-06,0.312495104000007,0.62574999232,1.4823749966720001,-0.6249989120000006
1.212e-06,-0.46875494399999695,0.61949999296,1.4811249968,-0.6249989120000006
1.2125e-06,0.312495104000007,0.61949999296,1.479874996928,-0.6249989120000006
1.213e-06,0.312495104000007,0.61949999296,1.479874996928,-0.6249989120000006
1.2135000000000001e-06,0.312495104000007,0.6132499936,1.479874996928,-0.9374988799999997
1.2140000000000002e-06,0.312495104000007,0.6132499936,1.4823749966720001,-0.6249989120000006
1.2145e-06,0.312495104000007,0.61949999296,1.4823749966720001,-0.9374988799999997
1.215e-06,-0.46875494399999695,0.62574999232,1.4823749966720001,-0.9374988799999997
1.2155e-06,-0.46875494399999695,0.61949999296,1.479874996928,-0.9374988799999997
1.216e-06,0.312495104000007,0.61949999296,1.478624997056,-0.9374988799999997
1.2165000000000001e-06,0.312495104000007,0.61949999296,1.4823749966720001,-0.9374988799999997
1.2170000000000002e-06,0.312495104000007,0.61949999296,1.4823749966720001,-0.6249989120000006
1.2175e-06,0.312495104000007,0.62574999232,1.478624997056,-0.9374988799999997
1.218e-06,0.312495104000007,0.61949999296,1.478624997056,-0.6249989120000006
1.2185e-06,0.312495104000007,0.61949999296,1.479874996928,-0.6249989120000006
1.219e-06,0.312495104000007,0.61949999296,1.477374997184,-0.6249989120000006
1.2195000000000001e-06,-0.46875494399999695,0.62574999232,1.477374997184,-0.6249989120000006
1.2200000000000002e-06,-0.46875494399999695,0.61949999296,1.478624997056,-0.6249989120000006
1.2205e-06,0.312495104000007,0.61949999296,1.479874996928,-0.6249989120000006
1.221e-06,0.312495104000007,0.61949999296,1.479874996928,-0.6249989120000006
1.2215e-06,0.312495104000007,0.61949999296,1.479874996928,-0.9374988799999997
1.2220000000000001e-06,-0.46875494399999695,0.61949999296,1.479874996928,-0.6249989120000006
1.2225000000000002e-06,-0.46875494399999695,0.62574999232,1.4811249968,-0.6249989120000006
1.223e-06,-1.250004992000001,0.62574999232,1.479874996928,-0.9374988799999997
1.2235e-06,-1.250004992000001,0.61949999296,1.479874996928,-0.9374988799999997
1.224e-06,0.312495104000007,0.61949999296,1.477374997184,-0.6249989120000006
1.2245e-06,-0.46875494399999695,0.61949999296,1.479874996928,-1.2499988480000006
1.2250000000000001e-06,-0.46875494399999695,0.61949999296,1.479874996928,-0.6249989120000006
1.2255000000000002e-06,0.312495104000007,0.62574999232,1.477374997184,-0.31249894400000144
1.226e-06,-0.46875494399999695,0.62574999232,1.476124997312,-0.6249989120000006
1.2265e-06,-0.46875494399999695,0.62574999232,1.479874996928,-0.31249894400000144
1.227e-06,-0.46875494399999695,0.62574999232,1.4811249968,-0.6249989120000006
1.2275000000000001e-06,0.312495104000007,0.62574999232,1.479874996928,-0.31249894400000144
1.2280000000000001e-06,0.312495104000007,0.61949999296,1.478624997056,-0.6249989120000006
1.2285000000000002e-06,-0.46875494399999695,0.62574999232,1.4811249968,-0.6249989120000006
1.229e-06,-0.46875494399999695,0.62574999232,1.4823749966720001,-0.31249894400000144
1.2295e-06,0.312495104000007,0.62574999232,1.4823749966720001,-0.6249989120000006
1.23e-06,0.312495104000007,0.61949999296,1.478624997056,-0.6249989120000006
1.2305000000000001e-06,-0.46875494399999695,0.6132499936,1.478624997056,-0.6249989120000006
1.2310000000000002e-06,-0.46875494399999695,0.62574999232,1.478624997056,-0.6249989120000006
1.2315e-06,0.312495104000007,0.61949999296,1.4811249968,-0.9374988799999997
1.232e-06,0.312495104000007,0.62574999232,1.477374997184,-0.9374988799999997
1.2325e-06,-0.46875494399999695,0.62574999232,1.479874996928,-0.9374988799999997
1.233e-06,-0.46875494399999695,0.61949999296,1.478624997056,-0.6249989120000006
1.2335000000000001e-06,0.312495104000007,0.62574999232,1.479874996928,-0.31249894400000144
1.2340000000000002e-06,0.312495104000007,0.62574999232,1.4823749966720001,-0.9374988799999997
1.2345e-06,-0.46875494399999695,0.61949999296,1.4811249968,-0.6249989120000006
1.235e-06,-0.46875494399999695,0.62574999232,1.479874996928,-0.6249989120000006
1.2355e-06,-0.46875494399999695,0.62574999232,1.479874996928,-0.31249894400000144
1.2360000000000001e-06,-1.250004992000001,0.62574999232,1.477374997184,-0.6249989120000006
1.2365000000000001e-06,-0.46875494399999695,0.61949999296,1.478624997056,-0.9374988799999997
1.237e-06,0.312495104000007,0.62574999232,1.478624997056,-0.9374988799999997
1.2375e-06,-0.46875494399999695,0.62574999232,1.478624997056,-0.9374988799999997
1.238e-06,-0.46875494399999695,0.61949999296,1.478624997056,-0.6249989120000006
1.2385e-06,-0.46875494399999695,0.62574999232,1.479874996928,-0.6249989120000006
1.2390000000000001e-06,-0.46875494399999695,0.63199999168,1.478624997056,-0.6249989120000006
1.2395000000000002e-06,-0.46875494399999695,0.61949999296,1.4823749966720001,-0.6249989120000006
1.24e-06,-0.46875494399999695,0.62574999232,1.479874996928,-0.6249989120000006
1.2405e-06,0.312495104000007,0.62574999232,1.4823749966720001,-0.9374988799999997
1.241e-06,0.312495104000007,0.61949999296,1.4811249968,-0.9374988799999997
1.2415e-06,0.312495104000007,0.62574999232,1.4811249968,-0.6249989120000006
1.2420000000000001e-06,0.312495104000007,0.62574999232,1.479874996928,-0.6249989120000006
1.2425000000000002e-06,-0.46875494399999695,0.62574999232,1.479874996928,-0.6249989120000006
1.243e-06,-0.46875494399999695,0.61949999296,1.478624997056,-0.6249989120000006
1.2435e-06,0.312495104000007,0.61949999296,1.478624997056,-0.31249894400000144
1.244e-06,-0.46875494399999695,0.62574999232,1.478624997056,-0.6249989120000006
1.2445000000000001e-06,0.312495104000007,0.61949999296,1.479874996928,-0.9374988799999997
1.2450000000000002e-06,0.312495104000007,0.62574999232,1.4823749966720001,-0.9374988799999997
1.2455e-06,0.312495104000007,0.62574999232,1.4823749966720001,-0.6249989120000006
1.246e-06,-0.46875494399999695,0.61949999296,1.4811249968,-0.6249989120000006
1.2465e-06,-0.46875494399999695,0.62574999232,1.479874996928,-0.6249989120000006
1.247e-06,-0.46875494399999695,0.62574999232,1.478624997056,-0.9374988799999997
1.2475000000000001e-06,0.312495104000007,0.61949999296,1.479874996928,-0.9374988799999997
1.2480000000000002e-06,0.312495104000007,0.61949999296,1.478624997056,-0.6249989120000006
1.2485e-06,0.312495104000007,0.61949999296,1.4811249968,-0.9374988799999997
1.249e-06,0.312495104000007,0.61949999296,1.477374997184,-0.9374988799999997
1.2495e-06,0.312495104000007,0.62574999232,1.477374997184,-0.6249989120000006
1.25e-06,0.312495104000007,0.61949999296,1.4811249968,-0.6249989120000006
1.2505000000000001e-06,-0.46875494399999695,0.61949999296,1.4823749966720001,-0.9374988799999997
1.2510000000000002e-06,-0.46875494399999695,0.62574999232,1.479874996928,-0.6249989120000006
1.2515e-06,0.312495104000007,0.62574999232,1.477374997184,-0.6249989120000006
1.252e-06,-0.46875494399999695,0.61949999296,1.478624997056,-0.6249989120000006
1.2525e-06,-0.46875494399999695,0.61949999296,1.4811249968,-0.9374988799999997
1.2530000000000001e-06,0.312495104000007,0.61949999296,1.479874996928,-0.6249989120000006
1.2535000000000002e-06,0.312495104000007,0.62574999232,1.479874996928,-0.6249989120000006
1.254e-06,0.312495104000007,0.62574999232,1.4823749966720001,-0.6249989120000006
1.2545e-06,0.312495104000007,0.62574999232,1.4811249968,-0.6249989120000006
1.255e-06,0.312495104000007,0.63199999168,1.478624997056,-0.6249989120000006
1.2555e-06,0.312495104000007,0.61949999296,1.478624997056,-0.9374988799999997
1.2560000000000001e-06,0.312495104000007,0.61949999296,1.477374997184,-0.6249989120000006
1.2565000000000002e-06,-0.46875494399999695,0.61949999296,1.4811249968,-0.9374988799999997
1.257e-06,-0.46875494399999695,0.61949999296,1.4811249968,-0.9374988799999997
1.2575e-06,0.312495104000007,0.61949999296,1.478624997056,-0.9374988799999997
1.258e-06,0.312495104000007,0.61949999296,1.477374997184,-0.6249989120000006
1.2585e-06,-0.46875494399999695,0.62574999232,1.477374997184,-0.6249989120000006
1.2590000000000001e-06,-0.46875494399999695,0.61949999296,1.477374997184,-0.9374988799999997
1.2595000000000002e-06,0.312495104000007,0.61949999296,1.477374997184,-0.6249989120000006
1.26e-06,0.312495104000007,0.61949999296,1.477374997184,-0.6249989120000006
1.2605e-06,-0.46875494399999695,0.62574999232,1.479874996928,-0.6249989120000006
1.261e-06,-0.46875494399999695,0.61949999296,1.479874996928,-0.6249989120000006
1.2615000000000001e-06,-0.46875494399999695,0.61949999296,1.477374997184,-0.9374988799999997
1.2620000000000002e-06,-0.46875494399999695,0.62574999232,1.478624997056,-0.6249989120000006
1.2625e-06,0.312495104000007,0.63199999168,1.4811249968,-0.9374988799999997
1.263e-06,-0.46875494399999695,0.63199999168,1.4823749966720001,-0.6249989120000006
1.2635e-06,0.312495104000007,0.61949999296,1.479874996928,-1.2499988480000006
1.264e-06,0.312495104000007,0.63199999168,1.476124997312,-0.9374988799999997
1.2645000000000001e-06,-0.46875494399999695,0.62574999232,1.479874996928,-0.9374988799999997
1.2650000000000002e-06,-0.46875494399999695,0.62574999232,1.478624997056,-0.9374988799999997
1.2655e-06,0.312495104000007,0.62574999232,1.478624997056,-0.9374988799999997
1.266e-06,0.312495104000007,0.61949999296,1.479874996928,-0.6249989120000006
1.2665e-06,-0.46875494399999695,0.62574999232,1.479874996928,-0.6249989120000006
1.2670000000000001e-06,0.312495104000007,0.62574999232,1.479874996928,-0.9374988799999997
1.2675000000000001e-06,-0.46875494399999695,0.61949999296,1.4823749966720001,-0.9374988799999997
1.2680000000000002e-06,-0.46875494399999695,0.61949999296,1.479874996928,-0.9374988799999997
1.2685e-06,-0.46875494399999695,0.62574999232,1.4811249968,-0.9374988799999997
1.269e-06,0.312495104000007,0.62574999232,1.4811249968,-0.6249989120000006
1.2695e-06,-0.46875494399999695,0.61949999296,1.478624997056,-0.6249989120000006
1.2700000000000001e-06,-0.46875494399999695,0.61949999296,1.479874996928,-0.6249989120000006
1.2705000000000002e-06,-0.46875494399999695,0.62574999232,1.4811249968,-0.9374988799999997
1.271e-06,-0.46875494399999695,0.62574999232,1.478624997056,-0.9374988799999997
1.2715e-06,-0.46875494399999695,0.61949999296,1.477374997184,-1.2499988480000006
1.272e-06,-0.46875494399999695,0.62574999232,1.47487499744,-0.9374988799999997
1.2725e-06,-0.46875494399999695,0.62574999232,1.478624997056,-0.9374988799999997
1.2730000000000001e-06,0.312495104000007,0.61949999296,1.478624997056,-0.9374988799999997
1.2735000000000002e-06,0.312495104000007,0.61949999296,1.477374997184,-0.9374988799999997
1.274e-06,-0.46875494399999695,0.6132499936,1.476124997312,-0.9374988799999997
1.2745e-06,-0.46875494399999695,0.61949999296,1.476124997312,-0.9374988799999997
1.275e-06,-0.46875494399999695,0.62574999232,1.477374997184,-0.9374988799999997
1.2755000000000001e-06,0.312495104000007,0.62574999232,1.477374997184,-0.6249989120000006
1.2760000000000001e-06,-0.46875494399999695,0.61949999296,1.476124997312,-0.6249989120000006
1.2765e-06,1.0937451519999968,0.61949999296,1.477374997184,-0.9374988799999997
1.277e-06,-0.46875494399999695,0.61949999296,1.477374997184,-0.6249989120000006
1.2775e-06,-0.46875494399999695,0.61949999296,1.478624997056,-0.6249989120000006
1.278e-06,-0.46875494399999695,0.62574999232,1.479874996928,-0.6249989120000006
1.2785000000000001e-06,0.312495104000007,0.62574999232,1.4811249968,-0.6249989120000006
1.2790000000000002e-06,0.312495104000007,0.61949999296,1.4823749966720001,-0.9374988799999997
1.2795e-06,-0.46875494399999695,0.61949999296,1.4823749966720001,-0.6249989120000006
1.28e-06,0.312495104000007,0.62574999232,1.479874996928,-0.9374988799999997
1.2805e-06,0.312495104000007,0.61949999296,1.479874996928,-0.9374988799999997
1.281e-06,0.312495104000007,0.61949999296,1.478624997056,-0.6249989120000006
1.2815000000000001e-06,0.312495104000007,0.61949999296,1.477374997184,-0.9374988799999997
1.2820000000000002e-06,0.312495104000007,0.62574999232,1.477374997184,-0.9374988799999997
1.2825e-06,-0.46875494399999695,0.62574999232,1.478624997056,-0.9374988799999997
1.283e-06,-0.46875494399999695,0.62574999232,1.478624997056,-0.9374988799999997
1.2835e-06,-0.46875494399999695,0.61949999296,1.479874996928,-0.6249989120000006
1.2840000000000001e-06,0.312495104000007,0.61949999296,1.4811249968,-0.6249989120000006
1.2845000000000002e-06,0.312495104000007,0.62574999232,1.4811249968,-0.9374988799999997
1.285e-06,0.312495104000007,0.61949999296,1.479874996928,-0.9374988799999997
1.2855e-06,-0.46875494399999695,0.61949999296,1.478624997056,-0.9374988799999997
1.286e-06,-0.46875494399999695,0.62574999232,1.479874996928,-0.6249989120000006
1.2865e-06,0.312495104000007,0.62574999232,1.4811249968,-0.9374988799999997
1.2870000000000001e-06,0.312495104000007,0.62574999232,1.4811249968,-1.2499988480000006
1.2875000000000002e-06,0.312495104000007,0.62574999232,1.4823749966720001,-0.9374988799999997
1.288e-06,0.312495104000007,0.62574999232,1.479874996928,-0.9374988799999997
1.2885e-06,0.312495104000007,0.62574999232,1.478624997056,-1.2499988480000006
1.289e-06,0.312495104000007,0.61949999296,1.477374997184,-0.6249989120000006
1.2895e-06,0.312495104000007,0.61949999296,1.478624997056,-0.9374988799999997
1.2900000000000001e-06,0.312495104000007,0.61949999296,1.478624997056,-0.9374988799999997
1.2905000000000002e-06,0.312495104000007,0.62574999232,1.478624997056,-0.9374988799999997
1.291e-06,-0.46875494399999695,0.62574999232,1.479874996928,-0.9374988799999997
1.2915e-06,0.312495104000007,0.61949999296,1.478624997056,-0.9374988799999997
1.292e-06,-0.46875494399999695,0.62574999232,1.478624997056,-0.9374988799999997
1.2925000000000001e-06,0.312495104000007,0.61949999296,1.479874996928,-0.9374988799999997
1.2930000000000002e-06,0.312495104000007,0.61949999296,1.479874996928,-0.9374988799999997
1.2935e-06,-0.46875494399999695,0.61949999296,1.479874996928,-0.6249989120000006
1.294e-06,0.312495104000007,0.62574999232,1.479874996928,-0.6249989120000006
1.2945e-06,0.312495104000007,0.62574999232,1.4811249968,-0.9374988799999997
1.295e-06,0.312495104000007,0.62574999232,1.4823749966720001,-1.2499988480000006
1.2955000000000001e-06,0.312495104000007,0.6132499936,1.4823749966720001,-1.2499988480000006
1.2960000000000002e-06,0.312495104000007,0.61949999296,1.479874996928,-1.2499988480000006
1.2965e-06,0.312495104000007,0.6132499936,1.4823749966720001,-1.2499988480000006
1.297e-06,0.312495104000007,0.61949999296,1.483624996544,-1.2499988480000006
1.2975e-06,0.312495104000007,0.62574999232,1.4823749966720001,-0.9374988799999997
1.2980000000000001e-06,0.312495104000007,0.62574999232,1.479874996928,-0.9374988799999997
1.2985000000000001e-06,-0.46875494399999695,0.62574999232,1.4823749966720001,-0.9374988799999997
1.2990000000000002e-06,-0.46875494399999695,0.62574999232,1.4823749966720001,-0.9374988799999997
1.2995e-06,0.312495104000007,0.62574999232,1.4811249968,-0.9374988799999997
1.3e-06,-0.46875494399999695,0.61949999296,1.4811249968,-0.6249989120000006
1.3005e-06,0.312495104000007,0.62574999232,1.479874996928,-0.9374988799999997
1.3010000000000001e-06,0.312495104000007,0.63199999168,1.478624997056,-0.6249989120000006
1.3015000000000002e-06,-0.46875494399999695,0.62574999232,1.4811249968,-0.6249989120000006
1.302e-06,-0.46875494399999695,0.61949999296,1.483624996544,-0.6249989120000006
1.3025e-06,0.312495104000007,0.62574999232,1.484874996416,-0.9374988799999997
1.303e-06,0.312495104000007,0.63199999168,1.4811249968,-1.2499988480000006
1.3035e-06,0.312495104000007,0.62574999232,1.4823749966720001,-0.9374988799999997
1.3040000000000001e-06,0.312495104000007,0.62574999232,1.4811249968,-1.2499988480000006
1.3045000000000002e-06,-0.46875494399999695,0.61949999296,1.4811249968,-0.9374988799999997
1.305e-06,0.312495104000007,0.61949999296,1.478624997056,-0.9374988799999997
1.3055e-06,0.312495104000007,0.62574999232,1.479874996928,-0.9374988799999997
1.306e-06,0.312495104000007,0.62574999232,1.4811249968,-0.9374988799999997
1.3065000000000001e-06,-0.46875494399999695,0.61949999296,1.4823749966720001,-0.9374988799999997
1.3070000000000001e-06,0.312495104000007,0.62574999232,1.4811249968,-0.9374988799999997
1.3075000000000002e-06,0.312495104000007,0.62574999232,1.483624996544,-0.6249989120000006
1.308e-06,-0.46875494399999695,0.62574999232,1.4823749966720001,-1.2499988480000006
1.3085e-06,0.312495104000007,0.63199999168,1.4823749966720001,-0.9374988799999997
1.309e-06,0.312495104000007,0.62574999232,1.4811249968,-0.6249989120000006
1.3095000000000001e-06,0.312495104000007,0.61949999296,1.479874996928,-0.6249989120000006
1.3100000000000002e-06,0.312495104000007,0.61949999296,1.479874996928,-0.6249989120000006
1.3105e-06,0.312495104000007,0.62574999232,1.4811249968,-0.9374988799999997
1.311e-06,0.312495104000007,0.62574999232,1.4823749966720001,-1.2499988480000006
1.3115e-06,-0.46875494399999695,0.61949999296,1.4823749966720001,-1.2499988480000006
1.312e-06,0.312495104000007,0.62574999232,1.478624997056,-1.2499988480000006
1.3125000000000001e-06,0.312495104000007,0.62574999232,1.479874996928,-1.2499988480000006
1.3130000000000002e-06,0.312495104000007,0.61949999296,1.476124997312,-0.9374988799999997
1.3135e-06,-0.46875494399999695,0.62574999232,1.477374997184,-1.2499988480000006
1.314e-06,0.312495104000007,0.62574999232,1.478624997056,-0.9374988799999997
1.3145e-06,-0.46875494399999695,0.62574999232,1.4823749966720001,-0.9374988799999997
1.3150000000000001e-06,-0.46875494399999695,0.61949999296,1.4823749966720001,-0.9374988799999997
1.3155000000000002e-06,0.312495104000007,0.61949999296,1.4811249968,-0.6249989120000006
1.316e-06,-0.46875494399999695,0.61949999296,1.479874996928,-0.9374988799999997
1.3165e-06,0.312495104000007,0.62574999232,1.4811249968,-1.2499988480000006
1.317e-06,0.312495104000007,0.62574999232,1.4811249968,-0.9374988799999997
1.3175e-06,-0.46875494399999695,0.62574999232,1.479874996928,-0.9374988799999997
1.3180000000000001e-06,-0.46875494399999695,0.62574999232,1.479874996928,-0.6249989120000006
1.3185000000000002e-06,0.312495104000007,0.62574999232,1.4811249968,-0.9374988799999997
1.319e-06,0.312495104000007,0.62574999232,1.479874996928,-0.9374988799999997
1.3195e-06,0.312495104000007,0.61949999296,1.4823749966720001,-1.2499988480000006
1.32e-06,-0.46875494399999695,0.61949999296,1.4811249968,-1.2499988480000006
1.3205e-06,-0.46875494399999695,0.62574999232,1.4823749966720001,-1.2499988480000006
1.3210000000000001e-06,0.312495104000007,0.61949999296,1.479874996928,-0.6249989120000006
1.3215000000000002e-06,0.312495104000007,0.62574999232,1.478624997056,-0.9374988799999997
1.322e-06,-0.46875494399999695,0.62574999232,1.479874996928,-0.9374988799999997
1.3225e-06,0.312495104000007,0.62574999232,1.4811249968,-0.9374988799999997
1.323e-06,-0.46875494399999695,0.63199999168,1.4823749966720001,-1.2499988480000006
1.3235000000000001e-06,0.312495104000007,0.62574999232,1.4811249968,-0.9374988799999997
1.3240000000000002e-06,-0.46875494399999695,0.61949999296,1.479874996928,-0.6249989120000006
1.3245e-06,0.312495104000007,0.62574999232,1.4823749966720001,-1.5624988160000015
1.325e-06,0.312495104000007,0.61949999296,1.484874996416,-0.9374988799999997
1.3255e-06,-0.46875494399999695,0.61949999296,1.4823749966720001,-0.9374988799999997
1.326e-06,-0.46875494399999695,0.61949999296,1.4823749966720001,-0.9374988799999997
1.3265000000000001e-06,0.312495104000007,0.62574999232,1.4811249968,-0.9374988799999997
1.3270000000000002e-06,0.312495104000007,0.62574999232,1.479874996928,-0.9374988799999997
1.3275e-06,-0.46875494399999695,0.61949999296,1.4823749966720001,-0.9374988799999997
1.328e-06,0.312495104000007,0.61949999296,1.479874996928,-1.2499988480000006
1.3285e-06,-0.46875494399999695,0.62574999232,1.4823749966720001,-1.5624988160000015
1.3290000000000001e-06,-1.250004992000001,0.61949999296,1.4811249968,-0.9374988799999997
1.3295000000000001e-06,-0.46875494399999695,0.62574999232,1.483624996544,-1.2499988480000006
1.3300000000000002e-06,0.312495104000007,0.61949999296,1.479874996928,-1.2499988480000006
1.3305e-06,0.312495104000007,0.61949999296,1.478624997056,-1.2499988480000006
1.331e-06,-0.46875494399999695,0.61949999296,1.479874996928,-0.9374988799999997
1.3315e-06,0.312495104000007,0.61949999296,1.4823749966720001,-1.2499988480000006
1.3320000000000001e-06,-0.46875494399999695,0.61949999296,1.4811249968,-1.2499988480000006
1.3325000000000002e-06,0.312495104000007,0.61949999296,1.4811249968,-1.2499988480000006
1.333e-06,0.312495104000007,0.62574999232,1.479874996928,-0.9374988799999997
1.3335e-06,-0.46875494399999695,0.61949999296,1.4811249968,-1.2499988480000006
1.334e-06,-0.46875494399999695,0.62574999232,1.4823749966720001,-0.9374988799999997
1.3345e-06,0.312495104000007,0.62574999232,1.4811249968,-0.9374988799999997
1.3350000000000001e-06,0.312495104000007,0.62574999232,1.479874996928,-1.2499988480000006
1.3355000000000002e-06,0.312495104000007,0.61949999296,1.479874996928,-1.2499988480000006
1.336e-06,0.312495104000007,0.61949999296,1.479874996928,-1.2499988480000006
1.3365e-06,-0.46875494399999695,0.6132499936,1.479874996928,-1.5624988160000015
1.337e-06,-1.250004992000001,0.61949999296,1.478624997056,-0.9374988799999997
1.3375000000000001e-06,0.312495104000007,0.62574999232,1.478624997056,-0.9374988799999997
1.3380000000000001e-06,0.312495104000007,0.61949999296,1.478624997056,-1.2499988480000006
1.3385000000000002e-06,0.312495104000007,0.62574999232,1.4811249968,-1.2499988480000006
1.339e-06,0.312495104000007,0.61949999296,1.4811249968,-1.2499988480000006
1.3395e-06,0.312495104000007,0.61949999296,1.4823749966720001,-0.9374988799999997
1.34e-06,-0.46875494399999695,0.61949999296,1.479874996928,-0.9374988799999997
1.3405000000000001e-06,-0.46875494399999695,0.61949999296,1.4811249968,-1.2499988480000006
1.3410000000000002e-06,0.312495104000007,0.61949999296,1.4823749966720001,-1.2499988480000006
1.3415e-06,0.312495104000007,0.61949999296,1.4823749966720001,-1.2499988480000006
1.342e-06,-0.46875494399999695,0.61949999296,1.4811249968,-0.9374988799999997
1.3425e-06,-0.46875494399999695,0.61949999296,1.4823749966720001,-0.9374988799999997
1.343e-06,-0.46875494399999695,0.61949999296,1.4811249968,-0.9374988799999997
1.3435000000000001e-06,-0.46875494399999695,0.61949999296,1.4811249968,-0.9374988799999997
1.3440000000000002e-06,0.312495104000007,0.62574999232,1.478624997056,-0.9374988799999997
1.3445e-06,-0.46875494399999695,0.61949999296,1.479874996928,-1.2499988480000006
1.345e-06,-0.46875494399999695,0.61949999296,1.477374997184,-0.9374988799999997
1.3455e-06,-0.46875494399999695,0.61949999296,1.477374997184,-0.9374988799999997
1.3460000000000001e-06,0.312495104000007,0.61949999296,1.477374997184,-1.2499988480000006
1.3465000000000002e-06,-0.46875494399999695,0.62574999232,1.478624997056,-1.2499988480000006
1.347e-06,-0.46875494399999695,0.62574999232,1.478624997056,-1.2499988480000006
1.3475e-06,0.312495104000007,0.61949999296,1.478624997056,-0.9374988799999997
1.348e-06,-0.46875494399999695,0.61949999296,1.479874996928,-0.6249989120000006
1.3485e-06,-0.46875494399999695,0.61949999296,1.4811249968,-0.9374988799999997
1.3490000000000001e-06,-0.46875494399999695,0.61949999296,1.4823749966720001,-0.9374988799999997
1.3495000000000002e-06,-0.46875494399999695,0.61949999296,1.4811249968,-1.2499988480000006
1.35e-06,-0.46875494399999695,0.61949999296,1.4823749966720001,-0.6249989120000006
1.3505e-06,-0.46875494399999695,0.61949999296,1.4811249968,-0.9374988799999997
1.351e-06,-0.46875494399999695,0.62574999232,1.4811249968,-0.9374988799999997
1.3515e-06,-0.46875494399999695,0.61949999296,1.4823749966720001,-0.9374988799999997
1.3520000000000001e-06,0.312495104000007,0.61949999296,1.4811249968,-0.9374988799999997
1.3525000000000002e-06,0.312495104000007,0.62574999232,1.4823749966720001,-1.2499988480000006
1.353e-06,-0.46875494399999695,0.62574999232,1.479874996928,-1.2499988480000006
1.3535e-06,-0.46875494399999695,0.62574999232,1.4811249968,-0.9374988799999997
1.354e-06,-0.46875494399999695,0.62574999232,1.4811249968,-1.2499988480000006
1.3545000000000001e-06,-0.46875494399999695,0.62574999232,1.479874996928,-0.9374988799999997
1.3550000000000002e-06,-0.46875494399999695,0.61949999296,1.478624997056,-0.9374988799999997
1.3555e-06,0.312495104000007,0.61949999296,1.478624997056,-0.9374988799999997
1.356e-06,-0.46875494399999695,0.61949999296,1.477374997184,-0.9374988799999997
1.3565e-06,-0.46875494399999695,0.62574999232,1.479874996928,-1.2499988480000006
1.357e-06,-0.46875494399999695,0.62574999232,1.479874996928,-0.9374988799999997
1.3575000000000001e-06,-0.46875494399999695,0.62574999232,1.479874996928,-1.2499988480000006
1.3580000000000002e-06,-0.46875494399999695,0.61949999296,1.4811249968,-1.2499988480000006
1.3585e-06,0.312495104000007,0.62574999232,1.483624996544,-0.9374988799999997
1.359e-06,0.312495104000007,0.62574999232,1.483624996544,-1.2499988480000006
1.3595e-06,0.312495104000007,0.61949999296,1.4823749966720001,-1.5624988160000015
1.3600000000000001e-06,0.312495104000007,0.62574999232,1.479874996928,-1.2499988480000006
1.3605000000000001e-06,-0.46875494399999695,0.62574999232,1.4823749966720001,-1.2499988480000006
1.3610000000000002e-06,0.312495104000007,0.61949999296,1.4823749966720001,-0.9374988799999997
1.3615e-06,-0.46875494399999695,0.62574999232,1.479874996928,-0.9374988799999997
1.362e-06,0.312495104000007,0.62574999232,1.478624997056,-0.9374988799999997
1.3625e-06,0.312495104000007,0.62574999232,1.477374997184,-0.9374988799999997
1.3630000000000001e-06,-0.46875494399999695,0.61949999296,1.477374997184,-0.9374988799999997
1.3635000000000002e-06,0.312495104000007,0.62574999232,1.477374997184,-0.9374988799999997
1.364e-06,-0.46875494399999695,0.61949999296,1.478624997056,-1.2499988480000006
1.3645e-06,0.312495104000007,0.61949999296,1.479874996928,-1.2499988480000006
1.365e-06,0.312495104000007,0.62574999232,1.479874996928,-0.9374988799999997
1.3655e-06,-0.46875494399999695,0.61949999296,1.479874996928,-1.2499988480000006
1.3660000000000001e-06,0.312495104000007,0.61949999296,1.479874996928,-0.6249989120000006
1.3665000000000002e-06,0.312495104000007,0.61949999296,1.4823749966720001,-1.2499988480000006
1.367e-06,0.312495104000007,0.62574999232,1.4823749966720001,-0.9374988799999997
1.3675e-06,0.312495104000007,0.62574999232,1.4823749966720001,-0.9374988799999997
1.368e-06,0.312495104000007,0.61949999296,1.479874996928,-0.9374988799999997
1.3685000000000001e-06,-0.46875494399999695,0.61949999296,1.4823749966720001,-1.2499988480000006
1.3690000000000001e-06,-1.250004992000001,0.62574999232,1.4811249968,-1.2499988480000006
1.3695000000000002e-06,-0.46875494399999695,0.62574999232,1.478624997056,-0.9374988799999997
1.37e-06,0.312495104000007,0.62574999232,1.479874996928,-1.2499988480000006
1.3705e-06,-0.46875494399999695,0.62574999232,1.4823749966720001,-1.2499988480000006
1.371e-06,0.312495104000007,0.61949999296,1.4823749966720001,-1.2499988480000006
1.3715000000000001e-06,0.312495104000007,0.61949999296,1.483624996544,-0.9374988799999997
1.3720000000000002e-06,-0.46875494399999695,0.61949999296,1.484874996416,-0.6249989120000006
1.3725e-06,-0.46875494399999695,0.62574999232,1.486124996288,-0.9374988799999997
1.373e-06,-0.46875494399999695,0.62574999232,1.483624996544,-0.9374988799999997
1.3735e-06,-0.46875494399999695,0.62574999232,1.4823749966720001,-0.6249989120000006
1.374e-06,-0.46875494399999695,0.62574999232,1.4823749966720001,-0.9374988799999997
1.3745000000000001e-06,0.312495104000007,0.61949999296,1.4823749966720001,-0.9374988799999997
1.3750000000000002e-06,-0.46875494399999695,0.62574999232,1.4811249968,-1.2499988480000006
1.3755e-06,0.312495104000007,0.62574999232,1.4811249968,-0.9374988799999997
1.376e-06,-0.46875494399999695,0.62574999232,1.478624997056,-1.2499988480000006
1.3765e-06,0.312495104000007,0.61949999296,1.4823749966720001,-1.2499988480000006
1.3770000000000001e-06,0.312495104000007,0.61949999296,1.4811249968,-0.9374988799999997
1.3775000000000002e-06,-0.46875494399999695,0.6132499936,1.4811249968,-0.9374988799999997
1.3780000000000002e-06,0.312495104000007,0.61949999296,1.479874996928,-1.2499988480000006
1.3785e-06,0.312495104000007,0.62574999232,1.479874996928,-0.6249989120000006
1.379e-06,0.312495104000007,0.62574999232,1.4823749966720001,-0.9374988799999997
1.3795e-06,-0.46875494399999695,0.61949999296,1.4823749966720001,-0.9374988799999997
1.3800000000000001e-06,0.312495104000007,0.62574999232,1.4823749966720001,-0.9374988799999997
1.3805000000000002e-06,-0.46875494399999695,0.61949999296,1.483624996544,-1.2499988480000006
1.381e-06,0.312495104000007,0.62574999232,1.4823749966720001,-0.9374988799999997
1.3815e-06,-1.250004992000001,0.62574999232,1.4811249968,-0.9374988799999997
1.382e-06,-0.46875494399999695,0.61949999296,1.479874996928,-0.6249989120000006
1.3825e-06,-0.46875494399999695,0.62574999232,1.4811249968,-0.9374988799999997
1.3830000000000001e-06,0.312495104000007,0.62574999232,1.479874996928,-1.2499988480000006
1.3835000000000002e-06,-0.46875494399999695,0.61949999296,1.479874996928,-1.2499988480000006
1.384e-06,0.312495104000007,0.61949999296,1.478624997056,-0.9374988799999997
1.3845e-06,0.312495104000007,0.61949999296,1.4811249968,-0.9374988799999997
1.385e-06,-0.46875494399999695,0.61949999296,1.479874996928,-0.9374988799999997
1.3855000000000001e-06,-0.46875494399999695,0.62574999232,1.4811249968,-0.9374988799999997
1.3860000000000002e-06,0.312495104000007,0.61949999296,1.4823749966720001,-1.2499988480000006
1.3865e-06,-0.46875494399999695,0.62574999232,1.4823749966720001,-1.2499988480000006
1.387e-06,-0.46875494399999695,0.61949999296,1.479874996928,-0.9374988799999997
1.3875e-06,-0.46875494399999695,0.61949999296,1.479874996928,-0.9374988799999997
1.388e-06,0.312495104000007,0.61949999296,1.4811249968,-0.6249989120000006
1.3885000000000001e-06,1.0937451519999968,0.62574999232,1.486124996288,-0.9374988799999997
1.3890000000000002e-06,0.312495104000007,0.62574999232,1.484874996416,-0.9374988799999997
1.3895e-06,-0.46875494399999695,0.61949999296,1.4823749966720001,-1.2499988480000006
1.39e-06,-0.46875494399999695,0.61949999296,1.4811249968,-0.6249989120000006
1.3905e-06,0.312495104000007,0.62574999232,1.4823749966720001,-0.9374988799999997
1.3910000000000001e-06,-0.46875494399999695,0.61949999296,1.483624996544,-0.9374988799999997
1.3915000000000001e-06,-0.46875494399999695,0.61949999296,1.483624996544,-0.9374988799999997
1.3920000000000002e-06,-0.46875494399999695,0.61949999296,1.4823749966720001,-1.2499988480000006
1.3925e-06,-0.46875494399999695,0.62574999232,1.483624996544,-1.2499988480000006
1.393e-06,-0.46875494399999695,0.61949999296,1.483624996544,-0.9374988799999997
1.3935e-06,0.312495104000007,0.62574999232,1.483624996544,-1.2499988480000006
1.3940000000000001e-06,0.312495104000007,0.62574999232,1.4823749966720001,-1.2499988480000006
1.3945000000000002e-06,0.312495104000007,0.62574999232,1.4823749966720001,-1.2499988480000006
1.395e-06,0.312495104000007,0.61949999296,1.4811249968,-0.6249989120000006
1.3955e-06,0.312495104000007,0.62574999232,1.4811249968,-0.6249989120000006
1.396e-06,-0.46875494399999695,0.61949999296,1.4811249968,-0.9374988799999997
1.3965e-06,-0.46875494399999695,0.62574999232,1.4823749966720001,-0.9374988799999997
1.3970000000000001e-06,0.312495104000007,0.61949999296,1.4811249968,-0.9374988799999997
1.3975000000000002e-06,-0.46875494399999695,0.61949999296,1.4811249968,-0.9374988799999997
1.398e-06,0.312495104000007,0.61949999296,1.4811249968,-0.6249989120000006
1.3985e-06,0.312495104000007,0.62574999232,1.4823749966720001,-0.9374988799999997
1.399e-06,0.312495104000007,0.62574999232,1.479874996928,-0.6249989120000006
1.3995000000000001e-06,0.312495104000007,0.61949999296,1.4811249968,-0.9374988799999997
1.4000000000000001e-06,0.312495104000007,0.61949999296,1.479874996928,-1.2499988480000006
1.4005000000000002e-06,0.312495104000007,0.61949999296,1.4823749966720001,-1.5624988160000015
1.401e-06,-0.46875494399999695,0.61949999296,1.479874996928,-0.9374988799999997
1.4015e-06,0.312495104000007,0.61949999296,1.4811249968,-1.2499988480000006
1.402e-06,0.312495104000007,0.61949999296,1.4823749966720001,-0.9374988799999997
1.4025000000000001e-06,1.0937451519999968,0.62574999232,1.4823749966720001,-1.2499988480000006
1.4030000000000002e-06,-0.46875494399999695,0.61949999296,1.4823749966720001,-1.2499988480000006
1.4035e-06,0.312495104000007,0.61949999296,1.483624996544,-0.9374988799999997
1.404e-06,-0.46875494399999695,0.61949999296,1.4823749966720001,-1.2499988480000006
1.4045e-06,-0.46875494399999695,0.61949999296,1.4823749966720001,-1.2499988480000006
1.405e-06,0.312495104000007,0.62574999232,1.4823749966720001,-0.9374988799999997
1.4055000000000001e-06,-0.46875494399999695,0.61949999296,1.4823749966720001,-1.2499988480000006
1.4060000000000002e-06,-0.46875494399999695,0.62574999232,1.4823749966720001,-1.2499988480000006
1.4065e-06,0.312495104000007,0.62574999232,1.4811249968,-0.9374988799999997
1.407e-06,0.312495104000007,0.62574999232,1.479874996928,-1.2499988480000006
1.4075e-06,0.312495104000007,0.61949999296,1.4811249968,-1.2499988480000006
1.4080000000000001e-06,0.312495104000007,0.61949999296,1.478624997056,-1.5624988160000015
1.4085000000000002e-06,-0.46875494399999695,0.61949999296,1.4823749966720001,-1.5624988160000015
1.4090000000000002e-06,0.312495104000007,0.61949999296,1.4823749966720001,-1.2499988480000006
1.4095e-06,0.312495104000007,0.61949999296,1.4811249968,-1.2499988480000006
1.41e-06,0.312495104000007,0.61949999296,1.4811249968,-1.2499988480000006
1.4105e-06,0.312495104000007,0.62574999232,1.4823749966720001,-0.9374988799999997
1.4110000000000001e-06,1.0937451519999968,0.62574999232,1.4811249968,-1.2499988480000006
1.4115000000000002e-06,0.312495104000007,0.63199999168,1.483624996544,-0.9374988799999997
1.412e-06,-1.250004992000001,0.62574999232,1.4823749966720001,-1.2499988480000006
1.4125e-06,-0.46875494399999695,0.63199999168,1.483624996544,-1.2499988480000006
1.413e-06,-0.46875494399999695,0.61949999296,1.4811249968,-1.2499988480000006
1.4135e-06,-0.46875494399999695,0.61949999296,1.4811249968,-1.2499988480000006
1.4140000000000001e-06,0.312495104000007,0.61949999296,1.4823749966720001,-1.2499988480000006
1.4145000000000002e-06,0.312495104000007,0.61949999296,1.484874996416,-1.2499988480000006
1.415e-06,0.312495104000007,0.62574999232,1.4823749966720001,-0.9374988799999997
1.4155e-06,0.312495104000007,0.61949999296,1.4823749966720001,-1.2499988480000006
1.416e-06,0.312495104000007,0.62574999232,1.4823749966720001,-1.2499988480000006
1.4165000000000001e-06,0.312495104000007,0.62574999232,1.484874996416,-1.2499988480000006
1.4170000000000002e-06,-0.46875494399999695,0.61949999296,1.4823749966720001,-0.9374988799999997
1.4175000000000002e-06,-0.46875494399999695,0.61949999296,1.479874996928,-0.9374988799999997
1.418e-06,0.312495104000007,0.63199999168,1.479874996928,-0.9374988799999997
1.4185e-06,0.312495104000007,0.62574999232,1.4823749966720001,-1.2499988480000006
1.419e-06,0.312495104000007,0.62574999232,1.4811249968,-1.2499988480000006
1.4195000000000001e-06,0.312495104000007,0.61949999296,1.4823749966720001,-0.9374988799999997
1.4200000000000002e-06,-0.46875494399999695,0.61949999296,1.4823749966720001,-1.2499988480000006
1.4205e-06,1.0937451519999968,0.62574999232,1.4811249968,-1.2499988480000006
1.421e-06,0.312495104000007,0.62574999232,1.4811249968,-0.9374988799999997
1.4215e-06,-0.46875494399999695,0.62574999232,1.4811249968,-1.2499988480000006
1.4220000000000001e-06,-0.46875494399999695,0.61949999296,1.4823749966720001,-0.9374988799999997
1.4225000000000001e-06,-0.46875494399999695,0.62574999232,1.4823749966720001,-1.2499988480000006
1.4230000000000002e-06,-0.46875494399999695,0.63199999168,1.4811249968,-1.2499988480000006
1.4235e-06,-0.46875494399999695,0.61949999296,1.4811249968,-1.5624988160000015
1.424e-06,0.312495104000007,0.62574999232,1.477374997184,-1.5624988160000015
1.4245e-06,-0.46875494399999695,0.62574999232,1.479874996928,-1.5624988160000015
1.4250000000000001e-06,0.312495104000007,0.61949999296,1.4811249968,-1.2499988480000006
1.4255000000000002e-06,0.312495104000007,0.61949999296,1.4811249968,-0.9374988799999997
1.426e-06,0.312495104000007,0.61949999296,1.478624997056,-1.2499988480000006
1.4265e-06,0.312495104000007,0.62574999232,1.479874996928,-1.2499988480000006
1.427e-06,0.312495104000007,0.61949999296,1.478624997056,-1.2499988480000006
1.4275e-06,0.312495104000007,0.61949999296,1.479874996928,-0.9374988799999997
1.4280000000000001e-06,-0.46875494399999695,0.62574999232,1.478624997056,-1.2499988480000006
1.4285000000000002e-06,-0.46875494399999695,0.62574999232,1.4811249968,-1.5624988160000015
1.429e-06,0.312495104000007,0.62574999232,1.4823749966720001,-1.2499988480000006
1.4295e-06,0.312495104000007,0.61949999296,1.4811249968,-1.2499988480000006
1.43e-06,0.312495104000007,0.62574999232,1.479874996928,-1.2499988480000006
1.4305000000000001e-06,-0.46875494399999695,0.62574999232,1.479874996928,-1.2499988480000006
1.4310000000000001e-06,-0.46875494399999695,0.62574999232,1.479874996928,-1.2499988480000006
1.4315000000000002e-06,0.312495104000007,0.61949999296,1.483624996544,-1.5624988160000015
1.432e-06,0.312495104000007,0.62574999232,1.4823749966720001,-1.5624988160000015
1.4325e-06,0.312495104000007,0.61949999296,1.483624996544,-1.5624988160000015
1.433e-06,-0.46875494399999695,0.62574999232,1.4823749966720001,-1.2499988480000006
1.4335000000000001e-06,0.312495104000007,0.62574999232,1.4811249968,-1.2499988480000006
1.4340000000000002e-06,0.312495104000007,0.62574999232,1.479874996928,-1.2499988480000006
1.4345e-06,-0.46875494399999695,0.62574999232,1.479874996928,-1.2499988480000006
1.435e-06,-0.46875494399999695,0.62574999232,1.4811249968,-1.2499988480000006
1.4355e-06,0.312495104000007,0.62574999232,1.483624996544,-1.2499988480000006
1.436e-06,0.312495104000007,0.62574999232,1.4811249968,-1.2499988480000006
1.4365000000000001e-06,-0.46875494399999695,0.62574999232,1.4823749966720001,-1.5624988160000015
1.4370000000000002e-06,-0.46875494399999695,0.62574999232,1.484874996416,-1.2499988480000006
1.4375e-06,-0.46875494399999695,0.62574999232,1.483624996544,-1.5624988160000015
1.438e-06,-0.46875494399999695,0.62574999232,1.4823749966720001,-1.2499988480000006
1.4385e-06,-0.46875494399999695,0.62574999232,1.4823749966720001,-1.2499988480000006
1.4390000000000001e-06,0.312495104000007,0.62574999232,1.4823749966720001,-1.5624988160000015
1.4395000000000002e-06,-0.46875494399999695,0.62574999232,1.4823749966720001,-1.5624988160000015
1.4400000000000002e-06,-0.46875494399999695,0.61949999296,1.4811249968,-1.2499988480000006
1.4405e-06,-0.46875494399999695,0.61949999296,1.484874996416,-1.5624988160000015
1.441e-06,-0.46875494399999695,0.61949999296,1.484874996416,-1.2499988480000006
1.4415e-06,-0.46875494399999695,0.63199999168,1.483624996544,-1.2499988480000006
1.4420000000000001e-06,-0.46875494399999695,0.62574999232,1.4811249968,-1.2499988480000006
1.4425000000000002e-06,0.312495104000007,0.63199999168,1.479874996928,-1.2499988480000006
1.443e-06,0.312495104000007,0.62574999232,1.4811249968,-0.9374988799999997
1.4435e-06,0.312495104000007,0.62574999232,1.4811249968,-1.2499988480000006
1.444e-06,-0.46875494399999695,0.62574999232,1.4823749966720001,-1.2499988480000006
1.4445e-06,-0.46875494399999695,0.63199999168,1.483624996544,-1.5624988160000015
1.4450000000000001e-06,-0.46875494399999695,0.63199999168,1.4823749966720001,-1.2499988480000006
1.4455000000000002e-06,-0.46875494399999695,0.62574999232,1.4811249968,-1.2499988480000006
1.446e-06,0.312495104000007,0.62574999232,1.479874996928,-0.9374988799999997
1.4465e-06,0.312495104000007,0.62574999232,1.4811249968,-1.2499988480000006
1.447e-06,0.312495104000007,0.62574999232,1.4811249968,-1.2499988480000006
1.4475000000000001e-06,0.312495104000007,0.62574999232,1.4811249968,-1.5624988160000015
1.4480000000000002e-06,0.312495104000007,0.62574999232,1.479874996928,-1.2499988480000006
1.4485000000000002e-06,-0.46875494399999695,0.62574999232,1.4823749966720001,-1.5624988160000015
1.449e-06,-0.46875494399999695,0.62574999232,1.4811249968,-1.2499988480000006
1.4495e-06,0.312495104000007,0.62574999232,1.4823749966720001,-1.5624988160000015
1.45e-06,0.312495104000007,0.61949999296,1.483624996544,-1.5624988160000015
1.4505000000000001e-06,0.312495104000007,0.61949999296,1.4823749966720001,-1.2499988480000006
1.4510000000000002e-06,-0.46875494399999695,0.62574999232,1.478624997056,-1.2499988480000006
1.4515e-06,0.312495104000007,0.61949999296,1.479874996928,-1.2499988480000006
1.452e-06,-0.46875494399999695,0.62574999232,1.4811249968,-1.2499988480000006
1.4525e-06,0.312495104000007,0.62574999232,1.4811249968,-1.2499988480000006
1.4530000000000001e-06,0.312495104000007,0.62574999232,1.479874996928,-1.2499988480000006
1.4535000000000001e-06,0.312495104000007,0.62574999232,1.478624997056,-1.2499988480000006
1.4540000000000002e-06,-0.46875494399999695,0.61949999296,1.4811249968,-1.2499988480000006
1.4545e-06,-0.46875494399999695,0.62574999232,1.483624996544,-1.2499988480000006
1.455e-06,-0.46875494399999695,0.62574999232,1.484874996416,-1.5624988160000015
1.4555e-06,0.312495104000007,0.62574999232,1.484874996416,-1.2499988480000006
1.4560000000000001e-06,0.312495104000007,0.62574999232,1.483624996544,-1.5624988160000015
1.4565000000000002e-06,-0.46875494399999695,0.61949999296,1.484874996416,-1.5624988160000015
1.4570000000000002e-06,-0.46875494399999695,0.62574999232,1.483624996544,-1.2499988480000006
1.4575e-06,0.312495104000007,0.61949999296,1.483624996544,-1.2499988480000006
1.458e-06,0.312495104000007,0.61949999296,1.484874996416,-1.2499988480000006
1.4585e-06,0.312495104000007,0.62574999232,1.486124996288,-1.2499988480000006
1.4590000000000001e-06,-0.46875494399999695,0.61949999296,1.48737499616,-1.2499988480000006
1.4595000000000002e-06,0.312495104000007,0.61949999296,1.486124996288,-1.2499988480000006
1.46e-06,0.312495104000007,0.61949999296,1.483624996544,-1.2499988480000006
1.4605e-06,-0.46875494399999695,0.63199999168,1.484874996416,-1.2499988480000006
1.461e-06,0.312495104000007,0.63199999168,1.484874996416,-0.9374988799999997
1.4615000000000001e-06,-0.46875494399999695,0.61949999296,1.483624996544,-1.2499988480000006
1.4620000000000001e-06,0.312495104000007,0.62574999232,1.483624996544,-1.2499988480000006
1.4625000000000002e-06,-0.46875494399999695,0.62574999232,1.4823749966720001,-1.2499988480000006
1.463e-06,0.312495104000007,0.62574999232,1.4823749966720001,-1.2499988480000006
1.4635e-06,-0.46875494399999695,0.61949999296,1.4811249968,-1.5624988160000015
1.464e-06,-0.46875494399999695,0.61949999296,1.479874996928,-1.5624988160000015
1.4645000000000001e-06,-0.46875494399999695,0.61949999296,1.4811249968,-1.5624988160000015
1.4650000000000002e-06,-1.250004992000001,0.62574999232,1.4823749966720001,-1.2499988480000006
1.4655e-06,0.312495104000007,0.63199999168,1.483624996544,-1.2499988480000006
1.466e-06,0.312495104000007,0.63199999168,1.4823749966720001,-1.2499988480000006
1.4665e-06,0.312495104000007,0.62574999232,1.4811249968,-1.5624988160000015
1.467e-06,-0.46875494399999695,0.63199999168,1.479874996928,-1.2499988480000006
1.4675000000000001e-06,0.312495104000007,0.61949999296,1.4823749966720001,-1.2499988480000006
1.4680000000000002e-06,0.312495104000007,0.61949999296,1.484874996416,-1.2499988480000006
1.4685e-06,0.312495104000007,0.63199999168,1.484874996416,-1.5624988160000015
1.469e-06,0.312495104000007,0.62574999232,1.484874996416,-1.5624988160000015
1.4695e-06,1.0937451519999968,0.62574999232,1.484874996416,-1.5624988160000015
1.4700000000000001e-06,0.312495104000007,0.61949999296,1.483624996544,-1.2499988480000006
1.4705000000000002e-06,-0.46875494399999695,0.62574999232,1.484874996416,-1.2499988480000006
1.4710000000000002e-06,-0.46875494399999695,0.62574999232,1.484874996416,-1.2499988480000006
1.4715e-06,0.312495104000007,0.61949999296,1.483624996544,-1.5624988160000015
1.472e-06,0.312495104000007,0.61949999296,1.479874996928,-1.5624988160000015
1.4725e-06,0.312495104000007,0.62574999232,1.4823749966720001,-1.5624988160000015
1.4730000000000001e-06,-1.250004992000001,0.62574999232,1.4823749966720001,-1.2499988480000006
1.4735000000000002e-06,0.312495104000007,0.61949999296,1.483624996544,-1.5624988160000015
1.474e-06,0.312495104000007,0.61949999296,1.483624996544,-1.2499988480000006
1.4745e-06,-0.46875494399999695,0.62574999232,1.483624996544,-1.5624988160000015
1.475e-06,-0.46875494399999695,0.62574999232,1.484874996416,-1.5624988160000015
1.4755e-06,0.312495104000007,0.61949999296,1.484874996416,-1.2499988480000006
1.4760000000000001e-06,-0.46875494399999695,0.62574999232,1.4823749966720001,-1.2499988480000006
1.4765000000000002e-06,0.312495104000007,0.61949999296,1.4823749966720001,-1.2499988480000006
1.477e-06,0.312495104000007,0.61949999296,1.484874996416,-1.5624988160000015
1.4775e-06,-0.46875494399999695,0.61949999296,1.486124996288,-1.5624988160000015
1.478e-06,0.312495104000007,0.61949999296,1.48737499616,-1.2499988480000006
1.4785000000000001e-06,0.312495104000007,0.61949999296,1.484874996416,-1.2499988480000006
1.4790000000000002e-06,-0.46875494399999695,0.62574999232,1.4823749966720001,-1.2499988480000006
1.4795000000000002e-06,-0.46875494399999695,0.61949999296,1.4811249968,-1.5624988160000015
1.48e-06,0.312495104000007,0.62574999232,1.479874996928,-1.5624988160000015
1.4805e-06,-0.46875494399999695,0.61949999296,1.4823749966720001,-1.5624988160000015
1.481e-06,-0.46875494399999695,0.62574999232,1.4823749966720001,-1.2499988480000006
1.4815000000000001e-06,0.312495104000007,0.62574999232,1.4823749966720001,-1.2499988480000006
1.4820000000000002e-06,0.312495104000007,0.62574999232,1.479874996928,-1.5624988160000015
1.4825e-06,-0.46875494399999695,0.6132499936,1.4811249968,-1.2499988480000006
1.483e-06,-0.46875494399999695,0.61949999296,1.4811249968,-1.2499988480000006
1.4835e-06,-0.46875494399999695,0.61949999296,1.4811249968,-1.5624988160000015
1.4840000000000001e-06,-0.46875494399999695,0.62574999232,1.4811249968,-1.2499988480000006
1.4845000000000001e-06,-0.46875494399999695,0.62574999232,1.4823749966720001,-1.2499988480000006
1.4850000000000002e-06,0.312495104000007,0.62574999232,1.483624996544,-1.2499988480000006
1.4855e-06,-0.46875494399999695,0.61949999296,1.4823749966720001,-1.2499988480000006
1.486e-06,-0.46875494399999695,0.62574999232,1.486124996288,-1.2499988480000006
1.4865e-06,-0.46875494399999695,0.63199999168,1.483624996544,-1.2499988480000006
1.4870000000000001e-06,-0.46875494399999695,0.63199999168,1.479874996928,-1.2499988480000006
1.4875000000000002e-06,-0.46875494399999695,0.61949999296,1.4823749966720001,-1.8749987840000006
1.4880000000000002e-06,-0.46875494399999695,0.61949999296,1.479874996928,-1.8749987840000006
1.4885e-06,-0.46875494399999695,0.61949999296,1.4811249968,-1.5624988160000015
1.489e-06,-1.250004992000001,0.61949999296,1.4811249968,-1.8749987840000006
1.4895e-06,-0.46875494399999695,0.61949999296,1.479874996928,-1.5624988160000015
1.4900000000000001e-06,0.312495104000007,0.62574999232,1.479874996928,-1.2499988480000006
1.4905000000000002e-06,0.312495104000007,0.62574999232,1.483624996544,-1.5624988160000015
1.491e-06,-0.46875494399999695,0.62574999232,1.484874996416,-1.5624988160000015
1.4915e-06,0.312495104000007,0.62574999232,1.4823749966720001,-1.2499988480000006
1.492e-06,-0.46875494399999695,0.61949999296,1.479874996928,-1.2499988480000006
1.4925000000000001e-06,-0.46875494399999695,0.61949999296,1.4811249968,-1.5624988160000015
1.4930000000000001e-06,-0.46875494399999695,0.62574999232,1.479874996928,-1.2499988480000006
1.4935000000000002e-06,-0.46875494399999695,0.61949999296,1.478624997056,-1.2499988480000006
1.494e-06,0.312495104000007,0.61949999296,1.478624997056,-1.2499988480000006
1.4945e-06,-0.46875494399999695,0.62574999232,1.4811249968,-1.5624988160000015
1.495e-06,0.312495104000007,0.61949999296,1.479874996928,-1.5624988160000015
1.4955000000000001e-06,-0.46875494399999695,0.61949999296,1.4811249968,-1.5624988160000015
1.4960000000000002e-06,-1.250004992000001,0.62574999232,1.478624997056,-1.5624988160000015
1.4965000000000002e-06,-0.46875494399999695,0.61949999296,1.4823749966720001,-1.8749987840000006
1.497e-06,0.312495104000007,0.61949999296,1.478624997056,-1.5624988160000015
1.4975e-06,0.312495104000007,0.61949999296,1.477374997184,-1.5624988160000015
1.498e-06,0.312495104000007,0.62574999232,1.477374997184,-1.5624988160000015
1.4985000000000001e-06,0.312495104000007,0.62574999232,1.477374997184,-1.5624988160000015
1.4990000000000002e-06,-0.46875494399999695,0.61949999296,1.479874996928,-1.2499988480000006
1.4995e-06,0.312495104000007,0.61949999296,1.4823749966720001,-1.5624988160000015
1.5e-06,0.312495104000007,0.61949999296,1.4823749966720001,-1.5624988160000015
1.5005e-06,0.312495104000007,0.62574999232,1.4811249968,-1.5624988160000015
1.5010000000000001e-06,0.312495104000007,0.63199999168,1.479874996928,-1.2499988480000006
1.5015000000000002e-06,0.312495104000007,0.62574999232,1.479874996928,-1.5624988160000015
1.5020000000000002e-06,0.312495104000007,0.61949999296,1.479874996928,-1.2499988480000006
1.5025e-06,0.312495104000007,0.63199999168,1.4811249968,-1.2499988480000006
1.503e-06,0.312495104000007,0.62574999232,1.4811249968,-1.2499988480000006
1.5035e-06,-0.46875494399999695,0.61949999296,1.4811249968,-1.5624988160000015
1.5040000000000001e-06,0.312495104000007,0.61949999296,1.478624997056,-1.5624988160000015
1.5045000000000002e-06,0.312495104000007,0.61949999296,1.478624997056,-1.5624988160000015
1.505e-06,-0.46875494399999695,0.62574999232,1.478624997056,-1.2499988480000006
1.5055e-06,0.312495104000007,0.63199999168,1.4823749966720001,-1.2499988480000006
1.506e-06,0.312495104000007,0.62574999232,1.4823749966720001,-1.5624988160000015
1.5065e-06,0.312495104000007,0.62574999232,1.479874996928,-1.5624988160000015
1.5070000000000001e-06,0.312495104000007,0.62574999232,1.4811249968,-1.2499988480000006
1.5075000000000002e-06,-0.46875494399999695,0.62574999232,1.4823749966720001,-1.2499988480000006
1.508e-06,-0.46875494399999695,0.62574999232,1.479874996928,-1.2499988480000006
1.5085e-06,1.0937451519999968,0.61949999296,1.4811249968,-1.2499988480000006
1.509e-06,-0.46875494399999695,0.61949999296,1.4811249968,-1.5624988160000015
1.5095000000000001e-06,-0.46875494399999695,0.61949999296,1.4823749966720001,-1.2499988480000006
1.5100000000000002e-06,-0.46875494399999695,0.61949999296,1.483624996544,-1.2499988480000006
1.5105000000000002e-06,0.312495104000007,0.61949999296,1.483624996544,-1.2499988480000006
1.511e-06,0.312495104000007,0.62574999232,1.479874996928,-1.2499988480000006
1.5115e-06,0.312495104000007,0.61949999296,1.479874996928,-1.5624988160000015
1.512e-06,0.312495104000007,0.61949999296,1.477374997184,-1.5624988160000015
1.5125000000000001e-06,0.312495104000007,0.62574999232,1.4823749966720001,-1.5624988160000015
1.5130000000000002e-06,0.312495104000007,0.62574999232,1.4823749966720001,-1.5624988160000015
1.5135e-06,0.312495104000007,0.61949999296,1.4823749966720001,-1.2499988480000006
1.514e-06,0.312495104000007,0.63199999168,1.4823749966720001,-1.2499988480000006
1.5145e-06,0.312495104000007,0.62574999232,1.4811249968,-1.2499988480000006
1.5150000000000001e-06,0.312495104000007,0.62574999232,1.4823749966720001,-1.5624988160000015
1.5155000000000001e-06,0.312495104000007,0.62574999232,1.483624996544,-1.2499988480000006
1.5160000000000002e-06,-0.46875494399999695,0.61949999296,1.484874996416,-1.5624988160000015
1.5165e-06,-0.46875494399999695,0.62574999232,1.48737499616,-1.2499988480000006
1.517e-06,0.312495104000007,0.61949999296,1.488624996032,-1.5624988160000015
1.5175e-06,-0.46875494399999695,0.61949999296,1.488624996032,-1.2499988480000006
1.5180000000000001e-06,-0.46875494399999695,0.61949999296,1.48737499616,-1.2499988480000006
1.5185000000000002e-06,-0.46875494399999695,0.61949999296,1.484874996416,-1.2499988480000006
1.5190000000000002e-06,-0.46875494399999695,0.62574999232,1.4823749966720001,-1.2499988480000006
1.5195e-06,-0.46875494399999695,0.61949999296,1.4823749966720001,-1.5624988160000015
1.52e-06,-0.46875494399999695,0.63199999168,1.4811249968,-1.5624988160000015
1.5205e-06,0.312495104000007,0.62574999232,1.486124996288,-1.5624988160000015
1.5210000000000001e-06,-0.46875494399999695,0.62574999232,1.486124996288,-1.2499988480000006
1.5215000000000002e-06,0.312495104000007,0.62574999232,1.483624996544,-1.5624988160000015
1.522e-06,0.312495104000007,0.63199999168,1.4811249968,-1.5624988160000015
1.5225e-06,0.312495104000007,0.62574999232,1.4811249968,-1.2499988480000006
1.523e-06,-0.46875494399999695,0.62574999232,1.4811249968,-1.2499988480000006
1.5235000000000001e-06,0.312495104000007,0.62574999232,1.4823749966720001,-1.2499988480000006
1.5240000000000001e-06,-1.250004992000001,0.61949999296,1.4811249968,-1.2499988480000006
1.5245000000000002e-06,0.312495104000007,0.62574999232,1.484874996416,-1.5624988160000015
1.525e-06,0.312495104000007,0.63199999168,1.4823749966720001,-1.5624988160000015
1.5255e-06,0.312495104000007,0.61949999296,1.479874996928,-1.8749987840000006
1.526e-06,-0.46875494399999695,0.62574999232,1.4811249968,-1.2499988480000006
1.5265000000000001e-06,0.312495104000007,0.62574999232,1.483624996544,-1.2499988480000006
1.5270000000000002e-06,-0.46875494399999695,0.62574999232,1.4823749966720001,-1.5624988160000015
1.5275000000000002e-06,0.312495104000007,0.62574999232,1.483624996544,-1.5624988160000015
1.528e-06,0.312495104000007,0.62574999232,1.483624996544,-1.2499988480000006
1.5285e-06,0.312495104000007,0.62574999232,1.483624996544,-1.8749987840000006
1.529e-06,0.312495104000007,0.61949999296,1.483624996544,-1.5624988160000015
1.5295000000000001e-06,-0.46875494399999695,0.62574999232,1.483624996544,-1.5624988160000015
1.5300000000000002e-06,0.312495104000007,0.63199999168,1.4823749966720001,-1.5624988160000015
1.5305e-06,1.0937451519999968,0.62574999232,1.483624996544,-1.5624988160000015
1.531e-06,-0.46875494399999695,0.62574999232,1.484874996416,-1.2499988480000006
1.5315e-06,0.312495104000007,0.61949999296,1.484874996416,-1.2499988480000006
1.5320000000000001e-06,-0.46875494399999695,0.62574999232,1.4823749966720001,-1.5624988160000015
1.5325000000000002e-06,-0.46875494399999695,0.62574999232,1.483624996544,-1.5624988160000015
1.5330000000000002e-06,-0.46875494399999695,0.61949999296,1.4823749966720001,-1.2499988480000006
1.5335e-06,0.312495104000007,0.61949999296,1.4823749966720001,-1.2499988480000006
1.534e-06,0.312495104000007,0.61949999296,1.483624996544,-1.2499988480000006
1.5345e-06,-0.46875494399999695,0.62574999232,1.484874996416,-1.2499988480000006
1.5350000000000001e-06,-0.46875494399999695,0.62574999232,1.483624996544,-1.2499988480000006
1.5355000000000002e-06,0.312495104000007,0.62574999232,1.483624996544,-1.8749987840000006
1.5360000000000002e-06,0.312495104000007,0.63199999168,1.4811249968,-1.8749987840000006
1.5365e-06,0.312495104000007,0.61949999296,1.479874996928,-1.5624988160000015
1.537e-06,0.312495104000007,0.62574999232,1.479874996928,-1.5624988160000015
1.5375e-06,-0.46875494399999695,0.62574999232,1.4811249968,-1.5624988160000015
1.5380000000000001e-06,0.312495104000007,0.61949999296,1.4811249968,-1.5624988160000015
1.5385000000000002e-06,-0.46875494399999695,0.62574999232,1.4823749966720001,-1.5624988160000015
1.539e-06,0.312495104000007,0.61949999296,1.483624996544,-1.5624988160000015
1.5395e-06,0.312495104000007,0.61949999296,1.4823749966720001,-1.2499988480000006
1.54e-06,-0.46875494399999695,0.61949999296,1.4823749966720001,-1.5624988160000015
1.5405000000000001e-06,0.312495104000007,0.63199999168,1.484874996416,-1.5624988160000015
1.5410000000000002e-06,0.312495104000007,0.62574999232,1.483624996544,-1.5624988160000015
1.5415000000000002e-06,-0.46875494399999695,0.62574999232,1.4823749966720001,-1.2499988480000006
1.542e-06,0.312495104000007,0.61949999296,1.4811249968,-1.2499988480000006
1.5425e-06,0.312495104000007,0.61949999296,1.4811249968,-1.5624988160000015
1.543e-06,0.312495104000007,0.63199999168,1.479874996928,-1.8749987840000006
1.5435000000000001e-06,0.312495104000007,0.61949999296,1.4823749966720001,-1.8749987840000006
1.5440000000000002e-06,-0.46875494399999695,0.62574999232,1.4811249968,-1.8749987840000006
1.5445e-06,0.312495104000007,0.61949999296,1.4823749966720001,-1.8749987840000006
1.545e-06,0.312495104000007,0.61949999296,1.4823749966720001,-1.5624988160000015
1.5455e-06,-0.46875494399999695,0.61949999296,1.483624996544,-1.2499988480000006
1.546e-06,-0.46875494399999695,0.61949999296,1.4811249968,-1.5624988160000015
1.5465000000000001e-06,-0.46875494399999695,0.62574999232,1.478624997056,-1.5624988160000015
1.5470000000000002e-06,-0.46875494399999695,0.62574999232,1.479874996928,-1.5624988160000015
1.5475e-06,0.312495104000007,0.61949999296,1.4823749966720001,-1.5624988160000015
1.548e-06,0.312495104000007,0.61949999296,1.4823749966720001,-1.5624988160000015
1.5485e-06,0.312495104000007,0.62574999232,1.4811249968,-1.5624988160000015
1.5490000000000001e-06,0.312495104000007,0.61949999296,1.479874996928,-1.5624988160000015
1.5495000000000002e-06,0.312495104000007,0.61949999296,1.4811249968,-1.5624988160000015
1.5500000000000002e-06,-0.46875494399999695,0.61949999296,1.483624996544,-1.2499988480000006
1.5505e-06,0.312495104000007,0.6132499936,1.4811249968,-1.2499988480000006
1.551e-06,0.312495104000007,0.62574999232,1.477374997184,-1.5624988160000015
1.5515e-06,-0.46875494399999695,0.61949999296,1.479874996928,-1.5624988160000015
1.5520000000000001e-06,0.312495104000007,0.61949999296,1.478624997056,-1.8749987840000006
1.5525000000000002e-06,-0.46875494399999695,0.61949999296,1.483624996544,-1.8749987840000006
1.553e-06,-0.46875494399999695,0.61949999296,1.4823749966720001,-1.5624988160000015
1.5535e-06,0.312495104000007,0.61949999296,1.4823749966720001,-1.2499988480000006
1.554e-06,0.312495104000007,0.62574999232,1.479874996928,-1.5624988160000015
1.5545000000000001e-06,-0.46875494399999695,0.61949999296,1.4823749966720001,-1.5624988160000015
1.5550000000000001e-06,0.312495104000007,0.61949999296,1.483624996544,-1.5624988160000015
1.5555000000000002e-06,0.312495104000007,0.62574999232,1.483624996544,-1.2499988480000006
1.556e-06,0.312495104000007,0.62574999232,1.4811249968,-1.2499988480000006
1.5565e-06,-0.46875494399999695,0.62574999232,1.4811249968,-1.5624988160000015
1.557e-06,0.312495104000007,0.63199999168,1.4823749966720001,-1.2499988480000006
1.5575000000000001e-06,-0.46875494399999695,0.61949999296,1.483624996544,-1.2499988480000006
1.5580000000000002e-06,-0.46875494399999695,0.61949999296,1.484874996416,-1.2499988480000006
1.5585000000000002e-06,-0.46875494399999695,0.62574999232,1.486124996288,-1.5624988160000015
1.559e-06,-0.46875494399999695,0.62574999232,1.486124996288,-1.5624988160000015
1.5595e-06,0.312495104000007,0.61949999296,1.483624996544,-1.8749987840000006
1.56e-06,0.312495104000007,0.61949999296,1.4811249968,-1.5624988160000015
1.5605000000000001e-06,-0.46875494399999695,0.61949999296,1.4823749966720001,-1.8749987840000006
1.5610000000000002e-06,-0.46875494399999695,0.62574999232,1.479874996928,-1.5624988160000015
1.5615e-06,0.312495104000007,0.62574999232,1.479874996928,-1.2499988480000006
1.562e-06,0.312495104000007,0.62574999232,1.4811249968,-1.5624988160000015
1.5625e-06,-0.46875494399999695,0.62574999232,1.479874996928,-1.8749987840000006
1.5630000000000001e-06,-0.46875494399999695,0.61949999296,1.479874996928,-1.5624988160000015
1.5635000000000002e-06,0.312495104000007,0.61949999296,1.4823749966720001,-1.2499988480000006
1.5640000000000002e-06,0.312495104000007,0.61949999296,1.4811249968,-1.5624988160000015
1.5645e-06,0.312495104000007,0.62574999232,1.484874996416,-1.5624988160000015
1.565e-06,0.312495104000007,0.62574999232,1.484874996416,-1.2499988480000006
1.5655e-06,0.312495104000007,0.62574999232,1.484874996416,-1.8749987840000006
1.5660000000000001e-06,0.312495104000007,0.61949999296,1.483624996544,-1.5624988160000015
1.5665000000000002e-06,0.312495104000007,0.61949999296,1.484874996416,-1.5624988160000015
1.5670000000000002e-06,-0.46875494399999695,0.61949999296,1.4823749966720001,-1.5624988160000015
1.5675e-06,-0.46875494399999695,0.61949999296,1.4823749966720001,-1.8749987840000006
1.568e-06,-0.46875494399999695,0.63199999168,1.4823749966720001,-1.8749987840000006
1.5685e-06,0.312495104000007,0.61949999296,1.483624996544,-1.8749987840000006
1.5690000000000001e-06,0.312495104000007,0.61949999296,1.4823749966720001,-1.5624988160000015
1.5695000000000002e-06,-0.46875494399999695,0.62574999232,1.483624996544,-1.5624988160000015
1.57e-06,0.312495104000007,0.62574999232,1.4823749966720001,-1.5624988160000015
1.5705e-06,-0.46875494399999695,0.62574999232,1.4823749966720001,-1.8749987840000006
1.571e-06,0.312495104000007,0.62574999232,1.4823749966720001,-1.5624988160000015
1.5715000000000001e-06,0.312495104000007,0.63199999168,1.4823749966720001,-1.5624988160000015
1.5720000000000002e-06,0.312495104000007,0.62574999232,1.479874996928,-1.5624988160000015
1.5725000000000002e-06,-0.46875494399999695,0.63199999168,1.479874996928,-1.5624988160000015
1.573e-06,1.0937451519999968,0.61949999296,1.483624996544,-1.2499988480000006
1.5735e-06,0.312495104000007,0.61949999296,1.484874996416,-1.8749987840000006
1.574e-06,-0.46875494399999695,0.62574999232,1.483624996544,-1.2499988480000006
1.5745000000000001e-06,-0.46875494399999695,0.62574999232,1.484874996416,-1.5624988160000015
1.5750000000000002e-06,-1.250004992000001,0.61949999296,1.483624996544,-1.8749987840000006
1.5755e-06,-0.46875494399999695,0.62574999232,1.4823749966720001,-1.8749987840000006
1.576e-06,0.312495104000007,0.61949999296,1.479874996928,-1.8749987840000006
1.5765e-06,-0.46875494399999695,0.61949999296,1.4823749966720001,-1.5624988160000015
1.577e-06,-0.46875494399999695,0.62574999232,1.4823749966720001,-1.5624988160000015
1.5775000000000001e-06,0.312495104000007,0.63199999168,1.483624996544,-1.8749987840000006
1.5780000000000002e-06,0.312495104000007,0.62574999232,1.4811249968,-1.8749987840000006
1.5785e-06,-0.46875494399999695,0.61949999296,1.4823749966720001,-1.8749987840000006
1.579e-06,-0.46875494399999695,0.62574999232,1.4823749966720001,-1.5624988160000015
1.5795e-06,0.312495104000007,0.62574999232,1.4823749966720001,-1.5624988160000015
1.5800000000000001e-06,-0.46875494399999695,0.62574999232,1.4811249968,-1.5624988160000015
1.5805000000000002e-06,0.312495104000007,0.63199999168,1.484874996416,-1.5624988160000015
1.5810000000000002e-06,0.312495104000007,0.62574999232,1.48737499616,-1.5624988160000015
1.5815e-06,0.312495104000007,0.62574999232,1.486124996288,-1.8749987840000006
1.582e-06,0.312495104000007,0.61949999296,1.484874996416,-1.2499988480000006
1.5825e-06,-0.46875494399999695,0.61949999296,1.484874996416,-1.5624988160000015
1.5830000000000001e-06,-0.46875494399999695,0.62574999232,1.484874996416,-1.5624988160000015
1.5835000000000002e-06,-0.46875494399999695,0.62574999232,1.484874996416,-1.8749987840000006
1.584e-06,0.312495104000007,0.62574999232,1.483624996544,-1.8749987840000006
1.5845e-06,1.0937451519999968,0.62574999232,1.486124996288,-1.8749987840000006
1.585e-06,0.312495104000007,0.62574999232,1.484874996416,-1.5624988160000015
1.5855000000000001e-06,0.312495104000007,0.62574999232,1.483624996544,-1.8749987840000006
1.5860000000000001e-06,1.0937451519999968,0.62574999232,1.4823749966720001,-1.5624988160000015
1.5865000000000002e-06,0.312495104000007,0.61949999296,1.4823749966720001,-1.8749987840000006
1.587e-06,-0.46875494399999695,0.62574999232,1.483624996544,-1.5624988160000015
1.5875e-06,0.312495104000007,0.62574999232,1.483624996544,-1.5624988160000015
1.588e-06,0.312495104000007,0.61949999296,1.483624996544,-1.5624988160000015
1.5885000000000001e-06,1.0937451519999968,0.63199999168,1.486124996288,-1.5624988160000015
1.5890000000000002e-06,0.312495104000007,0.62574999232,1.48737499616,-1.5624988160000015
1.5895000000000002e-06,0.312495104000007,0.61949999296,1.484874996416,-1.5624988160000015
1.59e-06,0.312495104000007,0.62574999232,1.4811249968,-1.2499988480000006
1.5905e-06,0.312495104000007,0.63199999168,1.483624996544,-1.5624988160000015
1.591e-06,0.312495104000007,0.63199999168,1.483624996544,-1.5624988160000015
1.5915000000000001e-06,0.312495104000007,0.62574999232,1.486124996288,-1.8749987840000006
1.5920000000000002e-06,0.312495104000007,0.62574999232,1.483624996544,-1.8749987840000006
1.5925e-06,0.312495104000007,0.61949999296,1.484874996416,-1.5624988160000015
1.593e-06,-0.46875494399999695,0.62574999232,1.483624996544,-1.8749987840000006
1.5935e-06,-0.46875494399999695,0.62574999232,1.483624996544,-1.5624988160000015
1.5940000000000001e-06,0.312495104000007,0.62574999232,1.4823749966720001,-1.2499988480000006
1.5945000000000001e-06,0.312495104000007,0.62574999232,1.483624996544,-1.5624988160000015
1.5950000000000002e-06,-0.46875494399999695,0.62574999232,1.484874996416,-1.5624988160000015
1.5955e-06,0.312495104000007,0.61949999296,1.484874996416,-1.5624988160000015
1.596e-06,-0.46875494399999695,0.61949999296,1.484874996416,-1.2499988480000006
1.5965e-06,0.312495104000007,0.62574999232,1.486124996288,-1.8749987840000006
1.5970000000000001e-06,0.312495104000007,0.62574999232,1.483624996544,-1.5624988160000015
1.5975000000000002e-06,-0.46875494399999695,0.62574999232,1.479874996928,-1.8749987840000006
1.5980000000000002e-06,-0.46875494399999695,0.62574999232,1.478624997056,-1.5624988160000015
1.5985e-06,0.312495104000007,0.62574999232,1.4811249968,-1.5624988160000015
1.599e-06,0.312495104000007,0.63199999168,1.4811249968,-1.5624988160000015
1.5995e-06,0.312495104000007,0.62574999232,1.479874996928,-1.8749987840000006
1.6000000000000001e-06,0.312495104000007,0.62574999232,1.479874996928,-1.5624988160000015
1.6005000000000002e-06,0.312495104000007,0.62574999232,1.4823749966720001,-1.5624988160000015
1.601e-06,0.312495104000007,0.62574999232,1.4823749966720001,-1.8749987840000006
1.6015e-06,0.312495104000007,0.62574999232,1.484874996416,-1.5624988160000015
1.602e-06,0.312495104000007,0.63199999168,1.4823749966720001,-1.5624988160000015
1.6025000000000001e-06,-0.46875494399999695,0.62574999232,1.4823749966720001,-1.8749987840000006
1.6030000000000002e-06,0.312495104000007,0.63199999168,1.4823749966720001,-1.2499988480000006
1.6035000000000002e-06,0.312495104000007,0.62574999232,1.483624996544,-1.2499988480000006
1.604e-06,-0.46875494399999695,0.62574999232,1.479874996928,-1.2499988480000006
1.6045e-06,0.312495104000007,0.62574999232,1.479874996928,-1.8749987840000006
1.605e-06,0.312495104000007,0.63199999168,1.4811249968,-1.5624988160000015
1.6055000000000001e-06,0.312495104000007,0.61949999296,1.4823749966720001,-1.5624988160000015
1.6060000000000002e-06,0.312495104000007,0.61949999296,1.479874996928,-1.5624988160000015
1.6065000000000002e-06,0.312495104000007,0.62574999232,1.479874996928,-1.2499988480000006
1.607e-06,0.312495104000007,0.62574999232,1.4811249968,-1.8749987840000006
1.6075e-06,0.312495104000007,0.62574999232,1.4823749966720001,-1.8749987840000006
1.608e-06,0.312495104000007,0.63199999168,1.479874996928,-1.5624988160000015
1.6085000000000001e-06,0.312495104000007,0.61949999296,1.4823749966720001,-1.8749987840000006
1.6090000000000002e-06,0.312495104000007,0.61949999296,1.4811249968,-1.5624988160000015
1.6095e-06,-0.46875494399999695,0.61949999296,1.479874996928,-1.5624988160000015
1.61e-06,0.312495104000007,0.62574999232,1.478624997056,-1.5624988160000015
1.6105e-06,0.312495104000007,0.62574999232,1.479874996928,-1.5624988160000015
1.6110000000000001e-06,0.312495104000007,0.62574999232,1.4811249968,-1.8749987840000006
1.6115000000000002e-06,0.312495104000007,0.62574999232,1.483624996544,-1.5624988160000015
1.6120000000000002e-06,0.312495104000007,0.61949999296,1.484874996416,-1.5624988160000015
1.6125e-06,0.312495104000007,0.62574999232,1.48737499616,-1.5624988160000015
1.613e-06,0.312495104000007,0.61949999296,1.484874996416,-1.5624988160000015
1.6135e-06,-0.46875494399999695,0.62574999232,1.4823749966720001,-1.8749987840000006
1.6140000000000001e-06,0.312495104000007,0.62574999232,1.4823749966720001,-1.5624988160000015
1.6145000000000002e-06,0.312495104000007,0.62574999232,1.4823749966720001,-1.5624988160000015
1.615e-06,0.312495104000007,0.62574999232,1.4811249968,-1.8749987840000006
1.6155e-06,-0.46875494399999695,0.62574999232,1.4811249968,-1.8749987840000006
1.616e-06,0.312495104000007,0.63199999168,1.479874996928,-1.5624988160000015
1.6165000000000001e-06,0.312495104000007,0.62574999232,1.4823749966720001,-1.5624988160000015
1.6170000000000001e-06,0.312495104000007,0.62574999232,1.4823749966720001,-1.5624988160000015
1.6175000000000002e-06,0.312495104000007,0.62574999232,1.483624996544,-1.8749987840000006
1.618e-06,0.312495104000007,0.61949999296,1.479874996928,-1.5624988160000015
1.6185e-06,0.312495104000007,0.62574999232,1.478624997056,-1.8749987840000006
1.619e-06,0.312495104000007,0.63199999168,1.4823749966720001,-1.5624988160000015
1.6195000000000001e-06,0.312495104000007,0.62574999232,1.483624996544,-1.5624988160000015
1.6200000000000002e-06,-0.46875494399999695,0.61949999296,1.4811249968,-1.5624988160000015
1.6205000000000002e-06,0.312495104000007,0.63199999168,1.479874996928,-1.5624988160000015
1.621e-06,-0.46875494399999695,0.62574999232,1.4823749966720001,-1.5624988160000015
1.6215e-06,-0.46875494399999695,0.62574999232,1.4823749966720001,-1.8749987840000006
1.622e-06,-0.46875494399999695,0.62574999232,1.483624996544,-1.5624988160000015
1.6225000000000001e-06,-0.46875494399999695,0.62574999232,1.483624996544,-1.5624988160000015
1.6230000000000002e-06,0.312495104000007,0.61949999296,1.483624996544,-1.8749987840000006
1.6235e-06,-0.46875494399999695,0.61949999296,1.4823749966720001,-1.5624988160000015
1.624e-06,0.312495104000007,0.61949999296,1.478624997056,-1.5624988160000015
1.6245e-06,0.312495104000007,0.62574999232,1.4811249968,-1.8749987840000006
1.6250000000000001e-06,0.312495104000007,0.62574999232,1.4811249968,-1.5624988160000015
1.6255000000000001e-06,-0.46875494399999695,0.62574999232,1.4811249968,-1.5624988160000015
1.6260000000000002e-06,0.312495104000007,0.62574999232,1.478624997056,-1.5624988160000015
1.6265e-06,-0.46875494399999695,0.63199999168,1.478624997056,-1.5624988160000015
1.627e-06,-0.46875494399999695,0.63199999168,1.4823749966720001,-1.5624988160000015
1.6275e-06,-0.46875494399999695,0.62574999232,1.4823749966720001,-1.5624988160000015
1.6280000000000001e-06,-0.46875494399999695,0.62574999232,1.4811249968,-1.5624988160000015
1.6285000000000002e-06,0.312495104000007,0.63199999168,1.4823749966720001,-1.8749987840000006
1.6290000000000002e-06,0.312495104000007,0.62574999232,1.483624996544,-1.5624988160000015
1.6295e-06,-0.46875494399999695,0.61949999296,1.4823749966720001,-1.8749987840000006
1.63e-06,-0.46875494399999695,0.61949999296,1.4823749966720001,-1.2499988480000006
1.6305e-06,-0.46875494399999695,0.63199999168,1.4811249968,-1.2499988480000006
1.6310000000000001e-06,-0.46875494399999695,0.62574999232,1.4811249968,-1.2499988480000006
1.6315000000000002e-06,-0.46875494399999695,0.61949999296,1.4823749966720001,-1.8749987840000006
1.632e-06,0.312495104000007,0.62574999232,1.483624996544,-1.8749987840000006
1.6325e-06,-0.46875494399999695,0.62574999232,1.484874996416,-1.8749987840000006
1.633e-06,-0.46875494399999695,0.62574999232,1.484874996416,-1.5624988160000015
1.6335000000000001e-06,-0.46875494399999695,0.62574999232,1.484874996416,-1.2499988480000006
1.6340000000000002e-06,0.312495104000007,0.62574999232,1.4823749966720001,-1.8749987840000006
1.6345000000000002e-06,-0.46875494399999695,0.63199999168,1.4823749966720001,-1.5624988160000015
1.635e-06,-0.46875494399999695,0.62574999232,1.4811249968,-1.5624988160000015
1.6355e-06,0.312495104000007,0.62574999232,1.4823749966720001,-1.5624988160000015
1.636e-06,0.312495104000007,0.62574999232,1.4823749966720001,-1.5624988160000015
1.6365000000000001e-06,-0.46875494399999695,0.63199999168,1.483624996544,-1.2499988480000006
1.6370000000000002e-06,-0.46875494399999695,0.63199999168,1.483624996544,-1.5624988160000015
1.6375000000000002e-06,0.312495104000007,0.62574999232,1.486124996288,-1.5624988160000015
1.638e-06,0.312495104000007,0.61949999296,1.484874996416,-1.8749987840000006
1.6385e-06,-0.46875494399999695,0.62574999232,1.486124996288,-1.5624988160000015
1.639e-06,0.312495104000007,0.62574999232,1.484874996416,-1.8749987840000006
1.6395000000000001e-06,0.312495104000007,0.61949999296,1.484874996416,-1.5624988160000015
1.6400000000000002e-06,-0.46875494399999695,0.61949999296,1.4811249968,-1.5624988160000015
1.6405e-06,0.312495104000007,0.61949999296,1.4823749966720001,-1.8749987840000006
1.641e-06,0.312495104000007,0.62574999232,1.4811249968,-1.5624988160000015
1.6415e-06,0.312495104000007,0.62574999232,1.4811249968,-1.5624988160000015
1.6420000000000001e-06,-0.46875494399999695,0.61949999296,1.4823749966720001,-1.5624988160000015
1.6425000000000002e-06,-0.46875494399999695,0.62574999232,1.483624996544,-1.8749987840000006
1.6430000000000002e-06,-0.46875494399999695,0.62574999232,1.483624996544,-1.8749987840000006
1.6435e-06,0.312495104000007,0.62574999232,1.4811249968,-1.5624988160000015
1.644e-06,0.312495104000007,0.62574999232,1.479874996928,-1.5624988160000015
1.6445e-06,1.0937451519999968,0.62574999232,1.483624996544,-1.5624988160000015
1.6450000000000001e-06,0.312495104000007,0.62574999232,1.484874996416,-1.5624988160000015
1.6455000000000002e-06,-0.46875494399999695,0.62574999232,1.484874996416,-1.8749987840000006
1.6460000000000002e-06,0.312495104000007,0.62574999232,1.486124996288,-1.5624988160000015
1.6465e-06,0.312495104000007,0.62574999232,1.484874996416,-1.8749987840000006
1.647e-06,-0.46875494399999695,0.61949999296,1.4823749966720001,-1.8749987840000006
1.6475000000000001e-06,-0.46875494399999695,0.61949999296,1.483624996544,-1.8749987840000006
1.6480000000000001e-06,0.312495104000007,0.61949999296,1.4811249968,-1.8749987840000006
1.6485000000000002e-06,-0.46875494399999695,0.61949999296,1.4823749966720001,-1.8749987840000006
1.649e-06,0.312495104000007,0.62574999232,1.4823749966720001,-1.5624988160000015
1.6495e-06,0.312495104000007,0.62574999232,1.4823749966720001,-1.8749987840000006
1.65e-06,0.312495104000007,0.61949999296,1.479874996928,-1.8749987840000006
1.6505000000000001e-06,-0.46875494399999695,0.62574999232,1.478624997056,-1.8749987840000006
1.6510000000000002e-06,0.312495104000007,0.62574999232,1.479874996928,-1.5624988160000015
1.6515000000000002e-06,0.312495104000007,0.62574999232,1.479874996928,-1.8749987840000006
1.652e-06,0.312495104000007,0.62574999232,1.479874996928,-1.5624988160000015
1.6525e-06,0.312495104000007,0.62574999232,1.4823749966720001,-1.8749987840000006
1.653e-06,0.312495104000007,0.62574999232,1.484874996416,-1.5624988160000015
1.6535000000000001e-06,0.312495104000007,0.62574999232,1.4811249968,-1.5624988160000015
1.6540000000000002e-06,0.312495104000007,0.61949999296,1.4823749966720001,-1.5624988160000015
1.6545e-06,-0.46875494399999695,0.61949999296,1.484874996416,-1.8749987840000006
1.655e-06,-0.46875494399999695,0.62574999232,1.484874996416,-1.8749987840000006
1.6555e-06,0.312495104000007,0.62574999232,1.483624996544,-1.5624988160000015
1.6560000000000001e-06,0.312495104000007,0.61949999296,1.478624997056,-1.8749987840000006
1.6565000000000001e-06,0.312495104000007,0.61949999296,1.4811249968,-1.8749987840000006
1.6570000000000002e-06,-1.250004992000001,0.62574999232,1.4823749966720001,-1.5624988160000015
1.6575e-06,0.312495104000007,0.62574999232,1.484874996416,-1.5624988160000015
1.658e-06,0.312495104000007,0.62574999232,1.483624996544,-1.8749987840000006
1.6585e-06,0.312495104000007,0.61949999296,1.4823749966720001,-1.8749987840000006
1.6590000000000001e-06,0.312495104000007,0.61949999296,1.484874996416,-1.5624988160000015
1.6595000000000002e-06,-0.46875494399999695,0.61949999296,1.48737499616,-1.5624988160000015
1.6600000000000002e-06,-0.46875494399999695,0.62574999232,1.486124996288,-1.8749987840000006
1.6605e-06,-0.46875494399999695,0.63199999168,1.48737499616,-1.8749987840000006
1.661e-06,0.312495104000007,0.62574999232,1.486124996288,-1.5624988160000015
1.6615e-06,-0.46875494399999695,0.62574999232,1.483624996544,-1.5624988160000015
1.6620000000000001e-06,0.312495104000007,0.61949999296,1.4823749966720001,-1.2499988480000006
1.6625000000000002e-06,-0.46875494399999695,0.62574999232,1.4811249968,-1.5624988160000015
1.663e-06,0.312495104000007,0.62574999232,1.4823749966720001,-1.8749987840000006
1.6635e-06,-0.46875494399999695,0.62574999232,1.4823749966720001,-1.8749987840000006
1.664e-06,-0.46875494399999695,0.62574999232,1.4811249968,-1.8749987840000006
1.6645000000000001e-06,-0.46875494399999695,0.61949999296,1.483624996544,-2.1874987519999998
1.6650000000000002e-06,0.312495104000007,0.61949999296,1.486124996288,-1.8749987840000006
1.6655000000000002e-06,0.312495104000007,0.61949999296,1.484874996416,-1.5624988160000015
1.666e-06,0.312495104000007,0.62574999232,1.4823749966720001,-1.8749987840000006
1.6665e-06,-0.46875494399999695,0.62574999232,1.4823749966720001,-1.5624988160000015
1.667e-06,0.312495104000007,0.62574999232,1.4823749966720001,-1.5624988160000015
1.6675000000000001e-06,-0.46875494399999695,0.61949999296,1.4823749966720001,-1.5624988160000015
1.6680000000000002e-06,0.312495104000007,0.6132499936,1.4823749966720001,-1.5624988160000015
1.6685000000000002e-06,-0.46875494399999695,0.61949999296,1.483624996544,-1.5624988160000015
1.669e-06,0.312495104000007,0.62574999232,1.484874996416,-1.5624988160000015
1.6695e-06,0.312495104000007,0.62574999232,1.483624996544,-1.8749987840000006
1.67e-06,-0.46875494399999695,0.62574999232,1.483624996544,-1.5624988160000015
1.6705000000000001e-06,0.312495104000007,0.62574999232,1.48737499616,-1.8749987840000006
1.6710000000000002e-06,0.312495104000007,0.62574999232,1.483624996544,-1.8749987840000006
1.6715e-06,-0.46875494399999695,0.62574999232,1.4823749966720001,-1.8749987840000006
1.672e-06,0.312495104000007,0.62574999232,1.4811249968,-1.8749987840000006
1.6725e-06,0.312495104000007,0.61949999296,1.484874996416,-1.8749987840000006
1.6730000000000001e-06,-0.46875494399999695,0.62574999232,1.486124996288,-1.5624988160000015
1.6735000000000002e-06,-0.46875494399999695,0.62574999232,1.484874996416,-1.5624988160000015
1.6740000000000002e-06,0.312495104000007,0.62574999232,1.484874996416,-1.8749987840000006
1.6745e-06,0.312495104000007,0.61949999296,1.4823749966720001,-1.8749987840000006
1.675e-06,-0.46875494399999695,0.62574999232,1.4823749966720001,-1.8749987840000006
1.6755e-06,0.312495104000007,0.62574999232,1.4811249968,-1.8749987840000006
1.6760000000000001e-06,-0.46875494399999695,0.61949999296,1.478624997056,-1.5624988160000015
1.6765000000000002e-06,-0.46875494399999695,0.62574999232,1.479874996928,-1.5624988160000015
1.6770000000000002e-06,0.312495104000007,0.61949999296,1.479874996928,-1.5624988160000015
1.6775e-06,-0.46875494399999695,0.62574999232,1.478624997056,-1.5624988160000015
1.678e-06,-0.46875494399999695,0.62574999232,1.478624997056,-1.5624988160000015
1.6785000000000001e-06,-0.46875494399999695,0.62574999232,1.479874996928,-1.8749987840000006
1.6790000000000001e-06,0.312495104000007,0.63199999168,1.4823749966720001,-1.5624988160000015
1.6795000000000002e-06,0.312495104000007,0.63199999168,1.4823749966720001,-1.8749987840000006
1.68e-06,0.312495104000007,0.63199999168,1.483624996544,-1.8749987840000006
1.6805e-06,-0.46875494399999695,0.62574999232,1.484874996416,-1.8749987840000006
1.681e-06,-0.46875494399999695,0.62574999232,1.4823749966720001,-1.5624988160000015
1.6815000000000001e-06,0.312495104000007,0.62574999232,1.4811249968,-1.5624988160000015
1.6820000000000002e-06,0.312495104000007,0.62574999232,1.4811249968,-1.8749987840000006
1.6825000000000002e-06,-0.46875494399999695,0.62574999232,1.4823749966720001,-1.5624988160000015
1.683e-06,0.312495104000007,0.63199999168,1.479874996928,-1.5624988160000015
1.6835e-06,0.312495104000007,0.62574999232,1.479874996928,-1.5624988160000015
1.684e-06,0.312495104000007,0.62574999232,1.479874996928,-1.5624988160000015
1.6845000000000001e-06,-0.46875494399999695,0.62574999232,1.4823749966720001,-1.5624988160000015
1.6850000000000002e-06,-0.46875494399999695,0.61949999296,1.483624996544,-1.5624988160000015
1.6855000000000002e-06,-0.46875494399999695,0.62574999232,1.4811249968,-1.8749987840000006
1.686e-06,0.312495104000007,0.62574999232,1.4823749966720001,-1.8749987840000006
1.6865e-06,0.312495104000007,0.62574999232,1.4823749966720001,-1.8749987840000006
1.6870000000000001e-06,0.312495104000007,0.63199999168,1.4811249968,-1.8749987840000006
1.6875000000000001e-06,-0.46875494399999695,0.61949999296,1.4823749966720001,-2.1874987519999998
1.6880000000000002e-06,-0.46875494399999695,0.61949999296,1.483624996544,-1.8749987840000006
1.6885e-06,-0.46875494399999695,0.61949999296,1.484874996416,-1.8749987840000006
1.689e-06,-0.46875494399999695,0.62574999232,1.4823749966720001,-1.8749987840000006
1.6895e-06,-0.46875494399999695,0.63199999168,1.4811249968,-1.5624988160000015
1.6900000000000001e-06,0.312495104000007,0.62574999232,1.479874996928,-1.8749987840000006
1.6905000000000002e-06,0.312495104000007,0.62574999232,1.479874996928,-1.8749987840000006
1.6910000000000002e-06,0.312495104000007,0.62574999232,1.4823749966720001,-1.8749987840000006
1.6915e-06,0.312495104000007,0.62574999232,1.483624996544,-1.8749987840000006
1.692e-06,-0.46875494399999695,0.61949999296,1.4823749966720001,-1.8749987840000006
1.6925e-06,0.312495104000007,0.61949999296,1.4823749966720001,-1.8749987840000006
1.6930000000000001e-06,0.312495104000007,0.62574999232,1.483624996544,-1.8749987840000006
1.6935000000000002e-06,0.312495104000007,0.62574999232,1.4823749966720001,-1.8749987840000006
1.694e-06,-0.46875494399999695,0.62574999232,1.4811249968,-1.8749987840000006
1.6945e-06,0.312495104000007,0.62574999232,1.4811249968,-1.5624988160000015
1.695e-06,-1.250004992000001,0.63199999168,1.4823749966720001,-1.8749987840000006
1.6955000000000001e-06,0.312495104000007,0.62574999232,1.483624996544,-1.8749987840000006
1.6960000000000002e-06,0.312495104000007,0.62574999232,1.479874996928,-2.1874987519999998
1.6965000000000002e-06,0.312495104000007,0.62574999232,1.4823749966720001,-2.1874987519999998
1.697e-06,-0.46875494399999695,0.62574999232,1.4823749966720001,-1.8749987840000006
1.6975e-06,0.312495104000007,0.63199999168,1.4823749966720001,-1.8749987840000006
1.698e-06,0.312495104000007,0.63199999168,1.483624996544,-1.8749987840000006
1.6985000000000001e-06,-0.46875494399999695,0.63199999168,1.483624996544,-1.8749987840000006
1.6990000000000002e-06,-0.46875494399999695,0.63199999168,1.4823749966720001,-1.8749987840000006
1.6995000000000002e-06,-0.46875494399999695,0.62574999232,1.484874996416,-1.8749987840000006
1.7e-06,-0.46875494399999695,0.62574999232,1.483624996544,-1.8749987840000006
1.7005e-06,-0.46875494399999695,0.61949999296,1.4823749966720001,-1.8749987840000006
1.701e-06,0.312495104000007,0.63199999168,1.4811249968,-1.8749987840000006
1.7015000000000001e-06,0.312495104000007,0.62574999232,1.479874996928,-1.8749987840000006
1.7020000000000002e-06,0.312495104000007,0.62574999232,1.4823749966720001,-1.5624988160000015
1.7025e-06,0.312495104000007,0.62574999232,1.483624996544,-1.8749987840000006
1.703e-06,-0.46875494399999695,0.63199999168,1.483624996544,-1.8749987840000006
1.7035e-06,-0.46875494399999695,0.63199999168,1.483624996544,-2.1874987519999998
1.7040000000000001e-06,0.312495104000007,0.63199999168,1.4823749966720001,-1.8749987840000006
1.7045000000000002e-06,0.312495104000007,0.61949999296,1.483624996544,-1.8749987840000006
1.7050000000000002e-06,-1.250004992000001,0.62574999232,1.4811249968,-1.5624988160000015
1.7055e-06,0.312495104000007,0.62574999232,1.479874996928,-1.8749987840000006
1.706e-06,0.312495104000007,0.62574999232,1.479874996928,-1.8749987840000006
1.7065e-06,0.312495104000007,0.6132499936,1.4811249968,-1.8749987840000006
1.7070000000000001e-06,-0.46875494399999695,0.61949999296,1.4811249968,-1.5624988160000015
1.7075000000000002e-06,-0.46875494399999695,0.62574999232,1.4823749966720001,-1.8749987840000006
1.7080000000000002e-06,-0.46875494399999695,0.62574999232,1.479874996928,-1.8749987840000006
1.7085e-06,-0.46875494399999695,0.63199999168,1.4823749966720001,-1.8749987840000006
1.709e-06,0.312495104000007,0.62574999232,1.4823749966720001,-1.5624988160000015
1.7095000000000001e-06,-0.46875494399999695,0.61949999296,1.4823749966720001,-1.8749987840000006
1.7100000000000001e-06,-0.46875494399999695,0.62574999232,1.483624996544,-1.5624988160000015
1.7105000000000002e-06,0.312495104000007,0.62574999232,1.484874996416,-1.5624988160000015
1.711e-06,0.312495104000007,0.62574999232,1.4823749966720001,-1.8749987840000006
1.7115e-06,0.312495104000007,0.62574999232,1.4823749966720001,-1.8749987840000006
1.712e-06,-0.46875494399999695,0.62574999232,1.4811249968,-1.8749987840000006
1.7125000000000001e-06,0.312495104000007,0.62574999232,1.4823749966720001,-1.8749987840000006
1.7130000000000002e-06,0.312495104000007,0.62574999232,1.4811249968,-1.8749987840000006
1.7135000000000002e-06,-0.46875494399999695,0.62574999232,1.483624996544,-1.8749987840000006
1.714e-06,0.312495104000007,0.62574999232,1.486124996288,-1.8749987840000006
1.7145e-06,0.312495104000007,0.63199999168,1.484874996416,-1.8749987840000006
1.715e-06,-0.46875494399999695,0.6382499910399999,1.483624996544,-1.8749987840000006
1.7155000000000001e-06,-0.46875494399999695,0.63199999168,1.483624996544,-1.8749987840000006
1.7160000000000002e-06,-0.46875494399999695,0.63199999168,1.483624996544,-1.8749987840000006
1.7165000000000002e-06,-0.46875494399999695,0.63199999168,1.483624996544,-1.8749987840000006
1.717e-06,0.312495104000007,0.62574999232,1.4823749966720001,-1.5624988160000015
1.7175e-06,0.312495104000007,0.63199999168,1.4823749966720001,-1.8749987840000006
1.7180000000000001e-06,-0.46875494399999695,0.62574999232,1.484874996416,-1.8749987840000006
1.7185000000000001e-06,0.312495104000007,0.63199999168,1.48737499616,-1.8749987840000006
1.7190000000000002e-06,0.312495104000007,0.63199999168,1.486124996288,-1.8749987840000006
1.7195e-06,0.312495104000007,0.62574999232,1.483624996544,-2.1874987519999998
1.72e-06,-0.46875494399999695,0.61949999296,1.4823749966720001,-1.8749987840000006
1.7205e-06,0.312495104000007,0.61949999296,1.483624996544,-2.1874987519999998
1.7210000000000001e-06,-0.46875494399999695,0.62574999232,1.4823749966720001,-1.8749987840000006
1.7215000000000002e-06,0.312495104000007,0.62574999232,1.478624997056,-1.8749987840000006
1.7220000000000002e-06,0.312495104000007,0.62574999232,1.479874996928,-1.8749987840000006
1.7225e-06,0.312495104000007,0.62574999232,1.4823749966720001,-1.8749987840000006
1.723e-06,0.312495104000007,0.62574999232,1.483624996544,-1.8749987840000006
1.7235e-06,0.312495104000007,0.63199999168,1.483624996544,-1.8749987840000006
1.7240000000000001e-06,0.312495104000007,0.63199999168,1.479874996928,-2.1874987519999998
1.7245000000000002e-06,0.312495104000007,0.63199999168,1.479874996928,-2.1874987519999998
1.7250000000000002e-06,0.312495104000007,0.62574999232,1.4811249968,-2.1874987519999998
1.7255e-06,0.312495104000007,0.61949999296,1.4823749966720001,-2.1874987519999998
1.726e-06,0.312495104000007,0.61949999296,1.4823749966720001,-1.8749987840000006
1.7265000000000001e-06,0.312495104000007,0.62574999232,1.4823749966720001,-1.8749987840000006
1.7270000000000002e-06,0.312495104000007,0.63199999168,1.4823749966720001,-1.8749987840000006
1.7275000000000002e-06,0.312495104000007,0.63199999168,1.483624996544,-2.1874987519999998
1.728e-06,0.312495104000007,0.62574999232,1.486124996288,-2.1874987519999998
1.7285e-06,0.312495104000007,0.62574999232,1.488624996032,-2.1874987519999998
1.729e-06,-0.46875494399999695,0.62574999232,1.486124996288,-2.1874987519999998
1.7295000000000001e-06,-0.46875494399999695,0.62574999232,1.483624996544,-1.8749987840000006
1.7300000000000002e-06,0.312495104000007,0.63199999168,1.4823749966720001,-1.8749987840000006
1.7305000000000002e-06,0.312495104000007,0.61949999296,1.4823749966720001,-1.8749987840000006
1.731e-06,-0.46875494399999695,0.61949999296,1.4823749966720001,-1.8749987840000006
1.7315e-06,0.312495104000007,0.61949999296,1.4823749966720001,-1.8749987840000006
1.732e-06,0.312495104000007,0.62574999232,1.4823749966720001,-1.8749987840000006
1.7325000000000001e-06,0.312495104000007,0.62574999232,1.4811249968,-2.1874987519999998
1.7330000000000002e-06,0.312495104000007,0.62574999232,1.4811249968,-2.1874987519999998
1.7335e-06,-0.46875494399999695,0.62574999232,1.4823749966720001,-1.8749987840000006
1.734e-06,0.312495104000007,0.62574999232,1.483624996544,-1.8749987840000006
1.7345e-06,0.312495104000007,0.61949999296,1.4823749966720001,-2.1874987519999998
1.7350000000000001e-06,-0.46875494399999695,0.62574999232,1.4823749966720001,-1.8749987840000006
1.7355000000000002e-06,0.312495104000007,0.62574999232,1.483624996544,-2.1874987519999998
1.7360000000000002e-06,0.312495104000007,0.62574999232,1.4823749966720001,-2.1874987519999998
1.7365e-06,0.312495104000007,0.62574999232,1.483624996544,-2.1874987519999998
1.737e-06,1.0937451519999968,0.62574999232,1.483624996544,-2.1874987519999998
1.7375e-06,0.312495104000007,0.63199999168,1.4823749966720001,-2.1874987519999998
1.7380000000000001e-06,0.312495104000007,0.63199999168,1.4811249968,-1.8749987840000006
1.7385000000000002e-06,-0.46875494399999695,0.62574999232,1.479874996928,-1.8749987840000006
1.7390000000000002e-06,-0.46875494399999695,0.6382499910399999,1.479874996928,-1.8749987840000006
1.7395e-06,-0.46875494399999695,0.63199999168,1.4811249968,-1.8749987840000006
1.74e-06,0.312495104000007,0.62574999232,1.479874996928,-1.8749987840000006
1.7405000000000001e-06,0.312495104000007,0.63199999168,1.4823749966720001,-1.8749987840000006
1.7410000000000001e-06,0.312495104000007,0.63199999168,1.4811249968,-1.8749987840000006
1.7415000000000002e-06,-0.46875494399999695,0.62574999232,1.478624997056,-1.8749987840000006
1.742e-06,-0.46875494399999695,0.62574999232,1.479874996928,-1.8749987840000006
1.7425e-06,0.312495104000007,0.62574999232,1.4823749966720001,-1.8749987840000006
1.743e-06,0.312495104000007,0.63199999168,1.4811249968,-1.8749987840000006
1.7435000000000001e-06,0.312495104000007,0.61949999296,1.4823749966720001,-2.1874987519999998
1.7440000000000002e-06,0.312495104000007,0.61949999296,1.4823749966720001,-1.8749987840000006
1.7445000000000002e-06,-0.46875494399999695,0.61949999296,1.4823749966720001,-2.1874987519999998
1.745e-06,-0.46875494399999695,0.61949999296,1.4811249968,-1.8749987840000006
1.7455e-06,0.312495104000007,0.63199999168,1.4811249968,-1.5624988160000015
1.746e-06,0.312495104000007,0.62574999232,1.4823749966720001,-1.8749987840000006
1.7465000000000001e-06,0.312495104000007,0.62574999232,1.4823749966720001,-1.8749987840000006
1.7470000000000002e-06,-0.46875494399999695,0.62574999232,1.483624996544,-1.5624988160000015
1.7475000000000002e-06,0.312495104000007,0.62574999232,1.483624996544,-1.5624988160000015
1.748e-06,-0.46875494399999695,0.61949999296,1.4823749966720001,-1.8749987840000006
1.7485e-06,-0.46875494399999695,0.61949999296,1.483624996544,-1.5624988160000015
1.7490000000000001e-06,0.312495104000007,0.62574999232,1.4823749966720001,-1.5624988160000015
1.7495000000000001e-06,0.312495104000007,0.61949999296,1.4823749966720001,-1.8749987840000006
1.7500000000000002e-06,1.0937451519999968,0.61949999296,1.4823749966720001,-1.8749987840000006
1.7505e-06,0.312495104000007,0.62574999232,1.4823749966720001,-1.8749987840000006
1.751e-06,0.312495104000007,0.62574999232,1.4823749966720001,-1.8749987840000006
1.7515e-06,0.312495104000007,0.62574999232,1.4823749966720001,-2.1874987519999998
1.7520000000000001e-06,0.312495104000007,0.63199999168,1.479874996928,-1.8749987840000006
1.7525000000000002e-06,0.312495104000007,0.61949999296,1.4823749966720001,-2.1874987519999998
1.7530000000000002e-06,-0.46875494399999695,0.62574999232,1.4823749966720001,-1.8749987840000006
1.7535e-06,0.312495104000007,0.62574999232,1.4823749966720001,-1.8749987840000006
1.754e-06,1.0937451519999968,0.62574999232,1.4823749966720001,-1.8749987840000006
1.7545e-06,0.312495104000007,0.61949999296,1.4823749966720001,-1.8749987840000006
1.7550000000000001e-06,-0.46875494399999695,0.62574999232,1.4823749966720001,-1.8749987840000006
1.7555000000000002e-06,0.312495104000007,0.61949999296,1.4823749966720001,-1.5624988160000015
1.7560000000000002e-06,0.312495104000007,0.61949999296,1.483624996544,-1.8749987840000006
1.7565e-06,0.312495104000007,0.62574999232,1.48737499616,-2.4999987200000007
1.757e-06,1.0937451519999968,0.62574999232,1.486124996288,-1.8749987840000006
1.7575000000000001e-06,0.312495104000007,0.62574999232,1.483624996544,-2.1874987519999998
1.7580000000000002e-06,0.312495104000007,0.62574999232,1.483624996544,-1.5624988160000015
1.7585000000000002e-06,0.312495104000007,0.62574999232,1.483624996544,-1.8749987840000006
1.759e-06,0.312495104000007,0.62574999232,1.4823749966720001,-2.1874987519999998
1.7595e-06,0.312495104000007,0.61949999296,1.4823749966720001,-2.1874987519999998
1.76e-06,0.312495104000007,0.61949999296,1.4823749966720001,-1.8749987840000006
1.7605000000000001e-06,-0.46875494399999695,0.62574999232,1.483624996544,-2.1874987519999998
1.7610000000000002e-06,-0.46875494399999695,0.61949999296,1.483624996544,-1.8749987840000006
1.7615000000000002e-06,0.312495104000007,0.62574999232,1.483624996544,-1.8749987840000006
1.762e-06,0.312495104000007,0.63199999168,1.4811249968,-1.8749987840000006
1.7625e-06,-0.46875494399999695,0.63199999168,1.479874996928,-1.8749987840000006
1.763e-06,-0.46875494399999695,0.63199999168,1.4811249968,-1.8749987840000006
1.7635000000000001e-06,0.312495104000007,0.62574999232,1.483624996544,-1.5624988160000015
1.7640000000000002e-06,0.312495104000007,0.62574999232,1.483624996544,-1.5624988160000015
1.7645e-06,-0.46875494399999695,0.63199999168,1.484874996416,-1.8749987840000006
1.765e-06,0.312495104000007,0.63199999168,1.4823749966720001,-1.8749987840000006
1.7655e-06,0.312495104000007,0.62574999232,1.4823749966720001,-2.1874987519999998
1.7660000000000001e-06,0.312495104000007,0.61949999296,1.4811249968,-1.8749987840000006
1.7665000000000002e-06,0.312495104000007,0.62574999232,1.4823749966720001,-1.8749987840000006
1.7670000000000002e-06,0.312495104000007,0.62574999232,1.483624996544,-1.8749987840000006
1.7675e-06,0.312495104000007,0.62574999232,1.486124996288,-2.1874987519999998
1.768e-06,-0.46875494399999695,0.61949999296,1.4823749966720001,-2.1874987519999998
1.7685e-06,-0.46875494399999695,0.61949999296,1.4823749966720001,-2.4999987200000007
1.7690000000000001e-06,0.312495104000007,0.62574999232,1.4823749966720001,-2.1874987519999998
1.7695000000000002e-06,-0.46875494399999695,0.61949999296,1.483624996544,-1.8749987840000006
1.7700000000000002e-06,-0.46875494399999695,0.61949999296,1.4811249968,-2.1874987519999998
1.7705e-06,-0.46875494399999695,0.62574999232,1.4823749966720001,-1.8749987840000006
1.771e-06,-0.46875494399999695,0.62574999232,1.483624996544,-1.8749987840000006
1.7715000000000001e-06,-0.46875494399999695,0.62574999232,1.483624996544,-2.1874987519999998
1.7720000000000001e-06,0.312495104000007,0.61949999296,1.4811249968,-1.8749987840000006
1.7725000000000002e-06,-0.46875494399999695,0.62574999232,1.4823749966720001,-2.1874987519999998
1.773e-06,0.312495104000007,0.62574999232,1.4823749966720001,-1.8749987840000006
1.7735e-06,0.312495104000007,0.63199999168,1.4823749966720001,-1.8749987840000006
1.774e-06,-0.46875494399999695,0.62574999232,1.4823749966720001,-1.8749987840000006
1.7745000000000001e-06,0.312495104000007,0.62574999232,1.4823749966720001,-1.5624988160000015
1.7750000000000002e-06,0.312495104000007,0.63199999168,1.4823749966720001,-1.8749987840000006
1.7755000000000002e-06,0.312495104000007,0.62574999232,1.48737499616,-2.1874987519999998
1.776e-06,0.312495104000007,0.62574999232,1.48737499616,-1.8749987840000006
1.7765e-06,0.312495104000007,0.61949999296,1.484874996416,-2.1874987519999998
1.777e-06,0.312495104000007,0.61949999296,1.4823749966720001,-1.8749987840000006
1.7775000000000001e-06,0.312495104000007,0.61949999296,1.483624996544,-2.1874987519999998
1.7780000000000002e-06,0.312495104000007,0.62574999232,1.483624996544,-1.8749987840000006
1.7785000000000002e-06,0.312495104000007,0.63199999168,1.4823749966720001,-1.8749987840000006
1.779e-06,0.312495104000007,0.63199999168,1.479874996928,-1.8749987840000006
1.7795e-06,0.312495104000007,0.62574999232,1.483624996544,-1.8749987840000006
1.7800000000000001e-06,0.312495104000007,0.62574999232,1.483624996544,-1.8749987840000006
1.7805000000000001e-06,-0.46875494399999695,0.62574999232,1.483624996544,-1.8749987840000006
1.7810000000000002e-06,0.312495104000007,0.62574999232,1.4823749966720001,-1.8749987840000006
1.7815e-06,-0.46875494399999695,0.62574999232,1.4823749966720001,-1.8749987840000006
1.782e-06,0.312495104000007,0.62574999232,1.4823749966720001,-1.8749987840000006
1.7825e-06,0.312495104000007,0.62574999232,1.484874996416,-1.8749987840000006
1.7830000000000001e-06,-0.46875494399999695,0.62574999232,1.4823749966720001,-2.1874987519999998
1.7835000000000002e-06,-0.46875494399999695,0.61949999296,1.4823749966720001,-2.1874987519999998
1.7840000000000002e-06,0.312495104000007,0.61949999296,1.479874996928,-1.8749987840000006
1.7845e-06,-0.46875494399999695,0.61949999296,1.483624996544,-2.1874987519999998
1.785e-06,-0.46875494399999695,0.62574999232,1.483624996544,-1.8749987840000006
1.7855e-06,-0.46875494399999695,0.62574999232,1.483624996544,-2.1874987519999998
1.7860000000000001e-06,0.312495104000007,0.61949999296,1.4823749966720001,-1.8749987840000006
1.7865000000000002e-06,0.312495104000007,0.62574999232,1.4811249968,-1.8749987840000006
1.7870000000000002e-06,-0.46875494399999695,0.62574999232,1.4811249968,-1.8749987840000006
1.7875e-06,0.312495104000007,0.62574999232,1.483624996544,-1.8749987840000006
1.788e-06,0.312495104000007,0.63199999168,1.483624996544,-1.8749987840000006
1.7885000000000001e-06,-0.46875494399999695,0.62574999232,1.483624996544,-1.8749987840000006
1.7890000000000002e-06,0.312495104000007,0.61949999296,1.4811249968,-1.8749987840000006
1.7895000000000002e-06,0.312495104000007,0.61949999296,1.4823749966720001,-1.8749987840000006
1.79e-06,-0.46875494399999695,0.62574999232,1.483624996544,-1.8749987840000006
1.7905e-06,0.312495104000007,0.62574999232,1.484874996416,-2.1874987519999998
1.791e-06,0.312495104000007,0.63199999168,1.4823749966720001,-2.1874987519999998
1.7915000000000001e-06,-0.46875494399999695,0.62574999232,1.4823749966720001,-2.4999987200000007
1.7920000000000002e-06,-0.46875494399999695,0.62574999232,1.483624996544,-2.1874987519999998
1.7925000000000002e-06,-0.46875494399999695,0.62574999232,1.486124996288,-2.1874987519999998
1.793e-06,-0.46875494399999695,0.62574999232,1.483624996544,-2.1874987519999998
1.7935e-06,0.312495104000007,0.63199999168,1.483624996544,-1.8749987840000006
1.794e-06,0.312495104000007,0.62574999232,1.4823749966720001,-1.8749987840000006
1.7945000000000001e-06,-0.46875494399999695,0.62574999232,1.483624996544,-2.1874987519999998
1.7950000000000002e-06,0.312495104000007,0.62574999232,1.484874996416,-1.8749987840000006
1.7955000000000002e-06,0.312495104000007,0.62574999232,1.484874996416,-1.8749987840000006
1.796e-06,-0.46875494399999695,0.62574999232,1.486124996288,-2.1874987519999998
1.7965e-06,-0.46875494399999695,0.62574999232,1.484874996416,-2.1874987519999998
1.7970000000000001e-06,0.312495104000007,0.63199999168,1.4823749966720001,-2.1874987519999998
1.7975000000000002e-06,0.312495104000007,0.62574999232,1.4823749966720001,-1.8749987840000006
1.7980000000000002e-06,0.312495104000007,0.61949999296,1.484874996416,-2.1874987519999998
1.7985e-06,0.312495104000007,0.62574999232,1.484874996416,-1.8749987840000006
1.799e-06,0.312495104000007,0.63199999168,1.484874996416,-2.1874987519999998
1.7995e-06,0.312495104000007,0.61949999296,1.483624996544,-2.1874987519999998
1.8000000000000001e-06,0.312495104000007,0.63199999168,1.483624996544,-2.1874987519999998
1.8005000000000002e-06,0.312495104000007,0.62574999232,1.484874996416,-2.4999987200000007
1.8010000000000002e-06,0.312495104000007,0.62574999232,1.4823749966720001,-2.1874987519999998
1.8015e-06,0.312495104000007,0.62574999232,1.4811249968,-1.8749987840000006
1.802e-06,0.312495104000007,0.62574999232,1.479874996928,-2.1874987519999998
1.8025000000000001e-06,-0.46875494399999695,0.62574999232,1.4823749966720001,-2.1874987519999998
1.8030000000000001e-06,-0.46875494399999695,0.62574999232,1.4823749966720001,-1.8749987840000006
1.8035000000000002e-06,-0.46875494399999695,0.62574999232,1.483624996544,-1.8749987840000006
1.804e-06,-0.46875494399999695,0.61949999296,1.4811249968,-2.1874987519999998
1.8045e-06,-0.46875494399999695,0.62574999232,1.4823749966720001,-2.1874987519999998
1.805e-06,0.312495104000007,0.62574999232,1.483624996544,-2.1874987519999998
1.8055000000000001e-06,-0.46875494399999695,0.61949999296,1.4823749966720001,-1.8749987840000006
1.8060000000000002e-06,-0.46875494399999695,0.61949999296,1.4823749966720001,-1.8749987840000006
1.8065000000000002e-06,-0.46875494399999695,0.62574999232,1.483624996544,-1.8749987840000006
1.807e-06,0.312495104000007,0.63199999168,1.4823749966720001,-2.1874987519999998
1.8075e-06,0.312495104000007,0.62574999232,1.484874996416,-2.1874987519999998
1.808e-06,0.312495104000007,0.62574999232,1.4823749966720001,-2.1874987519999998
1.8085000000000001e-06,0.312495104000007,0.62574999232,1.479874996928,-1.8749987840000006
1.8090000000000002e-06,-0.46875494399999695,0.63199999168,1.477374997184,-1.5624988160000015
1.8095000000000002e-06,0.312495104000007,0.62574999232,1.4823749966720001,-1.8749987840000006
1.81e-06,0.312495104000007,0.62574999232,1.483624996544,-1.8749987840000006
1.8105e-06,0.312495104000007,0.62574999232,1.483624996544,-2.1874987519999998
1.8110000000000001e-06,-0.46875494399999695,0.62574999232,1.4823749966720001,-1.8749987840000006
1.8115000000000001e-06,0.312495104000007,0.63199999168,1.483624996544,-1.8749987840000006
1.8120000000000002e-06,-0.46875494399999695,0.62574999232,1.483624996544,-1.8749987840000006
1.8125e-06,-0.46875494399999695,0.63199999168,1.484874996416,-2.1874987519999998
1.813e-06,-0.46875494399999695,0.62574999232,1.484874996416,-2.1874987519999998
1.8135e-06,-0.46875494399999695,0.62574999232,1.484874996416,-1.8749987840000006
1.8140000000000001e-06,-0.46875494399999695,0.61949999296,1.4823749966720001,-2.1874987519999998
1.8145000000000002e-06,-0.46875494399999695,0.62574999232,1.4823749966720001,-1.8749987840000006
1.8150000000000002e-06,-1.250004992000001,0.63199999168,1.483624996544,-2.1874987519999998
1.8155e-06,-0.46875494399999695,0.62574999232,1.486124996288,-2.1874987519999998
1.816e-06,-1.250004992000001,0.63199999168,1.4823749966720001,-2.1874987519999998
1.8165e-06,-0.46875494399999695,0.62574999232,1.483624996544,-2.4999987200000007
1.8170000000000001e-06,0.312495104000007,0.63199999168,1.486124996288,-2.1874987519999998
1.8175000000000002e-06,-0.46875494399999695,0.62574999232,1.48737499616,-2.1874987519999998
1.8180000000000002e-06,-0.46875494399999695,0.63199999168,1.484874996416,-1.8749987840000006
1.8185e-06,-0.46875494399999695,0.62574999232,1.4823749966720001,-2.1874987519999998
1.819e-06,-0.46875494399999695,0.62574999232,1.483624996544,-2.1874987519999998
1.8195000000000001e-06,0.312495104000007,0.62574999232,1.484874996416,-2.1874987519999998
1.8200000000000002e-06,-0.46875494399999695,0.61949999296,1.486124996288,-1.8749987840000006
1.8205000000000002e-06,-0.46875494399999695,0.63199999168,1.484874996416,-2.1874987519999998
1.821e-06,0.312495104000007,0.62574999232,1.4823749966720001,-2.1874987519999998
1.8215e-06,-0.46875494399999695,0.62574999232,1.4823749966720001,-1.8749987840000006
1.822e-06,-0.46875494399999695,0.61949999296,1.483624996544,-1.8749987840000006
1.8225000000000001e-06,-0.46875494399999695,0.62574999232,1.483624996544,-1.8749987840000006
1.8230000000000002e-06,-0.46875494399999695,0.62574999232,1.4823749966720001,-2.1874987519999998
1.8235000000000002e-06,-0.46875494399999695,0.63199999168,1.4823749966720001,-2.1874987519999998
1.824e-06,0.312495104000007,0.62574999232,1.4823749966720001,-1.8749987840000006
1.8245e-06,-0.46875494399999695,0.61949999296,1.484874996416,-2.1874987519999998
1.825e-06,-1.250004992000001,0.62574999232,1.483624996544,-1.5624988160000015
1.8255000000000001e-06,-0.46875494399999695,0.63199999168,1.486124996288,-1.8749987840000006
1.8260000000000002e-06,-0.46875494399999695,0.62574999232,1.484874996416,-2.1874987519999998
1.8265000000000002e-06,-0.46875494399999695,0.63199999168,1.484874996416,-2.1874987519999998
1.827e-06,-0.46875494399999695,0.61949999296,1.486124996288,-1.5624988160000015
1.8275e-06,0.312495104000007,0.61949999296,1.484874996416,-1.8749987840000006
1.8280000000000001e-06,0.312495104000007,0.61949999296,1.484874996416,-1.8749987840000006
1.8285000000000002e-06,0.312495104000007,0.63199999168,1.48737499616,-2.4999987200000007
1.8290000000000002e-06,-0.46875494399999695,0.63199999168,1.486124996288,-2.1874987519999998
1.8295e-06,-0.46875494399999695,0.61949999296,1.484874996416,-1.8749987840000006
1.83e-06,-0.46875494399999695,0.62574999232,1.484874996416,-1.8749987840000006
1.8305e-06,-0.46875494399999695,0.62574999232,1.484874996416,-1.8749987840000006
1.8310000000000001e-06,-1.250004992000001,0.62574999232,1.483624996544,-2.1874987519999998
1.8315000000000002e-06,-0.46875494399999695,0.62574999232,1.483624996544,-2.4999987200000007
1.8320000000000002e-06,-0.46875494399999695,0.63199999168,1.483624996544,-2.1874987519999998
1.8325e-06,-0.46875494399999695,0.61949999296,1.48737499616,-2.4999987200000007
1.833e-06,0.312495104000007,0.61949999296,1.486124996288,-2.1874987519999998
1.8335000000000001e-06,0.312495104000007,0.62574999232,1.484874996416,-2.1874987519999998
1.8340000000000001e-06,-0.46875494399999695,0.62574999232,1.4823749966720001,-1.8749987840000006
1.8345000000000002e-06,-0.46875494399999695,0.62574999232,1.4823749966720001,-2.4999987200000007
1.8350000000000002e-06,-0.46875494399999695,0.63199999168,1.483624996544,-2.1874987519999998
1.8355e-06,0.312495104000007,0.63199999168,1.483624996544,-1.8749987840000006
1.836e-06,-0.46875494399999695,0.62574999232,1.4811249968,-2.1874987519999998
1.8365000000000001e-06,0.312495104000007,0.63199999168,1.4823749966720001,-2.4999987200000007
1.8370000000000002e-06,0.312495104000007,0.63199999168,1.4823749966720001,-2.1874987519999998
1.8375000000000002e-06,0.312495104000007,0.61949999296,1.483624996544,-2.1874987519999998
1.838e-06,0.312495104000007,0.61949999296,1.486124996288,-2.1874987519999998
1.8385e-06,0.312495104000007,0.62574999232,1.484874996416,-1.8749987840000006
1.839e-06,-0.46875494399999695,0.63199999168,1.4811249968,-2.1874987519999998
1.8395000000000001e-06,0.312495104000007,0.62574999232,1.4811249968,-2.4999987200000007
1.8400000000000002e-06,-0.46875494399999695,0.63199999168,1.4811249968,-2.1874987519999998
1.8405000000000002e-06,0.312495104000007,0.61949999296,1.483624996544,-1.8749987840000006
1.841e-06,0.312495104000007,0.61949999296,1.4811249968,-2.1874987519999998
1.8415e-06,0.312495104000007,0.62574999232,1.484874996416,-2.1874987519999998
1.8420000000000001e-06,0.312495104000007,0.61949999296,1.486124996288,-2.1874987519999998
1.8425000000000001e-06,0.312495104000007,0.62574999232,1.483624996544,-2.1874987519999998
1.8430000000000002e-06,0.312495104000007,0.62574999232,1.4823749966720001,-2.1874987519999998
1.8435e-06,0.312495104000007,0.62574999232,1.483624996544,-2.1874987519999998
1.844e-06,0.312495104000007,0.62574999232,1.4823749966720001,-1.8749987840000006
1.8445e-06,0.312495104000007,0.62574999232,1.4823749966720001,-2.1874987519999998
1.8450000000000001e-06,0.312495104000007,0.61949999296,1.4823749966720001,-2.1874987519999998
1.8455000000000002e-06,-0.46875494399999695,0.62574999232,1.483624996544,-1.8749987840000006
1.8460000000000002e-06,-0.46875494399999695,0.61949999296,1.484874996416,-1.8749987840000006
1.8465e-06,-0.46875494399999695,0.62574999232,1.484874996416,-2.1874987519999998
1.847e-06,0.312495104000007,0.62574999232,1.4823749966720001,-2.1874987519999998
1.8475e-06,0.312495104000007,0.61949999296,1.486124996288,-2.1874987519999998
1.8480000000000001e-06,0.312495104000007,0.61949999296,1.483624996544,-2.1874987519999998
1.8485000000000002e-06,-0.46875494399999695,0.61949999296,1.4823749966720001,-2.4999987200000007
1.8490000000000002e-06,0.312495104000007,0.61949999296,1.4811249968,-2.1874987519999998
1.8495e-06,0.312495104000007,0.61949999296,1.483624996544,-1.8749987840000006
1.85e-06,0.312495104000007,0.62574999232,1.484874996416,-2.1874987519999998
1.8505000000000001e-06,-0.46875494399999695,0.62574999232,1.486124996288,-2.4999987200000007
1.8510000000000002e-06,-0.46875494399999695,0.63199999168,1.48737499616,-2.1874987519999998
1.8515000000000002e-06,-0.46875494399999695,0.62574999232,1.488624996032,-1.8749987840000006
1.852e-06,-0.46875494399999695,0.62574999232,1.486124996288,-2.1874987519999998
1.8525e-06,-0.46875494399999695,0.63199999168,1.488624996032,-1.8749987840000006
1.853e-06,0.312495104000007,0.62574999232,1.491124995776,-1.5624988160000015
1.8535000000000001e-06,-0.46875494399999695,0.62574999232,1.489874995904,-1.8749987840000006
1.8540000000000002e-06,-0.46875494399999695,0.61949999296,1.484874996416,-2.1874987519999998
1.8545000000000002e-06,-0.46875494399999695,0.61949999296,1.4823749966720001,-2.1874987519999998
1.855e-06,-0.46875494399999695,0.62574999232,1.4823749966720001,-2.4999987200000007
1.8555e-06,-0.46875494399999695,0.62574999232,1.483624996544,-2.1874987519999998
1.856e-06,-1.250004992000001,0.61949999296,1.4823749966720001,-2.1874987519999998
1.8565000000000001e-06,-0.46875494399999695,0.61949999296,1.483624996544,-2.1874987519999998
1.8570000000000002e-06,-1.250004992000001,0.62574999232,1.4823749966720001,-2.1874987519999998
1.8575000000000002e-06,0.312495104000007,0.62574999232,1.4823749966720001,-2.1874987519999998
1.858e-06,0.312495104000007,0.62574999232,1.483624996544,-2.1874987519999998
1.8585e-06,-0.46875494399999695,0.62574999232,1.483624996544,-2.4999987200000007
1.8590000000000001e-06,-0.46875494399999695,0.62574999232,1.4823749966720001,-2.1874987519999998
1.8595000000000002e-06,-0.46875494399999695,0.62574999232,1.483624996544,-1.8749987840000006
1.8600000000000002e-06,-0.46875494399999695,0.62574999232,1.4823749966720001,-1.8749987840000006
1.8605e-06,-0.46875494399999695,0.63199999168,1.4823749966720001,-1.8749987840000006
1.861e-06,0.312495104000007,0.63199999168,1.4823749966720001,-2.1874987519999998
1.8615e-06,0.312495104000007,0.62574999232,1.4823749966720001,-2.1874987519999998
1.8620000000000001e-06,-0.46875494399999695,0.61949999296,1.4823749966720001,-2.1874987519999998
1.8625000000000002e-06,0.312495104000007,0.62574999232,1.4823749966720001,-1.8749987840000006
1.8630000000000002e-06,0.312495104000007,0.62574999232,1.4823749966720001,-2.1874987519999998
1.8635e-06,0.312495104000007,0.61949999296,1.4823749966720001,-2.4999987200000007
1.864e-06,0.312495104000007,0.62574999232,1.4811249968,-2.1874987519999998
1.8645e-06,-0.46875494399999695,0.61949999296,1.483624996544,-2.4999987200000007
1.8650000000000001e-06,-0.46875494399999695,0.61949999296,1.4823749966720001,-2.1874987519999998
1.8655000000000002e-06,0.312495104000007,0.63199999168,1.483624996544,-2.1874987519999998
1.8660000000000002e-06,0.312495104000007,0.63199999168,1.4823749966720001,-2.4999987200000007
1.8665e-06,-0.46875494399999695,0.62574999232,1.4811249968,-2.1874987519999998
1.867e-06,0.312495104000007,0.62574999232,1.4811249968,-2.1874987519999998
1.8675000000000001e-06,0.312495104000007,0.62574999232,1.484874996416,-1.8749987840000006
1.8680000000000002e-06,-0.46875494399999695,0.62574999232,1.484874996416,-2.1874987519999998
1.8685000000000002e-06,0.312495104000007,0.61949999296,1.483624996544,-2.4999987200000007
1.869e-06,0.312495104000007,0.61949999296,1.4811249968,-2.4999987200000007
1.8695e-06,-0.46875494399999695,0.62574999232,1.4823749966720001,-2.1874987519999998
1.87e-06,0.312495104000007,0.61949999296,1.483624996544,-1.8749987840000006
1.8705000000000001e-06,0.312495104000007,0.62574999232,1.48737499616,-2.1874987519999998
1.8710000000000002e-06,0.312495104000007,0.63199999168,1.486124996288,-1.8749987840000006
1.8715000000000002e-06,-1.250004992000001,0.62574999232,1.483624996544,-2.1874987519999998
1.872e-06,0.312495104000007,0.61949999296,1.4823749966720001,-2.4999987200000007
1.8725e-06,-0.46875494399999695,0.62574999232,1.483624996544,-2.4999987200000007
1.8730000000000001e-06,0.312495104000007,0.62574999232,1.483624996544,-2.4999987200000007
1.8735000000000001e-06,-0.46875494399999695,0.62574999232,1.483624996544,-2.1874987519999998
1.8740000000000002e-06,0.312495104000007,0.62574999232,1.483624996544,-2.1874987519999998
1.8745000000000002e-06,1.0937451519999968,0.62574999232,1.4823749966720001,-2.4999987200000007
1.875e-06,0.312495104000007,0.63199999168,1.483624996544,-2.1874987519999998
1.8755e-06,0.312495104000007,0.62574999232,1.486124996288,-2.4999987200000007
1.8760000000000001e-06,0.312495104000007,0.62574999232,1.483624996544,-2.1874987519999998
1.8765000000000002e-06,1.0937451519999968,0.62574999232,1.4811249968,-2.4999987200000007
1.8770000000000002e-06,0.312495104000007,0.61949999296,1.4811249968,-2.1874987519999998
1.8775e-06,1.0937451519999968,0.62574999232,1.4823749966720001,-2.4999987200000007
1.878e-06,0.312495104000007,0.62574999232,1.483624996544,-2.1874987519999998
1.8785e-06,0.312495104000007,0.63199999168,1.484874996416,-2.1874987519999998
1.8790000000000001e-06,0.312495104000007,0.63199999168,1.483624996544,-2.4999987200000007
1.8795000000000002e-06,0.312495104000007,0.62574999232,1.4823749966720001,-2.1874987519999998
1.8800000000000002e-06,-0.46875494399999695,0.61949999296,1.4823749966720001,-2.1874987519999998
1.8805e-06,0.312495104000007,0.62574999232,1.484874996416,-2.4999987200000007
1.881e-06,0.312495104000007,0.62574999232,1.484874996416,-2.1874987519999998
1.8815000000000001e-06,0.312495104000007,0.62574999232,1.48737499616,-2.1874987519999998
1.8820000000000001e-06,0.312495104000007,0.62574999232,1.488624996032,-2.4999987200000007
1.8825000000000002e-06,0.312495104000007,0.63199999168,1.48737499616,-2.4999987200000007
1.883e-06,0.312495104000007,0.63199999168,1.486124996288,-2.1874987519999998
1.8835e-06,0.312495104000007,0.62574999232,1.484874996416,-2.1874987519999998
1.884e-06,0.312495104000007,0.62574999232,1.484874996416,-2.4999987200000007
1.8845000000000001e-06,-0.46875494399999695,0.62574999232,1.486124996288,-2.1874987519999998
1.8850000000000002e-06,0.312495104000007,0.63199999168,1.484874996416,-2.4999987200000007
1.8855000000000002e-06,0.312495104000007,0.62574999232,1.483624996544,-2.4999987200000007
1.886e-06,-0.46875494399999695,0.61949999296,1.483624996544,-2.1874987519999998
1.8865e-06,0.312495104000007,0.62574999232,1.484874996416,-2.1874987519999998
1.887e-06,-0.46875494399999695,0.63199999168,1.483624996544,-2.4999987200000007
1.8875000000000001e-06,-0.46875494399999695,0.62574999232,1.486124996288,-2.1874987519999998
1.8880000000000002e-06,-0.46875494399999695,0.62574999232,1.483624996544,-2.1874987519999998
1.8885000000000002e-06,-0.46875494399999695,0.62574999232,1.4823749966720001,-2.4999987200000007
1.889e-06,0.312495104000007,0.62574999232,1.4811249968,-2.1874987519999998
1.8895e-06,0.312495104000007,0.62574999232,1.483624996544,-2.1874987519999998
1.8900000000000001e-06,-0.46875494399999695,0.62574999232,1.484874996416,-2.1874987519999998
1.8905000000000002e-06,0.312495104000007,0.61949999296,1.484874996416,-2.4999987200000007
1.8910000000000002e-06,0.312495104000007,0.62574999232,1.483624996544,-2.1874987519999998
1.8915e-06,0.312495104000007,0.62574999232,1.484874996416,-1.8749987840000006
1.892e-06,-0.46875494399999695,0.62574999232,1.486124996288,-2.1874987519999998
1.8925e-06,-0.46875494399999695,0.63199999168,1.48737499616,-2.1874987519999998
1.8930000000000001e-06,0.312495104000007,0.63199999168,1.488624996032,-2.1874987519999998
1.8935000000000002e-06,0.312495104000007,0.61949999296,1.488624996032,-2.4999987200000007
1.8940000000000002e-06,-0.46875494399999695,0.61949999296,1.48737499616,-2.1874987519999998
1.8945e-06,-0.46875494399999695,0.62574999232,1.484874996416,-2.1874987519999998
1.895e-06,-0.46875494399999695,0.63199999168,1.483624996544,-1.8749987840000006
1.8955e-06,0.312495104000007,0.62574999232,1.483624996544,-2.4999987200000007
1.8960000000000001e-06,0.312495104000007,0.61949999296,1.4811249968,-2.1874987519999998
1.8965000000000002e-06,-0.46875494399999695,0.62574999232,1.484874996416,-2.4999987200000007
1.8970000000000002e-06,0.312495104000007,0.62574999232,1.486124996288,-2.1874987519999998
1.8975e-06,-0.46875494399999695,0.62574999232,1.486124996288,-2.1874987519999998
1.898e-06,-0.46875494399999695,0.62574999232,1.486124996288,-2.1874987519999998
1.8985000000000001e-06,-0.46875494399999695,0.62574999232,1.486124996288,-2.1874987519999998
1.8990000000000002e-06,-0.46875494399999695,0.63199999168,1.486124996288,-2.1874987519999998
1.8995000000000002e-06,0.312495104000007,0.62574999232,1.484874996416,-2.1874987519999998
1.9e-06,-0.46875494399999695,0.61949999296,1.483624996544,-2.1874987519999998
1.9005e-06,-0.46875494399999695,0.62574999232,1.483624996544,-2.1874987519999998
1.901e-06,0.312495104000007,0.62574999232,1.484874996416,-2.1874987519999998
1.9015000000000001e-06,-0.46875494399999695,0.62574999232,1.483624996544,-1.8749987840000006
1.9020000000000002e-06,-0.46875494399999695,0.62574999232,1.4823749966720001,-2.1874987519999998
1.9025000000000002e-06,-0.46875494399999695,0.62574999232,1.484874996416,-1.8749987840000006
1.903e-06,-0.46875494399999695,0.63199999168,1.486124996288,-2.1874987519999998
1.9035e-06,0.312495104000007,0.61949999296,1.486124996288,-2.1874987519999998
1.9040000000000001e-06,-1.250004992000001,0.62574999232,1.484874996416,-2.4999987200000007
1.9045000000000001e-06,-0.46875494399999695,0.61949999296,1.484874996416,-2.4999987200000007
1.9050000000000002e-06,0.312495104000007,0.61949999296,1.483624996544,-2.1874987519999998
1.9055000000000002e-06,-0.46875494399999695,0.62574999232,1.4823749966720001,-1.8749987840000006
1.906e-06,-0.46875494399999695,0.62574999232,1.483624996544,-2.1874987519999998
1.9065e-06,0.312495104000007,0.62574999232,1.483624996544,-2.1874987519999998
1.9070000000000001e-06,-0.46875494399999695,0.61949999296,1.4811249968,-1.8749987840000006
1.9075e-06,0.312495104000007,0.62574999232,1.4811249968,-2.1874987519999998
1.908e-06,0.312495104000007,0.61949999296,1.483624996544,-2.1874987519999998
1.9085e-06,0.312495104000007,0.62574999232,1.48737499616,-2.4999987200000007
1.9090000000000003e-06,0.312495104000007,0.62574999232,1.48737499616,-2.1874987519999998
1.9095e-06,-0.46875494399999695,0.62574999232,1.486124996288,-2.1874987519999998
1.91e-06,-0.46875494399999695,0.62574999232,1.484874996416,-1.8749987840000006
1.9105e-06,0.312495104000007,0.62574999232,1.4823749966720001,-2.1874987519999998
1.911e-06,0.312495104000007,0.62574999232,1.4823749966720001,-2.1874987519999998
1.9115000000000002e-06,0.312495104000007,0.61949999296,1.484874996416,-2.4999987200000007
1.912e-06,0.312495104000007,0.62574999232,1.483624996544,-2.1874987519999998
1.9125000000000003e-06,-0.46875494399999695,0.62574999232,1.484874996416,-2.4999987200000007
1.913e-06,-0.46875494399999695,0.62574999232,1.483624996544,-2.1874987519999998
1.9135e-06,0.312495104000007,0.63199999168,1.4811249968,-2.1874987519999998
1.9140000000000002e-06,0.312495104000007,0.62574999232,1.4823749966720001,-2.1874987519999998
1.9145e-06,0.312495104000007,0.63199999168,1.483624996544,-2.1874987519999998
1.9150000000000003e-06,-0.46875494399999695,0.63199999168,1.483624996544,-2.1874987519999998
1.9155e-06,0.312495104000007,0.62574999232,1.483624996544,-1.8749987840000006
1.916e-06,-0.46875494399999695,0.62574999232,1.4823749966720001,-1.8749987840000006
1.9165e-06,0.312495104000007,0.63199999168,1.4823749966720001,-2.4999987200000007
1.917e-06,1.0937451519999968,0.63199999168,1.483624996544,-2.1874987519999998
1.9175000000000003e-06,0.312495104000007,0.62574999232,1.484874996416,-2.4999987200000007
1.918e-06,0.312495104000007,0.62574999232,1.484874996416,-2.1874987519999998
1.9185e-06,-0.46875494399999695,0.62574999232,1.483624996544,-1.8749987840000006
1.919e-06,0.312495104000007,0.63199999168,1.4811249968,-2.1874987519999998
1.9195e-06,0.312495104000007,0.63199999168,1.4811249968,-2.1874987519999998
1.9200000000000003e-06,0.312495104000007,0.61949999296,1.4823749966720001,-2.1874987519999998
1.9205e-06,0.312495104000007,0.61949999296,1.486124996288,-2.1874987519999998
1.9210000000000003e-06,0.312495104000007,0.62574999232,1.486124996288,-2.1874987519999998
1.9215e-06,1.0937451519999968,0.62574999232,1.484874996416,-2.1874987519999998
1.922e-06,0.312495104000007,0.62574999232,1.484874996416,-1.8749987840000006
1.9225000000000002e-06,0.312495104000007,0.62574999232,1.484874996416,-2.4999987200000007
1.923e-06,0.312495104000007,0.62574999232,1.484874996416,-2.1874987519999998
1.9235000000000003e-06,0.312495104000007,0.63199999168,1.483624996544,-2.4999987200000007
1.924e-06,0.312495104000007,0.62574999232,1.4811249968,-2.1874987519999998
1.9245e-06,1.0937451519999968,0.62574999232,1.483624996544,-2.4999987200000007
1.925e-06,0.312495104000007,0.62574999232,1.48737499616,-2.1874987519999998
1.9255e-06,0.312495104000007,0.62574999232,1.48737499616,-2.4999987200000007
1.9260000000000003e-06,0.312495104000007,0.62574999232,1.48737499616,-2.1874987519999998
1.9265e-06,-0.46875494399999695,0.63199999168,1.488624996032,-2.4999987200000007
1.927e-06,0.312495104000007,0.63199999168,1.486124996288,-2.4999987200000007
1.9275e-06,0.312495104000007,0.62574999232,1.486124996288,-2.4999987200000007
1.928e-06,0.312495104000007,0.63199999168,1.484874996416,-2.1874987519999998
1.9285000000000003e-06,0.312495104000007,0.62574999232,1.48737499616,-2.4999987200000007
1.929e-06,-0.46875494399999695,0.62574999232,1.48737499616,-2.1874987519999998
1.9295000000000003e-06,-0.46875494399999695,0.62574999232,1.48737499616,-2.4999987200000007
1.93e-06,-0.46875494399999695,0.62574999232,1.484874996416,-2.1874987519999998
1.9305e-06,0.312495104000007,0.62574999232,1.483624996544,-2.1874987519999998
1.9310000000000002e-06,0.312495104000007,0.62574999232,1.483624996544,-2.1874987519999998
1.9315e-06,-0.46875494399999695,0.62574999232,1.483624996544,-2.4999987200000007
1.9320000000000003e-06,-0.46875494399999695,0.61949999296,1.483624996544,-2.4999987200000007
1.9325e-06,0.312495104000007,0.61949999296,1.48737499616,-2.4999987200000007
1.933e-06,-0.46875494399999695,0.63199999168,1.488624996032,-2.1874987519999998
1.9335e-06,0.312495104000007,0.63199999168,1.486124996288,-2.4999987200000007
1.934e-06,0.312495104000007,0.62574999232,1.486124996288,-2.1874987519999998
1.9345000000000003e-06,0.312495104000007,0.63199999168,1.486124996288,-2.4999987200000007
1.935e-06,0.312495104000007,0.63199999168,1.48737499616,-2.4999987200000007
1.9355e-06,0.312495104000007,0.62574999232,1.486124996288,-2.8124986880000016
1.936e-06,-0.46875494399999695,0.62574999232,1.4823749966720001,-2.8124986880000016
1.9365e-06,-0.46875494399999695,0.62574999232,1.486124996288,-2.4999987200000007
1.9370000000000003e-06,-1.250004992000001,0.62574999232,1.48737499616,-2.4999987200000007
1.9375e-06,0.312495104000007,0.62574999232,1.483624996544,-2.1874987519999998
1.938e-06,-0.46875494399999695,0.62574999232,1.4823749966720001,-2.4999987200000007
1.9385e-06,-0.46875494399999695,0.62574999232,1.4823749966720001,-2.1874987519999998
1.939e-06,0.312495104000007,0.62574999232,1.486124996288,-2.1874987519999998
1.9395000000000002e-06,0.312495104000007,0.63199999168,1.48737499616,-2.4999987200000007
1.94e-06,-0.46875494399999695,0.63199999168,1.486124996288,-2.1874987519999998
1.9405000000000003e-06,-0.46875494399999695,0.63199999168,1.486124996288,-2.1874987519999998
1.941e-06,0.312495104000007,0.61949999296,1.486124996288,-2.4999987200000007
1.9415e-06,-0.46875494399999695,0.62574999232,1.48737499616,-2.4999987200000007
1.942e-06,-0.46875494399999695,0.61949999296,1.488624996032,-2.4999987200000007
1.9425e-06,0.312495104000007,0.62574999232,1.486124996288,-2.4999987200000007
1.9430000000000003e-06,-0.46875494399999695,0.63199999168,1.483624996544,-2.4999987200000007
1.9435e-06,0.312495104000007,0.62574999232,1.486124996288,-2.4999987200000007
1.944e-06,0.312495104000007,0.63199999168,1.484874996416,-2.4999987200000007
1.9445e-06,-0.46875494399999695,0.62574999232,1.484874996416,-2.4999987200000007
1.945e-06,-0.46875494399999695,0.62574999232,1.483624996544,-2.4999987200000007
1.9455000000000003e-06,0.312495104000007,0.62574999232,1.483624996544,-2.1874987519999998
1.946e-06,1.0937451519999968,0.62574999232,1.486124996288,-2.4999987200000007
1.9465e-06,0.312495104000007,0.62574999232,1.486124996288,-2.1874987519999998
1.947e-06,-0.46875494399999695,0.63199999168,1.484874996416,-2.1874987519999998
1.9475e-06,0.312495104000007,0.63199999168,1.483624996544,-2.1874987519999998
1.9480000000000002e-06,-0.46875494399999695,0.63199999168,1.484874996416,-2.1874987519999998
1.9485e-06,-0.46875494399999695,0.6382499910399999,1.48737499616,-2.4999987200000007
1.9490000000000003e-06,0.312495104000007,0.63199999168,1.484874996416,-2.4999987200000007
1.9495e-06,0.312495104000007,0.62574999232,1.483624996544,-2.1874987519999998
1.95e-06,0.312495104000007,0.62574999232,1.486124996288,-2.1874987519999998
1.9505000000000002e-06,-0.46875494399999695,0.62574999232,1.48737499616,-2.1874987519999998
1.951e-06,-0.46875494399999695,0.62574999232,1.483624996544,-2.4999987200000007
1.9515000000000003e-06,0.312495104000007,0.62574999232,1.4823749966720001,-2.8124986880000016
1.952e-06,0.312495104000007,0.62574999232,1.4811249968,-2.4999987200000007
1.9525e-06,-0.46875494399999695,0.62574999232,1.484874996416,-2.4999987200000007
1.953e-06,-0.46875494399999695,0.62574999232,1.483624996544,-2.4999987200000007
1.9535e-06,0.312495104000007,0.62574999232,1.484874996416,-2.4999987200000007
1.9540000000000003e-06,-0.46875494399999695,0.62574999232,1.483624996544,-2.4999987200000007
1.9545e-06,-0.46875494399999695,0.61949999296,1.483624996544,-2.4999987200000007
1.955e-06,-0.46875494399999695,0.62574999232,1.4823749966720001,-2.4999987200000007
1.9555e-06,0.312495104000007,0.62574999232,1.483624996544,-2.4999987200000007
1.956e-06,-0.46875494399999695,0.62574999232,1.483624996544,-2.4999987200000007
1.9565000000000002e-06,-0.46875494399999695,0.61949999296,1.483624996544,-2.4999987200000007
1.957e-06,0.312495104000007,0.61949999296,1.4823749966720001,-2.4999987200000007
1.9575000000000003e-06,-0.46875494399999695,0.62574999232,1.4823749966720001,-2.4999987200000007
1.958e-06,-0.46875494399999695,0.62574999232,1.486124996288,-2.1874987519999998
1.9585e-06,0.312495104000007,0.62574999232,1.48737499616,-2.1874987519999998
1.9590000000000002e-06,0.312495104000007,0.63199999168,1.484874996416,-2.4999987200000007
1.9595e-06,-0.46875494399999695,0.61949999296,1.4823749966720001,-2.8124986880000016
1.9600000000000003e-06,-0.46875494399999695,0.62574999232,1.4823749966720001,-2.1874987519999998
1.9605e-06,0.312495104000007,0.61949999296,1.484874996416,-2.8124986880000016
1.961e-06,-0.46875494399999695,0.62574999232,1.486124996288,-2.1874987519999998
1.9615e-06,0.312495104000007,0.61949999296,1.484874996416,-2.4999987200000007
1.962e-06,0.312495104000007,0.62574999232,1.483624996544,-2.4999987200000007
1.9625000000000003e-06,-0.46875494399999695,0.62574999232,1.4823749966720001,-2.4999987200000007
1.963e-06,0.312495104000007,0.61949999296,1.4823749966720001,-2.1874987519999998
1.9635e-06,0.312495104000007,0.61949999296,1.4823749966720001,-2.1874987519999998
1.964e-06,0.312495104000007,0.62574999232,1.4823749966720001,-2.1874987519999998
1.9645e-06,1.0937451519999968,0.62574999232,1.483624996544,-2.1874987519999998
1.9650000000000002e-06,0.312495104000007,0.61949999296,1.483624996544,-2.4999987200000007
1.9655e-06,-0.46875494399999695,0.62574999232,1.483624996544,-2.1874987519999998
1.9660000000000003e-06,0.312495104000007,0.62574999232,1.4823749966720001,-1.8749987840000006
1.9665e-06,0.312495104000007,0.62574999232,1.4823749966720001,-2.1874987519999998
1.967e-06,0.312495104000007,0.63199999168,1.486124996288,-2.4999987200000007
1.9675000000000002e-06,0.312495104000007,0.61949999296,1.48737499616,-2.4999987200000007
1.968e-06,0.312495104000007,0.61949999296,1.484874996416,-2.4999987200000007
1.9685000000000003e-06,0.312495104000007,0.61949999296,1.484874996416,-2.4999987200000007
1.969e-06,0.312495104000007,0.62574999232,1.484874996416,-2.4999987200000007
1.9695e-06,0.312495104000007,0.62574999232,1.483624996544,-2.4999987200000007
1.97e-06,0.312495104000007,0.62574999232,1.4823749966720001,-2.1874987519999998
1.9705e-06,-0.46875494399999695,0.62574999232,1.483624996544,-2.1874987519999998
1.9710000000000003e-06,-0.46875494399999695,0.62574999232,1.4823749966720001,-2.4999987200000007
1.9715e-06,0.312495104000007,0.62574999232,1.484874996416,-2.4999987200000007
1.972e-06,-0.46875494399999695,0.61949999296,1.486124996288,-2.1874987519999998
1.9725e-06,-0.46875494399999695,0.62574999232,1.484874996416,-2.4999987200000007
1.973e-06,0.312495104000007,0.62574999232,1.483624996544,-2.1874987519999998
1.9735000000000002e-06,0.312495104000007,0.62574999232,1.4823749966720001,-2.4999987200000007
1.974e-06,0.312495104000007,0.62574999232,1.4823749966720001,-2.1874987519999998
1.9745000000000003e-06,-0.46875494399999695,0.62574999232,1.4823749966720001,-2.4999987200000007
1.975e-06,0.312495104000007,0.63199999168,1.483624996544,-2.4999987200000007
1.9755e-06,0.312495104000007,0.61949999296,1.486124996288,-2.8124986880000016
1.9760000000000002e-06,0.312495104000007,0.62574999232,1.484874996416,-2.4999987200000007
1.9765e-06,0.312495104000007,0.62574999232,1.484874996416,-2.8124986880000016
1.9770000000000003e-06,0.312495104000007,0.62574999232,1.483624996544,-2.4999987200000007
1.9775e-06,-0.46875494399999695,0.62574999232,1.483624996544,-2.4999987200000007
1.978e-06,0.312495104000007,0.62574999232,1.484874996416,-2.4999987200000007
1.9785e-06,0.312495104000007,0.62574999232,1.486124996288,-2.4999987200000007
1.979e-06,0.312495104000007,0.61949999296,1.486124996288,-2.4999987200000007
1.9795000000000003e-06,0.312495104000007,0.62574999232,1.48737499616,-2.4999987200000007
1.98e-06,-0.46875494399999695,0.61949999296,1.48737499616,-2.4999987200000007
1.9805e-06,0.312495104000007,0.62574999232,1.48737499616,-2.4999987200000007
1.981e-06,0.312495104000007,0.62574999232,1.486124996288,-2.8124986880000016
1.9815e-06,0.312495104000007,0.61949999296,1.483624996544,-2.4999987200000007
1.9820000000000003e-06,0.312495104000007,0.62574999232,1.483624996544,-2.1874987519999998
1.9825e-06,0.312495104000007,0.62574999232,1.484874996416,-2.1874987519999998
1.9830000000000003e-06,0.312495104000007,0.62574999232,1.483624996544,-2.4999987200000007
1.9835e-06,-0.46875494399999695,0.61949999296,1.4823749966720001,-2.8124986880000016
1.984e-06,0.312495104000007,0.61949999296,1.4811249968,-2.4999987200000007
1.9845000000000002e-06,-0.46875494399999695,0.61949999296,1.4823749966720001,-2.4999987200000007
1.985e-06,0.312495104000007,0.61949999296,1.4811249968,-2.1874987519999998
1.9855000000000003e-06,0.312495104000007,0.62574999232,1.4823749966720001,-2.4999987200000007
1.986e-06,0.312495104000007,0.62574999232,1.4811249968,-2.4999987200000007
1.9865e-06,-0.46875494399999695,0.62574999232,1.483624996544,-2.4999987200000007
1.987e-06,-0.46875494399999695,0.62574999232,1.486124996288,-2.1874987519999998
1.9875e-06,-0.46875494399999695,0.62574999232,1.486124996288,-2.4999987200000007
1.9880000000000003e-06,-1.250004992000001,0.61949999296,1.484874996416,-2.1874987519999998
1.9885e-06,-0.46875494399999695,0.61949999296,1.484874996416,-2.4999987200000007
1.989e-06,0.312495104000007,0.62574999232,1.484874996416,-2.4999987200000007
1.9895e-06,-0.46875494399999695,0.63199999168,1.484874996416,-2.4999987200000007
1.99e-06,-0.46875494399999695,0.62574999232,1.483624996544,-2.4999987200000007
1.9905000000000003e-06,-0.46875494399999695,0.62574999232,1.486124996288,-2.4999987200000007
1.991e-06,0.312495104000007,0.63199999168,1.483624996544,-2.4999987200000007
1.9915000000000003e-06,-0.46875494399999695,0.61949999296,1.4823749966720001,-2.4999987200000007
1.992e-06,0.312495104000007,0.62574999232,1.4811249968,-2.4999987200000007
1.9925e-06,0.312495104000007,0.61949999296,1.484874996416,-2.8124986880000016
1.9930000000000002e-06,0.312495104000007,0.62574999232,1.484874996416,-2.4999987200000007
1.9935e-06,-0.46875494399999695,0.62574999232,1.483624996544,-2.4999987200000007
1.9940000000000003e-06,1.0937451519999968,0.62574999232,1.4811249968,-2.4999987200000007
1.9945e-06,0.312495104000007,0.63199999168,1.4823749966720001,-2.4999987200000007
1.995e-06,-0.46875494399999695,0.62574999232,1.483624996544,-2.1874987519999998
1.9955e-06,0.312495104000007,0.62574999232,1.483624996544,-2.4999987200000007
1.996e-06,0.312495104000007,0.62574999232,1.4823749966720001,-2.4999987200000007
1.9965000000000003e-06,0.312495104000007,0.63199999168,1.484874996416,-2.4999987200000007
1.997e-06,0.312495104000007,0.63199999168,1.486124996288,-2.4999987200000007
1.9975e-06,0.312495104000007,0.62574999232,1.484874996416,-2.4999987200000007
1.998e-06,-0.46875494399999695,0.62574999232,1.484874996416,-2.1874987519999998
1.9985e-06,0.312495104000007,0.63199999168,1.484874996416,-2.4999987200000007
1.9990000000000003e-06,0.312495104000007,0.62574999232,1.484874996416,-2.4999987200000007
1.9995e-06,-0.46875494399999695,0.62574999232,1.483624996544,-2.8124986880000016
2.0000000000000003e-06,0.312495104000007,0.63199999168,1.4823749966720001,-2.4999987200000007
2.0005e-06,-0.46875494399999695,0.61949999296,1.484874996416,-2.4999987200000007
2.001e-06,-0.46875494399999695,0.63199999168,1.483624996544,-2.4999987200000007
2.0015000000000002e-06,0.312495104000007,0.63199999168,1.483624996544,-2.4999987200000007
2.002e-06,0.312495104000007,0.62574999232,1.4823749966720001,-2.4999987200000007
2.0025000000000003e-06,0.312495104000007,0.62574999232,1.4823749966720001,-2.4999987200000007
2.003e-06,1.0937451519999968,0.62574999232,1.479874996928,-2.4999987200000007
2.0035e-06,0.312495104000007,0.62574999232,1.4823749966720001,-2.4999987200000007
2.004e-06,0.312495104000007,0.61949999296,1.4823749966720001,-2.4999987200000007
2.0045e-06,-0.46875494399999695,0.63199999168,1.484874996416,-2.4999987200000007
2.0050000000000003e-06,0.312495104000007,0.62574999232,1.484874996416,-2.4999987200000007
2.0055e-06,0.312495104000007,0.62574999232,1.486124996288,-2.4999987200000007
2.006e-06,-0.46875494399999695,0.62574999232,1.488624996032,-2.1874987519999998
2.0065e-06,-0.46875494399999695,0.63199999168,1.48737499616,-2.4999987200000007
2.007e-06,0.312495104000007,0.63199999168,1.483624996544,-2.8124986880000016
2.0075000000000003e-06,0.312495104000007,0.61949999296,1.4823749966720001,-2.8124986880000016
2.008e-06,-1.250004992000001,0.61949999296,1.4811249968,-2.8124986880000016
2.0085000000000003e-06,-0.46875494399999695,0.62574999232,1.483624996544,-2.8124986880000016
2.009e-06,-0.46875494399999695,0.62574999232,1.483624996544,-2.1874987519999998
2.0095e-06,-0.46875494399999695,0.62574999232,1.483624996544,-2.4999987200000007
2.0100000000000002e-06,-0.46875494399999695,0.62574999232,1.483624996544,-2.4999987200000007
2.0105e-06,-0.46875494399999695,0.62574999232,1.483624996544,-2.4999987200000007
2.0110000000000003e-06,0.312495104000007,0.62574999232,1.483624996544,-2.4999987200000007
2.0115e-06,0.312495104000007,0.62574999232,1.483624996544,-2.4999987200000007
2.012e-06,-0.46875494399999695,0.62574999232,1.483624996544,-2.4999987200000007
2.0125000000000002e-06,-0.46875494399999695,0.63199999168,1.486124996288,-2.4999987200000007
2.013e-06,0.312495104000007,0.62574999232,1.484874996416,-2.8124986880000016
2.0135000000000003e-06,-0.46875494399999695,0.63199999168,1.484874996416,-2.4999987200000007
2.014e-06,-0.46875494399999695,0.62574999232,1.48737499616,-2.1874987519999998
2.0145e-06,0.312495104000007,0.61949999296,1.488624996032,-2.1874987519999998
2.015e-06,0.312495104000007,0.62574999232,1.486124996288,-2.4999987200000007
2.0155e-06,0.312495104000007,0.61949999296,1.48737499616,-2.8124986880000016
2.0160000000000003e-06,-1.250004992000001,0.62574999232,1.486124996288,-2.8124986880000016
2.0165e-06,0.312495104000007,0.62574999232,1.48737499616,-2.8124986880000016
2.017e-06,-0.46875494399999695,0.62574999232,1.483624996544,-2.1874987519999998
2.0175e-06,0.312495104000007,0.62574999232,1.483624996544,-2.4999987200000007
2.018e-06,0.312495104000007,0.63199999168,1.486124996288,-2.4999987200000007
2.0185000000000002e-06,0.312495104000007,0.62574999232,1.488624996032,-2.4999987200000007
2.019e-06,-0.46875494399999695,0.63199999168,1.488624996032,-2.1874987519999998
2.0195000000000003e-06,0.312495104000007,0.62574999232,1.488624996032,-2.4999987200000007
2.02e-06,-0.46875494399999695,0.62574999232,1.484874996416,-2.4999987200000007
2.0205e-06,0.312495104000007,0.63199999168,1.486124996288,-2.4999987200000007
2.0210000000000002e-06,0.312495104000007,0.62574999232,1.486124996288,-2.4999987200000007
2.0215e-06,-0.46875494399999695,0.62574999232,1.48737499616,-2.8124986880000016
2.0220000000000003e-06,-0.46875494399999695,0.62574999232,1.484874996416,-2.4999987200000007
2.0225e-06,-0.46875494399999695,0.62574999232,1.48737499616,-2.4999987200000007
2.023e-06,-0.46875494399999695,0.63199999168,1.48737499616,-2.8124986880000016
2.0235e-06,-0.46875494399999695,0.63199999168,1.48737499616,-2.8124986880000016
2.024e-06,-0.46875494399999695,0.62574999232,1.486124996288,-2.4999987200000007
2.0245000000000003e-06,-0.46875494399999695,0.62574999232,1.48737499616,-2.4999987200000007
2.025e-06,-1.250004992000001,0.62574999232,1.486124996288,-2.4999987200000007
2.0255e-06,-0.46875494399999695,0.62574999232,1.486124996288,-2.4999987200000007
2.026e-06,-0.46875494399999695,0.62574999232,1.484874996416,-2.4999987200000007
2.0265e-06,-0.46875494399999695,0.62574999232,1.48737499616,-2.4999987200000007
2.0270000000000002e-06,-0.46875494399999695,0.62574999232,1.48737499616,-2.4999987200000007
2.0275e-06,0.312495104000007,0.62574999232,1.484874996416,-2.4999987200000007
2.0280000000000003e-06,-1.250004992000001,0.62574999232,1.4823749966720001,-2.8124986880000016
2.0285e-06,-0.46875494399999695,0.63199999168,1.486124996288,-2.8124986880000016
2.029e-06,0.312495104000007,0.62574999232,1.486124996288,-2.4999987200000007
2.0295000000000002e-06,-0.46875494399999695,0.62574999232,1.486124996288,-2.4999987200000007
2.03e-06,-0.46875494399999695,0.62574999232,1.486124996288,-2.4999987200000007
2.0305000000000003e-06,0.312495104000007,0.63199999168,1.48737499616,-2.4999987200000007
2.031e-06,0.312495104000007,0.63199999168,1.486124996288,-2.4999987200000007
2.0315e-06,-0.46875494399999695,0.62574999232,1.484874996416,-2.8124986880000016
2.032e-06,-0.46875494399999695,0.62574999232,1.483624996544,-2.8124986880000016
2.0325e-06,-0.46875494399999695,0.62574999232,1.48737499616,-2.8124986880000016
2.0330000000000003e-06,-0.46875494399999695,0.62574999232,1.486124996288,-2.4999987200000007
2.0335e-06,0.312495104000007,0.62574999232,1.483624996544,-2.4999987200000007
2.034e-06,0.312495104000007,0.62574999232,1.483624996544,-2.4999987200000007
2.0345e-06,-0.46875494399999695,0.62574999232,1.484874996416,-2.4999987200000007
2.035e-06,0.312495104000007,0.63199999168,1.486124996288,-2.4999987200000007
2.0355000000000002e-06,0.312495104000007,0.63199999168,1.484874996416,-2.4999987200000007
2.036e-06,-0.46875494399999695,0.62574999232,1.483624996544,-2.4999987200000007
2.0365000000000003e-06,-0.46875494399999695,0.63199999168,1.484874996416,-2.4999987200000007
2.037e-06,0.312495104000007,0.62574999232,1.484874996416,-2.4999987200000007
2.0375e-06,0.312495104000007,0.62574999232,1.486124996288,-2.4999987200000007
2.0380000000000002e-06,-0.46875494399999695,0.62574999232,1.48737499616,-2.4999987200000007
2.0385e-06,0.312495104000007,0.62574999232,1.48737499616,-2.4999987200000007
2.0390000000000003e-06,0.312495104000007,0.62574999232,1.483624996544,-2.4999987200000007
2.0395e-06,-0.46875494399999695,0.62574999232,1.483624996544,-2.4999987200000007
2.04e-06,0.312495104000007,0.63199999168,1.484874996416,-2.8124986880000016
2.0405e-06,0.312495104000007,0.62574999232,1.488624996032,-2.8124986880000016
2.041e-06,0.312495104000007,0.63199999168,1.486124996288,-2.4999987200000007
2.0415000000000003e-06,0.312495104000007,0.62574999232,1.484874996416,-2.4999987200000007
2.042e-06,0.312495104000007,0.63199999168,1.4823749966720001,-2.4999987200000007
2.0425e-06,0.312495104000007,0.63199999168,1.483624996544,-2.4999987200000007
2.043e-06,0.312495104000007,0.63199999168,1.484874996416,-2.4999987200000007
2.0435e-06,0.312495104000007,0.61949999296,1.486124996288,-2.1874987519999998
2.0440000000000003e-06,-0.46875494399999695,0.62574999232,1.484874996416,-2.4999987200000007
2.0445e-06,-0.46875494399999695,0.61949999296,1.486124996288,-2.8124986880000016
2.0450000000000003e-06,0.312495104000007,0.63199999168,1.486124996288,-2.8124986880000016
2.0455e-06,0.312495104000007,0.62574999232,1.483624996544,-2.4999987200000007
2.046e-06,-0.46875494399999695,0.62574999232,1.483624996544,-2.4999987200000007
2.0465000000000002e-06,0.312495104000007,0.62574999232,1.486124996288,-2.4999987200000007
2.047e-06,0.312495104000007,0.62574999232,1.486124996288,-2.4999987200000007
2.0475000000000003e-06,0.312495104000007,0.61949999296,1.486124996288,-2.8124986880000016
2.048e-06,-0.46875494399999695,0.61949999296,1.486124996288,-2.4999987200000007
2.0485e-06,-0.46875494399999695,0.61949999296,1.48737499616,-2.8124986880000016
2.049e-06,0.312495104000007,0.62574999232,1.486124996288,-2.4999987200000007
2.0495e-06,0.312495104000007,0.61949999296,1.483624996544,-2.4999987200000007
2.0500000000000003e-06,0.312495104000007,0.61949999296,1.486124996288,-2.8124986880000016
2.0505e-06,-0.46875494399999695,0.62574999232,1.48737499616,-2.4999987200000007
2.051e-06,0.312495104000007,0.63199999168,1.486124996288,-2.4999987200000007
2.0515e-06,0.312495104000007,0.62574999232,1.483624996544,-2.4999987200000007
2.052e-06,-0.46875494399999695,0.62574999232,1.484874996416,-2.4999987200000007
2.0525000000000003e-06,-0.46875494399999695,0.63199999168,1.488624996032,-2.8124986880000016
2.053e-06,-0.46875494399999695,0.62574999232,1.489874995904,-2.8124986880000016
2.0535000000000003e-06,-0.46875494399999695,0.62574999232,1.48737499616,-2.8124986880000016
2.054e-06,-0.46875494399999695,0.62574999232,1.484874996416,-2.8124986880000016
2.0545e-06,0.312495104000007,0.61949999296,1.484874996416,-2.4999987200000007
2.0550000000000002e-06,0.312495104000007,0.62574999232,1.484874996416,-2.8124986880000016
2.0555e-06,0.312495104000007,0.61949999296,1.483624996544,-2.8124986880000016
2.0560000000000003e-06,1.0937451519999968,0.62574999232,1.478624997056,-2.4999987200000007
2.0565e-06,0.312495104000007,0.62574999232,1.4823749966720001,-2.4999987200000007
2.057e-06,0.312495104000007,0.62574999232,1.483624996544,-2.8124986880000016
2.0575e-06,0.312495104000007,0.63199999168,1.48737499616,-2.4999987200000007
2.058e-06,0.312495104000007,0.63199999168,1.486124996288,-2.4999987200000007
2.0585000000000003e-06,0.312495104000007,0.63199999168,1.483624996544,-2.4999987200000007
2.059e-06,0.312495104000007,0.63199999168,1.484874996416,-2.4999987200000007
2.0595e-06,0.312495104000007,0.62574999232,1.486124996288,-2.4999987200000007
2.06e-06,0.312495104000007,0.62574999232,1.484874996416,-2.4999987200000007
2.0605e-06,0.312495104000007,0.62574999232,1.486124996288,-2.8124986880000016
2.0610000000000003e-06,0.312495104000007,0.62574999232,1.486124996288,-2.4999987200000007
2.0615e-06,0.312495104000007,0.61949999296,1.486124996288,-2.4999987200000007
2.0620000000000003e-06,0.312495104000007,0.62574999232,1.486124996288,-2.4999987200000007
2.0625e-06,0.312495104000007,0.63199999168,1.48737499616,-2.4999987200000007
2.063e-06,0.312495104000007,0.63199999168,1.484874996416,-2.4999987200000007
2.0635000000000002e-06,-0.46875494399999695,0.61949999296,1.484874996416,-3.1249986560000007
2.064e-06,0.312495104000007,0.63199999168,1.4823749966720001,-2.8124986880000016
2.0645000000000003e-06,0.312495104000007,0.62574999232,1.484874996416,-3.1249986560000007
2.065e-06,0.312495104000007,0.61949999296,1.484874996416,-2.4999987200000007
2.0655e-06,0.312495104000007,0.62574999232,1.484874996416,-2.4999987200000007
2.066e-06,0.312495104000007,0.62574999232,1.483624996544,-2.8124986880000016
2.0665e-06,-0.46875494399999695,0.62574999232,1.4823749966720001,-2.8124986880000016
2.0670000000000003e-06,-0.46875494399999695,0.62574999232,1.4823749966720001,-2.4999987200000007
2.0675e-06,0.312495104000007,0.62574999232,1.478624997056,-2.4999987200000007
2.068e-06,-0.46875494399999695,0.62574999232,1.478624997056,-2.4999987200000007
2.0685e-06,-0.46875494399999695,0.62574999232,1.483624996544,-2.4999987200000007
2.069e-06,0.312495104000007,0.63199999168,1.484874996416,-2.4999987200000007
2.0695000000000003e-06,0.312495104000007,0.61949999296,1.483624996544,-2.8124986880000016
2.07e-06,0.312495104000007,0.62574999232,1.4823749966720001,-2.4999987200000007
2.0705000000000003e-06,0.312495104000007,0.63199999168,1.484874996416,-2.4999987200000007
2.071e-06,0.312495104000007,0.63199999168,1.484874996416,-2.4999987200000007
2.0715e-06,0.312495104000007,0.61949999296,1.484874996416,-2.8124986880000016
2.0720000000000002e-06,0.312495104000007,0.61949999296,1.4823749966720001,-2.4999987200000007
2.0725e-06,0.312495104000007,0.62574999232,1.484874996416,-3.1249986560000007
2.0730000000000003e-06,0.312495104000007,0.61949999296,1.48737499616,-2.4999987200000007
2.0735e-06,0.312495104000007,0.62574999232,1.483624996544,-2.4999987200000007
2.074e-06,0.312495104000007,0.62574999232,1.4823749966720001,-2.8124986880000016
2.0745000000000002e-06,1.0937451519999968,0.62574999232,1.484874996416,-2.8124986880000016
2.075e-06,0.312495104000007,0.63199999168,1.483624996544,-2.8124986880000016
2.0755000000000003e-06,0.312495104000007,0.62574999232,1.483624996544,-2.8124986880000016
2.076e-06,-0.46875494399999695,0.62574999232,1.483624996544,-2.8124986880000016
2.0765e-06,1.0937451519999968,0.62574999232,1.486124996288,-3.1249986560000007
2.077e-06,0.312495104000007,0.62574999232,1.484874996416,-2.8124986880000016
2.0775e-06,-0.46875494399999695,0.62574999232,1.484874996416,-2.8124986880000016
2.0780000000000003e-06,0.312495104000007,0.62574999232,1.484874996416,-2.4999987200000007
2.0785e-06,0.312495104000007,0.63199999168,1.484874996416,-2.8124986880000016
2.0790000000000003e-06,-0.46875494399999695,0.62574999232,1.484874996416,-2.8124986880000016
2.0795e-06,-0.46875494399999695,0.62574999232,1.483624996544,-2.8124986880000016
2.08e-06,-1.250004992000001,0.61949999296,1.479874996928,-2.8124986880000016
2.0805000000000002e-06,-0.46875494399999695,0.62574999232,1.483624996544,-2.8124986880000016
2.081e-06,0.312495104000007,0.62574999232,1.483624996544,-2.4999987200000007
2.0815000000000003e-06,0.312495104000007,0.62574999232,1.483624996544,-2.4999987200000007
2.082e-06,0.312495104000007,0.63199999168,1.483624996544,-2.8124986880000016
2.0825e-06,0.312495104000007,0.62574999232,1.484874996416,-2.8124986880000016
2.0830000000000002e-06,0.312495104000007,0.61949999296,1.484874996416,-2.4999987200000007
2.0835e-06,0.312495104000007,0.62574999232,1.486124996288,-2.4999987200000007
2.0840000000000003e-06,0.312495104000007,0.61949999296,1.48737499616,-2.4999987200000007
2.0845e-06,0.312495104000007,0.63199999168,1.488624996032,-2.4999987200000007
2.085e-06,0.312495104000007,0.63199999168,1.488624996032,-2.4999987200000007
2.0855e-06,0.312495104000007,0.62574999232,1.488624996032,-2.4999987200000007
2.086e-06,-0.46875494399999695,0.62574999232,1.48737499616,-2.1874987519999998
2.0865000000000003e-06,-0.46875494399999695,0.62574999232,1.48737499616,-2.4999987200000007
2.087e-06,0.312495104000007,0.63199999168,1.488624996032,-2.4999987200000007
2.0875e-06,0.312495104000007,0.62574999232,1.48737499616,-2.8124986880000016
2.088e-06,0.312495104000007,0.62574999232,1.486124996288,-2.8124986880000016
2.0885e-06,0.312495104000007,0.61949999296,1.488624996032,-2.8124986880000016
2.0890000000000002e-06,-0.46875494399999695,0.61949999296,1.489874995904,-2.8124986880000016
2.0895e-06,0.312495104000007,0.62574999232,1.48737499616,-2.4999987200000007
2.0900000000000003e-06,0.312495104000007,0.62574999232,1.486124996288,-2.8124986880000016
2.0905e-06,-0.46875494399999695,0.62574999232,1.486124996288,-2.4999987200000007
2.091e-06,-0.46875494399999695,0.63199999168,1.483624996544,-2.4999987200000007
2.0915000000000002e-06,-0.46875494399999695,0.62574999232,1.484874996416,-2.4999987200000007
2.092e-06,0.312495104000007,0.62574999232,1.486124996288,-2.8124986880000016
2.0925000000000003e-06,0.312495104000007,0.63199999168,1.484874996416,-2.4999987200000007
2.093e-06,1.0937451519999968,0.61949999296,1.4823749966720001,-2.1874987519999998
2.0935e-06,0.312495104000007,0.63199999168,1.484874996416,-2.8124986880000016
2.094e-06,0.312495104000007,0.62574999232,1.486124996288,-2.4999987200000007
2.0945e-06,0.312495104000007,0.62574999232,1.483624996544,-2.8124986880000016
2.0950000000000003e-06,0.312495104000007,0.63199999168,1.483624996544,-2.4999987200000007
2.0955e-06,-0.46875494399999695,0.62574999232,1.486124996288,-2.8124986880000016
2.096e-06,0.312495104000007,0.63199999168,1.486124996288,-2.4999987200000007
2.0965e-06,0.312495104000007,0.63199999168,1.486124996288,-2.8124986880000016
2.097e-06,0.312495104000007,0.63199999168,1.484874996416,-2.4999987200000007
2.0975000000000002e-06,0.312495104000007,0.62574999232,1.48737499616,-2.4999987200000007
2.098e-06,0.312495104000007,0.62574999232,1.48737499616,-2.4999987200000007
2.0985000000000003e-06,0.312495104000007,0.62574999232,1.48737499616,-2.8124986880000016
2.099e-06,-0.46875494399999695,0.62574999232,1.488624996032,-2.8124986880000016
2.0995e-06,-0.46875494399999695,0.63199999168,1.488624996032,-2.4999987200000007
2.1000000000000002e-06,-0.46875494399999695,0.61949999296,1.486124996288,-2.4999987200000007
2.1005e-06,0.312495104000007,0.63199999168,1.48737499616,-3.1249986560000007
2.1010000000000003e-06,0.312495104000007,0.63199999168,1.488624996032,-2.8124986880000016
2.1015e-06,0.312495104000007,0.62574999232,1.483624996544,-2.8124986880000016
2.102e-06,0.312495104000007,0.61949999296,1.484874996416,-2.4999987200000007
2.1025e-06,-0.46875494399999695,0.62574999232,1.484874996416,-2.4999987200000007
2.103e-06,0.312495104000007,0.63199999168,1.484874996416,-2.4999987200000007
2.1035000000000003e-06,-0.46875494399999695,0.62574999232,1.48737499616,-2.8124986880000016
2.104e-06,0.312495104000007,0.62574999232,1.486124996288,-2.8124986880000016
2.1045e-06,-0.46875494399999695,0.62574999232,1.486124996288,-3.1249986560000007
2.105e-06,-0.46875494399999695,0.62574999232,1.483624996544,-2.8124986880000016
2.1055e-06,0.312495104000007,0.63199999168,1.484874996416,-2.4999987200000007
2.1060000000000002e-06,0.312495104000007,0.62574999232,1.484874996416,-2.4999987200000007
2.1065e-06,-0.46875494399999695,0.62574999232,1.48737499616,-2.8124986880000016
2.1070000000000003e-06,0.312495104000007,0.61949999296,1.486124996288,-2.4999987200000007
2.1075e-06,0.312495104000007,0.61949999296,1.484874996416,-2.4999987200000007
2.108e-06,0.312495104000007,0.61949999296,1.486124996288,-2.4999987200000007
2.1085000000000002e-06,1.0937451519999968,0.62574999232,1.48737499616,-2.8124986880000016
2.109e-06,0.312495104000007,0.63199999168,1.48737499616,-2.8124986880000016
2.1095000000000003e-06,0.312495104000007,0.62574999232,1.488624996032,-2.4999987200000007
2.11e-06,-0.46875494399999695,0.62574999232,1.489874995904,-2.4999987200000007
2.1105e-06,0.312495104000007,0.62574999232,1.489874995904,-2.4999987200000007
2.111e-06,-0.46875494399999695,0.62574999232,1.486124996288,-2.8124986880000016
2.1115e-06,0.312495104000007,0.61949999296,1.484874996416,-2.8124986880000016
2.1120000000000003e-06,-0.46875494399999695,0.62574999232,1.4823749966720001,-2.8124986880000016
2.1125e-06,-0.46875494399999695,0.62574999232,1.484874996416,-3.1249986560000007
2.113e-06,0.312495104000007,0.62574999232,1.484874996416,-2.4999987200000007
2.1135e-06,0.312495104000007,0.63199999168,1.484874996416,-2.4999987200000007
2.114e-06,0.312495104000007,0.63199999168,1.48737499616,-2.4999987200000007
2.1145000000000003e-06,-0.46875494399999695,0.62574999232,1.48737499616,-2.4999987200000007
2.115e-06,0.312495104000007,0.62574999232,1.484874996416,-2.4999987200000007
2.1155000000000003e-06,0.312495104000007,0.62574999232,1.483624996544,-2.4999987200000007
2.116e-06,0.312495104000007,0.62574999232,1.483624996544,-2.8124986880000016
2.1165e-06,1.0937451519999968,0.62574999232,1.486124996288,-2.4999987200000007
2.1170000000000002e-06,0.312495104000007,0.62574999232,1.484874996416,-2.4999987200000007
2.1175e-06,-0.46875494399999695,0.62574999232,1.484874996416,-2.8124986880000016
2.1180000000000003e-06,-0.46875494399999695,0.63199999168,1.484874996416,-2.4999987200000007
2.1185e-06,0.312495104000007,0.62574999232,1.48737499616,-2.8124986880000016
2.119e-06,0.312495104000007,0.62574999232,1.486124996288,-2.4999987200000007
2.1195e-06,-0.46875494399999695,0.62574999232,1.48737499616,-2.8124986880000016
2.12e-06,0.312495104000007,0.63199999168,1.484874996416,-2.4999987200000007
2.1205000000000003e-06,0.312495104000007,0.62574999232,1.48737499616,-2.8124986880000016
2.121e-06,-0.46875494399999695,0.63199999168,1.486124996288,-2.8124986880000016
2.1215e-06,0.312495104000007,0.63199999168,1.48737499616,-2.4999987200000007
2.122e-06,1.0937451519999968,0.63199999168,1.486124996288,-2.8124986880000016
2.1225e-06,-0.46875494399999695,0.63199999168,1.486124996288,-3.1249986560000007
2.1230000000000003e-06,-0.46875494399999695,0.63199999168,1.48737499616,-2.4999987200000007
2.1235e-06,0.312495104000007,0.62574999232,1.48737499616,-2.8124986880000016
2.1240000000000003e-06,-0.46875494399999695,0.62574999232,1.486124996288,-2.8124986880000016
2.1245e-06,0.312495104000007,0.62574999232,1.486124996288,-2.8124986880000016
2.125e-06,0.312495104000007,0.63199999168,1.486124996288,-2.8124986880000016
2.1255000000000002e-06,-0.46875494399999695,0.63199999168,1.486124996288,-2.4999987200000007
2.126e-06,-0.46875494399999695,0.62574999232,1.484874996416,-2.8124986880000016
2.1265000000000003e-06,0.312495104000007,0.62574999232,1.484874996416,-2.8124986880000016
2.127e-06,0.312495104000007,0.62574999232,1.483624996544,-2.8124986880000016
2.1275e-06,-0.46875494399999695,0.62574999232,1.486124996288,-3.1249986560000007
2.128e-06,-0.46875494399999695,0.63199999168,1.484874996416,-2.8124986880000016
2.1285e-06,0.312495104000007,0.62574999232,1.488624996032,-2.8124986880000016
2.1290000000000003e-06,0.312495104000007,0.62574999232,1.48737499616,-2.4999987200000007
2.1295e-06,0.312495104000007,0.63199999168,1.486124996288,-2.8124986880000016
2.13e-06,1.0937451519999968,0.62574999232,1.4823749966720001,-2.8124986880000016
2.1305e-06,0.312495104000007,0.63199999168,1.486124996288,-2.8124986880000016
2.131e-06,-0.46875494399999695,0.6382499910399999,1.484874996416,-2.8124986880000016
2.1315000000000003e-06,0.312495104000007,0.63199999168,1.486124996288,-2.4999987200000007
2.132e-06,0.312495104000007,0.62574999232,1.483624996544,-2.8124986880000016
2.1325000000000003e-06,-0.46875494399999695,0.63199999168,1.484874996416,-3.1249986560000007
2.133e-06,1.0937451519999968,0.63199999168,1.486124996288,-2.8124986880000016
2.1335e-06,0.312495104000007,0.63199999168,1.486124996288,-2.8124986880000016
2.1340000000000002e-06,0.312495104000007,0.62574999232,1.486124996288,-2.4999987200000007
2.1345e-06,0.312495104000007,0.62574999232,1.48737499616,-2.4999987200000007
2.1350000000000003e-06,-0.46875494399999695,0.63199999168,1.486124996288,-2.8124986880000016
2.1355e-06,0.312495104000007,0.61949999296,1.486124996288,-2.8124986880000016
2.136e-06,0.312495104000007,0.62574999232,1.486124996288,-3.1249986560000007
2.1365000000000002e-06,-0.46875494399999695,0.62574999232,1.488624996032,-3.1249986560000007
2.137e-06,-1.250004992000001,0.63199999168,1.484874996416,-2.8124986880000016
2.1375000000000003e-06,0.312495104000007,0.63199999168,1.486124996288,-2.4999987200000007
2.138e-06,0.312495104000007,0.62574999232,1.486124996288,-2.8124986880000016
2.1385e-06,-0.46875494399999695,0.62574999232,1.483624996544,-2.8124986880000016
2.139e-06,-0.46875494399999695,0.61949999296,1.484874996416,-2.8124986880000016
2.1395e-06,0.312495104000007,0.62574999232,1.48737499616,-2.8124986880000016
2.1400000000000003e-06,-0.46875494399999695,0.62574999232,1.484874996416,-2.8124986880000016
2.1405e-06,-0.46875494399999695,0.63199999168,1.48737499616,-3.1249986560000007
2.1410000000000003e-06,-0.46875494399999695,0.62574999232,1.486124996288,-2.8124986880000016
2.1415e-06,0.312495104000007,0.61949999296,1.48737499616,-2.4999987200000007
2.142e-06,-0.46875494399999695,0.62574999232,1.488624996032,-2.4999987200000007
2.1425000000000002e-06,0.312495104000007,0.62574999232,1.488624996032,-2.4999987200000007
2.143e-06,-0.46875494399999695,0.63199999168,1.484874996416,-2.4999987200000007
2.1435000000000003e-06,-0.46875494399999695,0.61949999296,1.484874996416,-3.1249986560000007
2.144e-06,0.312495104000007,0.61949999296,1.484874996416,-2.8124986880000016
2.1445e-06,0.312495104000007,0.61949999296,1.484874996416,-2.8124986880000016
2.1450000000000002e-06,0.312495104000007,0.62574999232,1.483624996544,-2.8124986880000016
2.1455e-06,0.312495104000007,0.62574999232,1.483624996544,-2.4999987200000007
2.1460000000000003e-06,0.312495104000007,0.63199999168,1.486124996288,-2.8124986880000016
2.1465e-06,0.312495104000007,0.62574999232,1.48737499616,-2.8124986880000016
2.147e-06,-0.46875494399999695,0.62574999232,1.488624996032,-2.4999987200000007
2.1475e-06,0.312495104000007,0.63199999168,1.48737499616,-2.8124986880000016
2.148e-06,-0.46875494399999695,0.62574999232,1.48737499616,-2.8124986880000016
2.1485000000000003e-06,0.312495104000007,0.63199999168,1.488624996032,-3.1249986560000007
2.149e-06,0.312495104000007,0.62574999232,1.488624996032,-2.8124986880000016
2.1495000000000003e-06,0.312495104000007,0.61949999296,1.48737499616,-2.4999987200000007
2.15e-06,0.312495104000007,0.61949999296,1.486124996288,-2.4999987200000007
2.1505e-06,0.312495104000007,0.62574999232,1.486124996288,-2.4999987200000007
2.1510000000000002e-06,0.312495104000007,0.62574999232,1.484874996416,-2.8124986880000016
2.1515e-06,-0.46875494399999695,0.62574999232,1.48737499616,-2.8124986880000016
2.1520000000000003e-06,-0.46875494399999695,0.63199999168,1.484874996416,-2.8124986880000016
2.1525e-06,0.312495104000007,0.62574999232,1.48737499616,-3.1249986560000007
2.153e-06,0.312495104000007,0.62574999232,1.486124996288,-2.8124986880000016
2.1535000000000002e-06,0.312495104000007,0.62574999232,1.486124996288,-2.8124986880000016
2.154e-06,0.312495104000007,0.62574999232,1.484874996416,-2.8124986880000016
2.1545000000000003e-06,-0.46875494399999695,0.63199999168,1.486124996288,-2.8124986880000016
2.155e-06,0.312495104000007,0.6382499910399999,1.486124996288,-2.8124986880000016
2.1555e-06,0.312495104000007,0.62574999232,1.486124996288,-2.4999987200000007
2.156e-06,-0.46875494399999695,0.61949999296,1.486124996288,-2.8124986880000016
2.1565e-06,0.312495104000007,0.61949999296,1.488624996032,-3.1249986560000007
2.1570000000000003e-06,0.312495104000007,0.62574999232,1.48737499616,-2.8124986880000016
2.1575e-06,0.312495104000007,0.62574999232,1.484874996416,-2.8124986880000016
2.1580000000000003e-06,0.312495104000007,0.62574999232,1.4823749966720001,-2.8124986880000016
2.1585e-06,0.312495104000007,0.63199999168,1.486124996288,-2.4999987200000007
2.159e-06,0.312495104000007,0.63199999168,1.48737499616,-2.8124986880000016
2.1595000000000002e-06,-0.46875494399999695,0.62574999232,1.48737499616,-3.1249986560000007
2.16e-06,0.312495104000007,0.63199999168,1.484874996416,-2.8124986880000016
2.1605000000000003e-06,0.312495104000007,0.62574999232,1.486124996288,-2.8124986880000016
2.161e-06,-0.46875494399999695,0.62574999232,1.48737499616,-2.4999987200000007
2.1615e-06,0.312495104000007,0.63199999168,1.486124996288,-2.4999987200000007
2.1620000000000002e-06,0.312495104000007,0.62574999232,1.48737499616,-2.8124986880000016
2.1625e-06,0.312495104000007,0.62574999232,1.488624996032,-3.1249986560000007
2.1630000000000003e-06,-0.46875494399999695,0.63199999168,1.484874996416,-2.8124986880000016
2.1635e-06,0.312495104000007,0.62574999232,1.483624996544,-3.1249986560000007
2.164e-06,-0.46875494399999695,0.61949999296,1.483624996544,-2.8124986880000016
2.1645e-06,0.312495104000007,0.61949999296,1.48737499616,-2.8124986880000016
2.165e-06,0.312495104000007,0.62574999232,1.484874996416,-2.8124986880000016
2.1655000000000003e-06,-0.46875494399999695,0.62574999232,1.483624996544,-2.8124986880000016
2.166e-06,-0.46875494399999695,0.62574999232,1.486124996288,-2.8124986880000016
2.1665e-06,-0.46875494399999695,0.63199999168,1.48737499616,-2.8124986880000016
2.167e-06,-0.46875494399999695,0.63199999168,1.486124996288,-2.8124986880000016
2.1675e-06,0.312495104000007,0.62574999232,1.486124996288,-2.8124986880000016
2.1680000000000002e-06,0.312495104000007,0.63199999168,1.4823749966720001,-2.8124986880000016
2.1685e-06,-0.46875494399999695,0.62574999232,1.483624996544,-3.1249986560000007
2.1690000000000003e-06,-0.46875494399999695,0.62574999232,1.486124996288,-2.8124986880000016
2.1695e-06,-0.46875494399999695,0.62574999232,1.488624996032,-2.8124986880000016
2.17e-06,-0.46875494399999695,0.62574999232,1.48737499616,-2.8124986880000016
2.1705000000000002e-06,0.312495104000007,0.63199999168,1.48737499616,-3.1249986560000007
2.171e-06,-0.46875494399999695,0.63199999168,1.488624996032,-2.8124986880000016
2.1715000000000003e-06,0.312495104000007,0.63199999168,1.488624996032,-2.4999987200000007
2.172e-06,0.312495104000007,0.62574999232,1.486124996288,-2.8124986880000016
2.1725e-06,-0.46875494399999695,0.63199999168,1.484874996416,-2.8124986880000016
2.173e-06,0.312495104000007,0.62574999232,1.486124996288,-2.4999987200000007
2.1735e-06,0.312495104000007,0.62574999232,1.488624996032,-3.1249986560000007
2.1740000000000003e-06,0.312495104000007,0.61949999296,1.488624996032,-2.8124986880000016
2.1745e-06,0.312495104000007,0.62574999232,1.486124996288,-2.8124986880000016
2.175e-06,-0.46875494399999695,0.63199999168,1.486124996288,-2.8124986880000016
2.1755e-06,-0.46875494399999695,0.62574999232,1.488624996032,-3.1249986560000007
2.176e-06,-0.46875494399999695,0.63199999168,1.48737499616,-2.8124986880000016
2.1765000000000003e-06,-0.46875494399999695,0.62574999232,1.486124996288,-2.8124986880000016
2.177e-06,-1.250004992000001,0.62574999232,1.484874996416,-2.8124986880000016
2.1775000000000003e-06,0.312495104000007,0.62574999232,1.48737499616,-2.8124986880000016
2.178e-06,0.312495104000007,0.62574999232,1.486124996288,-2.8124986880000016
2.1785e-06,-0.46875494399999695,0.62574999232,1.484874996416,-2.8124986880000016
2.1790000000000002e-06,-0.46875494399999695,0.63199999168,1.486124996288,-2.8124986880000016
2.1795e-06,-0.46875494399999695,0.62574999232,1.484874996416,-2.4999987200000007
2.1800000000000003e-06,-0.46875494399999695,0.63199999168,1.483624996544,-2.4999987200000007
2.1805e-06,-0.46875494399999695,0.63199999168,1.484874996416,-3.1249986560000007
2.181e-06,0.312495104000007,0.63199999168,1.4823749966720001,-3.1249986560000007
2.1815e-06,0.312495104000007,0.62574999232,1.483624996544,-2.4999987200000007
2.182e-06,-0.46875494399999695,0.62574999232,1.484874996416,-2.8124986880000016
2.1825000000000003e-06,-0.46875494399999695,0.62574999232,1.484874996416,-2.8124986880000016
2.183e-06,0.312495104000007,0.62574999232,1.484874996416,-2.8124986880000016
2.1835e-06,-0.46875494399999695,0.62574999232,1.48737499616,-2.8124986880000016
2.184e-06,0.312495104000007,0.63199999168,1.486124996288,-2.8124986880000016
2.1845e-06,-0.46875494399999695,0.63199999168,1.488624996032,-3.1249986560000007
2.1850000000000003e-06,-0.46875494399999695,0.63199999168,1.486124996288,-2.8124986880000016
2.1855e-06,-0.46875494399999695,0.63199999168,1.486124996288,-2.8124986880000016
2.1860000000000003e-06,0.312495104000007,0.62574999232,1.483624996544,-2.8124986880000016
2.1865e-06,-0.46875494399999695,0.61949999296,1.486124996288,-3.1249986560000007
2.187e-06,-0.46875494399999695,0.63199999168,1.488624996032,-2.8124986880000016
2.1875000000000002e-06,-0.46875494399999695,0.62574999232,1.489874995904,-2.4999987200000007
2.188e-06,-0.46875494399999695,0.63199999168,1.48737499616,-2.8124986880000016
2.1885000000000003e-06,0.312495104000007,0.63199999168,1.489874995904,-3.1249986560000007
2.189e-06,0.312495104000007,0.63199999168,1.491124995776,-2.8124986880000016
2.1895e-06,0.312495104000007,0.62574999232,1.489874995904,-3.1249986560000007
2.19e-06,0.312495104000007,0.62574999232,1.48737499616,-2.8124986880000016
2.1905e-06,0.312495104000007,0.62574999232,1.488624996032,-2.8124986880000016
2.1910000000000003e-06,0.312495104000007,0.63199999168,1.48737499616,-2.8124986880000016
2.1915e-06,0.312495104000007,0.62574999232,1.486124996288,-2.8124986880000016
2.192e-06,0.312495104000007,0.62574999232,1.486124996288,-2.8124986880000016
2.1925e-06,0.312495104000007,0.62574999232,1.48737499616,-3.437498624
2.193e-06,-0.46875494399999695,0.62574999232,1.483624996544,-2.8124986880000016
2.1935000000000003e-06,-0.46875494399999695,0.62574999232,1.483624996544,-2.8124986880000016
2.194e-06,0.312495104000007,0.62574999232,1.4823749966720001,-2.8124986880000016
2.1945000000000003e-06,-0.46875494399999695,0.63199999168,1.4823749966720001,-3.1249986560000007
2.195e-06,0.312495104000007,0.63199999168,1.483624996544,-2.4999987200000007
2.1955e-06,0.312495104000007,0.62574999232,1.484874996416,-2.8124986880000016
2.1960000000000002e-06,0.312495104000007,0.62574999232,1.484874996416,-2.8124986880000016
2.1965e-06,0.312495104000007,0.63199999168,1.488624996032,-3.1249986560000007
2.1970000000000003e-06,1.0937451519999968,0.62574999232,1.48737499616,-2.8124986880000016
2.1975e-06,0.312495104000007,0.61949999296,1.483624996544,-2.8124986880000016
2.198e-06,-0.46875494399999695,0.62574999232,1.484874996416,-2.4999987200000007
2.1985e-06,-0.46875494399999695,0.62574999232,1.486124996288,-2.4999987200000007
2.199e-06,0.312495104000007,0.63199999168,1.488624996032,-2.8124986880000016
2.1995000000000003e-06,-0.46875494399999695,0.63199999168,1.48737499616,-3.1249986560000007
2.2e-06,-0.46875494399999695,0.63199999168,1.4823749966720001,-2.8124986880000016
2.2005e-06,-0.46875494399999695,0.62574999232,1.486124996288,-3.1249986560000007
2.201e-06,0.312495104000007,0.62574999232,1.486124996288,-2.8124986880000016
2.2015e-06,-0.46875494399999695,0.62574999232,1.484874996416,-2.8124986880000016
2.2020000000000003e-06,0.312495104000007,0.62574999232,1.483624996544,-2.8124986880000016
2.2025e-06,1.0937451519999968,0.63199999168,1.483624996544,-3.1249986560000007
2.2030000000000003e-06,-0.46875494399999695,0.62574999232,1.483624996544,-2.4999987200000007
2.2035e-06,-0.46875494399999695,0.62574999232,1.483624996544,-2.8124986880000016
2.204e-06,-0.46875494399999695,0.61949999296,1.4811249968,-2.4999987200000007
2.2045000000000002e-06,0.312495104000007,0.62574999232,1.483624996544,-3.1249986560000007
2.205e-06,0.312495104000007,0.62574999232,1.484874996416,-2.8124986880000016
2.2055000000000003e-06,0.312495104000007,0.63199999168,1.483624996544,-2.8124986880000016
2.206e-06,0.312495104000007,0.62574999232,1.484874996416,-2.8124986880000016
2.2065e-06,0.312495104000007,0.62574999232,1.488624996032,-2.8124986880000016
2.2070000000000002e-06,-0.46875494399999695,0.6382499910399999,1.484874996416,-2.8124986880000016
2.2075e-06,0.312495104000007,0.62574999232,1.486124996288,-3.1249986560000007
2.2080000000000003e-06,-1.250004992000001,0.63199999168,1.484874996416,-2.8124986880000016
2.2085e-06,-0.46875494399999695,0.62574999232,1.48737499616,-3.1249986560000007
2.209e-06,-0.46875494399999695,0.62574999232,1.48737499616,-2.8124986880000016
2.2095e-06,0.312495104000007,0.62574999232,1.488624996032,-2.4999987200000007
2.21e-06,0.312495104000007,0.62574999232,1.48737499616,-2.8124986880000016
2.2105000000000003e-06,-0.46875494399999695,0.62574999232,1.486124996288,-3.1249986560000007
2.211e-06,0.312495104000007,0.62574999232,1.484874996416,-2.8124986880000016
2.2115000000000003e-06,0.312495104000007,0.62574999232,1.486124996288,-2.8124986880000016
2.212e-06,-0.46875494399999695,0.62574999232,1.486124996288,-2.8124986880000016
2.2125e-06,-0.46875494399999695,0.62574999232,1.48737499616,-3.1249986560000007
2.2130000000000002e-06,-0.46875494399999695,0.62574999232,1.48737499616,-2.8124986880000016
2.2135e-06,-0.46875494399999695,0.62574999232,1.489874995904,-2.4999987200000007
2.2140000000000003e-06,-0.46875494399999695,0.62574999232,1.489874995904,-2.8124986880000016
2.2145e-06,0.312495104000007,0.62574999232,1.491124995776,-2.8124986880000016
2.215e-06,0.312495104000007,0.63199999168,1.489874995904,-2.8124986880000016
2.2155000000000002e-06,-0.46875494399999695,0.62574999232,1.488624996032,-3.1249986560000007
2.216e-06,0.312495104000007,0.61949999296,1.486124996288,-2.8124986880000016
2.2165000000000003e-06,0.312495104000007,0.62574999232,1.48737499616,-3.1249986560000007
2.217e-06,-1.250004992000001,0.62574999232,1.48737499616,-2.8124986880000016
2.2175e-06,-0.46875494399999695,0.62574999232,1.486124996288,-2.4999987200000007
2.218e-06,0.312495104000007,0.62574999232,1.486124996288,-2.8124986880000016
2.2185e-06,-0.46875494399999695,0.61949999296,1.488624996032,-3.1249986560000007
2.2190000000000003e-06,-0.46875494399999695,0.62574999232,1.488624996032,-2.8124986880000016
2.2195e-06,0.312495104000007,0.62574999232,1.486124996288,-2.8124986880000016
2.2200000000000003e-06,-0.46875494399999695,0.62574999232,1.484874996416,-2.4999987200000007
2.2205e-06,-0.46875494399999695,0.63199999168,1.486124996288,-3.1249986560000007
2.221e-06,0.312495104000007,0.6382499910399999,1.486124996288,-2.8124986880000016
2.2215000000000002e-06,-0.46875494399999695,0.62574999232,1.484874996416,-2.4999987200000007
2.222e-06,0.312495104000007,0.62574999232,1.484874996416,-2.4999987200000007
2.2225000000000003e-06,-0.46875494399999695,0.63199999168,1.486124996288,-2.4999987200000007
2.223e-06,0.312495104000007,0.63199999168,1.486124996288,-2.8124986880000016
2.2235e-06,0.312495104000007,0.62574999232,1.48737499616,-3.1249986560000007
2.2240000000000002e-06,0.312495104000007,0.63199999168,1.486124996288,-2.8124986880000016
2.2245e-06,-0.46875494399999695,0.62574999232,1.489874995904,-2.8124986880000016
2.2250000000000003e-06,-0.46875494399999695,0.62574999232,1.488624996032,-2.4999987200000007
2.2255e-06,0.312495104000007,0.62574999232,1.48737499616,-2.4999987200000007
2.226e-06,0.312495104000007,0.62574999232,1.484874996416,-2.8124986880000016
2.2265e-06,0.312495104000007,0.63199999168,1.484874996416,-3.1249986560000007
2.227e-06,0.312495104000007,0.61949999296,1.484874996416,-2.8124986880000016
2.2275000000000003e-06,-0.46875494399999695,0.62574999232,1.486124996288,-2.8124986880000016
2.228e-06,-0.46875494399999695,0.62574999232,1.483624996544,-2.8124986880000016
2.2285000000000003e-06,0.312495104000007,0.62574999232,1.484874996416,-3.1249986560000007
2.229e-06,0.312495104000007,0.62574999232,1.483624996544,-2.8124986880000016
2.2295e-06,-0.46875494399999695,0.62574999232,1.48737499616,-3.1249986560000007
2.2300000000000002e-06,-0.46875494399999695,0.62574999232,1.488624996032,-2.4999987200000007
2.2305e-06,-0.46875494399999695,0.63199999168,1.48737499616,-2.8124986880000016
2.2310000000000003e-06,0.312495104000007,0.63199999168,1.484874996416,-3.1249986560000007
2.2315e-06,0.312495104000007,0.62574999232,1.48737499616,-3.1249986560000007
2.232e-06,0.312495104000007,0.63199999168,1.48737499616,-3.1249986560000007
2.2325000000000002e-06,0.312495104000007,0.62574999232,1.489874995904,-3.1249986560000007
2.233e-06,-0.46875494399999695,0.62574999232,1.484874996416,-2.8124986880000016
2.2335000000000003e-06,0.312495104000007,0.62574999232,1.483624996544,-2.8124986880000016
2.234e-06,1.0937451519999968,0.62574999232,1.483624996544,-2.8124986880000016
2.2345e-06,0.312495104000007,0.62574999232,1.486124996288,-2.8124986880000016
2.235e-06,0.312495104000007,0.62574999232,1.486124996288,-2.4999987200000007
2.2355e-06,0.312495104000007,0.62574999232,1.486124996288,-2.8124986880000016
2.2360000000000003e-06,0.312495104000007,0.62574999232,1.486124996288,-2.8124986880000016
2.2365e-06,0.312495104000007,0.61949999296,1.48737499616,-2.8124986880000016
2.2370000000000004e-06,0.312495104000007,0.61949999296,1.486124996288,-2.4999987200000007
2.2375e-06,0.312495104000007,0.61949999296,1.486124996288,-2.8124986880000016
2.238e-06,0.312495104000007,0.62574999232,1.486124996288,-2.8124986880000016
2.2385000000000003e-06,-0.46875494399999695,0.62574999232,1.488624996032,-2.8124986880000016
2.239e-06,-0.46875494399999695,0.62574999232,1.488624996032,-3.1249986560000007
2.2395000000000003e-06,0.312495104000007,0.62574999232,1.48737499616,-3.1249986560000007
2.24e-06,0.312495104000007,0.62574999232,1.48737499616,-2.8124986880000016
2.2405e-06,-0.46875494399999695,0.62574999232,1.489874995904,-2.8124986880000016
2.2410000000000002e-06,-1.250004992000001,0.61949999296,1.486124996288,-2.8124986880000016
2.2415e-06,0.312495104000007,0.61949999296,1.484874996416,-2.8124986880000016
2.2420000000000003e-06,-0.46875494399999695,0.62574999232,1.486124996288,-2.8124986880000016
2.2425e-06,-0.46875494399999695,0.62574999232,1.486124996288,-3.1249986560000007
2.243e-06,-0.46875494399999695,0.62574999232,1.48737499616,-2.8124986880000016
2.2435e-06,-0.46875494399999695,0.62574999232,1.488624996032,-2.8124986880000016
2.244e-06,-0.46875494399999695,0.62574999232,1.48737499616,-2.8124986880000016
2.2445000000000003e-06,-0.46875494399999695,0.62574999232,1.48737499616,-3.1249986560000007
2.245e-06,0.312495104000007,0.62574999232,1.48737499616,-2.8124986880000016
2.2455e-06,-0.46875494399999695,0.62574999232,1.486124996288,-3.1249986560000007
2.246e-06,-0.46875494399999695,0.62574999232,1.48737499616,-2.8124986880000016
2.2465e-06,-0.46875494399999695,0.62574999232,1.488624996032,-2.8124986880000016
2.2470000000000003e-06,0.312495104000007,0.62574999232,1.484874996416,-3.1249986560000007
2.2475e-06,-0.46875494399999695,0.61949999296,1.484874996416,-2.8124986880000016
2.2480000000000003e-06,0.312495104000007,0.61949999296,1.484874996416,-2.8124986880000016
2.2485e-06,-0.46875494399999695,0.62574999232,1.488624996032,-3.437498624
2.249e-06,0.312495104000007,0.61949999296,1.48737499616,-3.1249986560000007
2.2495000000000002e-06,0.312495104000007,0.62574999232,1.48737499616,-2.8124986880000016
2.25e-06,-0.46875494399999695,0.62574999232,1.486124996288,-3.1249986560000007
2.2505000000000003e-06,-1.250004992000001,0.62574999232,1.48737499616,-3.1249986560000007
2.251e-06,0.312495104000007,0.63199999168,1.486124996288,-2.8124986880000016
2.2515e-06,0.312495104000007,0.63199999168,1.486124996288,-2.8124986880000016
2.252e-06,-0.46875494399999695,0.62574999232,1.48737499616,-3.1249986560000007
2.2525e-06,-0.46875494399999695,0.63199999168,1.489874995904,-3.1249986560000007
2.2530000000000003e-06,-0.46875494399999695,0.62574999232,1.489874995904,-3.1249986560000007
2.2535e-06,-0.46875494399999695,0.62574999232,1.488624996032,-3.437498624
2.254e-06,0.312495104000007,0.62574999232,1.48737499616,-2.8124986880000016
2.2545e-06,-0.46875494399999695,0.61949999296,1.489874995904,-2.8124986880000016
2.255e-06,-0.46875494399999695,0.61949999296,1.48737499616,-3.1249986560000007
2.2555000000000003e-06,0.312495104000007,0.61949999296,1.48737499616,-3.1249986560000007
2.256e-06,0.312495104000007,0.62574999232,1.484874996416,-3.437498624
2.2565000000000003e-06,-0.46875494399999695,0.62574999232,1.484874996416,-3.1249986560000007
2.257e-06,-1.250004992000001,0.62574999232,1.486124996288,-2.8124986880000016
2.2575e-06,0.312495104000007,0.62574999232,1.486124996288,-2.8124986880000016
2.2580000000000002e-06,0.312495104000007,0.62574999232,1.484874996416,-2.8124986880000016
2.2585e-06,0.312495104000007,0.62574999232,1.484874996416,-2.8124986880000016
2.2590000000000003e-06,-0.46875494399999695,0.63199999168,1.486124996288,-2.8124986880000016
2.2595e-06,-0.46875494399999695,0.61949999296,1.489874995904,-3.1249986560000007
2.26e-06,-0.46875494399999695,0.62574999232,1.488624996032,-3.1249986560000007
2.2605e-06,0.312495104000007,0.63199999168,1.488624996032,-3.1249986560000007
2.261e-06,0.312495104000007,0.62574999232,1.488624996032,-3.1249986560000007
2.2615000000000003e-06,0.312495104000007,0.62574999232,1.48737499616,-3.1249986560000007
2.262e-06,-0.46875494399999695,0.62574999232,1.48737499616,-3.1249986560000007
2.2625e-06,-0.46875494399999695,0.62574999232,1.488624996032,-2.8124986880000016
2.263e-06,0.312495104000007,0.61949999296,1.48737499616,-3.1249986560000007
2.2635e-06,0.312495104000007,0.61949999296,1.48737499616,-3.1249986560000007
2.2640000000000003e-06,0.312495104000007,0.62574999232,1.486124996288,-3.1249986560000007
2.2645e-06,0.312495104000007,0.62574999232,1.488624996032,-3.1249986560000007
2.2650000000000003e-06,-0.46875494399999695,0.63199999168,1.489874995904,-3.1249986560000007
2.2655e-06,0.312495104000007,0.63199999168,1.488624996032,-2.8124986880000016
2.266e-06,0.312495104000007,0.62574999232,1.484874996416,-2.8124986880000016
2.2665000000000002e-06,0.312495104000007,0.62574999232,1.483624996544,-2.8124986880000016
2.267e-06,-0.46875494399999695,0.62574999232,1.486124996288,-3.1249986560000007
2.2675000000000003e-06,0.312495104000007,0.62574999232,1.48737499616,-3.1249986560000007
2.268e-06,0.312495104000007,0.61949999296,1.484874996416,-2.8124986880000016
2.2685e-06,-0.46875494399999695,0.62574999232,1.484874996416,-3.1249986560000007
2.2690000000000002e-06,0.312495104000007,0.63199999168,1.484874996416,-2.8124986880000016
2.2695e-06,0.312495104000007,0.63199999168,1.484874996416,-2.8124986880000016
2.2700000000000003e-06,0.312495104000007,0.62574999232,1.486124996288,-2.8124986880000016
2.2705e-06,0.312495104000007,0.63199999168,1.48737499616,-3.1249986560000007
2.271e-06,0.312495104000007,0.63199999168,1.48737499616,-2.8124986880000016
2.2715e-06,-0.46875494399999695,0.63199999168,1.491124995776,-3.1249986560000007
2.272e-06,0.312495104000007,0.61949999296,1.488624996032,-3.1249986560000007
2.2725000000000003e-06,-0.46875494399999695,0.61949999296,1.48737499616,-3.1249986560000007
2.273e-06,-1.250004992000001,0.63199999168,1.486124996288,-2.8124986880000016
2.2735000000000003e-06,0.312495104000007,0.63199999168,1.48737499616,-2.8124986880000016
2.274e-06,-0.46875494399999695,0.63199999168,1.48737499616,-3.1249986560000007
2.2745e-06,0.312495104000007,0.63199999168,1.486124996288,-3.1249986560000007
2.2750000000000002e-06,-0.46875494399999695,0.62574999232,1.484874996416,-2.8124986880000016
2.2755e-06,0.312495104000007,0.63199999168,1.486124996288,-2.8124986880000016
2.2760000000000003e-06,-0.46875494399999695,0.62574999232,1.484874996416,-2.8124986880000016
2.2765e-06,0.312495104000007,0.63199999168,1.486124996288,-3.1249986560000007
2.277e-06,0.312495104000007,0.62574999232,1.484874996416,-2.4999987200000007
2.2775000000000002e-06,-0.46875494399999695,0.61949999296,1.483624996544,-2.8124986880000016
2.278e-06,-0.46875494399999695,0.61949999296,1.484874996416,-2.4999987200000007
2.2785000000000003e-06,-0.46875494399999695,0.62574999232,1.488624996032,-2.8124986880000016
2.279e-06,0.312495104000007,0.63199999168,1.488624996032,-3.1249986560000007
2.2795e-06,0.312495104000007,0.62574999232,1.489874995904,-3.1249986560000007
2.28e-06,0.312495104000007,0.62574999232,1.486124996288,-3.1249986560000007
2.2805e-06,0.312495104000007,0.62574999232,1.484874996416,-3.1249986560000007
2.2810000000000003e-06,-0.46875494399999695,0.62574999232,1.486124996288,-2.8124986880000016
2.2815e-06,0.312495104000007,0.62574999232,1.48737499616,-3.1249986560000007
2.2820000000000003e-06,0.312495104000007,0.62574999232,1.486124996288,-3.1249986560000007
2.2825e-06,0.312495104000007,0.62574999232,1.486124996288,-3.437498624
2.283e-06,0.312495104000007,0.63199999168,1.488624996032,-2.8124986880000016
2.2835000000000002e-06,0.312495104000007,0.62574999232,1.486124996288,-2.8124986880000016
2.284e-06,0.312495104000007,0.62574999232,1.486124996288,-2.8124986880000016
2.2845000000000003e-06,0.312495104000007,0.63199999168,1.486124996288,-3.1249986560000007
2.285e-06,0.312495104000007,0.61949999296,1.486124996288,-2.8124986880000016
2.2855e-06,0.312495104000007,0.61949999296,1.48737499616,-3.1249986560000007
2.2860000000000002e-06,-0.46875494399999695,0.61949999296,1.484874996416,-3.1249986560000007
2.2865e-06,-0.46875494399999695,0.62574999232,1.484874996416,-2.8124986880000016
2.2870000000000003e-06,-0.46875494399999695,0.62574999232,1.484874996416,-3.437498624
2.2875e-06,-1.250004992000001,0.61949999296,1.486124996288,-3.437498624
2.288e-06,0.312495104000007,0.62574999232,1.486124996288,-3.1249986560000007
2.2885e-06,0.312495104000007,0.61949999296,1.48737499616,-3.437498624
2.289e-06,0.312495104000007,0.61949999296,1.48737499616,-3.437498624
2.2895000000000003e-06,0.312495104000007,0.62574999232,1.488624996032,-2.8124986880000016
2.29e-06,0.312495104000007,0.62574999232,1.486124996288,-2.8124986880000016
2.2905000000000003e-06,0.312495104000007,0.62574999232,1.484874996416,-3.1249986560000007
2.291e-06,0.312495104000007,0.63199999168,1.484874996416,-2.8124986880000016
2.2915e-06,0.312495104000007,0.62574999232,1.4823749966720001,-2.8124986880000016
2.2920000000000002e-06,0.312495104000007,0.61949999296,1.4823749966720001,-2.8124986880000016
2.2925e-06,0.312495104000007,0.63199999168,1.483624996544,-3.1249986560000007
2.2930000000000003e-06,1.0937451519999968,0.63199999168,1.483624996544,-2.8124986880000016
2.2935e-06,0.312495104000007,0.62574999232,1.484874996416,-3.1249986560000007
2.294e-06,0.312495104000007,0.62574999232,1.486124996288,-3.1249986560000007
2.2945000000000002e-06,-0.46875494399999695,0.62574999232,1.486124996288,-2.8124986880000016
2.295e-06,0.312495104000007,0.62574999232,1.4823749966720001,-3.1249986560000007
2.2955000000000003e-06,-0.46875494399999695,0.61949999296,1.484874996416,-3.437498624
2.296e-06,0.312495104000007,0.62574999232,1.483624996544,-3.1249986560000007
2.2965e-06,-0.46875494399999695,0.61949999296,1.48737499616,-3.437498624
2.297e-06,-0.46875494399999695,0.61949999296,1.486124996288,-3.1249986560000007
2.2975e-06,-0.46875494399999695,0.61949999296,1.484874996416,-2.8124986880000016
2.2980000000000003e-06,0.312495104000007,0.63199999168,1.486124996288,-3.1249986560000007
2.2985e-06,0.312495104000007,0.62574999232,1.48737499616,-3.1249986560000007
2.2990000000000004e-06,-0.46875494399999695,0.63199999168,1.488624996032,-2.8124986880000016
2.2995e-06,0.312495104000007,0.62574999232,1.48737499616,-3.1249986560000007
2.3e-06,-0.46875494399999695,0.61949999296,1.48737499616,-2.8124986880000016
2.3005000000000003e-06,-0.46875494399999695,0.62574999232,1.488624996032,-3.1249986560000007
2.301e-06,0.312495104000007,0.62574999232,1.488624996032,-2.8124986880000016
2.3015000000000003e-06,0.312495104000007,0.61949999296,1.486124996288,-3.1249986560000007
2.302e-06,0.312495104000007,0.62574999232,1.486124996288,-2.8124986880000016
2.3025e-06,-0.46875494399999695,0.61949999296,1.489874995904,-2.8124986880000016
2.3030000000000002e-06,-0.46875494399999695,0.62574999232,1.48737499616,-3.1249986560000007
2.3035e-06,0.312495104000007,0.62574999232,1.486124996288,-3.1249986560000007
2.3040000000000003e-06,0.312495104000007,0.63199999168,1.483624996544,-3.1249986560000007
2.3045e-06,-0.46875494399999695,0.62574999232,1.484874996416,-3.437498624
2.305e-06,0.312495104000007,0.62574999232,1.486124996288,-3.1249986560000007
2.3055e-06,0.312495104000007,0.62574999232,1.486124996288,-2.8124986880000016
2.306e-06,0.312495104000007,0.62574999232,1.48737499616,-2.8124986880000016
2.3065000000000003e-06,-0.46875494399999695,0.62574999232,1.486124996288,-3.437498624
2.307e-06,1.0937451519999968,0.62574999232,1.486124996288,-2.8124986880000016
2.3075000000000004e-06,0.312495104000007,0.62574999232,1.486124996288,-3.1249986560000007
2.308e-06,-0.46875494399999695,0.62574999232,1.486124996288,-3.1249986560000007
2.3085e-06,0.312495104000007,0.62574999232,1.48737499616,-2.8124986880000016
2.3090000000000003e-06,1.0937451519999968,0.62574999232,1.484874996416,-2.8124986880000016
2.3095e-06,0.312495104000007,0.62574999232,1.486124996288,-3.1249986560000007
2.3100000000000003e-06,-0.46875494399999695,0.62574999232,1.486124996288,-3.1249986560000007
2.3105e-06,-0.46875494399999695,0.62574999232,1.48737499616,-2.8124986880000016
2.311e-06,0.312495104000007,0.62574999232,1.486124996288,-3.1249986560000007
2.3115000000000002e-06,0.312495104000007,0.61949999296,1.486124996288,-3.1249986560000007
2.312e-06,0.312495104000007,0.62574999232,1.486124996288,-3.1249986560000007
2.3125000000000003e-06,1.0937451519999968,0.62574999232,1.48737499616,-3.1249986560000007
2.313e-06,0.312495104000007,0.62574999232,1.483624996544,-3.1249986560000007
2.3135e-06,0.312495104000007,0.61949999296,1.484874996416,-3.1249986560000007
2.314e-06,0.312495104000007,0.61949999296,1.486124996288,-3.1249986560000007
2.3145e-06,1.0937451519999968,0.63199999168,1.484874996416,-3.437498624
2.3150000000000003e-06,1.0937451519999968,0.62574999232,1.484874996416,-3.1249986560000007
2.3155e-06,0.312495104000007,0.62574999232,1.488624996032,-2.8124986880000016
2.316e-06,0.312495104000007,0.61949999296,1.488624996032,-2.8124986880000016
2.3165e-06,0.312495104000007,0.63199999168,1.489874995904,-3.1249986560000007
2.317e-06,0.312495104000007,0.62574999232,1.488624996032,-3.1249986560000007
2.3175000000000003e-06,-0.46875494399999695,0.61949999296,1.48737499616,-3.1249986560000007
2.318e-06,-0.46875494399999695,0.62574999232,1.48737499616,-3.1249986560000007
2.3185000000000003e-06,-0.46875494399999695,0.62574999232,1.488624996032,-2.8124986880000016
2.319e-06,0.312495104000007,0.61949999296,1.48737499616,-3.437498624
2.3195e-06,0.312495104000007,0.61949999296,1.486124996288,-3.1249986560000007
2.3200000000000002e-06,0.312495104000007,0.62574999232,1.486124996288,-2.8124986880000016
2.3205e-06,0.312495104000007,0.6132499936,1.48737499616,-3.1249986560000007
2.3210000000000003e-06,-0.46875494399999695,0.6132499936,1.488624996032,-2.8124986880000016
2.3215e-06,0.312495104000007,0.62574999232,1.488624996032,-3.1249986560000007
2.322e-06,-0.46875494399999695,0.62574999232,1.489874995904,-2.8124986880000016
2.3225e-06,-0.46875494399999695,0.63199999168,1.489874995904,-3.1249986560000007
2.323e-06,-0.46875494399999695,0.62574999232,1.48737499616,-2.8124986880000016
2.3235000000000003e-06,0.312495104000007,0.62574999232,1.48737499616,-3.1249986560000007
2.324e-06,-0.46875494399999695,0.62574999232,1.48737499616,-2.8124986880000016
2.3245e-06,0.312495104000007,0.62574999232,1.48737499616,-3.1249986560000007
2.325e-06,0.312495104000007,0.61949999296,1.48737499616,-2.8124986880000016
2.3255e-06,0.312495104000007,0.62574999232,1.488624996032,-3.1249986560000007
2.3260000000000003e-06,-0.46875494399999695,0.63199999168,1.489874995904,-3.1249986560000007
2.3265e-06,0.312495104000007,0.62574999232,1.488624996032,-2.8124986880000016
2.3270000000000003e-06,0.312495104000007,0.63199999168,1.48737499616,-3.1249986560000007
2.3275e-06,0.312495104000007,0.62574999232,1.488624996032,-3.1249986560000007
2.328e-06,0.312495104000007,0.62574999232,1.48737499616,-2.8124986880000016
2.3285000000000002e-06,0.312495104000007,0.62574999232,1.488624996032,-3.1249986560000007
2.329e-06,-0.46875494399999695,0.62574999232,1.488624996032,-2.8124986880000016
2.3295000000000003e-06,0.312495104000007,0.62574999232,1.491124995776,-2.8124986880000016
2.33e-06,0.312495104000007,0.62574999232,1.491124995776,-3.1249986560000007
2.3305e-06,0.312495104000007,0.62574999232,1.488624996032,-3.1249986560000007
2.3310000000000002e-06,-0.46875494399999695,0.62574999232,1.486124996288,-2.8124986880000016
2.3315e-06,-0.46875494399999695,0.62574999232,1.48737499616,-2.8124986880000016
2.3320000000000003e-06,-0.46875494399999695,0.62574999232,1.48737499616,-3.1249986560000007
2.3325e-06,0.312495104000007,0.61949999296,1.488624996032,-3.1249986560000007
2.333e-06,0.312495104000007,0.62574999232,1.491124995776,-3.1249986560000007
2.3335e-06,0.312495104000007,0.61949999296,1.488624996032,-3.1249986560000007
2.334e-06,-0.46875494399999695,0.62574999232,1.486124996288,-2.8124986880000016
2.3345000000000003e-06,-0.46875494399999695,0.62574999232,1.486124996288,-2.8124986880000016
2.335e-06,-0.46875494399999695,0.61949999296,1.486124996288,-3.1249986560000007
2.3355000000000003e-06,-0.46875494399999695,0.6132499936,1.486124996288,-3.1249986560000007
2.336e-06,0.312495104000007,0.61949999296,1.484874996416,-3.1249986560000007
2.3365e-06,0.312495104000007,0.62574999232,1.486124996288,-3.437498624
2.3370000000000002e-06,-0.46875494399999695,0.61949999296,1.486124996288,-3.1249986560000007
2.3375e-06,-0.46875494399999695,0.62574999232,1.483624996544,-2.8124986880000016
2.3380000000000003e-06,0.312495104000007,0.62574999232,1.4823749966720001,-3.1249986560000007
2.3385e-06,-0.46875494399999695,0.61949999296,1.483624996544,-3.1249986560000007
2.339e-06,-0.46875494399999695,0.61949999296,1.484874996416,-2.8124986880000016
2.3395000000000002e-06,0.312495104000007,0.62574999232,1.484874996416,-2.8124986880000016
2.34e-06,-0.46875494399999695,0.61949999296,1.484874996416,-2.8124986880000016
2.3405000000000003e-06,0.312495104000007,0.61949999296,1.48737499616,-3.1249986560000007
2.341e-06,0.312495104000007,0.61949999296,1.48737499616,-2.8124986880000016
2.3415e-06,-0.46875494399999695,0.62574999232,1.486124996288,-3.1249986560000007
2.342e-06,-0.46875494399999695,0.61949999296,1.486124996288,-2.8124986880000016
2.3425e-06,-0.46875494399999695,0.63199999168,1.48737499616,-2.8124986880000016
2.3430000000000003e-06,0.312495104000007,0.63199999168,1.486124996288,-3.1249986560000007
2.3435e-06,-0.46875494399999695,0.62574999232,1.48737499616,-3.1249986560000007
2.3440000000000003e-06,0.312495104000007,0.62574999232,1.486124996288,-3.1249986560000007
2.3445e-06,-0.46875494399999695,0.61949999296,1.486124996288,-3.1249986560000007
2.345e-06,-0.46875494399999695,0.62574999232,1.483624996544,-3.1249986560000007
2.3455000000000002e-06,0.312495104000007,0.61949999296,1.486124996288,-3.1249986560000007
2.346e-06,0.312495104000007,0.62574999232,1.48737499616,-3.437498624
2.3465000000000003e-06,0.312495104000007,0.62574999232,1.486124996288,-3.437498624
2.347e-06,0.312495104000007,0.63199999168,1.48737499616,-3.1249986560000007
2.3475e-06,0.312495104000007,0.62574999232,1.486124996288,-3.1249986560000007
2.3480000000000002e-06,0.312495104000007,0.62574999232,1.484874996416,-3.1249986560000007
2.3485e-06,0.312495104000007,0.62574999232,1.486124996288,-3.1249986560000007
2.3490000000000003e-06,0.312495104000007,0.62574999232,1.48737499616,-3.1249986560000007
2.3495e-06,0.312495104000007,0.62574999232,1.486124996288,-3.437498624
2.35e-06,0.312495104000007,0.62574999232,1.486124996288,-3.1249986560000007
2.3505e-06,0.312495104000007,0.62574999232,1.486124996288,-3.1249986560000007
2.351e-06,-0.46875494399999695,0.62574999232,1.486124996288,-3.1249986560000007
2.3515000000000003e-06,-0.46875494399999695,0.61949999296,1.488624996032,-3.1249986560000007
2.352e-06,0.312495104000007,0.62574999232,1.48737499616,-3.1249986560000007
2.3525000000000003e-06,0.312495104000007,0.62574999232,1.491124995776,-3.437498624
2.353e-06,-0.46875494399999695,0.62574999232,1.489874995904,-2.8124986880000016
2.3535e-06,0.312495104000007,0.63199999168,1.488624996032,-2.8124986880000016
2.3540000000000002e-06,1.0937451519999968,0.63199999168,1.48737499616,-2.8124986880000016
2.3545e-06,0.312495104000007,0.62574999232,1.488624996032,-3.1249986560000007
2.3550000000000003e-06,-0.46875494399999695,0.62574999232,1.489874995904,-2.8124986880000016
2.3555e-06,0.312495104000007,0.62574999232,1.489874995904,-3.1249986560000007
2.356e-06,0.312495104000007,0.61949999296,1.489874995904,-2.8124986880000016
2.3565000000000002e-06,-0.46875494399999695,0.6382499910399999,1.489874995904,-3.1249986560000007
2.357e-06,0.312495104000007,0.63199999168,1.48737499616,-2.8124986880000016
2.3575000000000003e-06,-0.46875494399999695,0.63199999168,1.486124996288,-3.1249986560000007
2.358e-06,-0.46875494399999695,0.62574999232,1.486124996288,-3.1249986560000007
2.3585e-06,0.312495104000007,0.62574999232,1.484874996416,-2.8124986880000016
2.359e-06,-0.46875494399999695,0.61949999296,1.484874996416,-3.1249986560000007
2.3595e-06,-0.46875494399999695,0.62574999232,1.48737499616,-3.437498624
2.3600000000000003e-06,0.312495104000007,0.63199999168,1.488624996032,-3.1249986560000007
2.3605e-06,0.312495104000007,0.62574999232,1.489874995904,-3.437498624
2.3610000000000003e-06,-0.46875494399999695,0.62574999232,1.48737499616,-3.1249986560000007
2.3615e-06,0.312495104000007,0.63199999168,1.486124996288,-2.8124986880000016
2.362e-06,0.312495104000007,0.63199999168,1.484874996416,-2.8124986880000016
2.3625000000000003e-06,0.312495104000007,0.63199999168,1.484874996416,-2.8124986880000016
2.363e-06,-0.46875494399999695,0.63199999168,1.486124996288,-2.8124986880000016
2.3635000000000003e-06,0.312495104000007,0.62574999232,1.486124996288,-3.1249986560000007
2.364e-06,-0.46875494399999695,0.62574999232,1.486124996288,-3.1249986560000007
2.3645e-06,-0.46875494399999695,0.61949999296,1.484874996416,-3.1249986560000007
2.3650000000000002e-06,0.312495104000007,0.62574999232,1.483624996544,-2.8124986880000016
2.3655e-06,0.312495104000007,0.61949999296,1.484874996416,-3.1249986560000007
2.3660000000000003e-06,0.312495104000007,0.62574999232,1.483624996544,-2.8124986880000016
2.3665e-06,1.0937451519999968,0.63199999168,1.486124996288,-2.8124986880000016
2.367e-06,0.312495104000007,0.63199999168,1.48737499616,-3.1249986560000007
2.3675e-06,0.312495104000007,0.61949999296,1.488624996032,-3.1249986560000007
2.368e-06,0.312495104000007,0.63199999168,1.484874996416,-3.1249986560000007
2.3685000000000003e-06,0.312495104000007,0.63199999168,1.48737499616,-3.437498624
2.369e-06,0.312495104000007,0.61949999296,1.486124996288,-3.1249986560000007
2.3695000000000004e-06,0.312495104000007,0.62574999232,1.484874996416,-3.1249986560000007
2.37e-06,0.312495104000007,0.62574999232,1.483624996544,-3.1249986560000007
2.3705e-06,0.312495104000007,0.62574999232,1.486124996288,-3.1249986560000007
2.3710000000000003e-06,-0.46875494399999695,0.63199999168,1.486124996288,-3.1249986560000007
2.3715e-06,0.312495104000007,0.62574999232,1.48737499616,-2.8124986880000016
2.3720000000000003e-06,-0.46875494399999695,0.62574999232,1.488624996032,-3.1249986560000007
2.3725e-06,-0.46875494399999695,0.63199999168,1.489874995904,-3.437498624
2.373e-06,0.312495104000007,0.62574999232,1.486124996288,-3.1249986560000007
2.3735000000000002e-06,0.312495104000007,0.62574999232,1.484874996416,-3.1249986560000007
2.374e-06,0.312495104000007,0.62574999232,1.484874996416,-3.1249986560000007
2.3745000000000003e-06,0.312495104000007,0.62574999232,1.486124996288,-2.8124986880000016
2.375e-06,0.312495104000007,0.62574999232,1.484874996416,-3.437498624
2.3755e-06,-0.46875494399999695,0.62574999232,1.48737499616,-3.1249986560000007
2.376e-06,0.312495104000007,0.62574999232,1.486124996288,-3.437498624
2.3765e-06,0.312495104000007,0.63199999168,1.48737499616,-3.437498624
2.3770000000000003e-06,-0.46875494399999695,0.62574999232,1.48737499616,-3.437498624
2.3775e-06,0.312495104000007,0.62574999232,1.48737499616,-3.1249986560000007
2.3780000000000004e-06,0.312495104000007,0.62574999232,1.486124996288,-3.1249986560000007
2.3785e-06,-0.46875494399999695,0.63199999168,1.483624996544,-3.1249986560000007
2.379e-06,-0.46875494399999695,0.63199999168,1.4823749966720001,-3.1249986560000007
2.3795000000000003e-06,0.312495104000007,0.62574999232,1.483624996544,-3.1249986560000007
2.38e-06,0.312495104000007,0.62574999232,1.483624996544,-3.1249986560000007
2.3805000000000003e-06,0.312495104000007,0.62574999232,1.486124996288,-3.1249986560000007
2.381e-06,0.312495104000007,0.63199999168,1.484874996416,-2.8124986880000016
2.3815e-06,0.312495104000007,0.62574999232,1.484874996416,-3.1249986560000007
2.3820000000000002e-06,-0.46875494399999695,0.61949999296,1.484874996416,-3.1249986560000007
2.3825e-06,0.312495104000007,0.62574999232,1.48737499616,-2.8124986880000016
2.3830000000000003e-06,0.312495104000007,0.62574999232,1.488624996032,-3.1249986560000007
2.3835e-06,0.312495104000007,0.61949999296,1.488624996032,-3.1249986560000007
2.384e-06,0.312495104000007,0.61949999296,1.484874996416,-3.1249986560000007
2.3845e-06,0.312495104000007,0.61949999296,1.484874996416,-3.1249986560000007
2.385e-06,0.312495104000007,0.61949999296,1.486124996288,-3.1249986560000007
2.3855000000000003e-06,0.312495104000007,0.62574999232,1.486124996288,-3.1249986560000007
2.386e-06,0.312495104000007,0.62574999232,1.486124996288,-3.1249986560000007
2.3865000000000004e-06,0.312495104000007,0.63199999168,1.486124996288,-3.437498624
2.387e-06,0.312495104000007,0.62574999232,1.48737499616,-3.1249986560000007
2.3875e-06,0.312495104000007,0.61949999296,1.486124996288,-2.8124986880000016
2.3880000000000003e-06,-1.250004992000001,0.61949999296,1.484874996416,-3.1249986560000007
2.3885e-06,-0.46875494399999695,0.62574999232,1.484874996416,-3.1249986560000007
2.3890000000000003e-06,0.312495104000007,0.61949999296,1.484874996416,-3.1249986560000007
2.3895e-06,0.312495104000007,0.61949999296,1.486124996288,-3.1249986560000007
2.39e-06,0.312495104000007,0.62574999232,1.488624996032,-3.1249986560000007
2.3905000000000002e-06,0.312495104000007,0.62574999232,1.48737499616,-3.1249986560000007
2.391e-06,0.312495104000007,0.62574999232,1.484874996416,-3.437498624
2.3915000000000003e-06,0.312495104000007,0.62574999232,1.484874996416,-3.437498624
2.392e-06,0.312495104000007,0.62574999232,1.483624996544,-3.1249986560000007
2.3925e-06,-0.46875494399999695,0.61949999296,1.488624996032,-3.437498624
2.3930000000000002e-06,0.312495104000007,0.61949999296,1.488624996032,-3.1249986560000007
2.3935e-06,0.312495104000007,0.62574999232,1.486124996288,-3.1249986560000007
2.3940000000000003e-06,1.0937451519999968,0.62574999232,1.483624996544,-2.8124986880000016
2.3945e-06,-0.46875494399999695,0.62574999232,1.483624996544,-3.1249986560000007
2.395e-06,0.312495104000007,0.63199999168,1.484874996416,-2.8124986880000016
2.3955e-06,0.312495104000007,0.63199999168,1.48737499616,-2.8124986880000016
2.396e-06,0.312495104000007,0.62574999232,1.486124996288,-2.8124986880000016
2.3965000000000003e-06,0.312495104000007,0.63199999168,1.48737499616,-3.437498624
2.397e-06,0.312495104000007,0.63199999168,1.48737499616,-2.8124986880000016
2.3975000000000003e-06,0.312495104000007,0.62574999232,1.483624996544,-3.437498624
2.398e-06,0.312495104000007,0.61949999296,1.483624996544,-3.1249986560000007
2.3985e-06,0.312495104000007,0.62574999232,1.486124996288,-2.4999987200000007
2.3990000000000002e-06,0.312495104000007,0.62574999232,1.484874996416,-3.1249986560000007
2.3995e-06,0.312495104000007,0.61949999296,1.484874996416,-3.1249986560000007
2.4000000000000003e-06,0.312495104000007,0.62574999232,1.484874996416,-3.1249986560000007
2.4005e-06,0.312495104000007,0.61949999296,1.48737499616,-3.1249986560000007
2.401e-06,0.312495104000007,0.62574999232,1.48737499616,-2.8124986880000016
2.4015000000000002e-06,0.312495104000007,0.62574999232,1.486124996288,-2.8124986880000016
2.402e-06,0.312495104000007,0.62574999232,1.483624996544,-2.8124986880000016
2.4025000000000003e-06,0.312495104000007,0.63199999168,1.483624996544,-3.1249986560000007
2.403e-06,0.312495104000007,0.63199999168,1.486124996288,-3.437498624
2.4035e-06,0.312495104000007,0.63199999168,1.486124996288,-3.1249986560000007
2.404e-06,-0.46875494399999695,0.61949999296,1.483624996544,-3.1249986560000007
2.4045e-06,0.312495104000007,0.61949999296,1.486124996288,-3.1249986560000007
2.4050000000000003e-06,0.312495104000007,0.62574999232,1.486124996288,-3.1249986560000007
2.4055e-06,0.312495104000007,0.62574999232,1.483624996544,-3.437498624
2.4060000000000003e-06,-0.46875494399999695,0.62574999232,1.484874996416,-3.1249986560000007
2.4065e-06,-0.46875494399999695,0.62574999232,1.48737499616,-3.1249986560000007
2.407e-06,-0.46875494399999695,0.63199999168,1.484874996416,-3.1249986560000007
2.4075000000000002e-06,0.312495104000007,0.61949999296,1.486124996288,-3.1249986560000007
2.408e-06,0.312495104000007,0.61949999296,1.486124996288,-3.1249986560000007
2.4085000000000003e-06,-0.46875494399999695,0.62574999232,1.486124996288,-3.437498624
2.409e-06,0.312495104000007,0.61949999296,1.484874996416,-3.1249986560000007
2.4095e-06,0.312495104000007,0.61949999296,1.48737499616,-3.1249986560000007
2.4100000000000002e-06,0.312495104000007,0.61949999296,1.48737499616,-3.437498624
2.4105e-06,0.312495104000007,0.61949999296,1.486124996288,-3.437498624
2.4110000000000003e-06,1.0937451519999968,0.61949999296,1.486124996288,-2.8124986880000016
2.4115e-06,0.312495104000007,0.62574999232,1.486124996288,-3.437498624
2.412e-06,0.312495104000007,0.61949999296,1.484874996416,-3.437498624
2.4125e-06,0.312495104000007,0.61949999296,1.488624996032,-3.437498624
2.413e-06,0.312495104000007,0.62574999232,1.489874995904,-3.1249986560000007
2.4135000000000003e-06,0.312495104000007,0.62574999232,1.489874995904,-3.437498624
2.414e-06,0.312495104000007,0.62574999232,1.488624996032,-3.1249986560000007
2.4145000000000003e-06,-0.46875494399999695,0.62574999232,1.488624996032,-3.437498624
2.415e-06,-0.46875494399999695,0.62574999232,1.489874995904,-3.437498624
2.4155e-06,0.312495104000007,0.61949999296,1.488624996032,-3.437498624
2.4160000000000002e-06,0.312495104000007,0.61949999296,1.48737499616,-3.1249986560000007
2.4165e-06,1.0937451519999968,0.61949999296,1.488624996032,-3.437498624
2.4170000000000003e-06,0.312495104000007,0.61949999296,1.48737499616,-3.1249986560000007
2.4175e-06,-0.46875494399999695,0.62574999232,1.488624996032,-2.8124986880000016
2.418e-06,-0.46875494399999695,0.61949999296,1.489874995904,-3.1249986560000007
2.4185000000000002e-06,0.312495104000007,0.62574999232,1.489874995904,-3.1249986560000007
2.419e-06,-0.46875494399999695,0.62574999232,1.491124995776,-3.1249986560000007
2.4195000000000003e-06,0.312495104000007,0.61949999296,1.489874995904,-3.1249986560000007
2.42e-06,-0.46875494399999695,0.61949999296,1.491124995776,-3.1249986560000007
2.4205e-06,-0.46875494399999695,0.62574999232,1.49362499552,-3.1249986560000007
2.421e-06,0.312495104000007,0.63199999168,1.49362499552,-3.1249986560000007
2.4215e-06,0.312495104000007,0.62574999232,1.488624996032,-3.437498624
2.4220000000000003e-06,-0.46875494399999695,0.62574999232,1.486124996288,-3.1249986560000007
2.4225e-06,0.312495104000007,0.62574999232,1.486124996288,-2.8124986880000016
2.4230000000000003e-06,0.312495104000007,0.61949999296,1.486124996288,-3.1249986560000007
2.4235e-06,0.312495104000007,0.61949999296,1.48737499616,-3.437498624
2.424e-06,1.0937451519999968,0.61949999296,1.486124996288,-3.437498624
2.4245000000000002e-06,0.312495104000007,0.61949999296,1.488624996032,-3.437498624
2.425e-06,0.312495104000007,0.61949999296,1.486124996288,-3.1249986560000007
2.4255000000000003e-06,0.312495104000007,0.61949999296,1.48737499616,-3.1249986560000007
2.426e-06,-0.46875494399999695,0.62574999232,1.48737499616,-3.1249986560000007
2.4265e-06,-0.46875494399999695,0.62574999232,1.484874996416,-3.1249986560000007
2.4270000000000002e-06,0.312495104000007,0.62574999232,1.484874996416,-3.437498624
2.4275e-06,0.312495104000007,0.61949999296,1.48737499616,-3.1249986560000007
2.4280000000000003e-06,0.312495104000007,0.61949999296,1.488624996032,-3.1249986560000007
2.4285e-06,-0.46875494399999695,0.61949999296,1.489874995904,-3.437498624
2.429e-06,0.312495104000007,0.62574999232,1.488624996032,-3.1249986560000007
2.4295e-06,-1.250004992000001,0.61949999296,1.48737499616,-3.437498624
2.43e-06,0.312495104000007,0.61949999296,1.48737499616,-3.1249986560000007
2.4305000000000003e-06,-0.46875494399999695,0.62574999232,1.489874995904,-3.1249986560000007
2.431e-06,-0.46875494399999695,0.61949999296,1.489874995904,-3.1249986560000007
2.4315000000000004e-06,-0.46875494399999695,0.61949999296,1.489874995904,-3.1249986560000007
2.432e-06,-0.46875494399999695,0.61949999296,1.489874995904,-3.437498624
2.4325e-06,0.312495104000007,0.61949999296,1.491124995776,-3.7499985920000007
2.4330000000000003e-06,-0.46875494399999695,0.61949999296,1.489874995904,-3.437498624
2.4335e-06,0.312495104000007,0.62574999232,1.489874995904,-2.8124986880000016
2.4340000000000003e-06,0.312495104000007,0.61949999296,1.48737499616,-3.1249986560000007
2.4345e-06,-0.46875494399999695,0.61949999296,1.488624996032,-3.1249986560000007
2.435e-06,0.312495104000007,0.61949999296,1.48737499616,-2.8124986880000016
2.4355000000000002e-06,0.312495104000007,0.62574999232,1.48737499616,-2.8124986880000016
2.436e-06,0.312495104000007,0.61949999296,1.48737499616,-2.8124986880000016
2.4365000000000003e-06,0.312495104000007,0.63199999168,1.488624996032,-3.1249986560000007
2.437e-06,0.312495104000007,0.62574999232,1.486124996288,-3.1249986560000007
2.4375e-06,0.312495104000007,0.61949999296,1.48737499616,-3.437498624
2.438e-06,-0.46875494399999695,0.62574999232,1.484874996416,-3.1249986560000007
2.4385e-06,-0.46875494399999695,0.62574999232,1.48737499616,-2.8124986880000016
2.4390000000000003e-06,0.312495104000007,0.62574999232,1.48737499616,-3.1249986560000007
2.4395e-06,0.312495104000007,0.61949999296,1.488624996032,-3.437498624
2.4400000000000004e-06,-0.46875494399999695,0.62574999232,1.48737499616,-3.437498624
2.4405e-06,0.312495104000007,0.62574999232,1.489874995904,-3.437498624
2.441e-06,-1.250004992000001,0.61949999296,1.48737499616,-3.1249986560000007
2.4415000000000003e-06,-0.46875494399999695,0.62574999232,1.489874995904,-3.1249986560000007
2.442e-06,0.312495104000007,0.62574999232,1.488624996032,-3.1249986560000007
2.4425000000000003e-06,0.312495104000007,0.62574999232,1.489874995904,-3.437498624
2.443e-06,0.312495104000007,0.61949999296,1.489874995904,-3.1249986560000007
2.4435e-06,0.312495104000007,0.62574999232,1.488624996032,-3.1249986560000007
2.4440000000000002e-06,-0.46875494399999695,0.61949999296,1.48737499616,-2.8124986880000016
2.4445e-06,0.312495104000007,0.61949999296,1.488624996032,-3.1249986560000007
2.4450000000000003e-06,0.312495104000007,0.61949999296,1.489874995904,-2.8124986880000016
2.4455e-06,0.312495104000007,0.61949999296,1.48737499616,-3.1249986560000007
2.446e-06,-0.46875494399999695,0.61949999296,1.48737499616,-3.1249986560000007
2.4465e-06,-0.46875494399999695,0.62574999232,1.486124996288,-3.1249986560000007
2.447e-06,-0.46875494399999695,0.62574999232,1.484874996416,-3.437498624
2.4475000000000003e-06,-0.46875494399999695,0.62574999232,1.48737499616,-3.7499985920000007
2.448e-06,-0.46875494399999695,0.62574999232,1.48737499616,-3.1249986560000007
2.4485000000000004e-06,-0.46875494399999695,0.62574999232,1.491124995776,-3.1249986560000007
2.449e-06,-0.46875494399999695,0.61949999296,1.489874995904,-3.1249986560000007
2.4495e-06,0.312495104000007,0.62574999232,1.488624996032,-3.437498624
2.4500000000000003e-06,0.312495104000007,0.62574999232,1.489874995904,-3.437498624
2.4505e-06,-0.46875494399999695,0.62574999232,1.489874995904,-3.437498624
2.4510000000000003e-06,0.312495104000007,0.62574999232,1.48737499616,-3.1249986560000007
2.4515e-06,0.312495104000007,0.62574999232,1.48737499616,-3.1249986560000007
2.452e-06,-0.46875494399999695,0.62574999232,1.488624996032,-3.437498624
2.4525000000000002e-06,1.0937451519999968,0.62574999232,1.488624996032,-3.437498624
2.453e-06,0.312495104000007,0.62574999232,1.491124995776,-3.1249986560000007
2.4535000000000003e-06,-0.46875494399999695,0.62574999232,1.489874995904,-3.437498624
2.454e-06,-0.46875494399999695,0.62574999232,1.486124996288,-3.1249986560000007
2.4545e-06,0.312495104000007,0.62574999232,1.486124996288,-3.1249986560000007
2.4550000000000002e-06,0.312495104000007,0.62574999232,1.486124996288,-3.437498624
2.4555e-06,0.312495104000007,0.61949999296,1.484874996416,-3.437498624
2.4560000000000003e-06,-0.46875494399999695,0.61949999296,1.484874996416,-3.437498624
2.4565e-06,0.312495104000007,0.62574999232,1.486124996288,-3.437498624
2.4570000000000004e-06,0.312495104000007,0.62574999232,1.484874996416,-3.1249986560000007
2.4575e-06,0.312495104000007,0.62574999232,1.484874996416,-3.1249986560000007
2.458e-06,0.312495104000007,0.62574999232,1.488624996032,-3.1249986560000007
2.4585000000000003e-06,0.312495104000007,0.62574999232,1.489874995904,-3.437498624
2.459e-06,0.312495104000007,0.62574999232,1.48737499616,-3.1249986560000007
2.4595000000000003e-06,0.312495104000007,0.61949999296,1.486124996288,-3.1249986560000007
2.46e-06,0.312495104000007,0.61949999296,1.486124996288,-3.1249986560000007
2.4605e-06,0.312495104000007,0.62574999232,1.486124996288,-3.1249986560000007
2.4610000000000002e-06,0.312495104000007,0.62574999232,1.486124996288,-2.8124986880000016
2.4615e-06,-0.46875494399999695,0.61949999296,1.48737499616,-3.1249986560000007
2.4620000000000003e-06,0.312495104000007,0.62574999232,1.488624996032,-3.1249986560000007
2.4625e-06,-0.46875494399999695,0.62574999232,1.48737499616,-3.1249986560000007
2.463e-06,0.312495104000007,0.61949999296,1.486124996288,-3.1249986560000007
2.4635000000000002e-06,-0.46875494399999695,0.61949999296,1.486124996288,-3.1249986560000007
2.464e-06,0.312495104000007,0.61949999296,1.484874996416,-3.1249986560000007
2.4645000000000003e-06,0.312495104000007,0.61949999296,1.488624996032,-3.437498624
2.465e-06,-0.46875494399999695,0.62574999232,1.48737499616,-3.1249986560000007
2.4655e-06,-0.46875494399999695,0.62574999232,1.48737499616,-2.8124986880000016
2.466e-06,0.312495104000007,0.61949999296,1.488624996032,-3.1249986560000007
2.4665e-06,-0.46875494399999695,0.61949999296,1.489874995904,-3.1249986560000007
2.4670000000000003e-06,0.312495104000007,0.62574999232,1.48737499616,-3.1249986560000007
2.4675e-06,0.312495104000007,0.62574999232,1.484874996416,-2.8124986880000016
2.4680000000000003e-06,-0.46875494399999695,0.61949999296,1.486124996288,-3.1249986560000007
2.4685e-06,-0.46875494399999695,0.61949999296,1.488624996032,-3.437498624
2.469e-06,0.312495104000007,0.62574999232,1.488624996032,-3.1249986560000007
2.4695000000000002e-06,0.312495104000007,0.61949999296,1.489874995904,-3.1249986560000007
2.47e-06,-0.46875494399999695,0.62574999232,1.48737499616,-2.8124986880000016
2.4705000000000003e-06,-0.46875494399999695,0.61949999296,1.488624996032,-3.1249986560000007
2.471e-06,0.312495104000007,0.62574999232,1.488624996032,-3.1249986560000007
2.4715e-06,0.312495104000007,0.61949999296,1.488624996032,-3.437498624
2.4720000000000002e-06,0.312495104000007,0.62574999232,1.488624996032,-3.1249986560000007
2.4725e-06,-0.46875494399999695,0.61949999296,1.489874995904,-3.437498624
2.4730000000000003e-06,-0.46875494399999695,0.62574999232,1.489874995904,-3.1249986560000007
2.4735e-06,0.312495104000007,0.62574999232,1.48737499616,-3.437498624
2.474e-06,0.312495104000007,0.61949999296,1.486124996288,-3.437498624
2.4745e-06,-0.46875494399999695,0.62574999232,1.486124996288,-3.1249986560000007
2.475e-06,0.312495104000007,0.61949999296,1.48737499616,-3.1249986560000007
2.4755000000000003e-06,0.312495104000007,0.61949999296,1.488624996032,-3.1249986560000007
2.476e-06,-0.46875494399999695,0.61949999296,1.488624996032,-3.437498624
2.4765000000000003e-06,-0.46875494399999695,0.61949999296,1.488624996032,-3.1249986560000007
2.477e-06,0.312495104000007,0.61949999296,1.48737499616,-3.1249986560000007
2.4775e-06,0.312495104000007,0.61949999296,1.488624996032,-3.437498624
2.4780000000000002e-06,0.312495104000007,0.62574999232,1.489874995904,-3.1249986560000007
2.4785e-06,-0.46875494399999695,0.62574999232,1.491124995776,-3.1249986560000007
2.4790000000000003e-06,0.312495104000007,0.61949999296,1.489874995904,-3.437498624
2.4795e-06,0.312495104000007,0.62574999232,1.488624996032,-3.437498624
2.48e-06,0.312495104000007,0.62574999232,1.484874996416,-3.1249986560000007
2.4805000000000002e-06,0.312495104000007,0.62574999232,1.488624996032,-3.437498624
2.481e-06,-0.46875494399999695,0.62574999232,1.48737499616,-3.437498624
2.4815000000000003e-06,0.312495104000007,0.62574999232,1.488624996032,-3.437498624
2.482e-06,0.312495104000007,0.62574999232,1.488624996032,-3.1249986560000007
2.4825e-06,1.0937451519999968,0.62574999232,1.491124995776,-3.437498624
2.483e-06,-0.46875494399999695,0.63199999168,1.488624996032,-3.1249986560000007
2.4835e-06,0.312495104000007,0.62574999232,1.486124996288,-3.1249986560000007
2.4840000000000003e-06,-1.250004992000001,0.61949999296,1.484874996416,-3.1249986560000007
2.4845e-06,-0.46875494399999695,0.63199999168,1.48737499616,-3.1249986560000007
2.4850000000000003e-06,-0.46875494399999695,0.62574999232,1.488624996032,-3.1249986560000007
2.4855e-06,-0.46875494399999695,0.62574999232,1.488624996032,-3.1249986560000007
2.486e-06,0.312495104000007,0.62574999232,1.488624996032,-3.1249986560000007
2.4865000000000002e-06,-0.46875494399999695,0.61949999296,1.488624996032,-3.1249986560000007
2.487e-06,0.312495104000007,0.62574999232,1.48737499616,-3.1249986560000007
2.4875000000000003e-06,-0.46875494399999695,0.6132499936,1.48737499616,-3.437498624
2.488e-06,0.312495104000007,0.62574999232,1.488624996032,-3.1249986560000007
2.4885e-06,-0.46875494399999695,0.61949999296,1.491124995776,-3.437498624
2.4890000000000002e-06,-0.46875494399999695,0.61949999296,1.488624996032,-3.437498624
2.4895e-06,0.312495104000007,0.62574999232,1.48737499616,-3.437498624
2.4900000000000003e-06,-0.46875494399999695,0.62574999232,1.486124996288,-3.1249986560000007
2.4905e-06,0.312495104000007,0.62574999232,1.486124996288,-3.437498624
2.491e-06,0.312495104000007,0.62574999232,1.486124996288,-3.437498624
2.4915e-06,0.312495104000007,0.62574999232,1.486124996288,-3.1249986560000007
2.492e-06,-0.46875494399999695,0.61949999296,1.486124996288,-3.1249986560000007
2.4925000000000003e-06,0.312495104000007,0.61949999296,1.48737499616,-3.437498624
2.493e-06,0.312495104000007,0.62574999232,1.488624996032,-3.1249986560000007
2.4935000000000004e-06,0.312495104000007,0.61949999296,1.486124996288,-3.437498624
2.494e-06,-0.46875494399999695,0.61949999296,1.486124996288,-3.1249986560000007
2.4945e-06,0.312495104000007,0.61949999296,1.486124996288,-3.1249986560000007
2.4950000000000003e-06,-0.46875494399999695,0.62574999232,1.486124996288,-3.437498624
2.4955e-06,0.312495104000007,0.62574999232,1.48737499616,-3.7499985920000007
2.4960000000000003e-06,-0.46875494399999695,0.62574999232,1.486124996288,-3.1249986560000007
2.4965e-06,-0.46875494399999695,0.61949999296,1.48737499616,-3.437498624
2.497e-06,0.312495104000007,0.62574999232,1.484874996416,-3.1249986560000007
2.4975000000000002e-06,-0.46875494399999695,0.62574999232,1.484874996416,-3.437498624
2.498e-06,0.312495104000007,0.62574999232,1.48737499616,-3.437498624
2.4985000000000003e-06,0.312495104000007,0.62574999232,1.48737499616,-3.437498624
2.499e-06,0.312495104000007,0.62574999232,1.486124996288,-3.1249986560000007
2.4995e-06,0.312495104000007,0.6132499936,1.486124996288,-2.8124986880000016
2.5e-06,0.312495104000007,0.61949999296,1.486124996288,-3.1249986560000007
2.5005e-06,1.0937451519999968,0.61949999296,1.48737499616,-3.437498624
2.5010000000000003e-06,0.312495104000007,0.61949999296,1.488624996032,-3.1249986560000007
2.5015e-06,0.312495104000007,0.61949999296,1.48737499616,-3.437498624
2.5020000000000004e-06,-0.46875494399999695,0.61949999296,1.484874996416,-3.1249986560000007
2.5025e-06,0.312495104000007,0.62574999232,1.484874996416,-3.1249986560000007
2.503e-06,-0.46875494399999695,0.63199999168,1.484874996416,-3.437498624
2.5035000000000003e-06,-0.46875494399999695,0.61949999296,1.486124996288,-3.7499985920000007
2.504e-06,0.312495104000007,0.61949999296,1.484874996416,-3.437498624
2.5045000000000003e-06,0.312495104000007,0.61949999296,1.486124996288,-3.437498624
2.505e-06,-0.46875494399999695,0.62574999232,1.48737499616,-3.437498624
2.5055e-06,0.312495104000007,0.62574999232,1.488624996032,-3.437498624
2.5060000000000002e-06,0.312495104000007,0.61949999296,1.48737499616,-3.437498624
2.5065e-06,0.312495104000007,0.6132499936,1.486124996288,-3.437498624
2.5070000000000003e-06,0.312495104000007,0.62574999232,1.488624996032,-3.437498624
2.5075e-06,-0.46875494399999695,0.61949999296,1.48737499616,-3.1249986560000007
2.508e-06,-0.46875494399999695,0.62574999232,1.4823749966720001,-3.1249986560000007
2.5085e-06,0.312495104000007,0.62574999232,1.4823749966720001,-3.437498624
2.509e-06,0.312495104000007,0.62574999232,1.483624996544,-3.1249986560000007
2.5095000000000003e-06,0.312495104000007,0.61949999296,1.483624996544,-3.437498624
2.51e-06,-0.46875494399999695,0.61949999296,1.489874995904,-3.437498624
2.5105000000000004e-06,0.312495104000007,0.62574999232,1.494874995392,-3.437498624
2.511e-06,0.312495104000007,0.61949999296,1.491124995776,-3.7499985920000007
2.5115e-06,-0.46875494399999695,0.61949999296,1.488624996032,-3.7499985920000007
2.5120000000000003e-06,0.312495104000007,0.61949999296,1.486124996288,-3.437498624
2.5125e-06,0.312495104000007,0.61949999296,1.488624996032,-3.437498624
2.5130000000000003e-06,-0.46875494399999695,0.61949999296,1.488624996032,-3.1249986560000007
2.5135e-06,0.312495104000007,0.62574999232,1.489874995904,-3.437498624
2.514e-06,0.312495104000007,0.62574999232,1.488624996032,-3.1249986560000007
2.5145000000000002e-06,0.312495104000007,0.62574999232,1.488624996032,-3.437498624
2.515e-06,1.0937451519999968,0.63199999168,1.489874995904,-3.1249986560000007
2.5155000000000003e-06,0.312495104000007,0.61949999296,1.48737499616,-3.1249986560000007
2.516e-06,-0.46875494399999695,0.61949999296,1.484874996416,-3.1249986560000007
2.5165e-06,-0.46875494399999695,0.61949999296,1.48737499616,-3.1249986560000007
2.517e-06,0.312495104000007,0.62574999232,1.488624996032,-3.437498624
2.5175e-06,0.312495104000007,0.61949999296,1.484874996416,-3.437498624
2.5180000000000003e-06,-0.46875494399999695,0.61949999296,1.48737499616,-3.437498624
2.5185e-06,0.312495104000007,0.61949999296,1.491124995776,-3.1249986560000007
2.5190000000000004e-06,0.312495104000007,0.61949999296,1.489874995904,-3.437498624
2.5195e-06,-0.46875494399999695,0.61949999296,1.488624996032,-3.437498624
2.52e-06,0.312495104000007,0.62574999232,1.486124996288,-3.437498624
2.5205000000000003e-06,0.312495104000007,0.61949999296,1.486124996288,-3.7499985920000007
2.521e-06,-0.46875494399999695,0.61949999296,1.486124996288,-3.437498624
2.5215000000000003e-06,0.312495104000007,0.62574999232,1.486124996288,-3.437498624
2.522e-06,-0.46875494399999695,0.61949999296,1.486124996288,-3.437498624
2.5225e-06,-0.46875494399999695,0.62574999232,1.486124996288,-3.437498624
2.5230000000000002e-06,0.312495104000007,0.61949999296,1.486124996288,-3.1249986560000007
2.5235e-06,0.312495104000007,0.61949999296,1.488624996032,-3.437498624
2.5240000000000003e-06,0.312495104000007,0.61949999296,1.48737499616,-3.437498624
2.5245e-06,-0.46875494399999695,0.62574999232,1.48737499616,-3.437498624
2.525e-06,0.312495104000007,0.61949999296,1.486124996288,-3.437498624
2.5255000000000002e-06,0.312495104000007,0.62574999232,1.489874995904,-3.7499985920000007
2.526e-06,-0.46875494399999695,0.62574999232,1.488624996032,-3.1249986560000007
2.5265000000000003e-06,0.312495104000007,0.61949999296,1.484874996416,-3.1249986560000007
2.527e-06,0.312495104000007,0.61949999296,1.484874996416,-3.437498624
2.5275000000000004e-06,-0.46875494399999695,0.61949999296,1.489874995904,-3.7499985920000007
2.528e-06,0.312495104000007,0.61949999296,1.488624996032,-3.437498624
2.5285e-06,-0.46875494399999695,0.61949999296,1.489874995904,-3.7499985920000007
2.5290000000000003e-06,0.312495104000007,0.61949999296,1.48737499616,-3.1249986560000007
2.5295e-06,-0.46875494399999695,0.62574999232,1.48737499616,-2.8124986880000016
2.5300000000000003e-06,0.312495104000007,0.61949999296,1.488624996032,-3.1249986560000007
2.5305e-06,-0.46875494399999695,0.6132499936,1.489874995904,-3.437498624
2.531e-06,0.312495104000007,0.62574999232,1.486124996288,-3.1249986560000007
2.5315000000000002e-06,0.312495104000007,0.61949999296,1.486124996288,-3.1249986560000007
2.532e-06,-0.46875494399999695,0.61949999296,1.483624996544,-3.1249986560000007
2.5325000000000003e-06,0.312495104000007,0.62574999232,1.484874996416,-3.437498624
2.533e-06,0.312495104000007,0.62574999232,1.483624996544,-3.1249986560000007
2.5335e-06,0.312495104000007,0.62574999232,1.4823749966720001,-3.437498624
2.5340000000000002e-06,0.312495104000007,0.62574999232,1.486124996288,-3.1249986560000007
2.5345e-06,0.312495104000007,0.62574999232,1.48737499616,-3.1249986560000007
2.5350000000000003e-06,0.312495104000007,0.63199999168,1.4823749966720001,-3.437498624
2.5355e-06,-1.250004992000001,0.62574999232,1.4823749966720001,-3.7499985920000007
2.5360000000000004e-06,0.312495104000007,0.62574999232,1.483624996544,-3.1249986560000007
2.5365e-06,0.312495104000007,0.61949999296,1.489874995904,-3.7499985920000007
2.537e-06,0.312495104000007,0.61949999296,1.48737499616,-3.437498624
2.5375000000000003e-06,0.312495104000007,0.62574999232,1.483624996544,-3.1249986560000007
2.538e-06,0.312495104000007,0.61949999296,1.483624996544,-3.437498624
2.5385000000000003e-06,0.312495104000007,0.62574999232,1.486124996288,-3.437498624
2.539e-06,0.312495104000007,0.61949999296,1.48737499616,-3.1249986560000007
2.5395e-06,-0.46875494399999695,0.62574999232,1.48737499616,-3.1249986560000007
2.5400000000000002e-06,0.312495104000007,0.61949999296,1.484874996416,-3.1249986560000007
2.5405e-06,0.312495104000007,0.62574999232,1.486124996288,-3.437498624
2.5410000000000003e-06,-0.46875494399999695,0.62574999232,1.486124996288,-3.1249986560000007
2.5415e-06,-0.46875494399999695,0.61949999296,1.486124996288,-3.437498624
2.542e-06,-0.46875494399999695,0.62574999232,1.488624996032,-3.1249986560000007
2.5425000000000002e-06,0.312495104000007,0.62574999232,1.491124995776,-3.1249986560000007
2.543e-06,0.312495104000007,0.62574999232,1.488624996032,-3.437498624
2.5435000000000003e-06,-0.46875494399999695,0.62574999232,1.48737499616,-3.437498624
2.544e-06,0.312495104000007,0.61949999296,1.48737499616,-3.437498624
2.5445e-06,-0.46875494399999695,0.62574999232,1.489874995904,-3.437498624
2.545e-06,-0.46875494399999695,0.62574999232,1.48737499616,-3.1249986560000007
2.5455e-06,0.312495104000007,0.61949999296,1.488624996032,-3.1249986560000007
2.5460000000000003e-06,0.312495104000007,0.62574999232,1.48737499616,-3.437498624
2.5465e-06,0.312495104000007,0.62574999232,1.488624996032,-3.437498624
2.5470000000000003e-06,0.312495104000007,0.62574999232,1.488624996032,-3.1249986560000007
2.5475e-06,0.312495104000007,0.62574999232,1.489874995904,-3.1249986560000007
2.548e-06,0.312495104000007,0.62574999232,1.489874995904,-3.1249986560000007
2.5485000000000002e-06,0.312495104000007,0.62574999232,1.488624996032,-3.437498624
2.549e-06,0.312495104000007,0.63199999168,1.48737499616,-3.1249986560000007
2.5495000000000003e-06,-0.46875494399999695,0.62574999232,1.488624996032,-3.437498624
2.55e-06,-0.46875494399999695,0.61949999296,1.488624996032,-3.1249986560000007
2.5505e-06,1.0937451519999968,0.62574999232,1.484874996416,-3.437498624
2.5510000000000002e-06,0.312495104000007,0.61949999296,1.484874996416,-3.437498624
2.5515e-06,0.312495104000007,0.6132499936,1.48737499616,-3.437498624
2.5520000000000003e-06,0.312495104000007,0.61949999296,1.484874996416,-3.437498624
2.5525e-06,0.312495104000007,0.61949999296,1.484874996416,-3.437498624
2.553e-06,0.312495104000007,0.61949999296,1.486124996288,-3.437498624
2.5535e-06,0.312495104000007,0.62574999232,1.48737499616,-3.437498624
2.554e-06,0.312495104000007,0.62574999232,1.484874996416,-3.437498624
2.5545000000000003e-06,-0.46875494399999695,0.62574999232,1.486124996288,-3.437498624
2.555e-06,-0.46875494399999695,0.61949999296,1.488624996032,-3.1249986560000007
2.5555000000000004e-06,-0.46875494399999695,0.61949999296,1.488624996032,-3.1249986560000007
2.556e-06,-0.46875494399999695,0.62574999232,1.48737499616,-3.437498624
2.5565e-06,-0.46875494399999695,0.63199999168,1.488624996032,-3.437498624
2.5570000000000003e-06,0.312495104000007,0.63199999168,1.48737499616,-3.437498624
2.5575e-06,-0.46875494399999695,0.62574999232,1.484874996416,-3.437498624
2.5580000000000003e-06,-0.46875494399999695,0.61949999296,1.483624996544,-3.1249986560000007
2.5585e-06,0.312495104000007,0.63199999168,1.484874996416,-3.7499985920000007
2.559e-06,0.312495104000007,0.63199999168,1.484874996416,-3.437498624
2.5595000000000002e-06,-0.46875494399999695,0.61949999296,1.484874996416,-3.437498624
2.56e-06,0.312495104000007,0.61949999296,1.484874996416,-3.437498624
2.5605000000000003e-06,-0.46875494399999695,0.61949999296,1.486124996288,-3.437498624
2.561e-06,-0.46875494399999695,0.61949999296,1.483624996544,-3.1249986560000007
2.5615e-06,0.312495104000007,0.62574999232,1.483624996544,-3.1249986560000007
2.562e-06,1.0937451519999968,0.62574999232,1.483624996544,-3.1249986560000007
2.5625e-06,0.312495104000007,0.61949999296,1.486124996288,-3.1249986560000007
2.5630000000000003e-06,-0.46875494399999695,0.62574999232,1.48737499616,-3.1249986560000007
2.5635e-06,0.312495104000007,0.62574999232,1.486124996288,-3.1249986560000007
2.5640000000000004e-06,-0.46875494399999695,0.62574999232,1.484874996416,-3.1249986560000007
2.5645e-06,0.312495104000007,0.61949999296,1.486124996288,-3.437498624
2.565e-06,0.312495104000007,0.62574999232,1.486124996288,-2.8124986880000016
2.5655000000000003e-06,0.312495104000007,0.61949999296,1.486124996288,-3.437498624
2.566e-06,0.312495104000007,0.61949999296,1.488624996032,-3.1249986560000007
2.5665000000000003e-06,0.312495104000007,0.61949999296,1.488624996032,-3.1249986560000007
2.567e-06,-0.46875494399999695,0.62574999232,1.48737499616,-3.1249986560000007
2.5675e-06,0.312495104000007,0.61949999296,1.488624996032,-3.7499985920000007
2.5680000000000002e-06,0.312495104000007,0.62574999232,1.486124996288,-3.437498624
2.5685e-06,0.312495104000007,0.61949999296,1.488624996032,-3.437498624
2.5690000000000003e-06,0.312495104000007,0.62574999232,1.48737499616,-3.1249986560000007
2.5695e-06,0.312495104000007,0.62574999232,1.48737499616,-3.1249986560000007
2.57e-06,0.312495104000007,0.61949999296,1.484874996416,-3.1249986560000007
2.5705e-06,0.312495104000007,0.62574999232,1.486124996288,-3.1249986560000007
2.571e-06,0.312495104000007,0.62574999232,1.486124996288,-3.437498624
2.5715000000000003e-06,0.312495104000007,0.62574999232,1.48737499616,-3.1249986560000007
2.572e-06,0.312495104000007,0.62574999232,1.484874996416,-3.437498624
2.5725000000000004e-06,1.0937451519999968,0.62574999232,1.484874996416,-3.437498624
2.573e-06,0.312495104000007,0.61949999296,1.483624996544,-3.437498624
2.5735e-06,0.312495104000007,0.62574999232,1.486124996288,-3.437498624
2.5740000000000003e-06,-0.46875494399999695,0.62574999232,1.489874995904,-3.1249986560000007
2.5745e-06,-0.46875494399999695,0.62574999232,1.489874995904,-3.437498624
2.5750000000000003e-06,0.312495104000007,0.62574999232,1.48737499616,-3.437498624
2.5755e-06,0.312495104000007,0.61949999296,1.48737499616,-3.7499985920000007
2.576e-06,0.312495104000007,0.61949999296,1.48737499616,-3.437498624
2.5765000000000002e-06,1.0937451519999968,0.61949999296,1.488624996032,-3.437498624
2.577e-06,0.312495104000007,0.61949999296,1.486124996288,-3.437498624
2.5775000000000003e-06,0.312495104000007,0.62574999232,1.486124996288,-3.437498624
2.578e-06,0.312495104000007,0.62574999232,1.486124996288,-3.437498624
2.5785e-06,0.312495104000007,0.62574999232,1.48737499616,-3.437498624
2.579e-06,0.312495104000007,0.62574999232,1.486124996288,-3.437498624
2.5795e-06,0.312495104000007,0.62574999232,1.488624996032,-3.1249986560000007
2.5800000000000003e-06,-0.46875494399999695,0.61949999296,1.488624996032,-3.1249986560000007
2.5805e-06,0.312495104000007,0.61949999296,1.489874995904,-3.437498624
2.5810000000000004e-06,0.312495104000007,0.61949999296,1.491124995776,-3.1249986560000007
2.5815e-06,0.312495104000007,0.62574999232,1.491124995776,-3.437498624
2.582e-06,-0.46875494399999695,0.61949999296,1.491124995776,-3.437498624
2.5825000000000003e-06,0.312495104000007,0.62574999232,1.491124995776,-3.437498624
2.583e-06,0.312495104000007,0.61949999296,1.488624996032,-3.437498624
2.5835000000000003e-06,-0.46875494399999695,0.61949999296,1.48737499616,-3.7499985920000007
2.584e-06,0.312495104000007,0.61949999296,1.486124996288,-3.437498624
2.5845e-06,0.312495104000007,0.61949999296,1.489874995904,-3.7499985920000007
2.5850000000000002e-06,0.312495104000007,0.61949999296,1.488624996032,-3.1249986560000007
2.5855e-06,0.312495104000007,0.62574999232,1.489874995904,-3.1249986560000007
2.5860000000000003e-06,0.312495104000007,0.62574999232,1.491124995776,-3.1249986560000007
2.5865e-06,0.312495104000007,0.6132499936,1.488624996032,-3.437498624
2.587e-06,-0.46875494399999695,0.61949999296,1.48737499616,-3.1249986560000007
2.5875000000000002e-06,0.312495104000007,0.62574999232,1.489874995904,-3.437498624
2.588e-06,-0.46875494399999695,0.61949999296,1.489874995904,-3.7499985920000007
2.5885000000000003e-06,-0.46875494399999695,0.61949999296,1.488624996032,-3.7499985920000007
2.589e-06,0.312495104000007,0.62574999232,1.48737499616,-3.437498624
2.5895000000000004e-06,0.312495104000007,0.62574999232,1.48737499616,-3.7499985920000007
2.59e-06,0.312495104000007,0.61949999296,1.48737499616,-3.1249986560000007
2.5905e-06,-0.46875494399999695,0.6132499936,1.48737499616,-3.1249986560000007
2.5910000000000003e-06,-0.46875494399999695,0.62574999232,1.48737499616,-3.1249986560000007
2.5915e-06,-0.46875494399999695,0.61949999296,1.48737499616,-3.7499985920000007
2.5920000000000003e-06,0.312495104000007,0.61949999296,1.486124996288,-3.7499985920000007
2.5925e-06,-0.46875494399999695,0.62574999232,1.489874995904,-4.062498560000002
2.593e-06,-0.46875494399999695,0.62574999232,1.488624996032,-3.437498624
2.5935000000000002e-06,0.312495104000007,0.62574999232,1.486124996288,-3.437498624
2.594e-06,0.312495104000007,0.62574999232,1.486124996288,-3.437498624
2.5945000000000003e-06,0.312495104000007,0.62574999232,1.488624996032,-3.437498624
2.595e-06,-0.46875494399999695,0.62574999232,1.491124995776,-3.437498624
2.5955e-06,-0.46875494399999695,0.61949999296,1.488624996032,-3.1249986560000007
2.5960000000000002e-06,-0.46875494399999695,0.61949999296,1.483624996544,-3.1249986560000007
2.5965e-06,-0.46875494399999695,0.61949999296,1.483624996544,-3.437498624
2.5970000000000003e-06,-0.46875494399999695,0.61949999296,1.484874996416,-3.437498624
2.5975e-06,-0.46875494399999695,0.62574999232,1.486124996288,-3.7499985920000007
2.5980000000000004e-06,-0.46875494399999695,0.61949999296,1.489874995904,-3.437498624
2.5985e-06,0.312495104000007,0.61949999296,1.489874995904,-3.437498624
2.599e-06,-0.46875494399999695,0.62574999232,1.48737499616,-3.7499985920000007
2.5995000000000003e-06,0.312495104000007,0.61949999296,1.48737499616,-3.7499985920000007
2.6e-06,-0.46875494399999695,0.61949999296,1.484874996416,-3.437498624
2.6005000000000003e-06,0.312495104000007,0.61949999296,1.48737499616,-3.7499985920000007
2.601e-06,-0.46875494399999695,0.61949999296,1.48737499616,-3.437498624
2.6015e-06,0.312495104000007,0.61949999296,1.48737499616,-3.437498624
2.6020000000000002e-06,0.312495104000007,0.61949999296,1.484874996416,-3.437498624
2.6025e-06,-0.46875494399999695,0.61949999296,1.486124996288,-3.437498624
2.6030000000000003e-06,0.312495104000007,0.62574999232,1.486124996288,-3.437498624
2.6035e-06,0.312495104000007,0.61949999296,1.486124996288,-3.437498624
2.604e-06,-0.46875494399999695,0.62574999232,1.484874996416,-3.437498624
2.6045000000000002e-06,-0.46875494399999695,0.63199999168,1.484874996416,-3.437498624
2.605e-06,0.312495104000007,0.61949999296,1.484874996416,-3.1249986560000007
2.6055000000000003e-06,0.312495104000007,0.62574999232,1.484874996416,-3.437498624
2.606e-06,-0.46875494399999695,0.61949999296,1.486124996288,-3.437498624
2.6065000000000004e-06,0.312495104000007,0.62574999232,1.486124996288,-3.437498624
2.607e-06,0.312495104000007,0.61949999296,1.484874996416,-3.7499985920000007
2.6075e-06,-0.46875494399999695,0.61949999296,1.486124996288,-3.437498624
2.6080000000000003e-06,0.312495104000007,0.6132499936,1.486124996288,-3.437498624
2.6085e-06,-0.46875494399999695,0.61949999296,1.489874995904,-3.7499985920000007
2.6090000000000003e-06,-0.46875494399999695,0.61949999296,1.489874995904,-3.1249986560000007
2.6095e-06,-0.46875494399999695,0.61949999296,1.488624996032,-3.437498624
2.61e-06,0.312495104000007,0.61949999296,1.486124996288,-3.437498624
2.6105000000000002e-06,-0.46875494399999695,0.61949999296,1.486124996288,-3.437498624
2.611e-06,-0.46875494399999695,0.61949999296,1.48737499616,-3.437498624
2.6115000000000003e-06,0.312495104000007,0.61949999296,1.48737499616,-3.1249986560000007
2.612e-06,-0.46875494399999695,0.61949999296,1.488624996032,-3.1249986560000007
2.6125e-06,-0.46875494399999695,0.61949999296,1.489874995904,-3.437498624
2.6130000000000002e-06,0.312495104000007,0.62574999232,1.488624996032,-3.437498624
2.6135e-06,0.312495104000007,0.62574999232,1.488624996032,-3.437498624
2.6140000000000003e-06,0.312495104000007,0.62574999232,1.489874995904,-3.437498624
2.6145e-06,-0.46875494399999695,0.62574999232,1.4923749956480001,-3.437498624
2.6150000000000004e-06,-0.46875494399999695,0.62574999232,1.489874995904,-3.7499985920000007
2.6155e-06,0.312495104000007,0.61949999296,1.488624996032,-3.7499985920000007
2.616e-06,-0.46875494399999695,0.61949999296,1.48737499616,-3.7499985920000007
2.6165000000000003e-06,0.312495104000007,0.61949999296,1.489874995904,-3.7499985920000007
2.617e-06,-0.46875494399999695,0.6132499936,1.488624996032,-3.437498624
2.6175000000000004e-06,-0.46875494399999695,0.61949999296,1.486124996288,-3.437498624
2.618e-06,0.312495104000007,0.62574999232,1.484874996416,-3.437498624
2.6185e-06,-0.46875494399999695,0.6132499936,1.486124996288,-3.437498624
2.6190000000000003e-06,0.312495104000007,0.61949999296,1.486124996288,-3.1249986560000007
2.6195e-06,0.312495104000007,0.61949999296,1.48737499616,-3.1249986560000007
2.6200000000000003e-06,-0.46875494399999695,0.61949999296,1.489874995904,-3.1249986560000007
2.6205e-06,0.312495104000007,0.61949999296,1.489874995904,-3.437498624
2.621e-06,-0.46875494399999695,0.61949999296,1.48737499616,-3.437498624
2.6215000000000002e-06,-0.46875494399999695,0.61949999296,1.48737499616,-3.437498624
2.622e-06,0.312495104000007,0.61949999296,1.48737499616,-3.437498624
2.6225000000000003e-06,0.312495104000007,0.61949999296,1.48737499616,-3.437498624
2.623e-06,-0.46875494399999695,0.61949999296,1.484874996416,-3.7499985920000007
2.6235e-06,0.312495104000007,0.61949999296,1.486124996288,-3.7499985920000007
2.624e-06,0.312495104000007,0.61949999296,1.484874996416,-3.7499985920000007
2.6245e-06,0.312495104000007,0.6132499936,1.488624996032,-3.437498624
2.6250000000000003e-06,0.312495104000007,0.61949999296,1.48737499616,-3.437498624
2.6255e-06,-0.46875494399999695,0.61949999296,1.488624996032,-3.437498624
2.6260000000000004e-06,0.312495104000007,0.62574999232,1.489874995904,-3.437498624
2.6265e-06,-0.46875494399999695,0.61949999296,1.48737499616,-3.7499985920000007
2.627e-06,0.312495104000007,0.61949999296,1.489874995904,-3.437498624
2.6275000000000003e-06,0.312495104000007,0.61949999296,1.489874995904,-3.437498624
2.628e-06,0.312495104000007,0.61949999296,1.486124996288,-3.437498624
2.6285000000000003e-06,0.312495104000007,0.62574999232,1.484874996416,-3.7499985920000007
2.629e-06,-0.46875494399999695,0.62574999232,1.488624996032,-3.437498624
2.6295e-06,-0.46875494399999695,0.62574999232,1.491124995776,-3.7499985920000007
2.6300000000000002e-06,-0.46875494399999695,0.61949999296,1.4923749956480001,-3.437498624
2.6305e-06,-0.46875494399999695,0.61949999296,1.491124995776,-3.437498624
2.6310000000000003e-06,-0.46875494399999695,0.63199999168,1.488624996032,-3.437498624
2.6315e-06,0.312495104000007,0.62574999232,1.488624996032,-3.7499985920000007
2.632e-06,0.312495104000007,0.61949999296,1.488624996032,-3.437498624
2.6325e-06,-0.46875494399999695,0.61949999296,1.488624996032,-3.7499985920000007
2.633e-06,0.312495104000007,0.61949999296,1.48737499616,-3.437498624
2.6335000000000003e-06,-0.46875494399999695,0.61949999296,1.484874996416,-3.1249986560000007
2.634e-06,0.312495104000007,0.61949999296,1.483624996544,-3.1249986560000007
2.6345000000000004e-06,-0.46875494399999695,0.62574999232,1.483624996544,-3.7499985920000007
2.635e-06,0.312495104000007,0.62574999232,1.488624996032,-3.437498624
2.6355e-06,-0.46875494399999695,0.62574999232,1.489874995904,-3.437498624
2.6360000000000003e-06,-0.46875494399999695,0.61949999296,1.486124996288,-3.7499985920000007
2.6365e-06,-0.46875494399999695,0.62574999232,1.486124996288,-3.7499985920000007
2.6370000000000003e-06,0.312495104000007,0.62574999232,1.486124996288,-3.437498624
2.6375e-06,-0.46875494399999695,0.62574999232,1.489874995904,-3.437498624
2.638e-06,-0.46875494399999695,0.61949999296,1.4923749956480001,-3.1249986560000007
2.6385000000000002e-06,0.312495104000007,0.62574999232,1.4923749956480001,-3.7499985920000007
2.639e-06,-0.46875494399999695,0.61949999296,1.489874995904,-3.7499985920000007
2.6395000000000003e-06,-0.46875494399999695,0.61949999296,1.488624996032,-3.7499985920000007
2.64e-06,0.312495104000007,0.61949999296,1.486124996288,-3.7499985920000007
2.6405e-06,0.312495104000007,0.61949999296,1.488624996032,-4.062498560000002
2.641e-06,0.312495104000007,0.61949999296,1.486124996288,-3.437498624
2.6415e-06,0.312495104000007,0.61949999296,1.48737499616,-3.1249986560000007
2.6420000000000003e-06,0.312495104000007,0.61949999296,1.486124996288,-3.1249986560000007
2.6425e-06,0.312495104000007,0.62574999232,1.486124996288,-3.437498624
2.6430000000000004e-06,-0.46875494399999695,0.62574999232,1.48737499616,-3.437498624
2.6435e-06,-0.46875494399999695,0.61949999296,1.488624996032,-3.437498624
2.644e-06,0.312495104000007,0.61949999296,1.489874995904,-3.437498624
2.6445000000000003e-06,-0.46875494399999695,0.62574999232,1.489874995904,-3.437498624
2.645e-06,0.312495104000007,0.6132499936,1.488624996032,-3.437498624
2.6455000000000003e-06,-0.46875494399999695,0.61949999296,1.48737499616,-3.7499985920000007
2.646e-06,-0.46875494399999695,0.61949999296,1.48737499616,-3.437498624
2.6465e-06,-0.46875494399999695,0.6132499936,1.488624996032,-3.437498624
2.6470000000000002e-06,0.312495104000007,0.62574999232,1.486124996288,-3.437498624
2.6475e-06,-0.46875494399999695,0.61949999296,1.488624996032,-3.7499985920000007
2.6480000000000003e-06,-1.250004992000001,0.62574999232,1.489874995904,-3.7499985920000007
2.6485e-06,-0.46875494399999695,0.61949999296,1.48737499616,-4.062498560000002
2.649e-06,0.312495104000007,0.62574999232,1.486124996288,-3.437498624
2.6495000000000002e-06,-0.46875494399999695,0.6132499936,1.488624996032,-3.437498624
2.65e-06,0.312495104000007,0.61949999296,1.486124996288,-3.437498624
2.6505000000000003e-06,-0.46875494399999695,0.62574999232,1.48737499616,-3.437498624
2.651e-06,-0.46875494399999695,0.61949999296,1.486124996288,-3.1249986560000007
2.6515000000000004e-06,0.312495104000007,0.62574999232,1.48737499616,-3.437498624
2.652e-06,-0.46875494399999695,0.61949999296,1.486124996288,-3.437498624
2.6525e-06,-0.46875494399999695,0.63199999168,1.488624996032,-4.062498560000002
2.6530000000000003e-06,0.312495104000007,0.62574999232,1.488624996032,-3.437498624
2.6535e-06,0.312495104000007,0.62574999232,1.488624996032,-3.437498624
2.6540000000000003e-06,-0.46875494399999695,0.62574999232,1.48737499616,-3.437498624
2.6545e-06,-0.46875494399999695,0.61949999296,1.486124996288,-3.437498624
2.655e-06,-0.46875494399999695,0.62574999232,1.48737499616,-3.7499985920000007
2.6555000000000002e-06,0.312495104000007,0.61949999296,1.488624996032,-3.7499985920000007
2.656e-06,0.312495104000007,0.61949999296,1.488624996032,-3.437498624
2.6565000000000003e-06,0.312495104000007,0.61949999296,1.489874995904,-3.7499985920000007
2.657e-06,0.312495104000007,0.62574999232,1.48737499616,-3.437498624
2.6575e-06,0.312495104000007,0.61949999296,1.484874996416,-3.1249986560000007
2.6580000000000002e-06,1.0937451519999968,0.61949999296,1.486124996288,-3.437498624
2.6585e-06,-0.46875494399999695,0.62574999232,1.486124996288,-3.437498624
2.6590000000000003e-06,0.312495104000007,0.62574999232,1.486124996288,-3.437498624
2.6595e-06,0.312495104000007,0.62574999232,1.486124996288,-3.437498624
2.6600000000000004e-06,-0.46875494399999695,0.61949999296,1.488624996032,-3.437498624
2.6605e-06,-0.46875494399999695,0.61949999296,1.489874995904,-3.437498624
2.661e-06,0.312495104000007,0.61949999296,1.48737499616,-3.1249986560000007
2.6615000000000003e-06,0.312495104000007,0.62574999232,1.484874996416,-3.7499985920000007
2.662e-06,0.312495104000007,0.61949999296,1.486124996288,-3.437498624
2.6625000000000003e-06,0.312495104000007,0.61949999296,1.489874995904,-3.1249986560000007
2.663e-06,0.312495104000007,0.62574999232,1.48737499616,-3.437498624
2.6635e-06,0.312495104000007,0.61949999296,1.488624996032,-3.7499985920000007
2.6640000000000002e-06,0.312495104000007,0.61949999296,1.486124996288,-3.437498624
2.6645e-06,1.0937451519999968,0.61949999296,1.486124996288,-3.7499985920000007
2.6650000000000003e-06,0.312495104000007,0.61949999296,1.484874996416,-3.437498624
2.6655e-06,0.312495104000007,0.62574999232,1.486124996288,-3.7499985920000007
2.666e-06,0.312495104000007,0.62574999232,1.483624996544,-3.437498624
2.6665000000000002e-06,-0.46875494399999695,0.62574999232,1.484874996416,-3.7499985920000007
2.667e-06,-0.46875494399999695,0.61949999296,1.486124996288,-3.437498624
2.6675000000000003e-06,-0.46875494399999695,0.6132499936,1.48737499616,-3.437498624
2.668e-06,-0.46875494399999695,0.61949999296,1.486124996288,-3.1249986560000007
2.6685000000000004e-06,0.312495104000007,0.61949999296,1.486124996288,-4.062498560000002
2.669e-06,0.312495104000007,0.61949999296,1.484874996416,-3.7499985920000007
2.6695e-06,0.312495104000007,0.61949999296,1.483624996544,-3.7499985920000007
2.6700000000000003e-06,0.312495104000007,0.61949999296,1.484874996416,-3.437498624
2.6705e-06,0.312495104000007,0.62574999232,1.48737499616,-3.1249986560000007
2.6710000000000003e-06,-0.46875494399999695,0.61949999296,1.486124996288,-3.7499985920000007
2.6715e-06,-0.46875494399999695,0.61949999296,1.48737499616,-3.7499985920000007
2.672e-06,0.312495104000007,0.61949999296,1.486124996288,-3.7499985920000007
2.6725000000000002e-06,0.312495104000007,0.61949999296,1.489874995904,-3.7499985920000007
2.673e-06,0.312495104000007,0.61949999296,1.489874995904,-3.7499985920000007
2.6735000000000003e-06,-0.46875494399999695,0.62574999232,1.491124995776,-3.7499985920000007
2.674e-06,0.312495104000007,0.6132499936,1.488624996032,-3.437498624
2.6745e-06,0.312495104000007,0.61949999296,1.486124996288,-3.7499985920000007
2.6750000000000002e-06,0.312495104000007,0.6132499936,1.48737499616,-3.437498624
2.6755e-06,0.312495104000007,0.61949999296,1.488624996032,-3.437498624
2.6760000000000003e-06,-0.46875494399999695,0.61949999296,1.488624996032,-3.1249986560000007
2.6765e-06,-0.46875494399999695,0.61949999296,1.48737499616,-3.437498624
2.6770000000000004e-06,0.312495104000007,0.61949999296,1.48737499616,-3.437498624
2.6775e-06,-0.46875494399999695,0.6132499936,1.48737499616,-3.7499985920000007
2.678e-06,-0.46875494399999695,0.61949999296,1.489874995904,-3.437498624
2.6785000000000003e-06,1.0937451519999968,0.61949999296,1.489874995904,-3.437498624
2.679e-06,0.312495104000007,0.62574999232,1.48737499616,-3.437498624
2.6795000000000003e-06,-0.46875494399999695,0.61949999296,1.488624996032,-3.7499985920000007
2.68e-06,-0.46875494399999695,0.61949999296,1.488624996032,-3.7499985920000007
2.6805e-06,0.312495104000007,0.61949999296,1.491124995776,-4.062498560000002
2.6810000000000003e-06,0.312495104000007,0.61949999296,1.48737499616,-3.7499985920000007
2.6815e-06,0.312495104000007,0.62574999232,1.489874995904,-3.7499985920000007
2.6820000000000003e-06,0.312495104000007,0.62574999232,1.488624996032,-3.7499985920000007
2.6825e-06,0.312495104000007,0.61949999296,1.48737499616,-3.437498624
2.683e-06,-0.46875494399999695,0.61949999296,1.486124996288,-3.437498624
2.6835000000000002e-06,0.312495104000007,0.62574999232,1.486124996288,-3.437498624
2.684e-06,-0.46875494399999695,0.62574999232,1.486124996288,-3.437498624
2.6845000000000003e-06,-0.46875494399999695,0.62574999232,1.488624996032,-3.7499985920000007
2.685e-06,0.312495104000007,0.62574999232,1.488624996032,-3.1249986560000007
2.6855000000000004e-06,0.312495104000007,0.62574999232,1.48737499616,-3.7499985920000007
2.686e-06,0.312495104000007,0.62574999232,1.48737499616,-3.437498624
2.6865e-06,0.312495104000007,0.62574999232,1.488624996032,-3.437498624
2.6870000000000003e-06,0.312495104000007,0.62574999232,1.488624996032,-3.437498624
2.6875e-06,-0.46875494399999695,0.61949999296,1.488624996032,-3.7499985920000007
2.6880000000000004e-06,-0.46875494399999695,0.61949999296,1.486124996288,-3.7499985920000007
2.6885e-06,-0.46875494399999695,0.61949999296,1.488624996032,-3.7499985920000007
2.689e-06,-1.250004992000001,0.62574999232,1.48737499616,-3.7499985920000007
2.6895000000000003e-06,0.312495104000007,0.61949999296,1.488624996032,-3.7499985920000007
2.69e-06,0.312495104000007,0.62574999232,1.486124996288,-3.7499985920000007
2.6905000000000003e-06,0.312495104000007,0.62574999232,1.486124996288,-3.437498624
2.691e-06,0.312495104000007,0.61949999296,1.486124996288,-3.437498624
2.6915e-06,0.312495104000007,0.61949999296,1.48737499616,-3.437498624
2.6920000000000002e-06,-0.46875494399999695,0.62574999232,1.484874996416,-3.437498624
2.6925e-06,0.312495104000007,0.61949999296,1.484874996416,-3.437498624
2.6930000000000003e-06,0.312495104000007,0.62574999232,1.484874996416,-3.437498624
2.6935e-06,0.312495104000007,0.62574999232,1.486124996288,-3.7499985920000007
2.694e-06,0.312495104000007,0.61949999296,1.486124996288,-3.437498624
2.6945e-06,0.312495104000007,0.61949999296,1.488624996032,-3.437498624
2.695e-06,0.312495104000007,0.62574999232,1.488624996032,-3.437498624
2.6955000000000003e-06,-0.46875494399999695,0.62574999232,1.488624996032,-3.7499985920000007
2.696e-06,-0.46875494399999695,0.61949999296,1.486124996288,-3.7499985920000007
2.6965000000000004e-06,-0.46875494399999695,0.61949999296,1.488624996032,-3.7499985920000007
2.697e-06,0.312495104000007,0.61949999296,1.491124995776,-3.437498624
2.6975e-06,0.312495104000007,0.62574999232,1.491124995776,-3.7499985920000007
2.6980000000000003e-06,0.312495104000007,0.62574999232,1.489874995904,-3.437498624
2.6985e-06,0.312495104000007,0.62574999232,1.491124995776,-3.437498624
2.6990000000000003e-06,-0.46875494399999695,0.62574999232,1.491124995776,-3.437498624
2.6995e-06,0.312495104000007,0.62574999232,1.488624996032,-3.437498624
2.7e-06,0.312495104000007,0.61949999296,1.48737499616,-3.437498624
2.7005000000000002e-06,0.312495104000007,0.61949999296,1.48737499616,-3.437498624
2.701e-06,0.312495104000007,0.61949999296,1.48737499616,-3.437498624
2.7015000000000003e-06,0.312495104000007,0.61949999296,1.486124996288,-3.7499985920000007
2.702e-06,0.312495104000007,0.61949999296,1.48737499616,-3.437498624
2.7025e-06,0.312495104000007,0.61949999296,1.489874995904,-3.437498624
2.703e-06,0.312495104000007,0.61949999296,1.488624996032,-3.437498624
2.7035e-06,1.0937451519999968,0.61949999296,1.488624996032,-4.062498560000002
2.7040000000000003e-06,0.312495104000007,0.61949999296,1.48737499616,-3.7499985920000007
2.7045e-06,-0.46875494399999695,0.61949999296,1.48737499616,-3.7499985920000007
2.7050000000000004e-06,0.312495104000007,0.61949999296,1.486124996288,-3.437498624
2.7055e-06,0.312495104000007,0.61949999296,1.486124996288,-3.1249986560000007
2.706e-06,0.312495104000007,0.62574999232,1.48737499616,-3.437498624
2.7065000000000003e-06,-0.46875494399999695,0.62574999232,1.488624996032,-3.1249986560000007
2.707e-06,-0.46875494399999695,0.62574999232,1.488624996032,-3.437498624
2.7075000000000003e-06,0.312495104000007,0.61949999296,1.489874995904,-3.437498624
2.708e-06,0.312495104000007,0.61949999296,1.48737499616,-3.437498624
2.7085e-06,0.312495104000007,0.61949999296,1.488624996032,-3.7499985920000007
2.7090000000000002e-06,0.312495104000007,0.6132499936,1.488624996032,-3.437498624
2.7095e-06,0.312495104000007,0.6132499936,1.488624996032,-3.7499985920000007
2.7100000000000003e-06,-0.46875494399999695,0.61949999296,1.488624996032,-3.437498624
2.7105e-06,-0.46875494399999695,0.61949999296,1.489874995904,-3.1249986560000007
2.711e-06,0.312495104000007,0.62574999232,1.489874995904,-3.437498624
2.7115000000000002e-06,-0.46875494399999695,0.6132499936,1.488624996032,-3.7499985920000007
2.712e-06,0.312495104000007,0.61949999296,1.48737499616,-3.437498624
2.7125000000000003e-06,0.312495104000007,0.6132499936,1.489874995904,-3.7499985920000007
2.713e-06,0.312495104000007,0.61949999296,1.489874995904,-3.437498624
2.7135000000000004e-06,0.312495104000007,0.61949999296,1.491124995776,-3.437498624
2.714e-06,0.312495104000007,0.61949999296,1.488624996032,-3.437498624
2.7145e-06,-0.46875494399999695,0.6132499936,1.488624996032,-3.7499985920000007
2.7150000000000003e-06,0.312495104000007,0.61949999296,1.488624996032,-3.437498624
2.7155e-06,0.312495104000007,0.62574999232,1.488624996032,-3.7499985920000007
2.7160000000000003e-06,-0.46875494399999695,0.61949999296,1.489874995904,-3.437498624
2.7165e-06,-0.46875494399999695,0.62574999232,1.4923749956480001,-3.7499985920000007
2.717e-06,0.312495104000007,0.62574999232,1.48737499616,-3.7499985920000007
2.7175000000000002e-06,-0.46875494399999695,0.62574999232,1.484874996416,-3.7499985920000007
2.718e-06,-0.46875494399999695,0.61949999296,1.486124996288,-3.437498624
2.7185000000000003e-06,0.312495104000007,0.6132499936,1.488624996032,-3.437498624
2.719e-06,0.312495104000007,0.62574999232,1.48737499616,-3.437498624
2.7195e-06,-0.46875494399999695,0.61949999296,1.486124996288,-3.7499985920000007
2.7200000000000002e-06,-0.46875494399999695,0.61949999296,1.486124996288,-3.7499985920000007
2.7205e-06,-0.46875494399999695,0.61949999296,1.488624996032,-3.437498624
2.7210000000000003e-06,0.312495104000007,0.61949999296,1.486124996288,-3.437498624
2.7215e-06,-0.46875494399999695,0.62574999232,1.486124996288,-3.437498624
2.7220000000000004e-06,0.312495104000007,0.61949999296,1.484874996416,-3.437498624
2.7225e-06,-0.46875494399999695,0.62574999232,1.486124996288,-3.7499985920000007
2.723e-06,0.312495104000007,0.61949999296,1.48737499616,-3.7499985920000007
2.7235000000000003e-06,0.312495104000007,0.61949999296,1.488624996032,-3.437498624
2.724e-06,-0.46875494399999695,0.61949999296,1.488624996032,-3.437498624
2.7245000000000003e-06,-0.46875494399999695,0.61949999296,1.488624996032,-3.7499985920000007
2.725e-06,0.312495104000007,0.61949999296,1.488624996032,-3.437498624
2.7255e-06,0.312495104000007,0.61949999296,1.48737499616,-3.7499985920000007
2.7260000000000002e-06,-0.46875494399999695,0.61949999296,1.488624996032,-3.437498624
2.7265e-06,0.312495104000007,0.61949999296,1.489874995904,-3.7499985920000007
2.7270000000000003e-06,0.312495104000007,0.62574999232,1.489874995904,-3.7499985920000007
2.7275e-06,0.312495104000007,0.61949999296,1.489874995904,-3.7499985920000007
2.728e-06,0.312495104000007,0.6132499936,1.488624996032,-3.437498624
2.7285000000000002e-06,0.312495104000007,0.6132499936,1.48737499616,-3.7499985920000007
2.729e-06,0.312495104000007,0.61949999296,1.488624996032,-3.437498624
2.7295000000000003e-06,-0.46875494399999695,0.62574999232,1.489874995904,-3.437498624
2.73e-06,0.312495104000007,0.62574999232,1.486124996288,-3.437498624
2.7305000000000004e-06,0.312495104000007,0.63199999168,1.483624996544,-3.437498624
2.731e-06,0.312495104000007,0.61949999296,1.483624996544,-3.437498624
2.7315e-06,0.312495104000007,0.62574999232,1.484874996416,-3.437498624
2.7320000000000003e-06,-0.46875494399999695,0.61949999296,1.484874996416,-3.437498624
2.7325e-06,-0.46875494399999695,0.61949999296,1.48737499616,-3.437498624
2.7330000000000003e-06,0.312495104000007,0.62574999232,1.488624996032,-3.437498624
2.7335e-06,-0.46875494399999695,0.61949999296,1.48737499616,-3.7499985920000007
2.734e-06,-0.46875494399999695,0.61949999296,1.48737499616,-3.437498624
2.7345000000000002e-06,0.312495104000007,0.61949999296,1.48737499616,-3.437498624
2.735e-06,0.312495104000007,0.62574999232,1.486124996288,-3.7499985920000007
2.7355000000000003e-06,0.312495104000007,0.61949999296,1.48737499616,-3.7499985920000007
2.736e-06,0.312495104000007,0.61949999296,1.486124996288,-3.7499985920000007
2.7365e-06,-0.46875494399999695,0.61949999296,1.488624996032,-3.7499985920000007
2.7370000000000002e-06,-0.46875494399999695,0.61949999296,1.48737499616,-3.437498624
2.7375e-06,0.312495104000007,0.62574999232,1.486124996288,-3.437498624
2.7380000000000003e-06,0.312495104000007,0.62574999232,1.483624996544,-3.437498624
2.7385e-06,-0.46875494399999695,0.63199999168,1.486124996288,-3.7499985920000007
2.7390000000000004e-06,-0.46875494399999695,0.61949999296,1.486124996288,-3.1249986560000007
2.7395e-06,-0.46875494399999695,0.61949999296,1.484874996416,-3.1249986560000007
2.74e-06,-0.46875494399999695,0.61949999296,1.483624996544,-3.437498624
2.7405000000000003e-06,-0.46875494399999695,0.61949999296,1.486124996288,-3.7499985920000007
2.741e-06,0.312495104000007,0.61949999296,1.486124996288,-3.437498624
2.7415000000000003e-06,-0.46875494399999695,0.61949999296,1.48737499616,-3.437498624
2.742e-06,0.312495104000007,0.61949999296,1.488624996032,-3.437498624
2.7425e-06,-0.46875494399999695,0.61949999296,1.488624996032,-3.437498624
2.7430000000000002e-06,0.312495104000007,0.63199999168,1.484874996416,-3.437498624
2.7435e-06,-0.46875494399999695,0.61949999296,1.48737499616,-3.7499985920000007
2.7440000000000003e-06,0.312495104000007,0.61949999296,1.488624996032,-3.7499985920000007
2.7445e-06,0.312495104000007,0.61949999296,1.488624996032,-3.7499985920000007
2.745e-06,0.312495104000007,0.61949999296,1.484874996416,-3.7499985920000007
2.7455000000000002e-06,-0.46875494399999695,0.62574999232,1.483624996544,-3.7499985920000007
2.746e-06,0.312495104000007,0.61949999296,1.484874996416,-3.7499985920000007
2.7465000000000003e-06,-0.46875494399999695,0.62574999232,1.488624996032,-3.7499985920000007
2.747e-06,0.312495104000007,0.61949999296,1.48737499616,-3.437498624
2.7475000000000004e-06,-1.250004992000001,0.61949999296,1.48737499616,-3.7499985920000007
2.748e-06,-0.46875494399999695,0.63199999168,1.484874996416,-3.1249986560000007
2.7485e-06,-0.46875494399999695,0.62574999232,1.488624996032,-3.7499985920000007
2.7490000000000003e-06,0.312495104000007,0.62574999232,1.489874995904,-3.437498624
2.7495e-06,0.312495104000007,0.61949999296,1.48737499616,-3.7499985920000007
2.7500000000000004e-06,0.312495104000007,0.61949999296,1.486124996288,-3.437498624
2.7505e-06,0.312495104000007,0.62574999232,1.486124996288,-3.437498624
2.751e-06,-0.46875494399999695,0.61949999296,1.484874996416,-3.7499985920000007
2.7515000000000003e-06,1.0937451519999968,0.61949999296,1.48737499616,-3.7499985920000007
2.752e-06,0.312495104000007,0.61949999296,1.489874995904,-3.7499985920000007
2.7525000000000003e-06,0.312495104000007,0.61949999296,1.4923749956480001,-3.7499985920000007
2.753e-06,-0.46875494399999695,0.61949999296,1.486124996288,-3.437498624
2.7535e-06,-0.46875494399999695,0.62574999232,1.484874996416,-3.437498624
2.7540000000000002e-06,-0.46875494399999695,0.61949999296,1.484874996416,-3.7499985920000007
2.7545e-06,0.312495104000007,0.61949999296,1.48737499616,-3.7499985920000007
2.7550000000000003e-06,0.312495104000007,0.62574999232,1.488624996032,-3.1249986560000007
2.7555e-06,-0.46875494399999695,0.61949999296,1.489874995904,-3.437498624
2.7560000000000004e-06,-0.46875494399999695,0.62574999232,1.48737499616,-3.437498624
2.7565e-06,0.312495104000007,0.62574999232,1.48737499616,-3.1249986560000007
2.757e-06,0.312495104000007,0.62574999232,1.488624996032,-3.1249986560000007
2.7575000000000003e-06,-0.46875494399999695,0.61949999296,1.488624996032,-3.437498624
2.758e-06,-0.46875494399999695,0.61949999296,1.488624996032,-3.437498624
2.7585000000000004e-06,-0.46875494399999695,0.61949999296,1.488624996032,-3.437498624
2.759e-06,-0.46875494399999695,0.6132499936,1.486124996288,-3.437498624
2.7595e-06,0.312495104000007,0.6132499936,1.484874996416,-3.7499985920000007
2.7600000000000003e-06,0.312495104000007,0.61949999296,1.483624996544,-3.437498624
2.7605e-06,-0.46875494399999695,0.61949999296,1.486124996288,-4.062498560000002
2.7610000000000003e-06,-0.46875494399999695,0.62574999232,1.483624996544,-3.437498624
2.7615e-06,0.312495104000007,0.62574999232,1.484874996416,-3.437498624
2.762e-06,0.312495104000007,0.62574999232,1.484874996416,-3.437498624
2.7625000000000002e-06,-0.46875494399999695,0.61949999296,1.486124996288,-3.7499985920000007
2.763e-06,-0.46875494399999695,0.61949999296,1.486124996288,-3.7499985920000007
2.7635000000000003e-06,0.312495104000007,0.62574999232,1.489874995904,-3.437498624
2.764e-06,0.312495104000007,0.61949999296,1.489874995904,-3.437498624
2.7645000000000004e-06,-0.46875494399999695,0.62574999232,1.488624996032,-3.437498624
2.765e-06,0.312495104000007,0.62574999232,1.488624996032,-3.437498624
2.7655e-06,-0.46875494399999695,0.62574999232,1.489874995904,-3.7499985920000007
2.7660000000000003e-06,0.312495104000007,0.62574999232,1.489874995904,-3.437498624
2.7665e-06,0.312495104000007,0.62574999232,1.488624996032,-3.1249986560000007
2.7670000000000004e-06,-0.46875494399999695,0.62574999232,1.48737499616,-3.7499985920000007
2.7675e-06,-0.46875494399999695,0.62574999232,1.48737499616,-3.7499985920000007
2.768e-06,0.312495104000007,0.61949999296,1.486124996288,-3.437498624
2.7685000000000003e-06,0.312495104000007,0.61949999296,1.48737499616,-3.7499985920000007
2.769e-06,0.312495104000007,0.61949999296,1.486124996288,-3.437498624
2.7695000000000003e-06,0.312495104000007,0.62574999232,1.48737499616,-3.437498624
2.77e-06,0.312495104000007,0.61949999296,1.489874995904,-3.437498624
2.7705e-06,0.312495104000007,0.61949999296,1.489874995904,-3.437498624
2.7710000000000002e-06,-0.46875494399999695,0.61949999296,1.48737499616,-3.437498624
2.7715e-06,0.312495104000007,0.6132499936,1.486124996288,-3.1249986560000007
2.7720000000000003e-06,-0.46875494399999695,0.61949999296,1.48737499616,-3.437498624
2.7725e-06,-0.46875494399999695,0.62574999232,1.489874995904,-3.7499985920000007
2.773e-06,-0.46875494399999695,0.62574999232,1.489874995904,-3.7499985920000007
2.7735e-06,-0.46875494399999695,0.61949999296,1.489874995904,-3.7499985920000007
2.774e-06,-0.46875494399999695,0.61949999296,1.489874995904,-3.437498624
2.7745000000000003e-06,0.312495104000007,0.61949999296,1.488624996032,-3.437498624
2.775e-06,0.312495104000007,0.62574999232,1.488624996032,-3.7499985920000007
2.7755000000000004e-06,-0.46875494399999695,0.61949999296,1.488624996032,-3.7499985920000007
2.776e-06,0.312495104000007,0.61949999296,1.486124996288,-3.437498624
2.7765e-06,0.312495104000007,0.61949999296,1.48737499616,-3.437498624
2.7770000000000003e-06,0.312495104000007,0.61949999296,1.486124996288,-3.437498624
2.7775e-06,-0.46875494399999695,0.61949999296,1.486124996288,-3.437498624
2.7780000000000003e-06,0.312495104000007,0.61949999296,1.48737499616,-3.437498624
2.7785e-06,0.312495104000007,0.62574999232,1.48737499616,-3.437498624
2.779e-06,0.312495104000007,0.62574999232,1.48737499616,-3.437498624
2.7795000000000002e-06,0.312495104000007,0.61949999296,1.486124996288,-3.1249986560000007
2.78e-06,0.312495104000007,0.61949999296,1.48737499616,-3.1249986560000007
2.7805000000000003e-06,1.0937451519999968,0.61949999296,1.489874995904,-3.7499985920000007
2.781e-06,0.312495104000007,0.61949999296,1.488624996032,-3.437498624
2.7815e-06,0.312495104000007,0.61949999296,1.486124996288,-3.7499985920000007
2.7820000000000002e-06,0.312495104000007,0.6132499936,1.48737499616,-3.7499985920000007
2.7825e-06,0.312495104000007,0.62574999232,1.491124995776,-3.437498624
2.7830000000000003e-06,0.312495104000007,0.61949999296,1.489874995904,-3.437498624
2.7835e-06,-0.46875494399999695,0.61949999296,1.491124995776,-3.7499985920000007
2.7840000000000004e-06,0.312495104000007,0.61949999296,1.491124995776,-3.437498624
2.7845e-06,0.312495104000007,0.61949999296,1.491124995776,-3.7499985920000007
2.785e-06,0.312495104000007,0.61949999296,1.48737499616,-3.437498624
2.7855000000000003e-06,0.312495104000007,0.61949999296,1.486124996288,-3.437498624
2.786e-06,0.312495104000007,0.62574999232,1.48737499616,-3.437498624
2.7865000000000003e-06,-0.46875494399999695,0.61949999296,1.48737499616,-3.7499985920000007
2.787e-06,-0.46875494399999695,0.61949999296,1.48737499616,-3.437498624
2.7875e-06,-0.46875494399999695,0.61949999296,1.488624996032,-3.437498624
2.7880000000000002e-06,-0.46875494399999695,0.61949999296,1.488624996032,-3.437498624
2.7885e-06,0.312495104000007,0.61949999296,1.489874995904,-3.7499985920000007
2.7890000000000003e-06,0.312495104000007,0.61949999296,1.488624996032,-3.7499985920000007
2.7895e-06,-0.46875494399999695,0.62574999232,1.486124996288,-3.7499985920000007
2.79e-06,-0.46875494399999695,0.61949999296,1.48737499616,-3.7499985920000007
2.7905000000000002e-06,0.312495104000007,0.62574999232,1.486124996288,-3.1249986560000007
2.791e-06,0.312495104000007,0.61949999296,1.486124996288,-3.437498624
2.7915000000000003e-06,0.312495104000007,0.61949999296,1.488624996032,-3.7499985920000007
2.792e-06,0.312495104000007,0.61949999296,1.486124996288,-3.437498624
2.7925000000000004e-06,0.312495104000007,0.61949999296,1.48737499616,-3.7499985920000007
2.793e-06,-1.250004992000001,0.61949999296,1.484874996416,-3.437498624
2.7935e-06,-0.46875494399999695,0.61949999296,1.488624996032,-3.437498624
2.7940000000000003e-06,0.312495104000007,0.61949999296,1.48737499616,-3.437498624
2.7945e-06,-0.46875494399999695,0.62574999232,1.488624996032,-4.062498560000002
2.7950000000000003e-06,-0.46875494399999695,0.62574999232,1.488624996032,-3.437498624
2.7955e-06,-0.46875494399999695,0.62574999232,1.488624996032,-3.7499985920000007
2.796e-06,-0.46875494399999695,0.61949999296,1.48737499616,-3.7499985920000007
2.7965000000000002e-06,-0.46875494399999695,0.63199999168,1.48737499616,-3.7499985920000007
2.797e-06,0.312495104000007,0.62574999232,1.48737499616,-3.437498624
2.7975000000000003e-06,-0.46875494399999695,0.61949999296,1.48737499616,-3.437498624
2.798e-06,-0.46875494399999695,0.61949999296,1.48737499616,-3.437498624
2.7985e-06,-0.46875494399999695,0.61949999296,1.48737499616,-3.437498624
2.7990000000000002e-06,0.312495104000007,0.62574999232,1.486124996288,-3.7499985920000007
2.7995e-06,0.312495104000007,0.61949999296,1.48737499616,-3.7499985920000007
2.8000000000000003e-06,-0.46875494399999695,0.61949999296,1.486124996288,-3.437498624
2.8005e-06,-0.46875494399999695,0.61949999296,1.489874995904,-3.7499985920000007
2.8010000000000004e-06,-0.46875494399999695,0.61949999296,1.489874995904,-3.437498624
2.8015e-06,0.312495104000007,0.61949999296,1.488624996032,-3.1249986560000007
2.802e-06,0.312495104000007,0.62574999232,1.488624996032,-3.437498624
2.8025000000000003e-06,-0.46875494399999695,0.6132499936,1.489874995904,-3.7499985920000007
2.803e-06,-0.46875494399999695,0.61949999296,1.489874995904,-3.437498624
2.8035000000000003e-06,-0.46875494399999695,0.62574999232,1.489874995904,-3.7499985920000007
2.804e-06,0.312495104000007,0.62574999232,1.488624996032,-3.437498624
2.8045e-06,0.312495104000007,0.62574999232,1.48737499616,-3.437498624
2.8050000000000002e-06,0.312495104000007,0.61949999296,1.486124996288,-3.437498624
2.8055e-06,-0.46875494399999695,0.62574999232,1.486124996288,-3.437498624
2.8060000000000003e-06,0.312495104000007,0.62574999232,1.488624996032,-3.437498624
2.8065e-06,-0.46875494399999695,0.62574999232,1.489874995904,-3.437498624
2.807e-06,0.312495104000007,0.62574999232,1.48737499616,-3.437498624
2.8075000000000002e-06,0.312495104000007,0.61949999296,1.488624996032,-3.437498624
2.808e-06,-1.250004992000001,0.62574999232,1.48737499616,-3.7499985920000007
2.8085000000000003e-06,-0.46875494399999695,0.61949999296,1.489874995904,-3.7499985920000007
2.809e-06,-1.250004992000001,0.61949999296,1.489874995904,-3.437498624
2.8095000000000004e-06,0.312495104000007,0.61949999296,1.4923749956480001,-3.7499985920000007
2.81e-06,0.312495104000007,0.62574999232,1.491124995776,-3.437498624
2.8105e-06,0.312495104000007,0.61949999296,1.489874995904,-3.7499985920000007
2.8110000000000003e-06,-0.46875494399999695,0.62574999232,1.48737499616,-3.437498624
2.8115e-06,-0.46875494399999695,0.62574999232,1.48737499616,-3.1249986560000007
2.8120000000000004e-06,-0.46875494399999695,0.61949999296,1.48737499616,-3.7499985920000007
2.8125e-06,-0.46875494399999695,0.62574999232,1.488624996032,-3.7499985920000007
2.813e-06,0.312495104000007,0.61949999296,1.488624996032,-3.437498624
2.8135000000000003e-06,0.312495104000007,0.61949999296,1.48737499616,-3.7499985920000007
2.814e-06,0.312495104000007,0.62574999232,1.486124996288,-3.437498624
2.8145000000000003e-06,0.312495104000007,0.62574999232,1.488624996032,-3.437498624
2.815e-06,-0.46875494399999695,0.61949999296,1.48737499616,-3.437498624
2.8155e-06,-0.46875494399999695,0.61949999296,1.48737499616,-3.7499985920000007
2.8160000000000002e-06,-0.46875494399999695,0.63199999168,1.486124996288,-3.437498624
2.8165e-06,-0.46875494399999695,0.62574999232,1.489874995904,-3.7499985920000007
2.8170000000000003e-06,0.312495104000007,0.62574999232,1.486124996288,-3.7499985920000007
2.8175e-06,0.312495104000007,0.62574999232,1.48737499616,-3.437498624
2.8180000000000004e-06,0.312495104000007,0.61949999296,1.489874995904,-3.437498624
2.8185e-06,0.312495104000007,0.62574999232,1.488624996032,-3.437498624
2.819e-06,-0.46875494399999695,0.61949999296,1.486124996288,-3.437498624
2.8195000000000003e-06,0.312495104000007,0.62574999232,1.488624996032,-3.7499985920000007
2.82e-06,-0.46875494399999695,0.61949999296,1.489874995904,-3.7499985920000007
2.8205000000000004e-06,-0.46875494399999695,0.62574999232,1.488624996032,-4.062498560000002
2.821e-06,0.312495104000007,0.61949999296,1.486124996288,-3.7499985920000007
2.8215e-06,0.312495104000007,0.62574999232,1.486124996288,-4.062498560000002
2.8220000000000003e-06,-0.46875494399999695,0.62574999232,1.488624996032,-3.437498624
2.8225e-06,0.312495104000007,0.61949999296,1.48737499616,-3.437498624
2.8230000000000003e-06,0.312495104000007,0.62574999232,1.486124996288,-3.7499985920000007
2.8235e-06,0.312495104000007,0.61949999296,1.48737499616,-3.7499985920000007
2.824e-06,0.312495104000007,0.61949999296,1.486124996288,-3.437498624
2.8245000000000002e-06,0.312495104000007,0.61949999296,1.489874995904,-3.7499985920000007
2.825e-06,0.312495104000007,0.6132499936,1.488624996032,-3.7499985920000007
2.8255000000000003e-06,0.312495104000007,0.61949999296,1.488624996032,-3.7499985920000007
2.826e-06,-0.46875494399999695,0.61949999296,1.488624996032,-3.7499985920000007
2.8265000000000004e-06,0.312495104000007,0.6132499936,1.489874995904,-3.7499985920000007
2.827e-06,-0.46875494399999695,0.62574999232,1.489874995904,-3.437498624
2.8275e-06,0.312495104000007,0.62574999232,1.491124995776,-3.437498624
2.8280000000000003e-06,-0.46875494399999695,0.61949999296,1.489874995904,-3.437498624
2.8285e-06,0.312495104000007,0.62574999232,1.489874995904,-3.7499985920000007
2.8290000000000004e-06,1.0937451519999968,0.62574999232,1.489874995904,-3.437498624
2.8295e-06,-0.46875494399999695,0.61949999296,1.48737499616,-3.7499985920000007
2.83e-06,-0.46875494399999695,0.61949999296,1.48737499616,-3.437498624
2.8305000000000003e-06,0.312495104000007,0.61949999296,1.488624996032,-3.437498624
2.831e-06,0.312495104000007,0.61949999296,1.486124996288,-3.7499985920000007
2.8315000000000003e-06,0.312495104000007,0.61949999296,1.486124996288,-3.7499985920000007
2.832e-06,0.312495104000007,0.61949999296,1.488624996032,-3.7499985920000007
2.8325e-06,0.312495104000007,0.61949999296,1.491124995776,-4.062498560000002
2.8330000000000002e-06,-0.46875494399999695,0.61949999296,1.488624996032,-3.7499985920000007
2.8335e-06,0.312495104000007,0.61949999296,1.489874995904,-3.437498624
2.8340000000000003e-06,0.312495104000007,0.61949999296,1.488624996032,-3.437498624
2.8345e-06,0.312495104000007,0.61949999296,1.489874995904,-3.7499985920000007
2.8350000000000004e-06,0.312495104000007,0.61949999296,1.491124995776,-3.437498624
2.8355e-06,-0.46875494399999695,0.61949999296,1.491124995776,-3.437498624
2.836e-06,0.312495104000007,0.61949999296,1.488624996032,-3.7499985920000007
2.8365000000000003e-06,0.312495104000007,0.62574999232,1.488624996032,-3.7499985920000007
2.837e-06,0.312495104000007,0.62574999232,1.489874995904,-3.7499985920000007
2.8375000000000004e-06,-0.46875494399999695,0.61949999296,1.491124995776,-3.7499985920000007
2.838e-06,-0.46875494399999695,0.61949999296,1.491124995776,-3.437498624
2.8385e-06,-0.46875494399999695,0.61949999296,1.491124995776,-3.437498624
2.8390000000000003e-06,-0.46875494399999695,0.61949999296,1.486124996288,-3.7499985920000007
2.8395e-06,0.312495104000007,0.61949999296,1.486124996288,-3.7499985920000007
2.8400000000000003e-06,0.312495104000007,0.61949999296,1.484874996416,-3.7499985920000007
2.8405e-06,-0.46875494399999695,0.61949999296,1.488624996032,-3.7499985920000007
2.841e-06,-0.46875494399999695,0.61949999296,1.48737499616,-3.7499985920000007
2.8415000000000002e-06,0.312495104000007,0.6132499936,1.484874996416,-3.7499985920000007
2.842e-06,-0.46875494399999695,0.62574999232,1.483624996544,-3.7499985920000007
2.8425000000000003e-06,-0.46875494399999695,0.63199999168,1.486124996288,-3.7499985920000007
2.843e-06,-0.46875494399999695,0.62574999232,1.48737499616,-3.437498624
2.8435000000000004e-06,0.312495104000007,0.61949999296,1.486124996288,-3.437498624
2.8440000000000002e-06,-0.46875494399999695,0.6132499936,1.48737499616,-3.437498624
2.8445e-06,-0.46875494399999695,0.61949999296,1.489874995904,-3.7499985920000007
2.8450000000000003e-06,0.312495104000007,0.62574999232,1.488624996032,-3.437498624
2.8455e-06,0.312495104000007,0.62574999232,1.486124996288,-3.7499985920000007
2.8460000000000004e-06,-0.46875494399999695,0.61949999296,1.488624996032,-3.7499985920000007
2.8465e-06,0.312495104000007,0.61949999296,1.491124995776,-3.437498624
2.847e-06,0.312495104000007,0.62574999232,1.48737499616,-3.437498624
2.8475000000000003e-06,0.312495104000007,0.62574999232,1.48737499616,-3.7499985920000007
2.848e-06,-0.46875494399999695,0.61949999296,1.486124996288,-3.7499985920000007
2.8485000000000003e-06,0.312495104000007,0.61949999296,1.488624996032,-4.062498560000002
2.849e-06,0.312495104000007,0.62574999232,1.48737499616,-3.7499985920000007
2.8495e-06,-0.46875494399999695,0.61949999296,1.486124996288,-3.437498624
2.8500000000000002e-06,0.312495104000007,0.62574999232,1.483624996544,-3.7499985920000007
2.8505e-06,-0.46875494399999695,0.62574999232,1.4823749966720001,-3.437498624
2.8510000000000003e-06,-0.46875494399999695,0.61949999296,1.4823749966720001,-3.437498624
2.8515e-06,-0.46875494399999695,0.61949999296,1.484874996416,-3.7499985920000007
2.852e-06,-0.46875494399999695,0.61949999296,1.486124996288,-3.7499985920000007
2.8525000000000002e-06,-0.46875494399999695,0.62574999232,1.486124996288,-3.437498624
2.853e-06,-0.46875494399999695,0.61949999296,1.486124996288,-3.437498624
2.8535000000000003e-06,0.312495104000007,0.61949999296,1.48737499616,-3.437498624
2.854e-06,0.312495104000007,0.62574999232,1.486124996288,-3.437498624
2.8545000000000004e-06,0.312495104000007,0.61949999296,1.48737499616,-3.437498624
2.855e-06,0.312495104000007,0.61949999296,1.48737499616,-3.437498624
2.8555e-06,0.312495104000007,0.61949999296,1.488624996032,-3.7499985920000007
2.8560000000000003e-06,-1.250004992000001,0.61949999296,1.486124996288,-3.437498624
2.8565e-06,-0.46875494399999695,0.61949999296,1.486124996288,-3.7499985920000007
2.8570000000000003e-06,-0.46875494399999695,0.62574999232,1.484874996416,-3.437498624
2.8575e-06,0.312495104000007,0.62574999232,1.484874996416,-3.7499985920000007
2.858e-06,0.312495104000007,0.61949999296,1.484874996416,-3.7499985920000007
2.8585000000000002e-06,0.312495104000007,0.61949999296,1.486124996288,-3.7499985920000007
2.859e-06,-0.46875494399999695,0.62574999232,1.486124996288,-3.437498624
2.8595000000000003e-06,0.312495104000007,0.62574999232,1.486124996288,-3.437498624
2.86e-06,-0.46875494399999695,0.62574999232,1.484874996416,-3.437498624
2.8605e-06,-0.46875494399999695,0.61949999296,1.484874996416,-3.7499985920000007
2.8610000000000002e-06,0.312495104000007,0.61949999296,1.484874996416,-3.437498624
2.8615e-06,0.312495104000007,0.61949999296,1.483624996544,-3.7499985920000007
2.8620000000000003e-06,-0.46875494399999695,0.6132499936,1.484874996416,-3.437498624
2.8625e-06,-0.46875494399999695,0.61949999296,1.484874996416,-3.7499985920000007
2.8630000000000004e-06,0.312495104000007,0.62574999232,1.486124996288,-4.062498560000002
2.8635e-06,0.312495104000007,0.62574999232,1.48737499616,-4.062498560000002
2.864e-06,0.312495104000007,0.61949999296,1.486124996288,-3.7499985920000007
2.8645000000000003e-06,-0.46875494399999695,0.61949999296,1.489874995904,-4.062498560000002
2.865e-06,-1.250004992000001,0.61949999296,1.488624996032,-3.437498624
2.8655000000000003e-06,0.312495104000007,0.6132499936,1.48737499616,-3.437498624
2.866e-06,0.312495104000007,0.62574999232,1.48737499616,-3.437498624
2.8665e-06,0.312495104000007,0.62574999232,1.48737499616,-3.7499985920000007
2.8670000000000002e-06,0.312495104000007,0.62574999232,1.48737499616,-3.437498624
2.8675e-06,0.312495104000007,0.61949999296,1.48737499616,-3.7499985920000007
2.8680000000000003e-06,-0.46875494399999695,0.61949999296,1.48737499616,-3.437498624
2.8685e-06,-0.46875494399999695,0.61949999296,1.491124995776,-3.7499985920000007
2.869e-06,0.312495104000007,0.61949999296,1.491124995776,-3.7499985920000007
2.8695000000000002e-06,-0.46875494399999695,0.61949999296,1.489874995904,-3.437498624
2.87e-06,-0.46875494399999695,0.61949999296,1.486124996288,-3.437498624
2.8705000000000003e-06,-0.46875494399999695,0.61949999296,1.48737499616,-3.7499985920000007
2.871e-06,0.312495104000007,0.61949999296,1.488624996032,-3.7499985920000007
2.8715000000000004e-06,0.312495104000007,0.6132499936,1.488624996032,-3.7499985920000007
2.872e-06,0.312495104000007,0.61949999296,1.488624996032,-3.437498624
2.8725e-06,-0.46875494399999695,0.61949999296,1.4923749956480001,-3.7499985920000007
2.8730000000000003e-06,-0.46875494399999695,0.6132499936,1.491124995776,-3.7499985920000007
2.8735e-06,0.312495104000007,0.61949999296,1.489874995904,-3.7499985920000007
2.8740000000000004e-06,0.312495104000007,0.61949999296,1.489874995904,-3.7499985920000007
2.8745e-06,0.312495104000007,0.61949999296,1.491124995776,-3.437498624
2.875e-06,0.312495104000007,0.6132499936,1.489874995904,-3.437498624
2.8755000000000003e-06,0.312495104000007,0.61949999296,1.48737499616,-3.437498624
2.876e-06,-0.46875494399999695,0.61949999296,1.48737499616,-3.7499985920000007
2.8765000000000003e-06,-0.46875494399999695,0.61949999296,1.489874995904,-3.7499985920000007
2.877e-06,0.312495104000007,0.62574999232,1.488624996032,-3.437498624
2.8775e-06,0.312495104000007,0.61949999296,1.48737499616,-3.437498624
2.8780000000000002e-06,-0.46875494399999695,0.61949999296,1.488624996032,-3.437498624
2.8785e-06,-0.46875494399999695,0.6132499936,1.488624996032,-3.437498624
2.8790000000000003e-06,0.312495104000007,0.62574999232,1.486124996288,-3.437498624
2.8795e-06,-0.46875494399999695,0.61949999296,1.488624996032,-3.7499985920000007
2.8800000000000004e-06,0.312495104000007,0.6132499936,1.486124996288,-3.7499985920000007
2.8805e-06,0.312495104000007,0.6132499936,1.488624996032,-4.062498560000002
2.881e-06,0.312495104000007,0.61949999296,1.488624996032,-3.7499985920000007
2.8815000000000003e-06,-0.46875494399999695,0.6132499936,1.488624996032,-3.7499985920000007
2.882e-06,-0.46875494399999695,0.61949999296,1.486124996288,-3.437498624
2.8825000000000004e-06,0.312495104000007,0.6132499936,1.48737499616,-3.7499985920000007
2.883e-06,-0.46875494399999695,0.61949999296,1.489874995904,-3.7499985920000007
2.8835e-06,-0.46875494399999695,0.6132499936,1.489874995904,-3.437498624
2.8840000000000003e-06,-0.46875494399999695,0.6132499936,1.489874995904,-3.437498624
2.8845e-06,-0.46875494399999695,0.61949999296,1.489874995904,-3.437498624
2.8850000000000003e-06,-0.46875494399999695,0.61949999296,1.48737499616,-3.437498624
2.8855e-06,-0.46875494399999695,0.61949999296,1.48737499616,-3.7499985920000007
2.886e-06,-0.46875494399999695,0.61949999296,1.488624996032,-3.7499985920000007
2.8865000000000002e-06,0.312495104000007,0.61949999296,1.491124995776,-3.437498624
2.887e-06,-1.250004992000001,0.61949999296,1.48737499616,-3.7499985920000007
2.8875000000000003e-06,-1.250004992000001,0.61949999296,1.488624996032,-3.7499985920000007
2.888e-06,-0.46875494399999695,0.6132499936,1.488624996032,-3.7499985920000007
2.8885000000000004e-06,-0.46875494399999695,0.6132499936,1.491124995776,-4.062498560000002
2.889e-06,0.312495104000007,0.6132499936,1.489874995904,-3.7499985920000007
2.8895e-06,-0.46875494399999695,0.61949999296,1.489874995904,-3.7499985920000007
2.8900000000000003e-06,-0.46875494399999695,0.61949999296,1.489874995904,-3.437498624
2.8905e-06,0.312495104000007,0.61949999296,1.489874995904,-3.7499985920000007
2.8910000000000004e-06,0.312495104000007,0.61949999296,1.48737499616,-3.437498624
2.8915e-06,0.312495104000007,0.61949999296,1.486124996288,-3.437498624
2.892e-06,0.312495104000007,0.61949999296,1.486124996288,-3.437498624
2.8925000000000003e-06,0.312495104000007,0.62574999232,1.489874995904,-3.7499985920000007
2.893e-06,0.312495104000007,0.6132499936,1.491124995776,-3.437498624
2.8935000000000003e-06,0.312495104000007,0.62574999232,1.4923749956480001,-3.7499985920000007
2.894e-06,0.312495104000007,0.6132499936,1.4923749956480001,-3.1249986560000007
2.8945e-06,0.312495104000007,0.6132499936,1.491124995776,-3.437498624
2.8950000000000002e-06,0.312495104000007,0.6132499936,1.488624996032,-3.437498624
2.8955e-06,-0.46875494399999695,0.6132499936,1.488624996032,-3.7499985920000007
2.8960000000000003e-06,-0.46875494399999695,0.6132499936,1.484874996416,-3.437498624
2.8965e-06,-0.46875494399999695,0.6132499936,1.48737499616,-3.7499985920000007
2.8970000000000004e-06,-1.250004992000001,0.61949999296,1.48737499616,-3.437498624
2.8975e-06,0.312495104000007,0.61949999296,1.48737499616,-3.437498624
2.898e-06,0.312495104000007,0.61949999296,1.488624996032,-3.7499985920000007
2.8985000000000003e-06,-0.46875494399999695,0.61949999296,1.48737499616,-3.7499985920000007
2.899e-06,0.312495104000007,0.62574999232,1.48737499616,-3.437498624
2.8995000000000004e-06,0.312495104000007,0.61949999296,1.486124996288,-3.7499985920000007
2.9e-06,0.312495104000007,0.61949999296,1.483624996544,-3.437498624
2.9005e-06,0.312495104000007,0.62574999232,1.483624996544,-3.7499985920000007
2.9010000000000003e-06,0.312495104000007,0.61949999296,1.484874996416,-3.437498624
2.9015e-06,0.312495104000007,0.61949999296,1.484874996416,-3.7499985920000007
2.9020000000000003e-06,-0.46875494399999695,0.6132499936,1.486124996288,-3.7499985920000007
2.9025e-06,0.312495104000007,0.61949999296,1.488624996032,-3.7499985920000007
2.903e-06,0.312495104000007,0.61949999296,1.484874996416,-3.7499985920000007
2.9035000000000002e-06,0.312495104000007,0.61949999296,1.486124996288,-3.7499985920000007
2.904e-06,0.312495104000007,0.61949999296,1.484874996416,-3.437498624
2.9045000000000003e-06,1.0937451519999968,0.61949999296,1.488624996032,-3.7499985920000007
2.905e-06,0.312495104000007,0.61949999296,1.48737499616,-3.7499985920000007
2.9055000000000004e-06,0.312495104000007,0.62574999232,1.48737499616,-3.7499985920000007
2.9060000000000002e-06,0.312495104000007,0.61949999296,1.48737499616,-3.7499985920000007
2.9065e-06,-0.46875494399999695,0.6132499936,1.488624996032,-3.7499985920000007
2.9070000000000003e-06,0.312495104000007,0.61949999296,1.48737499616,-3.7499985920000007
2.9075e-06,0.312495104000007,0.61949999296,1.48737499616,-3.437498624
2.9080000000000004e-06,-0.46875494399999695,0.61949999296,1.48737499616,-3.7499985920000007
2.9085e-06,-0.46875494399999695,0.62574999232,1.489874995904,-3.7499985920000007
2.909e-06,0.312495104000007,0.62574999232,1.488624996032,-3.437498624
2.9095000000000003e-06,-0.46875494399999695,0.62574999232,1.486124996288,-3.7499985920000007
2.91e-06,0.312495104000007,0.6132499936,1.484874996416,-3.437498624
2.9105000000000003e-06,0.312495104000007,0.6132499936,1.486124996288,-3.7499985920000007
2.911e-06,0.312495104000007,0.61949999296,1.486124996288,-3.7499985920000007
2.9115e-06,0.312495104000007,0.6132499936,1.488624996032,-3.7499985920000007
2.9120000000000002e-06,0.312495104000007,0.61949999296,1.488624996032,-3.7499985920000007
2.9125e-06,-0.46875494399999695,0.61949999296,1.489874995904,-3.7499985920000007
2.9130000000000003e-06,0.312495104000007,0.61949999296,1.488624996032,-3.7499985920000007
2.9135e-06,0.312495104000007,0.61949999296,1.488624996032,-3.7499985920000007
2.9140000000000004e-06,0.312495104000007,0.6132499936,1.488624996032,-3.437498624
2.9145000000000002e-06,0.312495104000007,0.62574999232,1.488624996032,-3.7499985920000007
2.915e-06,0.312495104000007,0.61949999296,1.488624996032,-3.437498624
2.9155000000000003e-06,0.312495104000007,0.61949999296,1.488624996032,-3.7499985920000007
2.916e-06,0.312495104000007,0.61949999296,1.489874995904,-3.7499985920000007
2.9165000000000004e-06,0.312495104000007,0.6132499936,1.4923749956480001,-4.062498560000002
2.917e-06,0.312495104000007,0.6132499936,1.4923749956480001,-3.7499985920000007
2.9175e-06,0.312495104000007,0.6132499936,1.488624996032,-3.7499985920000007
2.9180000000000003e-06,0.312495104000007,0.6132499936,1.48737499616,-3.7499985920000007
2.9185e-06,0.312495104000007,0.6132499936,1.488624996032,-3.437498624
2.9190000000000003e-06,0.312495104000007,0.6132499936,1.488624996032,-3.7499985920000007
2.9195e-06,-0.46875494399999695,0.6132499936,1.488624996032,-3.7499985920000007
2.92e-06,-0.46875494399999695,0.6132499936,1.48737499616,-3.437498624
2.9205000000000002e-06,0.312495104000007,0.6132499936,1.489874995904,-4.062498560000002
2.921e-06,-0.46875494399999695,0.6132499936,1.489874995904,-3.7499985920000007
2.9215000000000003e-06,0.312495104000007,0.61949999296,1.489874995904,-3.437498624
2.922e-06,0.312495104000007,0.61949999296,1.486124996288,-3.7499985920000007
2.9225e-06,0.312495104000007,0.61949999296,1.488624996032,-3.7499985920000007
2.9230000000000002e-06,1.0937451519999968,0.61949999296,1.48737499616,-3.437498624
2.9235e-06,-0.46875494399999695,0.6132499936,1.48737499616,-3.437498624
2.9240000000000003e-06,-0.46875494399999695,0.61949999296,1.48737499616,-3.437498624
2.9245e-06,0.312495104000007,0.61949999296,1.488624996032,-4.062498560000002
2.9250000000000004e-06,0.312495104000007,0.61949999296,1.486124996288,-3.7499985920000007
2.9255e-06,0.312495104000007,0.6132499936,1.486124996288,-4.062498560000002
2.926e-06,-0.46875494399999695,0.61949999296,1.488624996032,-3.7499985920000007
2.9265000000000003e-06,0.312495104000007,0.61949999296,1.491124995776,-3.7499985920000007
2.927e-06,0.312495104000007,0.6132499936,1.488624996032,-3.7499985920000007
2.9275000000000003e-06,0.312495104000007,0.61949999296,1.489874995904,-3.7499985920000007
2.928e-06,0.312495104000007,0.61949999296,1.491124995776,-3.7499985920000007
2.9285e-06,-0.46875494399999695,0.61949999296,1.491124995776,-4.062498560000002
2.9290000000000002e-06,0.312495104000007,0.61949999296,1.488624996032,-3.437498624
2.9295e-06,0.312495104000007,0.61949999296,1.488624996032,-3.437498624
2.9300000000000003e-06,-0.46875494399999695,0.61949999296,1.488624996032,-3.7499985920000007
2.9305e-06,-0.46875494399999695,0.61949999296,1.489874995904,-3.437498624
2.931e-06,-0.46875494399999695,0.61949999296,1.489874995904,-3.437498624
2.9315000000000002e-06,0.312495104000007,0.61949999296,1.491124995776,-3.437498624
2.932e-06,0.312495104000007,0.6132499936,1.489874995904,-3.437498624
2.9325000000000003e-06,-1.250004992000001,0.61949999296,1.489874995904,-3.7499985920000007
2.933e-06,-0.46875494399999695,0.61949999296,1.491124995776,-3.437498624
2.9335000000000004e-06,0.312495104000007,0.6132499936,1.491124995776,-3.7499985920000007
2.934e-06,0.312495104000007,0.6132499936,1.489874995904,-3.437498624
2.9345e-06,0.312495104000007,0.62574999232,1.4923749956480001,-3.437498624
2.9350000000000003e-06,-0.46875494399999695,0.61949999296,1.489874995904,-3.7499985920000007
2.9355e-06,-0.46875494399999695,0.61949999296,1.491124995776,-3.7499985920000007
2.9360000000000003e-06,-0.46875494399999695,0.61949999296,1.488624996032,-3.7499985920000007
2.9365e-06,0.312495104000007,0.61949999296,1.488624996032,-3.7499985920000007
2.937e-06,0.312495104000007,0.61949999296,1.486124996288,-3.437498624
2.9375000000000003e-06,-0.46875494399999695,0.61949999296,1.48737499616,-3.7499985920000007
2.938e-06,-0.46875494399999695,0.61949999296,1.484874996416,-3.7499985920000007
2.9385000000000003e-06,-0.46875494399999695,0.6132499936,1.484874996416,-3.7499985920000007
2.939e-06,0.312495104000007,0.61949999296,1.486124996288,-3.437498624
2.9395e-06,0.312495104000007,0.6132499936,1.48737499616,-3.437498624
2.9400000000000002e-06,0.312495104000007,0.61949999296,1.488624996032,-3.437498624
2.9405e-06,0.312495104000007,0.61949999296,1.486124996288,-3.7499985920000007
2.9410000000000003e-06,0.312495104000007,0.61949999296,1.48737499616,-3.437498624
2.9415e-06,0.312495104000007,0.61949999296,1.488624996032,-3.7499985920000007
2.9420000000000004e-06,-0.46875494399999695,0.61949999296,1.489874995904,-3.7499985920000007
2.9425e-06,-0.46875494399999695,0.6132499936,1.491124995776,-3.1249986560000007
2.943e-06,-0.46875494399999695,0.62574999232,1.48737499616,-3.437498624
2.9435000000000003e-06,0.312495104000007,0.61949999296,1.486124996288,-3.7499985920000007
2.944e-06,0.312495104000007,0.61949999296,1.483624996544,-3.437498624
2.9445000000000004e-06,-0.46875494399999695,0.61949999296,1.486124996288,-4.062498560000002
2.945e-06,0.312495104000007,0.61949999296,1.48737499616,-3.7499985920000007
2.9455e-06,0.312495104000007,0.61949999296,1.48737499616,-3.437498624
2.9460000000000003e-06,-0.46875494399999695,0.61949999296,1.484874996416,-3.437498624
2.9465e-06,-0.46875494399999695,0.61949999296,1.484874996416,-3.7499985920000007
2.9470000000000003e-06,0.312495104000007,0.61949999296,1.48737499616,-3.437498624
2.9475e-06,-0.46875494399999695,0.6132499936,1.489874995904,-3.437498624
2.948e-06,-0.46875494399999695,0.6132499936,1.48737499616,-3.437498624
2.9485000000000002e-06,-0.46875494399999695,0.61949999296,1.488624996032,-3.7499985920000007
2.949e-06,0.312495104000007,0.6132499936,1.48737499616,-3.437498624
2.9495000000000003e-06,-0.46875494399999695,0.6132499936,1.48737499616,-3.7499985920000007
2.95e-06,0.312495104000007,0.61949999296,1.48737499616,-3.437498624
2.9505000000000004e-06,0.312495104000007,0.62574999232,1.48737499616,-3.437498624
2.951e-06,0.312495104000007,0.61949999296,1.483624996544,-3.437498624
2.9515e-06,-0.46875494399999695,0.6132499936,1.488624996032,-3.7499985920000007
2.9520000000000003e-06,0.312495104000007,0.61949999296,1.488624996032,-3.7499985920000007
2.9525e-06,-0.46875494399999695,0.61949999296,1.489874995904,-4.062498560000002
2.9530000000000004e-06,0.312495104000007,0.61949999296,1.488624996032,-3.437498624
2.9535e-06,0.312495104000007,0.62574999232,1.48737499616,-3.7499985920000007
2.954e-06,0.312495104000007,0.62574999232,1.486124996288,-3.437498624
2.9545000000000003e-06,-0.46875494399999695,0.62574999232,1.489874995904,-3.7499985920000007
2.955e-06,-0.46875494399999695,0.61949999296,1.489874995904,-3.7499985920000007
2.9555000000000003e-06,0.312495104000007,0.62574999232,1.48737499616,-3.7499985920000007
2.956e-06,-0.46875494399999695,0.6132499936,1.48737499616,-3.7499985920000007
2.9565e-06,-0.46875494399999695,0.61949999296,1.488624996032,-3.7499985920000007
2.9570000000000002e-06,0.312495104000007,0.62574999232,1.489874995904,-3.7499985920000007
2.9575e-06,0.312495104000007,0.62574999232,1.491124995776,-4.062498560000002
2.9580000000000003e-06,-0.46875494399999695,0.61949999296,1.488624996032,-3.437498624
2.9585e-06,-0.46875494399999695,0.62574999232,1.486124996288,-3.437498624
2.9590000000000004e-06,0.312495104000007,0.61949999296,1.484874996416,-3.7499985920000007
2.9595e-06,-0.46875494399999695,0.61949999296,1.48737499616,-3.7499985920000007
2.96e-06,0.312495104000007,0.61949999296,1.488624996032,-3.7499985920000007
2.9605000000000003e-06,0.312495104000007,0.61949999296,1.4923749956480001,-4.062498560000002
2.961e-06,0.312495104000007,0.6132499936,1.491124995776,-3.7499985920000007
2.9615000000000004e-06,0.312495104000007,0.6132499936,1.491124995776,-3.7499985920000007
2.962e-06,1.0937451519999968,0.6132499936,1.489874995904,-3.7499985920000007
2.9625e-06,0.312495104000007,0.6132499936,1.488624996032,-3.7499985920000007
2.9630000000000003e-06,0.312495104000007,0.61949999296,1.486124996288,-3.7499985920000007
2.9635e-06,0.312495104000007,0.60699999424,1.486124996288,-3.437498624
2.9640000000000003e-06,-0.46875494399999695,0.6132499936,1.486124996288,-3.7499985920000007
2.9645e-06,0.312495104000007,0.61949999296,1.488624996032,-3.437498624
2.965e-06,1.0937451519999968,0.61949999296,1.486124996288,-3.7499985920000007
2.9655000000000002e-06,0.312495104000007,0.61949999296,1.486124996288,-4.062498560000002
2.966e-06,0.312495104000007,0.6132499936,1.486124996288,-3.437498624
2.9665000000000003e-06,0.312495104000007,0.6132499936,1.488624996032,-3.437498624
2.967e-06,0.312495104000007,0.61949999296,1.488624996032,-3.7499985920000007
2.9675000000000004e-06,0.312495104000007,0.61949999296,1.48737499616,-3.7499985920000007
2.9680000000000002e-06,0.312495104000007,0.61949999296,1.486124996288,-3.7499985920000007
2.9685e-06,0.312495104000007,0.6132499936,1.488624996032,-3.437498624
2.9690000000000003e-06,-0.46875494399999695,0.61949999296,1.486124996288,-3.437498624
2.9695e-06,0.312495104000007,0.61949999296,1.486124996288,-3.7499985920000007
2.9700000000000004e-06,0.312495104000007,0.61949999296,1.486124996288,-3.437498624
2.9705e-06,-0.46875494399999695,0.62574999232,1.486124996288,-3.7499985920000007
2.971e-06,0.312495104000007,0.62574999232,1.483624996544,-3.437498624
2.9715000000000003e-06,-0.46875494399999695,0.62574999232,1.483624996544,-3.7499985920000007
2.972e-06,-0.46875494399999695,0.61949999296,1.483624996544,-3.437498624
2.9725000000000003e-06,1.0937451519999968,0.61949999296,1.48737499616,-3.7499985920000007
2.973e-06,0.312495104000007,0.61949999296,1.48737499616,-3.437498624
2.9735e-06,-0.46875494399999695,0.61949999296,1.486124996288,-3.7499985920000007
2.9740000000000002e-06,-0.46875494399999695,0.6132499936,1.488624996032,-3.437498624
2.9745e-06,0.312495104000007,0.61949999296,1.4923749956480001,-3.437498624
2.9750000000000003e-06,0.312495104000007,0.61949999296,1.491124995776,-3.7499985920000007
2.9755e-06,-0.46875494399999695,0.61949999296,1.489874995904,-3.7499985920000007
2.9760000000000004e-06,0.312495104000007,0.61949999296,1.48737499616,-3.437498624
2.9765000000000002e-06,0.312495104000007,0.6132499936,1.489874995904,-3.7499985920000007
2.977e-06,0.312495104000007,0.6132499936,1.48737499616,-3.437498624
2.9775000000000003e-06,-0.46875494399999695,0.61949999296,1.48737499616,-3.7499985920000007
2.978e-06,-0.46875494399999695,0.6132499936,1.486124996288,-3.7499985920000007
2.9785000000000004e-06,0.312495104000007,0.6132499936,1.486124996288,-3.7499985920000007
2.979e-06,-0.46875494399999695,0.6132499936,1.48737499616,-3.437498624
2.9795e-06,0.312495104000007,0.61949999296,1.488624996032,-3.437498624
2.9800000000000003e-06,-0.46875494399999695,0.6132499936,1.48737499616,-3.1249986560000007
2.9805e-06,0.312495104000007,0.61949999296,1.488624996032,-3.437498624
2.9810000000000003e-06,-0.46875494399999695,0.61949999296,1.488624996032,-3.7499985920000007
2.9815e-06,-0.46875494399999695,0.61949999296,1.48737499616,-3.7499985920000007
2.982e-06,0.312495104000007,0.61949999296,1.488624996032,-3.437498624
2.9825000000000002e-06,0.312495104000007,0.6132499936,1.489874995904,-3.7499985920000007
2.983e-06,0.312495104000007,0.61949999296,1.488624996032,-3.7499985920000007
2.9835000000000003e-06,0.312495104000007,0.61949999296,1.489874995904,-4.062498560000002
2.984e-06,0.312495104000007,0.61949999296,1.488624996032,-3.7499985920000007
2.9845000000000004e-06,0.312495104000007,0.6132499936,1.491124995776,-4.062498560000002
2.9850000000000002e-06,-0.46875494399999695,0.61949999296,1.488624996032,-3.7499985920000007
2.9855e-06,0.312495104000007,0.61949999296,1.48737499616,-3.437498624
2.9860000000000003e-06,0.312495104000007,0.6132499936,1.486124996288,-3.437498624
2.9865e-06,0.312495104000007,0.6132499936,1.484874996416,-3.7499985920000007
2.9870000000000004e-06,-0.46875494399999695,0.6132499936,1.486124996288,-3.437498624
2.9875e-06,0.312495104000007,0.60699999424,1.48737499616,-3.437498624
2.988e-06,0.312495104000007,0.61949999296,1.48737499616,-3.7499985920000007
2.9885000000000003e-06,-0.46875494399999695,0.61949999296,1.48737499616,-3.7499985920000007
2.989e-06,0.312495104000007,0.61949999296,1.484874996416,-3.437498624
2.9895000000000003e-06,0.312495104000007,0.61949999296,1.486124996288,-3.7499985920000007
2.99e-06,0.312495104000007,0.61949999296,1.48737499616,-3.437498624
2.9905e-06,0.312495104000007,0.61949999296,1.48737499616,-3.437498624
2.9910000000000002e-06,0.312495104000007,0.61949999296,1.486124996288,-3.7499985920000007
2.9915e-06,0.312495104000007,0.61949999296,1.488624996032,-4.062498560000002
2.9920000000000003e-06,0.312495104000007,0.61949999296,1.488624996032,-3.7499985920000007
2.9925e-06,-0.46875494399999695,0.61949999296,1.489874995904,-3.7499985920000007
2.9930000000000004e-06,-1.250004992000001,0.61949999296,1.489874995904,-3.7499985920000007
2.9935000000000002e-06,-0.46875494399999695,0.6132499936,1.4923749956480001,-3.7499985920000007
2.994e-06,0.312495104000007,0.61949999296,1.491124995776,-3.437498624
2.9945000000000003e-06,0.312495104000007,0.6132499936,1.489874995904,-3.7499985920000007
2.995e-06,-0.46875494399999695,0.61949999296,1.489874995904,-3.437498624
2.9955000000000004e-06,0.312495104000007,0.61949999296,1.491124995776,-3.7499985920000007
2.996e-06,-0.46875494399999695,0.61949999296,1.48737499616,-3.437498624
2.9965e-06,0.312495104000007,0.61949999296,1.486124996288,-3.7499985920000007
2.9970000000000003e-06,0.312495104000007,0.61949999296,1.488624996032,-3.437498624
2.9975e-06,0.312495104000007,0.61949999296,1.488624996032,-4.062498560000002
2.9980000000000003e-06,0.312495104000007,0.6132499936,1.489874995904,-3.7499985920000007
2.9985e-06,0.312495104000007,0.61949999296,1.488624996032,-3.437498624
2.999e-06,0.312495104000007,0.61949999296,1.48737499616,-3.7499985920000007
2.9995000000000003e-06,0.312495104000007,0.61949999296,1.48737499616,-3.7499985920000007
3e-06,0.312495104000007,0.61949999296,1.486124996288,-3.7499985920000007
3.0005000000000003e-06,1.0937451519999968,0.62574999232,1.489874995904,-4.062498560000002
3.001e-06,0.312495104000007,0.61949999296,1.489874995904,-3.437498624
3.0015e-06,0.312495104000007,0.61949999296,1.488624996032,-3.7499985920000007
3.0020000000000002e-06,0.312495104000007,0.61949999296,1.48737499616,-3.437498624
3.0025e-06,-0.46875494399999695,0.6132499936,1.491124995776,-3.7499985920000007
3.0030000000000003e-06,0.312495104000007,0.6132499936,1.491124995776,-3.437498624
3.0035e-06,0.312495104000007,0.6132499936,1.489874995904,-3.437498624
3.0040000000000004e-06,-0.46875494399999695,0.61949999296,1.48737499616,-3.437498624
3.0045e-06,-0.46875494399999695,0.61949999296,1.488624996032,-4.062498560000002
3.005e-06,0.312495104000007,0.61949999296,1.488624996032,-3.7499985920000007
3.0055000000000003e-06,-0.46875494399999695,0.61949999296,1.48737499616,-3.7499985920000007
3.006e-06,-0.46875494399999695,0.6132499936,1.48737499616,-3.1249986560000007
3.0065000000000004e-06,-0.46875494399999695,0.6132499936,1.488624996032,-3.437498624
3.007e-06,-0.46875494399999695,0.61949999296,1.48737499616,-3.7499985920000007
3.0075e-06,0.312495104000007,0.6132499936,1.488624996032,-3.7499985920000007
3.0080000000000003e-06,0.312495104000007,0.61949999296,1.489874995904,-3.7499985920000007
3.0085e-06,-0.46875494399999695,0.6132499936,1.4923749956480001,-3.7499985920000007
3.0090000000000003e-06,-0.46875494399999695,0.61949999296,1.489874995904,-3.7499985920000007
3.0095e-06,-0.46875494399999695,0.61949999296,1.489874995904,-3.7499985920000007
3.01e-06,0.312495104000007,0.61949999296,1.489874995904,-3.437498624
3.0105000000000002e-06,0.312495104000007,0.61949999296,1.489874995904,-3.7499985920000007
3.011e-06,-0.46875494399999695,0.61949999296,1.491124995776,-3.437498624
3.0115000000000003e-06,0.312495104000007,0.61949999296,1.4923749956480001,-3.7499985920000007
3.012e-06,-0.46875494399999695,0.6132499936,1.489874995904,-3.7499985920000007
3.0125000000000004e-06,0.312495104000007,0.6132499936,1.489874995904,-3.7499985920000007
3.013e-06,1.0937451519999968,0.6132499936,1.491124995776,-3.437498624
3.0135e-06,0.312495104000007,0.61949999296,1.489874995904,-3.7499985920000007
3.0140000000000003e-06,0.312495104000007,0.6132499936,1.491124995776,-3.437498624
3.0145e-06,0.312495104000007,0.6132499936,1.488624996032,-3.437498624
3.0150000000000004e-06,0.312495104000007,0.6132499936,1.488624996032,-3.7499985920000007
3.0155e-06,0.312495104000007,0.61949999296,1.491124995776,-3.7499985920000007
3.016e-06,0.312495104000007,0.61949999296,1.488624996032,-3.7499985920000007
3.0165000000000003e-06,0.312495104000007,0.61949999296,1.489874995904,-4.062498560000002
3.017e-06,-0.46875494399999695,0.61949999296,1.488624996032,-3.437498624
3.0175000000000003e-06,-0.46875494399999695,0.62574999232,1.491124995776,-3.7499985920000007
3.018e-06,0.312495104000007,0.61949999296,1.488624996032,-3.7499985920000007
3.0185e-06,0.312495104000007,0.62574999232,1.48737499616,-3.7499985920000007
3.0190000000000002e-06,0.312495104000007,0.61949999296,1.48737499616,-3.7499985920000007
3.0195e-06,0.312495104000007,0.60699999424,1.48737499616,-3.437498624
3.0200000000000003e-06,-0.46875494399999695,0.61949999296,1.484874996416,-3.7499985920000007
3.0205e-06,-0.46875494399999695,0.61949999296,1.48737499616,-3.7499985920000007
3.0210000000000004e-06,0.312495104000007,0.61949999296,1.486124996288,-3.437498624
3.0215e-06,0.312495104000007,0.61949999296,1.48737499616,-3.7499985920000007
3.022e-06,0.312495104000007,0.6132499936,1.488624996032,-3.7499985920000007
3.0225000000000003e-06,0.312495104000007,0.61949999296,1.491124995776,-3.7499985920000007
3.023e-06,0.312495104000007,0.61949999296,1.489874995904,-3.7499985920000007
3.0235000000000004e-06,-0.46875494399999695,0.61949999296,1.48737499616,-3.7499985920000007
3.024e-06,0.312495104000007,0.61949999296,1.484874996416,-3.7499985920000007
3.0245e-06,0.312495104000007,0.61949999296,1.486124996288,-4.062498560000002
3.0250000000000003e-06,0.312495104000007,0.61949999296,1.48737499616,-3.7499985920000007
3.0255e-06,-0.46875494399999695,0.6132499936,1.48737499616,-3.7499985920000007
3.0260000000000003e-06,0.312495104000007,0.61949999296,1.488624996032,-3.7499985920000007
3.0265e-06,-0.46875494399999695,0.6132499936,1.488624996032,-3.7499985920000007
3.027e-06,0.312495104000007,0.61949999296,1.489874995904,-3.437498624
3.0275000000000002e-06,0.312495104000007,0.61949999296,1.486124996288,-3.7499985920000007
3.028e-06,0.312495104000007,0.61949999296,1.48737499616,-3.7499985920000007
3.0285000000000003e-06,-0.46875494399999695,0.61949999296,1.488624996032,-3.7499985920000007
3.029e-06,0.312495104000007,0.61949999296,1.489874995904,-3.7499985920000007
3.0295000000000004e-06,0.312495104000007,0.61949999296,1.491124995776,-3.7499985920000007
3.0300000000000002e-06,-0.46875494399999695,0.6132499936,1.4923749956480001,-3.7499985920000007
3.0305e-06,-0.46875494399999695,0.6132499936,1.489874995904,-3.7499985920000007
3.0310000000000003e-06,0.312495104000007,0.6132499936,1.486124996288,-3.7499985920000007
3.0315e-06,-0.46875494399999695,0.61949999296,1.48737499616,-3.7499985920000007
3.0320000000000004e-06,0.312495104000007,0.6132499936,1.488624996032,-3.7499985920000007
3.0325e-06,-0.46875494399999695,0.6132499936,1.491124995776,-4.062498560000002
3.033e-06,0.312495104000007,0.60699999424,1.489874995904,-3.7499985920000007
3.0335000000000003e-06,0.312495104000007,0.6132499936,1.486124996288,-3.437498624
3.034e-06,0.312495104000007,0.61949999296,1.48737499616,-3.7499985920000007
3.0345000000000003e-06,0.312495104000007,0.61949999296,1.489874995904,-3.7499985920000007
3.035e-06,-0.46875494399999695,0.61949999296,1.491124995776,-3.7499985920000007
3.0355e-06,-0.46875494399999695,0.61949999296,1.491124995776,-3.7499985920000007
3.0360000000000002e-06,-0.46875494399999695,0.6132499936,1.488624996032,-3.7499985920000007
3.0365e-06,0.312495104000007,0.61949999296,1.488624996032,-3.7499985920000007
3.0370000000000003e-06,0.312495104000007,0.61949999296,1.486124996288,-3.7499985920000007
3.0375e-06,0.312495104000007,0.61949999296,1.486124996288,-3.7499985920000007
3.0380000000000004e-06,-0.46875494399999695,0.6132499936,1.486124996288,-3.7499985920000007
3.0385000000000002e-06,0.312495104000007,0.6132499936,1.486124996288,-3.7499985920000007
3.039e-06,0.312495104000007,0.6132499936,1.486124996288,-3.7499985920000007
3.0395000000000003e-06,-0.46875494399999695,0.6132499936,1.48737499616,-3.7499985920000007
3.04e-06,0.312495104000007,0.61949999296,1.488624996032,-3.7499985920000007
3.0405000000000004e-06,-0.46875494399999695,0.61949999296,1.489874995904,-3.7499985920000007
3.041e-06,-0.46875494399999695,0.61949999296,1.48737499616,-3.7499985920000007
3.0415e-06,-0.46875494399999695,0.6132499936,1.488624996032,-3.7499985920000007
3.0420000000000003e-06,0.312495104000007,0.6132499936,1.489874995904,-3.437498624
3.0425e-06,0.312495104000007,0.6132499936,1.491124995776,-3.7499985920000007
3.0430000000000003e-06,0.312495104000007,0.61949999296,1.488624996032,-3.437498624
3.0435e-06,0.312495104000007,0.61949999296,1.486124996288,-3.437498624
3.044e-06,-0.46875494399999695,0.6132499936,1.484874996416,-3.437498624
3.0445000000000002e-06,-0.46875494399999695,0.62574999232,1.48737499616,-3.7499985920000007
3.045e-06,0.312495104000007,0.6132499936,1.488624996032,-3.7499985920000007
3.0455000000000003e-06,0.312495104000007,0.61949999296,1.488624996032,-3.7499985920000007
3.046e-06,-0.46875494399999695,0.6132499936,1.488624996032,-3.7499985920000007
3.0465000000000004e-06,-0.46875494399999695,0.6132499936,1.489874995904,-3.437498624
3.0470000000000002e-06,0.312495104000007,0.61949999296,1.48737499616,-3.7499985920000007
3.0475e-06,0.312495104000007,0.61949999296,1.488624996032,-4.062498560000002
3.0480000000000003e-06,0.312495104000007,0.6132499936,1.48737499616,-3.7499985920000007
3.0485e-06,0.312495104000007,0.6132499936,1.48737499616,-3.7499985920000007
3.0490000000000004e-06,-0.46875494399999695,0.6132499936,1.48737499616,-3.7499985920000007
3.0495e-06,0.312495104000007,0.6132499936,1.488624996032,-4.062498560000002
3.05e-06,0.312495104000007,0.6132499936,1.489874995904,-3.7499985920000007
3.0505000000000003e-06,-0.46875494399999695,0.61949999296,1.491124995776,-4.062498560000002
3.051e-06,-0.46875494399999695,0.61949999296,1.489874995904,-3.7499985920000007
3.0515000000000003e-06,0.312495104000007,0.6132499936,1.489874995904,-3.7499985920000007
3.052e-06,-0.46875494399999695,0.61949999296,1.489874995904,-4.062498560000002
3.0525e-06,0.312495104000007,0.61949999296,1.488624996032,-3.7499985920000007
3.0530000000000002e-06,1.0937451519999968,0.61949999296,1.488624996032,-3.7499985920000007
3.0535e-06,0.312495104000007,0.61949999296,1.48737499616,-4.062498560000002
3.0540000000000003e-06,-0.46875494399999695,0.61949999296,1.488624996032,-3.437498624
3.0545e-06,-0.46875494399999695,0.62574999232,1.488624996032,-3.7499985920000007
3.0550000000000004e-06,-1.250004992000001,0.61949999296,1.48737499616,-3.7499985920000007
3.0555000000000002e-06,-0.46875494399999695,0.61949999296,1.486124996288,-3.7499985920000007
3.056e-06,-0.46875494399999695,0.61949999296,1.486124996288,-3.7499985920000007
3.0565000000000003e-06,-0.46875494399999695,0.61949999296,1.491124995776,-4.374998528000001
3.057e-06,-0.46875494399999695,0.61949999296,1.488624996032,-3.7499985920000007
3.0575000000000004e-06,0.312495104000007,0.61949999296,1.488624996032,-3.7499985920000007
3.058e-06,0.312495104000007,0.61949999296,1.488624996032,-3.7499985920000007
3.0585e-06,1.0937451519999968,0.61949999296,1.488624996032,-3.7499985920000007
3.0590000000000003e-06,0.312495104000007,0.61949999296,1.489874995904,-3.7499985920000007
3.0595e-06,-0.46875494399999695,0.6132499936,1.489874995904,-3.7499985920000007
3.0600000000000003e-06,-0.46875494399999695,0.6132499936,1.48737499616,-3.7499985920000007
3.0605e-06,0.312495104000007,0.6132499936,1.48737499616,-3.7499985920000007
3.061e-06,0.312495104000007,0.61949999296,1.488624996032,-3.7499985920000007
3.0615000000000002e-06,0.312495104000007,0.61949999296,1.488624996032,-4.062498560000002
3.062e-06,0.312495104000007,0.6132499936,1.48737499616,-3.7499985920000007
3.0625000000000003e-06,-0.46875494399999695,0.6132499936,1.488624996032,-3.7499985920000007
3.063e-06,-0.46875494399999695,0.61949999296,1.48737499616,-3.7499985920000007
3.0635000000000004e-06,-0.46875494399999695,0.6132499936,1.488624996032,-4.062498560000002
3.0640000000000002e-06,0.312495104000007,0.61949999296,1.488624996032,-3.7499985920000007
3.0645e-06,0.312495104000007,0.6132499936,1.49362499552,-4.062498560000002
3.0650000000000003e-06,-0.46875494399999695,0.6132499936,1.4923749956480001,-3.7499985920000007
3.0655e-06,-0.46875494399999695,0.6132499936,1.491124995776,-3.437498624
3.0660000000000004e-06,0.312495104000007,0.61949999296,1.488624996032,-3.7499985920000007
3.0665e-06,-0.46875494399999695,0.61949999296,1.48737499616,-3.7499985920000007
3.067e-06,-0.46875494399999695,0.61949999296,1.486124996288,-3.7499985920000007
3.0675000000000003e-06,0.312495104000007,0.6132499936,1.489874995904,-3.437498624
3.068e-06,-0.46875494399999695,0.61949999296,1.48737499616,-3.7499985920000007
3.0685000000000004e-06,0.312495104000007,0.61949999296,1.48737499616,-3.7499985920000007
3.069e-06,1.0937451519999968,0.61949999296,1.48737499616,-3.7499985920000007
3.0695e-06,0.312495104000007,0.6132499936,1.488624996032,-4.062498560000002
3.0700000000000003e-06,0.312495104000007,0.61949999296,1.48737499616,-3.7499985920000007
3.0705e-06,0.312495104000007,0.61949999296,1.488624996032,-3.7499985920000007
3.0710000000000003e-06,-0.46875494399999695,0.61949999296,1.488624996032,-3.7499985920000007
3.0715e-06,0.312495104000007,0.6132499936,1.489874995904,-3.7499985920000007
3.0720000000000004e-06,0.312495104000007,0.61949999296,1.488624996032,-3.7499985920000007
3.0725000000000002e-06,0.312495104000007,0.61949999296,1.491124995776,-4.062498560000002
3.073e-06,0.312495104000007,0.61949999296,1.491124995776,-3.7499985920000007
3.0735000000000003e-06,0.312495104000007,0.62574999232,1.491124995776,-3.7499985920000007
3.074e-06,0.312495104000007,0.61949999296,1.488624996032,-3.7499985920000007
3.0745000000000004e-06,-0.46875494399999695,0.62574999232,1.486124996288,-3.7499985920000007
3.075e-06,-0.46875494399999695,0.62574999232,1.484874996416,-3.7499985920000007
3.0755e-06,0.312495104000007,0.61949999296,1.48737499616,-3.7499985920000007
3.0760000000000003e-06,-0.46875494399999695,0.6132499936,1.489874995904,-3.7499985920000007
3.0765e-06,-0.46875494399999695,0.61949999296,1.491124995776,-3.7499985920000007
3.0770000000000004e-06,0.312495104000007,0.61949999296,1.488624996032,-3.437498624
3.0775e-06,-0.46875494399999695,0.6132499936,1.488624996032,-3.7499985920000007
3.078e-06,-0.46875494399999695,0.61949999296,1.488624996032,-3.7499985920000007
3.0785000000000003e-06,0.312495104000007,0.6132499936,1.489874995904,-3.7499985920000007
3.079e-06,0.312495104000007,0.61949999296,1.489874995904,-3.7499985920000007
3.0795000000000003e-06,0.312495104000007,0.6132499936,1.488624996032,-4.062498560000002
3.08e-06,0.312495104000007,0.6132499936,1.488624996032,-3.7499985920000007
3.0805e-06,0.312495104000007,0.6132499936,1.4923749956480001,-3.7499985920000007
3.0810000000000002e-06,0.312495104000007,0.6132499936,1.491124995776,-3.7499985920000007
3.0815e-06,0.312495104000007,0.6132499936,1.488624996032,-3.437498624
3.0820000000000003e-06,-0.46875494399999695,0.6132499936,1.489874995904,-3.7499985920000007
3.0825e-06,0.312495104000007,0.6132499936,1.491124995776,-4.062498560000002
3.0830000000000004e-06,0.312495104000007,0.61949999296,1.488624996032,-3.7499985920000007
3.0835e-06,0.312495104000007,0.6132499936,1.48737499616,-3.437498624
3.084e-06,-0.46875494399999695,0.6132499936,1.48737499616,-3.437498624
3.0845000000000003e-06,-0.46875494399999695,0.6132499936,1.488624996032,-3.7499985920000007
3.085e-06,0.312495104000007,0.6132499936,1.488624996032,-3.437498624
3.0855000000000004e-06,0.312495104000007,0.61949999296,1.486124996288,-3.7499985920000007
3.086e-06,-0.46875494399999695,0.61949999296,1.48737499616,-3.7499985920000007
3.0865e-06,0.312495104000007,0.6132499936,1.488624996032,-3.437498624
3.0870000000000003e-06,-0.46875494399999695,0.6132499936,1.488624996032,-4.062498560000002
3.0875e-06,0.312495104000007,0.61949999296,1.488624996032,-4.062498560000002
3.0880000000000003e-06,-0.46875494399999695,0.61949999296,1.488624996032,-3.7499985920000007
3.0885e-06,-0.46875494399999695,0.6132499936,1.489874995904,-3.7499985920000007
3.089e-06,0.312495104000007,0.6132499936,1.48737499616,-3.437498624
3.0895000000000002e-06,0.312495104000007,0.62574999232,1.488624996032,-3.7499985920000007
3.09e-06,0.312495104000007,0.61949999296,1.491124995776,-3.437498624
3.0905000000000003e-06,0.312495104000007,0.62574999232,1.491124995776,-3.7499985920000007
3.091e-06,0.312495104000007,0.61949999296,1.491124995776,-3.437498624
3.0915000000000004e-06,-0.46875494399999695,0.61949999296,1.489874995904,-3.437498624
3.092e-06,-0.46875494399999695,0.61949999296,1.486124996288,-3.7499985920000007
3.0925e-06,1.0937451519999968,0.61949999296,1.48737499616,-3.7499985920000007
3.0930000000000003e-06,0.312495104000007,0.61949999296,1.48737499616,-3.437498624
3.0935e-06,0.312495104000007,0.61949999296,1.488624996032,-3.7499985920000007
3.0940000000000004e-06,-0.46875494399999695,0.6132499936,1.489874995904,-3.437498624
3.0945e-06,0.312495104000007,0.6132499936,1.489874995904,-3.7499985920000007
3.095e-06,0.312495104000007,0.61949999296,1.486124996288,-3.7499985920000007
3.0955000000000003e-06,0.312495104000007,0.6132499936,1.486124996288,-3.7499985920000007
3.096e-06,0.312495104000007,0.61949999296,1.48737499616,-3.7499985920000007
3.0965000000000003e-06,0.312495104000007,0.61949999296,1.488624996032,-3.7499985920000007
3.097e-06,0.312495104000007,0.6132499936,1.48737499616,-3.7499985920000007
3.0975e-06,-0.46875494399999695,0.6132499936,1.488624996032,-3.7499985920000007
3.0980000000000002e-06,0.312495104000007,0.6132499936,1.48737499616,-3.7499985920000007
3.0985e-06,0.312495104000007,0.61949999296,1.48737499616,-3.7499985920000007
3.0990000000000003e-06,1.0937451519999968,0.61949999296,1.488624996032,-3.7499985920000007
3.0995e-06,0.312495104000007,0.6132499936,1.491124995776,-3.7499985920000007
3.1000000000000004e-06,-0.46875494399999695,0.6132499936,1.491124995776,-3.7499985920000007
3.1005000000000002e-06,0.312495104000007,0.6132499936,1.489874995904,-3.7499985920000007
3.101e-06,0.312495104000007,0.6132499936,1.48737499616,-3.437498624
3.1015000000000003e-06,-0.46875494399999695,0.61949999296,1.488624996032,-3.7499985920000007
3.102e-06,-0.46875494399999695,0.61949999296,1.489874995904,-3.437498624
3.1025000000000004e-06,-0.46875494399999695,0.61949999296,1.489874995904,-3.437498624
3.103e-06,-0.46875494399999695,0.61949999296,1.488624996032,-3.7499985920000007
3.1035e-06,0.312495104000007,0.61949999296,1.489874995904,-3.7499985920000007
3.1040000000000003e-06,0.312495104000007,0.6132499936,1.48737499616,-3.437498624
3.1045e-06,-0.46875494399999695,0.6132499936,1.491124995776,-3.7499985920000007
3.1050000000000003e-06,-0.46875494399999695,0.6132499936,1.489874995904,-3.437498624
3.1055e-06,0.312495104000007,0.6132499936,1.488624996032,-3.437498624
3.106e-06,0.312495104000007,0.61949999296,1.489874995904,-3.7499985920000007
3.1065000000000002e-06,0.312495104000007,0.6132499936,1.489874995904,-3.7499985920000007
3.107e-06,1.0937451519999968,0.6132499936,1.488624996032,-3.437498624
3.1075000000000003e-06,0.312495104000007,0.6132499936,1.489874995904,-3.1249986560000007
3.108e-06,0.312495104000007,0.6132499936,1.489874995904,-3.7499985920000007
3.1085000000000004e-06,-0.46875494399999695,0.61949999296,1.489874995904,-3.437498624
3.1090000000000002e-06,0.312495104000007,0.61949999296,1.488624996032,-3.437498624
3.1095e-06,0.312495104000007,0.61949999296,1.488624996032,-3.437498624
3.1100000000000003e-06,0.312495104000007,0.6132499936,1.488624996032,-3.437498624
3.1105e-06,0.312495104000007,0.62574999232,1.491124995776,-3.7499985920000007
3.1110000000000004e-06,0.312495104000007,0.61949999296,1.488624996032,-3.7499985920000007
3.1115e-06,0.312495104000007,0.6132499936,1.489874995904,-3.7499985920000007
3.112e-06,-0.46875494399999695,0.6132499936,1.48737499616,-3.7499985920000007
3.1125000000000003e-06,-0.46875494399999695,0.6132499936,1.486124996288,-3.7499985920000007
3.113e-06,0.312495104000007,0.6132499936,1.486124996288,-3.437498624
3.1135000000000003e-06,0.312495104000007,0.6132499936,1.48737499616,-3.437498624
3.114e-06,0.312495104000007,0.61949999296,1.488624996032,-3.437498624
3.1145e-06,-0.46875494399999695,0.6132499936,1.488624996032,-3.7499985920000007
3.1150000000000002e-06,0.312495104000007,0.61949999296,1.48737499616,-3.7499985920000007
3.1155e-06,-0.46875494399999695,0.61949999296,1.488624996032,-3.437498624
3.1160000000000003e-06,-0.46875494399999695,0.61949999296,1.489874995904,-3.437498624
3.1165e-06,-0.46875494399999695,0.61949999296,1.488624996032,-3.7499985920000007
3.1170000000000004e-06,-0.46875494399999695,0.61949999296,1.489874995904,-3.437498624
3.1175000000000002e-06,0.312495104000007,0.61949999296,1.489874995904,-3.7499985920000007
3.118e-06,-0.46875494399999695,0.61949999296,1.488624996032,-3.7499985920000007
3.1185000000000003e-06,0.312495104000007,0.61949999296,1.488624996032,-3.7499985920000007
3.119e-06,0.312495104000007,0.61949999296,1.48737499616,-3.7499985920000007
3.1195000000000004e-06,-0.46875494399999695,0.6132499936,1.489874995904,-4.062498560000002
3.12e-06,0.312495104000007,0.61949999296,1.486124996288,-3.7499985920000007
3.1205e-06,0.312495104000007,0.61949999296,1.48737499616,-3.7499985920000007
3.1210000000000003e-06,0.312495104000007,0.61949999296,1.48737499616,-3.437498624
3.1215e-06,0.312495104000007,0.61949999296,1.489874995904,-3.7499985920000007
3.1220000000000003e-06,0.312495104000007,0.61949999296,1.488624996032,-3.437498624
3.1225e-06,-0.46875494399999695,0.61949999296,1.488624996032,-3.437498624
3.123e-06,-0.46875494399999695,0.61949999296,1.489874995904,-3.437498624
3.1235000000000002e-06,0.312495104000007,0.61949999296,1.489874995904,-3.437498624
3.124e-06,-0.46875494399999695,0.6132499936,1.489874995904,-4.062498560000002
3.1245000000000003e-06,-0.46875494399999695,0.61949999296,1.488624996032,-3.7499985920000007
3.125e-06,0.312495104000007,0.61949999296,1.488624996032,-3.437498624
3.1255000000000004e-06,-0.46875494399999695,0.6132499936,1.489874995904,-3.437498624
3.1260000000000002e-06,-0.46875494399999695,0.6132499936,1.488624996032,-3.437498624
3.1265e-06,0.312495104000007,0.62574999232,1.489874995904,-3.437498624
3.1270000000000003e-06,0.312495104000007,0.62574999232,1.488624996032,-3.7499985920000007
3.1275e-06,-0.46875494399999695,0.61949999296,1.488624996032,-3.7499985920000007
3.1280000000000004e-06,0.312495104000007,0.61949999296,1.488624996032,-3.7499985920000007
3.1285e-06,0.312495104000007,0.6132499936,1.491124995776,-4.062498560000002
3.129e-06,0.312495104000007,0.6132499936,1.489874995904,-3.437498624
3.1295000000000003e-06,0.312495104000007,0.6132499936,1.488624996032,-3.437498624
3.13e-06,0.312495104000007,0.61949999296,1.48737499616,-3.437498624
3.1305000000000004e-06,-0.46875494399999695,0.60699999424,1.48737499616,-3.7499985920000007
3.131e-06,-0.46875494399999695,0.6132499936,1.48737499616,-3.7499985920000007
3.1315e-06,0.312495104000007,0.61949999296,1.489874995904,-3.437498624
3.1320000000000003e-06,0.312495104000007,0.61949999296,1.489874995904,-3.437498624
3.1325e-06,1.0937451519999968,0.61949999296,1.4923749956480001,-3.7499985920000007
3.1330000000000003e-06,1.0937451519999968,0.61949999296,1.4923749956480001,-3.437498624
3.1335e-06,1.0937451519999968,0.61949999296,1.489874995904,-3.7499985920000007
3.1340000000000004e-06,0.312495104000007,0.6132499936,1.488624996032,-3.437498624
3.1345000000000002e-06,0.312495104000007,0.6132499936,1.488624996032,-3.7499985920000007
3.135e-06,0.312495104000007,0.6132499936,1.488624996032,-3.7499985920000007
3.1355000000000003e-06,1.0937451519999968,0.6132499936,1.489874995904,-3.7499985920000007
3.136e-06,0.312495104000007,0.61949999296,1.48737499616,-3.437498624
3.1365000000000004e-06,0.312495104000007,0.61949999296,1.489874995904,-3.7499985920000007
3.137e-06,-1.250004992000001,0.61949999296,1.491124995776,-3.7499985920000007
3.1375e-06,-0.46875494399999695,0.6132499936,1.4923749956480001,-3.437498624
3.1380000000000003e-06,0.312495104000007,0.61949999296,1.489874995904,-3.7499985920000007
3.1385e-06,-0.46875494399999695,0.6132499936,1.488624996032,-3.7499985920000007
3.1390000000000004e-06,-0.46875494399999695,0.61949999296,1.48737499616,-3.7499985920000007
3.1395e-06,0.312495104000007,0.6132499936,1.48737499616,-3.437498624
3.14e-06,0.312495104000007,0.6132499936,1.488624996032,-3.437498624
3.1405000000000003e-06,-0.46875494399999695,0.61949999296,1.488624996032,-3.437498624
3.141e-06,0.312495104000007,0.61949999296,1.489874995904,-3.7499985920000007
3.1415000000000003e-06,-0.46875494399999695,0.61949999296,1.489874995904,-3.7499985920000007
3.142e-06,-0.46875494399999695,0.6132499936,1.488624996032,-3.7499985920000007
3.1425000000000004e-06,-0.46875494399999695,0.61949999296,1.4923749956480001,-3.437498624
3.1430000000000002e-06,0.312495104000007,0.61949999296,1.49362499552,-3.437498624
3.1435e-06,0.312495104000007,0.61949999296,1.491124995776,-3.7499985920000007
3.1440000000000003e-06,0.312495104000007,0.6132499936,1.489874995904,-3.7499985920000007
3.1445e-06,0.312495104000007,0.6132499936,1.491124995776,-4.062498560000002
3.1450000000000004e-06,0.312495104000007,0.6132499936,1.489874995904,-3.437498624
3.1455e-06,-0.46875494399999695,0.60699999424,1.48737499616,-3.7499985920000007
3.146e-06,0.312495104000007,0.6132499936,1.48737499616,-3.7499985920000007
3.1465000000000003e-06,0.312495104000007,0.6132499936,1.488624996032,-3.7499985920000007
3.147e-06,0.312495104000007,0.6132499936,1.488624996032,-3.7499985920000007
3.1475000000000004e-06,0.312495104000007,0.6132499936,1.488624996032,-3.7499985920000007
3.148e-06,0.312495104000007,0.60699999424,1.48737499616,-3.437498624
3.1485e-06,-0.46875494399999695,0.6132499936,1.488624996032,-4.062498560000002
3.1490000000000003e-06,0.312495104000007,0.6132499936,1.486124996288,-3.7499985920000007
3.1495e-06,0.312495104000007,0.6132499936,1.486124996288,-3.7499985920000007
3.1500000000000003e-06,0.312495104000007,0.6132499936,1.48737499616,-3.7499985920000007
3.1505e-06,0.312495104000007,0.6132499936,1.491124995776,-3.7499985920000007
3.151e-06,0.312495104000007,0.6132499936,1.488624996032,-3.437498624
3.1515000000000002e-06,0.312495104000007,0.6132499936,1.48737499616,-3.7499985920000007
3.152e-06,-0.46875494399999695,0.61949999296,1.486124996288,-3.437498624
3.1525000000000003e-06,0.312495104000007,0.6132499936,1.489874995904,-3.7499985920000007
3.153e-06,0.312495104000007,0.6132499936,1.489874995904,-3.7499985920000007
3.1535000000000004e-06,0.312495104000007,0.61949999296,1.491124995776,-3.7499985920000007
3.154e-06,0.312495104000007,0.61949999296,1.488624996032,-3.7499985920000007
3.1545e-06,0.312495104000007,0.6132499936,1.489874995904,-3.7499985920000007
3.1550000000000003e-06,0.312495104000007,0.6132499936,1.489874995904,-3.437498624
3.1555e-06,0.312495104000007,0.6132499936,1.489874995904,-3.7499985920000007
3.1560000000000004e-06,0.312495104000007,0.61949999296,1.489874995904,-3.7499985920000007
3.1565e-06,0.312495104000007,0.61949999296,1.488624996032,-3.7499985920000007
3.157e-06,0.312495104000007,0.6132499936,1.488624996032,-3.437498624
3.1575000000000003e-06,0.312495104000007,0.6132499936,1.486124996288,-4.062498560000002
3.158e-06,0.312495104000007,0.61949999296,1.48737499616,-3.7499985920000007
3.1585000000000003e-06,0.312495104000007,0.6132499936,1.488624996032,-3.437498624
3.159e-06,0.312495104000007,0.61949999296,1.488624996032,-3.7499985920000007
3.1595e-06,0.312495104000007,0.6132499936,1.48737499616,-4.062498560000002
3.1600000000000002e-06,0.312495104000007,0.61949999296,1.486124996288,-3.7499985920000007
3.1605e-06,0.312495104000007,0.61949999296,1.489874995904,-4.062498560000002
3.1610000000000003e-06,0.312495104000007,0.6132499936,1.489874995904,-3.7499985920000007
3.1615e-06,0.312495104000007,0.6132499936,1.488624996032,-3.7499985920000007
3.1620000000000004e-06,0.312495104000007,0.6132499936,1.488624996032,-3.7499985920000007
3.1625000000000002e-06,-0.46875494399999695,0.6132499936,1.489874995904,-3.7499985920000007
3.163e-06,-0.46875494399999695,0.6132499936,1.488624996032,-3.7499985920000007
3.1635000000000003e-06,-0.46875494399999695,0.6132499936,1.491124995776,-3.437498624
3.164e-06,-0.46875494399999695,0.61949999296,1.4923749956480001,-3.7499985920000007
3.1645000000000004e-06,-0.46875494399999695,0.61949999296,1.489874995904,-3.7499985920000007
3.165e-06,0.312495104000007,0.61949999296,1.48737499616,-3.437498624
3.1655e-06,-0.46875494399999695,0.6132499936,1.488624996032,-3.7499985920000007
3.1660000000000003e-06,-0.46875494399999695,0.6132499936,1.488624996032,-3.437498624
3.1665e-06,0.312495104000007,0.61949999296,1.489874995904,-3.437498624
3.1670000000000003e-06,0.312495104000007,0.6132499936,1.486124996288,-3.7499985920000007
3.1675e-06,0.312495104000007,0.61949999296,1.48737499616,-3.7499985920000007
3.168e-06,0.312495104000007,0.61949999296,1.484874996416,-3.7499985920000007
3.1685000000000002e-06,0.312495104000007,0.61949999296,1.484874996416,-4.062498560000002
3.169e-06,-0.46875494399999695,0.6132499936,1.483624996544,-3.7499985920000007
3.1695000000000003e-06,0.312495104000007,0.6132499936,1.483624996544,-3.7499985920000007
3.17e-06,-0.46875494399999695,0.61949999296,1.483624996544,-3.7499985920000007
3.1705000000000004e-06,-0.46875494399999695,0.6132499936,1.486124996288,-4.062498560000002
3.1710000000000002e-06,-0.46875494399999695,0.6132499936,1.488624996032,-3.437498624
3.1715e-06,-0.46875494399999695,0.61949999296,1.488624996032,-3.437498624
3.1720000000000003e-06,-0.46875494399999695,0.61949999296,1.48737499616,-3.437498624
3.1725e-06,0.312495104000007,0.61949999296,1.484874996416,-3.7499985920000007
3.1730000000000004e-06,0.312495104000007,0.62574999232,1.4823749966720001,-3.437498624
3.1735e-06,-0.46875494399999695,0.61949999296,1.484874996416,-3.7499985920000007
3.174e-06,0.312495104000007,0.61949999296,1.48737499616,-3.437498624
3.1745000000000003e-06,0.312495104000007,0.6132499936,1.486124996288,-3.437498624
3.175e-06,0.312495104000007,0.6132499936,1.484874996416,-3.7499985920000007
3.1755000000000003e-06,-0.46875494399999695,0.6132499936,1.48737499616,-3.7499985920000007
3.176e-06,0.312495104000007,0.61949999296,1.48737499616,-3.437498624
3.1765e-06,0.312495104000007,0.6132499936,1.489874995904,-3.7499985920000007
3.1770000000000002e-06,-0.46875494399999695,0.6132499936,1.48737499616,-3.437498624
3.1775e-06,0.312495104000007,0.6132499936,1.486124996288,-3.7499985920000007
3.1780000000000003e-06,0.312495104000007,0.62574999232,1.484874996416,-3.437498624
3.1785e-06,-0.46875494399999695,0.61949999296,1.486124996288,-3.437498624
3.1790000000000004e-06,0.312495104000007,0.61949999296,1.486124996288,-3.437498624
3.1795000000000002e-06,0.312495104000007,0.61949999296,1.486124996288,-3.437498624
3.18e-06,0.312495104000007,0.61949999296,1.486124996288,-3.437498624
3.1805000000000003e-06,-0.46875494399999695,0.61949999296,1.48737499616,-3.7499985920000007
3.181e-06,0.312495104000007,0.6132499936,1.48737499616,-3.437498624
3.1815000000000004e-06,0.312495104000007,0.61949999296,1.48737499616,-3.437498624
3.182e-06,-0.46875494399999695,0.61949999296,1.48737499616,-3.437498624
3.1825e-06,0.312495104000007,0.6132499936,1.48737499616,-3.437498624
3.1830000000000003e-06,0.312495104000007,0.61949999296,1.484874996416,-3.7499985920000007
3.1835e-06,0.312495104000007,0.61949999296,1.488624996032,-4.062498560000002
3.1840000000000003e-06,0.312495104000007,0.61949999296,1.486124996288,-3.7499985920000007
3.1845e-06,0.312495104000007,0.61949999296,1.48737499616,-3.7499985920000007
3.185e-06,-0.46875494399999695,0.61949999296,1.48737499616,-3.437498624
3.1855000000000002e-06,0.312495104000007,0.62574999232,1.488624996032,-3.7499985920000007
3.186e-06,0.312495104000007,0.61949999296,1.488624996032,-3.437498624
3.1865000000000003e-06,0.312495104000007,0.61949999296,1.491124995776,-3.437498624
3.187e-06,0.312495104000007,0.61949999296,1.488624996032,-3.437498624
3.1875000000000004e-06,0.312495104000007,0.6132499936,1.48737499616,-3.437498624
3.1880000000000002e-06,0.312495104000007,0.6132499936,1.48737499616,-3.437498624
3.1885e-06,0.312495104000007,0.6132499936,1.488624996032,-3.7499985920000007
3.1890000000000003e-06,0.312495104000007,0.6132499936,1.489874995904,-3.437498624
3.1895e-06,-0.46875494399999695,0.61949999296,1.489874995904,-3.7499985920000007
3.1900000000000004e-06,-0.46875494399999695,0.61949999296,1.489874995904,-3.437498624
3.1905e-06,0.312495104000007,0.61949999296,1.488624996032,-3.7499985920000007
3.191e-06,0.312495104000007,0.62574999232,1.48737499616,-3.7499985920000007
3.1915000000000003e-06,-0.46875494399999695,0.6132499936,1.489874995904,-4.062498560000002
3.192e-06,0.312495104000007,0.61949999296,1.489874995904,-3.437498624
3.1925000000000004e-06,-0.46875494399999695,0.6132499936,1.491124995776,-3.7499985920000007
3.193e-06,0.312495104000007,0.6132499936,1.491124995776,-3.7499985920000007
3.1935e-06,0.312495104000007,0.61949999296,1.491124995776,-3.7499985920000007
3.1940000000000003e-06,0.312495104000007,0.61949999296,1.488624996032,-3.7499985920000007
3.1945e-06,0.312495104000007,0.61949999296,1.48737499616,-4.062498560000002
3.1950000000000003e-06,-0.46875494399999695,0.61949999296,1.48737499616,-3.7499985920000007
3.1955e-06,0.312495104000007,0.61949999296,1.488624996032,-3.437498624
3.1960000000000004e-06,-0.46875494399999695,0.61949999296,1.488624996032,-3.7499985920000007
3.1965000000000002e-06,0.312495104000007,0.61949999296,1.489874995904,-3.7499985920000007
3.197e-06,0.312495104000007,0.61949999296,1.488624996032,-3.7499985920000007
3.1975000000000003e-06,0.312495104000007,0.6132499936,1.489874995904,-3.7499985920000007
3.198e-06,-0.46875494399999695,0.61949999296,1.489874995904,-3.7499985920000007
3.1985000000000004e-06,-0.46875494399999695,0.61949999296,1.489874995904,-3.437498624
3.199e-06,-0.46875494399999695,0.61949999296,1.488624996032,-3.7499985920000007
3.1995e-06,-0.46875494399999695,0.6132499936,1.491124995776,-4.062498560000002
3.2000000000000003e-06,0.312495104000007,0.61949999296,1.489874995904,-3.7499985920000007
3.2005e-06,-0.46875494399999695,0.6132499936,1.491124995776,-4.062498560000002
3.2010000000000004e-06,-0.46875494399999695,0.60699999424,1.489874995904,-3.7499985920000007
3.2015e-06,0.312495104000007,0.6132499936,1.491124995776,-4.062498560000002
3.202e-06,0.312495104000007,0.6132499936,1.488624996032,-4.062498560000002
3.2025000000000003e-06,-0.46875494399999695,0.61949999296,1.488624996032,-3.7499985920000007
3.203e-06,0.312495104000007,0.61949999296,1.486124996288,-3.7499985920000007
3.2035000000000003e-06,-0.46875494399999695,0.60699999424,1.486124996288,-3.437498624
3.204e-06,-0.46875494399999695,0.6132499936,1.486124996288,-3.437498624
3.2045000000000004e-06,0.312495104000007,0.61949999296,1.488624996032,-3.7499985920000007
3.2050000000000002e-06,0.312495104000007,0.61949999296,1.488624996032,-3.7499985920000007
3.2055e-06,0.312495104000007,0.61949999296,1.48737499616,-4.062498560000002
3.2060000000000003e-06,-0.46875494399999695,0.61949999296,1.48737499616,-3.7499985920000007
3.2065e-06,0.312495104000007,0.6132499936,1.488624996032,-3.7499985920000007
3.2070000000000004e-06,0.312495104000007,0.60699999424,1.48737499616,-3.7499985920000007
3.2075e-06,0.312495104000007,0.60699999424,1.48737499616,-3.7499985920000007
3.208e-06,0.312495104000007,0.61949999296,1.486124996288,-3.7499985920000007
3.2085000000000003e-06,0.312495104000007,0.6132499936,1.4923749956480001,-4.062498560000002
3.209e-06,0.312495104000007,0.6132499936,1.4923749956480001,-3.7499985920000007
3.2095000000000004e-06,0.312495104000007,0.61949999296,1.491124995776,-3.437498624
3.21e-06,-0.46875494399999695,0.61949999296,1.491124995776,-3.7499985920000007
3.2105e-06,-0.46875494399999695,0.6132499936,1.488624996032,-4.062498560000002
3.2110000000000003e-06,0.312495104000007,0.6132499936,1.488624996032,-3.7499985920000007
3.2115e-06,0.312495104000007,0.6132499936,1.48737499616,-3.7499985920000007
3.2120000000000003e-06,0.312495104000007,0.6132499936,1.48737499616,-3.7499985920000007
3.2125e-06,1.0937451519999968,0.61949999296,1.491124995776,-3.7499985920000007
3.2130000000000004e-06,0.312495104000007,0.61949999296,1.489874995904,-3.7499985920000007
3.2135000000000002e-06,-0.46875494399999695,0.61949999296,1.488624996032,-3.7499985920000007
3.214e-06,-0.46875494399999695,0.61949999296,1.489874995904,-3.7499985920000007
3.2145000000000003e-06,0.312495104000007,0.61949999296,1.489874995904,-3.7499985920000007
3.215e-06,0.312495104000007,0.62574999232,1.491124995776,-4.062498560000002
3.2155000000000004e-06,0.312495104000007,0.61949999296,1.489874995904,-4.062498560000002
3.216e-06,0.312495104000007,0.61949999296,1.48737499616,-3.7499985920000007
3.2165e-06,0.312495104000007,0.6132499936,1.488624996032,-4.062498560000002
3.2170000000000003e-06,0.312495104000007,0.6132499936,1.489874995904,-3.7499985920000007
3.2175e-06,0.312495104000007,0.6132499936,1.491124995776,-4.062498560000002
3.2180000000000004e-06,0.312495104000007,0.61949999296,1.488624996032,-3.7499985920000007
3.2185e-06,0.312495104000007,0.6132499936,1.488624996032,-4.062498560000002
3.219e-06,0.312495104000007,0.6132499936,1.488624996032,-3.7499985920000007
3.2195000000000003e-06,0.312495104000007,0.6132499936,1.488624996032,-3.437498624
3.22e-06,0.312495104000007,0.6132499936,1.488624996032,-3.7499985920000007
3.2205000000000003e-06,0.312495104000007,0.6132499936,1.491124995776,-4.062498560000002
3.221e-06,0.312495104000007,0.6132499936,1.49362499552,-3.437498624
3.2215000000000004e-06,0.312495104000007,0.61949999296,1.4923749956480001,-3.7499985920000007
3.2220000000000002e-06,-0.46875494399999695,0.61949999296,1.489874995904,-3.437498624
3.2225e-06,0.312495104000007,0.6132499936,1.491124995776,-3.7499985920000007
3.2230000000000003e-06,-0.46875494399999695,0.6132499936,1.489874995904,-3.7499985920000007
3.2235e-06,0.312495104000007,0.6132499936,1.488624996032,-4.062498560000002
3.2240000000000004e-06,0.312495104000007,0.61949999296,1.488624996032,-3.7499985920000007
3.2245000000000002e-06,0.312495104000007,0.61949999296,1.49362499552,-3.7499985920000007
3.225e-06,-0.46875494399999695,0.61949999296,1.491124995776,-3.437498624
3.2255000000000003e-06,-0.46875494399999695,0.6132499936,1.488624996032,-3.7499985920000007
3.226e-06,0.312495104000007,0.61949999296,1.48737499616,-3.437498624
3.2265000000000004e-06,0.312495104000007,0.61949999296,1.488624996032,-3.7499985920000007
3.227e-06,1.0937451519999968,0.62574999232,1.489874995904,-3.437498624
3.2275e-06,0.312495104000007,0.61949999296,1.489874995904,-3.437498624
3.2280000000000003e-06,-0.46875494399999695,0.6132499936,1.488624996032,-3.7499985920000007
3.2285e-06,-0.46875494399999695,0.61949999296,1.488624996032,-3.7499985920000007
3.2290000000000003e-06,0.312495104000007,0.61949999296,1.488624996032,-3.437498624
3.2295e-06,-0.46875494399999695,0.61949999296,1.488624996032,-3.7499985920000007
3.23e-06,-0.46875494399999695,0.61949999296,1.488624996032,-3.437498624
3.2305000000000002e-06,0.312495104000007,0.6132499936,1.491124995776,-3.7499985920000007
3.231e-06,0.312495104000007,0.6132499936,1.489874995904,-3.7499985920000007
3.2315000000000003e-06,0.312495104000007,0.61949999296,1.488624996032,-4.062498560000002
3.232e-06,0.312495104000007,0.61949999296,1.489874995904,-3.7499985920000007
3.2325000000000004e-06,-0.46875494399999695,0.6132499936,1.491124995776,-3.7499985920000007
3.2330000000000002e-06,-0.46875494399999695,0.6132499936,1.489874995904,-3.7499985920000007
3.2335e-06,0.312495104000007,0.6132499936,1.489874995904,-3.7499985920000007
3.2340000000000003e-06,0.312495104000007,0.6132499936,1.48737499616,-3.437498624
3.2345e-06,-0.46875494399999695,0.61949999296,1.488624996032,-3.7499985920000007
3.2350000000000004e-06,0.312495104000007,0.61949999296,1.48737499616,-3.437498624
3.2355e-06,0.312495104000007,0.6132499936,1.48737499616,-3.437498624
3.236e-06,-0.46875494399999695,0.6132499936,1.48737499616,-3.437498624
3.2365000000000003e-06,-0.46875494399999695,0.61949999296,1.488624996032,-4.062498560000002
3.237e-06,0.312495104000007,0.6132499936,1.489874995904,-3.7499985920000007
3.2375000000000003e-06,0.312495104000007,0.61949999296,1.489874995904,-3.7499985920000007
3.238e-06,0.312495104000007,0.6132499936,1.489874995904,-3.1249986560000007
3.2385e-06,0.312495104000007,0.6132499936,1.491124995776,-3.437498624
3.2390000000000002e-06,0.312495104000007,0.61949999296,1.488624996032,-3.437498624
3.2395e-06,0.312495104000007,0.6132499936,1.48737499616,-3.7499985920000007
3.2400000000000003e-06,0.312495104000007,0.61949999296,1.486124996288,-3.7499985920000007
3.2405e-06,0.312495104000007,0.6132499936,1.489874995904,-4.062498560000002
3.2410000000000004e-06,-0.46875494399999695,0.6132499936,1.4923749956480001,-3.437498624
3.2415000000000002e-06,0.312495104000007,0.61949999296,1.4923749956480001,-3.437498624
3.242e-06,0.312495104000007,0.6132499936,1.49362499552,-3.7499985920000007
3.2425000000000003e-06,0.312495104000007,0.6132499936,1.4923749956480001,-3.7499985920000007
3.243e-06,0.312495104000007,0.6132499936,1.491124995776,-3.7499985920000007
3.2435000000000004e-06,0.312495104000007,0.6132499936,1.491124995776,-3.437498624
3.244e-06,-0.46875494399999695,0.6132499936,1.489874995904,-3.437498624
3.2445e-06,0.312495104000007,0.61949999296,1.4923749956480001,-3.437498624
3.2450000000000003e-06,1.0937451519999968,0.61949999296,1.491124995776,-3.437498624
3.2455e-06,0.312495104000007,0.61949999296,1.489874995904,-4.062498560000002
3.2460000000000003e-06,-0.46875494399999695,0.6132499936,1.488624996032,-3.7499985920000007
3.2465e-06,0.312495104000007,0.6132499936,1.48737499616,-3.7499985920000007
3.247e-06,0.312495104000007,0.61949999296,1.486124996288,-3.437498624
3.2475000000000002e-06,-0.46875494399999695,0.6132499936,1.488624996032,-3.7499985920000007
3.248e-06,0.312495104000007,0.61949999296,1.48737499616,-3.7499985920000007
3.2485000000000003e-06,0.312495104000007,0.6132499936,1.489874995904,-4.062498560000002
3.249e-06,-0.46875494399999695,0.6132499936,1.489874995904,-3.7499985920000007
3.2495000000000004e-06,0.312495104000007,0.62574999232,1.4923749956480001,-3.7499985920000007
3.2500000000000002e-06,0.312495104000007,0.61949999296,1.491124995776,-3.7499985920000007
3.2505e-06,0.312495104000007,0.61949999296,1.491124995776,-3.7499985920000007
3.2510000000000003e-06,-0.46875494399999695,0.6132499936,1.488624996032,-3.7499985920000007
3.2515e-06,0.312495104000007,0.6132499936,1.488624996032,-3.437498624
3.2520000000000004e-06,-0.46875494399999695,0.6132499936,1.489874995904,-3.437498624
3.2525e-06,-0.46875494399999695,0.61949999296,1.4923749956480001,-3.7499985920000007
3.253e-06,0.312495104000007,0.61949999296,1.4923749956480001,-3.437498624
3.2535000000000003e-06,0.312495104000007,0.6132499936,1.491124995776,-4.062498560000002
3.254e-06,0.312495104000007,0.6132499936,1.489874995904,-3.437498624
3.2545000000000003e-06,0.312495104000007,0.6132499936,1.489874995904,-3.437498624
3.255e-06,-0.46875494399999695,0.61949999296,1.489874995904,-3.7499985920000007
3.2555e-06,0.312495104000007,0.61949999296,1.491124995776,-3.7499985920000007
3.2560000000000003e-06,0.312495104000007,0.61949999296,1.488624996032,-3.7499985920000007
3.2565e-06,0.312495104000007,0.6132499936,1.491124995776,-4.062498560000002
3.2570000000000003e-06,-0.46875494399999695,0.61949999296,1.489874995904,-3.437498624
3.2575e-06,0.312495104000007,0.61949999296,1.491124995776,-3.7499985920000007
3.2580000000000004e-06,0.312495104000007,0.6132499936,1.489874995904,-3.7499985920000007
3.2585000000000002e-06,0.312495104000007,0.6132499936,1.489874995904,-3.7499985920000007
3.259e-06,-0.46875494399999695,0.61949999296,1.4923749956480001,-3.7499985920000007
3.2595000000000003e-06,0.312495104000007,0.6132499936,1.49362499552,-3.437498624
3.26e-06,-0.46875494399999695,0.6132499936,1.4923749956480001,-3.437498624
3.2605000000000004e-06,0.312495104000007,0.61949999296,1.489874995904,-3.7499985920000007
3.261e-06,0.312495104000007,0.6132499936,1.491124995776,-3.7499985920000007
3.2615e-06,0.312495104000007,0.61949999296,1.489874995904,-3.7499985920000007
3.2620000000000003e-06,0.312495104000007,0.61949999296,1.489874995904,-3.437498624
3.2625e-06,0.312495104000007,0.61949999296,1.489874995904,-3.437498624
3.2630000000000004e-06,0.312495104000007,0.61949999296,1.486124996288,-3.437498624
3.2635e-06,0.312495104000007,0.6132499936,1.488624996032,-3.7499985920000007
3.264e-06,0.312495104000007,0.61949999296,1.491124995776,-3.7499985920000007
3.2645000000000003e-06,-0.46875494399999695,0.6132499936,1.49362499552,-4.062498560000002
3.265e-06,0.312495104000007,0.61949999296,1.491124995776,-3.7499985920000007
3.2655000000000003e-06,0.312495104000007,0.61949999296,1.491124995776,-3.437498624
3.266e-06,0.312495104000007,0.61949999296,1.489874995904,-3.437498624
3.2665000000000004e-06,0.312495104000007,0.6132499936,1.489874995904,-3.7499985920000007
3.2670000000000002e-06,-0.46875494399999695,0.61949999296,1.491124995776,-3.1249986560000007
3.2675e-06,0.312495104000007,0.60699999424,1.491124995776,-3.7499985920000007
3.2680000000000003e-06,0.312495104000007,0.6132499936,1.488624996032,-3.437498624
3.2685e-06,0.312495104000007,0.61949999296,1.48737499616,-3.7499985920000007
3.2690000000000004e-06,0.312495104000007,0.61949999296,1.488624996032,-3.437498624
3.2695e-06,0.312495104000007,0.6132499936,1.486124996288,-3.7499985920000007
3.27e-06,0.312495104000007,0.6132499936,1.486124996288,-3.437498624
3.2705000000000003e-06,-0.46875494399999695,0.6132499936,1.488624996032,-3.7499985920000007
3.271e-06,0.312495104000007,0.6132499936,1.48737499616,-3.7499985920000007
3.2715000000000004e-06,0.312495104000007,0.61949999296,1.488624996032,-3.7499985920000007
3.272e-06,0.312495104000007,0.61949999296,1.486124996288,-3.7499985920000007
3.2725e-06,-0.46875494399999695,0.61949999296,1.489874995904,-3.7499985920000007
3.2730000000000003e-06,0.312495104000007,0.61949999296,1.488624996032,-3.7499985920000007
3.2735e-06,0.312495104000007,0.6132499936,1.489874995904,-3.7499985920000007
3.2740000000000003e-06,0.312495104000007,0.6132499936,1.48737499616,-3.7499985920000007
3.2745e-06,0.312495104000007,0.6132499936,1.48737499616,-3.7499985920000007
3.2750000000000004e-06,0.312495104000007,0.6132499936,1.48737499616,-3.437498624
3.2755000000000002e-06,-0.46875494399999695,0.6132499936,1.488624996032,-3.7499985920000007
3.276e-06,0.312495104000007,0.6132499936,1.48737499616,-3.7499985920000007
3.2765000000000003e-06,1.0937451519999968,0.6132499936,1.488624996032,-3.7499985920000007
3.277e-06,0.312495104000007,0.61949999296,1.491124995776,-3.7499985920000007
3.2775000000000004e-06,-0.46875494399999695,0.6132499936,1.489874995904,-4.062498560000002
3.278e-06,0.312495104000007,0.6132499936,1.488624996032,-3.7499985920000007
3.2785e-06,0.312495104000007,0.6132499936,1.491124995776,-3.7499985920000007
3.2790000000000003e-06,0.312495104000007,0.61949999296,1.489874995904,-3.437498624
3.2795e-06,-0.46875494399999695,0.6132499936,1.488624996032,-3.7499985920000007
3.2800000000000004e-06,0.312495104000007,0.61949999296,1.484874996416,-3.7499985920000007
3.2805e-06,0.312495104000007,0.61949999296,1.486124996288,-3.7499985920000007
3.281e-06,0.312495104000007,0.6132499936,1.48737499616,-3.7499985920000007
3.2815000000000003e-06,0.312495104000007,0.6132499936,1.488624996032,-3.7499985920000007
3.282e-06,0.312495104000007,0.61949999296,1.488624996032,-3.7499985920000007
3.2825000000000003e-06,-0.46875494399999695,0.6132499936,1.486124996288,-3.7499985920000007
3.283e-06,-0.46875494399999695,0.61949999296,1.486124996288,-3.437498624
3.2835000000000004e-06,0.312495104000007,0.61949999296,1.486124996288,-3.437498624
3.2840000000000002e-06,-0.46875494399999695,0.6132499936,1.48737499616,-3.437498624
3.2845e-06,0.312495104000007,0.61949999296,1.489874995904,-3.437498624
3.2850000000000003e-06,0.312495104000007,0.61949999296,1.488624996032,-3.437498624
3.2855e-06,-0.46875494399999695,0.61949999296,1.48737499616,-3.7499985920000007
3.2860000000000004e-06,-0.46875494399999695,0.6132499936,1.488624996032,-3.7499985920000007
3.2865000000000002e-06,-0.46875494399999695,0.6132499936,1.491124995776,-3.437498624
3.287e-06,-0.46875494399999695,0.6132499936,1.489874995904,-3.437498624
3.2875000000000003e-06,0.312495104000007,0.6132499936,1.48737499616,-3.7499985920000007
3.288e-06,-0.46875494399999695,0.61949999296,1.48737499616,-3.437498624
3.2885000000000004e-06,-0.46875494399999695,0.6132499936,1.489874995904,-3.7499985920000007
3.289e-06,-0.46875494399999695,0.61949999296,1.488624996032,-3.437498624
3.2895e-06,0.312495104000007,0.61949999296,1.488624996032,-3.437498624
3.2900000000000003e-06,0.312495104000007,0.61949999296,1.489874995904,-3.437498624
3.2905e-06,0.312495104000007,0.61949999296,1.488624996032,-3.7499985920000007
3.2910000000000003e-06,-0.46875494399999695,0.61949999296,1.489874995904,-3.437498624
3.2915e-06,0.312495104000007,0.61949999296,1.491124995776,-3.437498624
3.2920000000000004e-06,0.312495104000007,0.6132499936,1.489874995904,-3.437498624
3.2925000000000002e-06,0.312495104000007,0.61949999296,1.488624996032,-3.7499985920000007
3.293e-06,0.312495104000007,0.61949999296,1.488624996032,-3.437498624
3.2935000000000003e-06,0.312495104000007,0.61949999296,1.48737499616,-3.7499985920000007
3.294e-06,-0.46875494399999695,0.61949999296,1.48737499616,-3.7499985920000007
3.2945000000000004e-06,0.312495104000007,0.61949999296,1.489874995904,-3.437498624
3.2950000000000002e-06,-0.46875494399999695,0.6132499936,1.488624996032,-3.7499985920000007
3.2955e-06,-0.46875494399999695,0.6132499936,1.48737499616,-3.7499985920000007
3.2960000000000003e-06,0.312495104000007,0.61949999296,1.484874996416,-3.7499985920000007
3.2965e-06,0.312495104000007,0.6132499936,1.484874996416,-3.7499985920000007
3.2970000000000004e-06,0.312495104000007,0.6132499936,1.486124996288,-3.7499985920000007
3.2975e-06,0.312495104000007,0.6132499936,1.486124996288,-3.7499985920000007
3.298e-06,0.312495104000007,0.6132499936,1.484874996416,-3.7499985920000007
3.2985000000000003e-06,-0.46875494399999695,0.6132499936,1.486124996288,-3.437498624
3.299e-06,1.0937451519999968,0.6132499936,1.484874996416,-3.437498624
3.2995000000000003e-06,0.312495104000007,0.6132499936,1.484874996416,-3.437498624
3.3e-06,0.312495104000007,0.6132499936,1.486124996288,-3.437498624
3.3005e-06,-0.46875494399999695,0.61949999296,1.489874995904,-3.7499985920000007
3.3010000000000002e-06,0.312495104000007,0.6132499936,1.4923749956480001,-3.437498624
3.3015e-06,-0.46875494399999695,0.6132499936,1.491124995776,-3.7499985920000007
3.3020000000000003e-06,-0.46875494399999695,0.6132499936,1.489874995904,-3.7499985920000007
3.3025e-06,-0.46875494399999695,0.6132499936,1.4923749956480001,-3.437498624
3.3030000000000004e-06,0.312495104000007,0.60699999424,1.488624996032,-3.7499985920000007
3.3035000000000002e-06,0.312495104000007,0.6132499936,1.488624996032,-3.7499985920000007
3.304e-06,0.312495104000007,0.61949999296,1.488624996032,-3.437498624
3.3045000000000003e-06,0.312495104000007,0.6132499936,1.491124995776,-3.7499985920000007
3.305e-06,-0.46875494399999695,0.6132499936,1.489874995904,-3.437498624
3.3055000000000004e-06,0.312495104000007,0.6132499936,1.4923749956480001,-3.437498624
3.306e-06,0.312495104000007,0.61949999296,1.4923749956480001,-3.7499985920000007
3.3065e-06,0.312495104000007,0.6132499936,1.491124995776,-3.7499985920000007
3.3070000000000003e-06,0.312495104000007,0.61949999296,1.491124995776,-3.437498624
3.3075e-06,-0.46875494399999695,0.6132499936,1.4923749956480001,-3.1249986560000007
3.3080000000000003e-06,-0.46875494399999695,0.6132499936,1.4923749956480001,-3.437498624
3.3085e-06,0.312495104000007,0.61949999296,1.489874995904,-3.437498624
3.309e-06,0.312495104000007,0.6132499936,1.489874995904,-3.437498624
3.3095000000000002e-06,0.312495104000007,0.6132499936,1.489874995904,-3.7499985920000007
3.31e-06,-0.46875494399999695,0.6132499936,1.49362499552,-3.437498624
3.3105000000000003e-06,0.312495104000007,0.6132499936,1.491124995776,-3.437498624
3.311e-06,0.312495104000007,0.6132499936,1.48737499616,-3.7499985920000007
3.3115000000000004e-06,0.312495104000007,0.6132499936,1.488624996032,-3.7499985920000007
3.3120000000000002e-06,0.312495104000007,0.61949999296,1.491124995776,-3.7499985920000007
3.3125e-06,0.312495104000007,0.6132499936,1.4923749956480001,-4.062498560000002
3.3130000000000003e-06,0.312495104000007,0.6132499936,1.489874995904,-3.437498624
3.3135e-06,-0.46875494399999695,0.6132499936,1.488624996032,-3.7499985920000007
3.3140000000000004e-06,0.312495104000007,0.61949999296,1.488624996032,-3.7499985920000007
3.3145e-06,-0.46875494399999695,0.6132499936,1.489874995904,-3.7499985920000007
3.315e-06,-0.46875494399999695,0.6132499936,1.491124995776,-3.437498624
3.3155000000000003e-06,0.312495104000007,0.61949999296,1.489874995904,-3.437498624
3.316e-06,-0.46875494399999695,0.6132499936,1.488624996032,-3.7499985920000007
3.3165000000000003e-06,0.312495104000007,0.6132499936,1.489874995904,-3.7499985920000007
3.317e-06,0.312495104000007,0.6132499936,1.489874995904,-3.437498624
3.3175e-06,0.312495104000007,0.6132499936,1.489874995904,-3.437498624
3.3180000000000003e-06,-0.46875494399999695,0.6132499936,1.488624996032,-3.1249986560000007
3.3185e-06,0.312495104000007,0.6132499936,1.489874995904,-3.437498624
3.3190000000000003e-06,0.312495104000007,0.6132499936,1.48737499616,-3.7499985920000007
3.3195e-06,0.312495104000007,0.61949999296,1.488624996032,-3.7499985920000007
3.3200000000000004e-06,0.312495104000007,0.6132499936,1.488624996032,-3.7499985920000007
3.3205000000000002e-06,-0.46875494399999695,0.61949999296,1.489874995904,-4.062498560000002
3.321e-06,-0.46875494399999695,0.61949999296,1.48737499616,-3.7499985920000007
3.3215000000000003e-06,-0.46875494399999695,0.6132499936,1.489874995904,-3.7499985920000007
3.322e-06,0.312495104000007,0.6132499936,1.489874995904,-3.437498624
3.3225000000000004e-06,-0.46875494399999695,0.6132499936,1.48737499616,-3.7499985920000007
3.323e-06,-0.46875494399999695,0.6132499936,1.48737499616,-3.7499985920000007
3.3235e-06,0.312495104000007,0.61949999296,1.489874995904,-3.437498624
3.3240000000000003e-06,0.312495104000007,0.61949999296,1.489874995904,-3.437498624
3.3245e-06,0.312495104000007,0.61949999296,1.489874995904,-3.437498624
3.3250000000000004e-06,0.312495104000007,0.6132499936,1.49362499552,-3.437498624
3.3255e-06,-0.46875494399999695,0.61949999296,1.491124995776,-3.7499985920000007
3.326e-06,-0.46875494399999695,0.6132499936,1.48737499616,-3.437498624
3.3265000000000003e-06,-0.46875494399999695,0.6132499936,1.489874995904,-3.7499985920000007
3.327e-06,-0.46875494399999695,0.6132499936,1.489874995904,-3.437498624
3.3275000000000003e-06,0.312495104000007,0.60699999424,1.491124995776,-3.7499985920000007
3.328e-06,0.312495104000007,0.6132499936,1.489874995904,-3.437498624
3.3285000000000004e-06,0.312495104000007,0.6132499936,1.491124995776,-3.7499985920000007
3.3290000000000002e-06,-0.46875494399999695,0.6132499936,1.489874995904,-3.7499985920000007
3.3295e-06,0.312495104000007,0.60699999424,1.491124995776,-3.7499985920000007
3.3300000000000003e-06,0.312495104000007,0.6132499936,1.491124995776,-3.437498624
3.3305e-06,-0.46875494399999695,0.6132499936,1.491124995776,-3.437498624
3.3310000000000004e-06,-0.46875494399999695,0.61949999296,1.491124995776,-3.437498624
3.3315e-06,0.312495104000007,0.6132499936,1.489874995904,-3.1249986560000007
3.332e-06,0.312495104000007,0.6132499936,1.488624996032,-3.437498624
3.3325000000000003e-06,-0.46875494399999695,0.6132499936,1.488624996032,-3.7499985920000007
3.333e-06,0.312495104000007,0.6132499936,1.488624996032,-3.7499985920000007
3.3335000000000004e-06,-0.46875494399999695,0.6132499936,1.491124995776,-3.7499985920000007
3.334e-06,-0.46875494399999695,0.6132499936,1.4923749956480001,-3.437498624
3.3345e-06,0.312495104000007,0.61949999296,1.491124995776,-3.437498624
3.3350000000000003e-06,0.312495104000007,0.6132499936,1.48737499616,-3.7499985920000007
3.3355e-06,1.0937451519999968,0.60699999424,1.486124996288,-3.7499985920000007
3.3360000000000003e-06,0.312495104000007,0.6132499936,1.484874996416,-3.7499985920000007
3.3365e-06,-0.46875494399999695,0.6132499936,1.488624996032,-3.7499985920000007
3.3370000000000004e-06,0.312495104000007,0.6132499936,1.488624996032,-3.437498624
3.3375000000000002e-06,0.312495104000007,0.6132499936,1.48737499616,-3.437498624
3.338e-06,0.312495104000007,0.6132499936,1.484874996416,-3.437498624
3.3385000000000003e-06,-0.46875494399999695,0.6132499936,1.48737499616,-3.7499985920000007
3.339e-06,-0.46875494399999695,0.6132499936,1.488624996032,-3.437498624
3.3395000000000004e-06,-0.46875494399999695,0.6132499936,1.488624996032,-3.1249986560000007
3.34e-06,-0.46875494399999695,0.6132499936,1.48737499616,-3.437498624
3.3405e-06,0.312495104000007,0.61949999296,1.488624996032,-3.437498624
3.3410000000000003e-06,-0.46875494399999695,0.6132499936,1.488624996032,-3.437498624
3.3415e-06,-0.46875494399999695,0.60699999424,1.488624996032,-3.7499985920000007
3.3420000000000004e-06,0.312495104000007,0.60699999424,1.489874995904,-3.437498624
3.3425e-06,0.312495104000007,0.6132499936,1.488624996032,-3.437498624
3.343e-06,-0.46875494399999695,0.60699999424,1.484874996416,-3.7499985920000007
3.3435000000000003e-06,-0.46875494399999695,0.6132499936,1.486124996288,-3.7499985920000007
3.344e-06,0.312495104000007,0.61949999296,1.486124996288,-3.437498624
3.3445000000000003e-06,0.312495104000007,0.6132499936,1.488624996032,-3.7499985920000007
3.345e-06,0.312495104000007,0.61949999296,1.489874995904,-3.7499985920000007
3.3455000000000004e-06,0.312495104000007,0.6132499936,1.491124995776,-3.437498624
3.3460000000000002e-06,0.312495104000007,0.61949999296,1.491124995776,-3.437498624
3.3465e-06,-0.46875494399999695,0.61949999296,1.491124995776,-3.7499985920000007
3.3470000000000003e-06,-0.46875494399999695,0.6132499936,1.489874995904,-3.437498624
3.3475e-06,0.312495104000007,0.6132499936,1.488624996032,-3.437498624
3.3480000000000004e-06,0.312495104000007,0.6132499936,1.488624996032,-3.7499985920000007
3.3485000000000002e-06,1.0937451519999968,0.6132499936,1.489874995904,-3.7499985920000007
3.349e-06,1.0937451519999968,0.6132499936,1.489874995904,-3.437498624
3.3495000000000003e-06,0.312495104000007,0.6132499936,1.48737499616,-3.7499985920000007
3.35e-06,0.312495104000007,0.6132499936,1.48737499616,-3.437498624
3.3505000000000004e-06,1.0937451519999968,0.6132499936,1.489874995904,-3.7499985920000007
3.351e-06,0.312495104000007,0.6132499936,1.488624996032,-3.7499985920000007
3.3515e-06,0.312495104000007,0.6132499936,1.48737499616,-3.7499985920000007
3.3520000000000003e-06,0.312495104000007,0.61949999296,1.486124996288,-3.7499985920000007
3.3525e-06,0.312495104000007,0.6132499936,1.48737499616,-3.7499985920000007
3.3530000000000003e-06,0.312495104000007,0.6132499936,1.488624996032,-3.437498624
3.3535e-06,0.312495104000007,0.6132499936,1.489874995904,-3.7499985920000007
3.3540000000000004e-06,0.312495104000007,0.6132499936,1.489874995904,-3.437498624
3.3545000000000002e-06,0.312495104000007,0.6132499936,1.489874995904,-3.7499985920000007
3.355e-06,0.312495104000007,0.6132499936,1.489874995904,-3.437498624
3.3555000000000003e-06,0.312495104000007,0.61949999296,1.489874995904,-3.437498624
3.356e-06,-1.250004992000001,0.6132499936,1.488624996032,-3.7499985920000007
3.3565000000000004e-06,-0.46875494399999695,0.61949999296,1.489874995904,-3.7499985920000007
3.3570000000000002e-06,0.312495104000007,0.6132499936,1.488624996032,-3.437498624
3.3575e-06,-0.46875494399999695,0.6132499936,1.48737499616,-3.7499985920000007
3.3580000000000003e-06,-0.46875494399999695,0.6132499936,1.488624996032,-3.7499985920000007
3.3585e-06,-0.46875494399999695,0.6132499936,1.491124995776,-3.1249986560000007
3.3590000000000004e-06,0.312495104000007,0.6132499936,1.491124995776,-3.437498624
3.3595e-06,-1.250004992000001,0.61949999296,1.491124995776,-3.7499985920000007
3.36e-06,0.312495104000007,0.61949999296,1.488624996032,-3.437498624
3.3605000000000003e-06,1.0937451519999968,0.6132499936,1.491124995776,-4.062498560000002
3.361e-06,0.312495104000007,0.60699999424,1.489874995904,-3.7499985920000007
3.3615000000000003e-06,0.312495104000007,0.6132499936,1.48737499616,-3.7499985920000007
3.362e-06,0.312495104000007,0.60699999424,1.486124996288,-3.7499985920000007
3.3625000000000004e-06,0.312495104000007,0.6132499936,1.489874995904,-3.7499985920000007
3.3630000000000002e-06,-0.46875494399999695,0.6132499936,1.491124995776,-3.437498624
3.3635e-06,-0.46875494399999695,0.6132499936,1.489874995904,-3.437498624
3.3640000000000003e-06,0.312495104000007,0.6132499936,1.489874995904,-3.437498624
3.3645e-06,-0.46875494399999695,0.61949999296,1.488624996032,-3.7499985920000007
3.3650000000000004e-06,0.312495104000007,0.6132499936,1.488624996032,-3.437498624
3.3655000000000002e-06,0.312495104000007,0.60699999424,1.48737499616,-3.7499985920000007
3.366e-06,0.312495104000007,0.6132499936,1.488624996032,-3.7499985920000007
3.3665000000000003e-06,-0.46875494399999695,0.6132499936,1.4923749956480001,-3.437498624
3.367e-06,0.312495104000007,0.61949999296,1.491124995776,-3.7499985920000007
3.3675000000000004e-06,-0.46875494399999695,0.60699999424,1.491124995776,-3.7499985920000007
3.368e-06,0.312495104000007,0.6132499936,1.488624996032,-3.437498624
3.3685e-06,-0.46875494399999695,0.60699999424,1.489874995904,-3.7499985920000007
3.3690000000000003e-06,-0.46875494399999695,0.6132499936,1.489874995904,-3.437498624
3.3695e-06,0.312495104000007,0.6132499936,1.491124995776,-3.7499985920000007
3.3700000000000003e-06,-0.46875494399999695,0.6132499936,1.4923749956480001,-3.437498624
3.3705e-06,-0.46875494399999695,0.6132499936,1.49362499552,-3.437498624
3.3710000000000004e-06,-0.46875494399999695,0.61949999296,1.49362499552,-3.437498624
3.3715000000000002e-06,0.312495104000007,0.6132499936,1.4923749956480001,-3.437498624
3.372e-06,-0.46875494399999695,0.6132499936,1.489874995904,-3.437498624
3.3725000000000003e-06,-0.46875494399999695,0.6132499936,1.489874995904,-3.437498624
3.373e-06,0.312495104000007,0.6132499936,1.491124995776,-3.7499985920000007
3.3735000000000004e-06,0.312495104000007,0.6132499936,1.489874995904,-3.7499985920000007
3.3740000000000002e-06,-0.46875494399999695,0.6132499936,1.489874995904,-3.437498624
3.3745e-06,-0.46875494399999695,0.6132499936,1.489874995904,-3.437498624
3.3750000000000003e-06,0.312495104000007,0.6132499936,1.489874995904,-3.7499985920000007
3.3755e-06,-0.46875494399999695,0.6132499936,1.489874995904,-3.7499985920000007
3.3760000000000004e-06,-0.46875494399999695,0.61949999296,1.48737499616,-3.437498624
3.3765e-06,0.312495104000007,0.6132499936,1.488624996032,-3.7499985920000007
3.377e-06,0.312495104000007,0.6132499936,1.48737499616,-3.437498624
3.3775000000000003e-06,0.312495104000007,0.6132499936,1.48737499616,-3.7499985920000007
3.378e-06,1.0937451519999968,0.61949999296,1.48737499616,-3.7499985920000007
3.3785000000000003e-06,-0.46875494399999695,0.6132499936,1.488624996032,-3.7499985920000007
3.379e-06,0.312495104000007,0.61949999296,1.48737499616,-3.437498624
3.3795e-06,0.312495104000007,0.6132499936,1.484874996416,-3.437498624
3.3800000000000002e-06,-0.46875494399999695,0.61949999296,1.48737499616,-3.7499985920000007
3.3805e-06,-0.46875494399999695,0.61949999296,1.491124995776,-3.7499985920000007
3.3810000000000003e-06,0.312495104000007,0.6132499936,1.4923749956480001,-3.437498624
3.3815e-06,-0.46875494399999695,0.6132499936,1.489874995904,-3.7499985920000007
3.3820000000000004e-06,-0.46875494399999695,0.6132499936,1.48737499616,-3.7499985920000007
3.3825000000000002e-06,0.312495104000007,0.6132499936,1.48737499616,-3.437498624
3.383e-06,0.312495104000007,0.6132499936,1.489874995904,-3.437498624
3.3835000000000003e-06,0.312495104000007,0.6132499936,1.491124995776,-3.7499985920000007
3.384e-06,-0.46875494399999695,0.61949999296,1.488624996032,-3.7499985920000007
3.3845000000000004e-06,1.0937451519999968,0.6132499936,1.488624996032,-3.7499985920000007
3.385e-06,-0.46875494399999695,0.6132499936,1.488624996032,-3.7499985920000007
3.3855e-06,0.312495104000007,0.6132499936,1.489874995904,-3.437498624
3.3860000000000003e-06,0.312495104000007,0.61949999296,1.48737499616,-3.7499985920000007
3.3865e-06,0.312495104000007,0.60699999424,1.48737499616,-3.7499985920000007
3.3870000000000004e-06,-0.46875494399999695,0.6132499936,1.48737499616,-3.7499985920000007
3.3875e-06,-0.46875494399999695,0.61949999296,1.484874996416,-3.7499985920000007
3.388e-06,0.312495104000007,0.61949999296,1.484874996416,-3.437498624
3.3885000000000003e-06,0.312495104000007,0.61949999296,1.484874996416,-3.437498624
3.389e-06,0.312495104000007,0.6132499936,1.484874996416,-3.437498624
3.3895000000000003e-06,-0.46875494399999695,0.6132499936,1.486124996288,-3.7499985920000007
3.39e-06,-0.46875494399999695,0.6132499936,1.48737499616,-3.7499985920000007
3.3905000000000004e-06,-0.46875494399999695,0.6132499936,1.488624996032,-3.7499985920000007
3.3910000000000002e-06,0.312495104000007,0.6132499936,1.48737499616,-3.7499985920000007
3.3915e-06,0.312495104000007,0.6132499936,1.488624996032,-3.7499985920000007
3.3920000000000003e-06,0.312495104000007,0.6132499936,1.486124996288,-3.7499985920000007
3.3925e-06,0.312495104000007,0.6132499936,1.488624996032,-3.7499985920000007
3.3930000000000004e-06,0.312495104000007,0.61949999296,1.491124995776,-3.437498624
3.3935e-06,-0.46875494399999695,0.6132499936,1.491124995776,-3.437498624
3.394e-06,0.312495104000007,0.61949999296,1.48737499616,-3.437498624
3.3945000000000003e-06,0.312495104000007,0.6132499936,1.488624996032,-3.7499985920000007
3.395e-06,-0.46875494399999695,0.6132499936,1.488624996032,-3.437498624
3.3955000000000004e-06,0.312495104000007,0.61949999296,1.489874995904,-3.437498624
3.396e-06,0.312495104000007,0.6132499936,1.48737499616,-3.7499985920000007
3.3965e-06,0.312495104000007,0.61949999296,1.48737499616,-3.7499985920000007
3.3970000000000003e-06,0.312495104000007,0.6132499936,1.48737499616,-3.437498624
3.3975e-06,0.312495104000007,0.6132499936,1.48737499616,-3.7499985920000007
3.3980000000000003e-06,-0.46875494399999695,0.6132499936,1.488624996032,-3.1249986560000007
3.3985e-06,-0.46875494399999695,0.6132499936,1.48737499616,-3.437498624
3.3990000000000004e-06,0.312495104000007,0.6132499936,1.48737499616,-3.437498624
3.3995000000000002e-06,0.312495104000007,0.6132499936,1.488624996032,-3.7499985920000007
3.4e-06,-0.46875494399999695,0.61949999296,1.48737499616,-3.437498624
3.4005000000000003e-06,-0.46875494399999695,0.6132499936,1.489874995904,-3.7499985920000007
3.401e-06,-0.46875494399999695,0.60699999424,1.488624996032,-3.7499985920000007
3.4015000000000004e-06,0.312495104000007,0.6132499936,1.48737499616,-3.7499985920000007
3.402e-06,0.312495104000007,0.6132499936,1.486124996288,-3.437498624
3.4025e-06,-0.46875494399999695,0.6132499936,1.489874995904,-3.7499985920000007
3.4030000000000003e-06,0.312495104000007,0.6132499936,1.4923749956480001,-3.437498624
3.4035e-06,0.312495104000007,0.6132499936,1.489874995904,-3.7499985920000007
3.4040000000000004e-06,-0.46875494399999695,0.60699999424,1.489874995904,-3.7499985920000007
3.4045e-06,0.312495104000007,0.61949999296,1.491124995776,-3.437498624
3.405e-06,0.312495104000007,0.61949999296,1.491124995776,-3.437498624
3.4055000000000003e-06,-0.46875494399999695,0.6132499936,1.48737499616,-3.437498624
3.406e-06,-0.46875494399999695,0.6132499936,1.488624996032,-3.437498624
3.4065000000000003e-06,0.312495104000007,0.60699999424,1.491124995776,-3.437498624
3.407e-06,0.312495104000007,0.6132499936,1.489874995904,-3.7499985920000007
3.4075000000000004e-06,-0.46875494399999695,0.61949999296,1.489874995904,-3.7499985920000007
3.4080000000000002e-06,0.312495104000007,0.61949999296,1.488624996032,-3.437498624
3.4085e-06,0.312495104000007,0.6132499936,1.491124995776,-3.7499985920000007
3.4090000000000003e-06,-0.46875494399999695,0.6132499936,1.488624996032,-3.437498624
3.4095e-06,0.312495104000007,0.60699999424,1.488624996032,-3.437498624
3.4100000000000004e-06,0.312495104000007,0.61949999296,1.491124995776,-3.7499985920000007
3.4105e-06,-0.46875494399999695,0.6132499936,1.489874995904,-3.437498624
3.411e-06,0.312495104000007,0.6132499936,1.48737499616,-3.437498624
3.4115000000000003e-06,0.312495104000007,0.60699999424,1.48737499616,-3.7499985920000007
3.412e-06,0.312495104000007,0.6132499936,1.488624996032,-3.7499985920000007
3.4125000000000004e-06,-0.46875494399999695,0.61949999296,1.489874995904,-3.7499985920000007
3.413e-06,0.312495104000007,0.6132499936,1.489874995904,-3.1249986560000007
3.4135e-06,0.312495104000007,0.6132499936,1.48737499616,-3.7499985920000007
3.4140000000000003e-06,0.312495104000007,0.60699999424,1.488624996032,-3.437498624
3.4145e-06,0.312495104000007,0.6132499936,1.488624996032,-3.437498624
3.4150000000000003e-06,-0.46875494399999695,0.6132499936,1.484874996416,-3.7499985920000007
3.4155e-06,0.312495104000007,0.6132499936,1.486124996288,-3.7499985920000007
3.4160000000000004e-06,0.312495104000007,0.6132499936,1.484874996416,-3.437498624
3.4165000000000002e-06,0.312495104000007,0.6132499936,1.48737499616,-3.7499985920000007
3.417e-06,-1.250004992000001,0.6132499936,1.48737499616,-3.437498624
3.4175000000000003e-06,0.312495104000007,0.6132499936,1.48737499616,-3.7499985920000007
3.418e-06,0.312495104000007,0.6132499936,1.48737499616,-3.437498624
3.4185000000000004e-06,-0.46875494399999695,0.6132499936,1.48737499616,-3.7499985920000007
3.4190000000000002e-06,-0.46875494399999695,0.61949999296,1.488624996032,-3.437498624
3.4195e-06,0.312495104000007,0.61949999296,1.489874995904,-3.437498624
3.4200000000000003e-06,-0.46875494399999695,0.6132499936,1.489874995904,-3.7499985920000007
3.4205e-06,-0.46875494399999695,0.6132499936,1.4923749956480001,-3.7499985920000007
3.4210000000000004e-06,-0.46875494399999695,0.6132499936,1.491124995776,-3.437498624
3.4215e-06,-0.46875494399999695,0.61949999296,1.488624996032,-3.7499985920000007
3.422e-06,-0.46875494399999695,0.6132499936,1.489874995904,-3.437498624
3.4225000000000003e-06,-0.46875494399999695,0.60699999424,1.491124995776,-3.7499985920000007
3.423e-06,-1.250004992000001,0.6132499936,1.488624996032,-3.7499985920000007
3.4235000000000003e-06,0.312495104000007,0.6132499936,1.489874995904,-3.7499985920000007
3.424e-06,0.312495104000007,0.6132499936,1.48737499616,-3.437498624
3.4245000000000004e-06,-0.46875494399999695,0.6132499936,1.488624996032,-3.7499985920000007
3.4250000000000002e-06,-1.250004992000001,0.6132499936,1.488624996032,-3.7499985920000007
3.4255e-06,-0.46875494399999695,0.6132499936,1.489874995904,-4.062498560000002
3.4260000000000003e-06,0.312495104000007,0.61949999296,1.488624996032,-3.7499985920000007
3.4265e-06,-0.46875494399999695,0.60699999424,1.48737499616,-3.7499985920000007
3.4270000000000004e-06,-0.46875494399999695,0.6132499936,1.48737499616,-3.437498624
3.4275000000000002e-06,0.312495104000007,0.6132499936,1.489874995904,-3.437498624
3.428e-06,-0.46875494399999695,0.6132499936,1.489874995904,-3.437498624
3.4285000000000003e-06,0.312495104000007,0.61949999296,1.488624996032,-3.7499985920000007
3.429e-06,0.312495104000007,0.6132499936,1.488624996032,-3.7499985920000007
3.4295000000000004e-06,0.312495104000007,0.6132499936,1.486124996288,-3.7499985920000007
3.43e-06,0.312495104000007,0.6132499936,1.486124996288,-3.7499985920000007
3.4305e-06,0.312495104000007,0.6132499936,1.488624996032,-3.437498624
3.4310000000000003e-06,0.312495104000007,0.61949999296,1.48737499616,-3.7499985920000007
3.4315e-06,0.312495104000007,0.6132499936,1.486124996288,-3.7499985920000007
3.4320000000000003e-06,0.312495104000007,0.6132499936,1.486124996288,-3.7499985920000007
3.4325e-06,-0.46875494399999695,0.6132499936,1.489874995904,-3.7499985920000007
3.4330000000000004e-06,0.312495104000007,0.6132499936,1.48737499616,-3.437498624
3.4335000000000002e-06,-0.46875494399999695,0.60699999424,1.488624996032,-3.7499985920000007
3.434e-06,1.0937451519999968,0.6132499936,1.488624996032,-3.7499985920000007
3.4345000000000003e-06,-0.46875494399999695,0.6132499936,1.488624996032,-3.7499985920000007
3.435e-06,-0.46875494399999695,0.61949999296,1.48737499616,-3.1249986560000007
3.4355000000000004e-06,0.312495104000007,0.6132499936,1.48737499616,-3.437498624
3.4360000000000002e-06,0.312495104000007,0.6132499936,1.48737499616,-3.437498624
3.4365e-06,-0.46875494399999695,0.6132499936,1.489874995904,-3.437498624
3.4370000000000003e-06,0.312495104000007,0.61949999296,1.491124995776,-3.1249986560000007
3.4375e-06,0.312495104000007,0.6132499936,1.489874995904,-3.437498624
3.4380000000000004e-06,-0.46875494399999695,0.6132499936,1.4923749956480001,-3.437498624
3.4385e-06,-0.46875494399999695,0.6132499936,1.4923749956480001,-3.437498624
3.439e-06,0.312495104000007,0.6132499936,1.491124995776,-3.437498624
3.4395000000000003e-06,-0.46875494399999695,0.6132499936,1.4923749956480001,-3.7499985920000007
3.44e-06,0.312495104000007,0.6132499936,1.4923749956480001,-3.437498624
3.4405000000000003e-06,-0.46875494399999695,0.6132499936,1.49362499552,-3.7499985920000007
3.441e-06,0.312495104000007,0.6132499936,1.4923749956480001,-3.1249986560000007
3.4415000000000004e-06,0.312495104000007,0.6132499936,1.491124995776,-3.437498624
3.4420000000000002e-06,0.312495104000007,0.6132499936,1.489874995904,-3.7499985920000007
3.4425e-06,-0.46875494399999695,0.6132499936,1.489874995904,-3.7499985920000007
3.4430000000000003e-06,-0.46875494399999695,0.60699999424,1.488624996032,-3.437498624
3.4435e-06,0.312495104000007,0.6132499936,1.489874995904,-3.1249986560000007
3.4440000000000004e-06,-0.46875494399999695,0.6132499936,1.489874995904,-3.1249986560000007
3.4445000000000002e-06,-0.46875494399999695,0.6132499936,1.491124995776,-3.437498624
3.445e-06,0.312495104000007,0.6132499936,1.491124995776,-3.437498624
3.4455000000000003e-06,0.312495104000007,0.6132499936,1.491124995776,-3.7499985920000007
3.446e-06,-0.46875494399999695,0.6132499936,1.4923749956480001,-3.437498624
3.4465000000000004e-06,0.312495104000007,0.60699999424,1.4923749956480001,-3.1249986560000007
3.447e-06,0.312495104000007,0.60699999424,1.489874995904,-3.437498624
3.4475e-06,-0.46875494399999695,0.60699999424,1.488624996032,-3.7499985920000007
3.4480000000000003e-06,0.312495104000007,0.6132499936,1.488624996032,-3.437498624
3.4485e-06,-0.46875494399999695,0.60699999424,1.4923749956480001,-3.7499985920000007
3.4490000000000004e-06,-0.46875494399999695,0.60699999424,1.489874995904,-3.437498624
3.4495e-06,-0.46875494399999695,0.6132499936,1.488624996032,-3.1249986560000007
3.4500000000000004e-06,0.312495104000007,0.6132499936,1.48737499616,-3.437498624
3.4505000000000003e-06,-0.46875494399999695,0.6132499936,1.488624996032,-3.7499985920000007
3.451e-06,0.312495104000007,0.60699999424,1.489874995904,-3.437498624
3.4515000000000003e-06,-0.46875494399999695,0.60699999424,1.489874995904,-3.437498624
3.452e-06,-0.46875494399999695,0.6132499936,1.489874995904,-3.437498624
3.4525000000000004e-06,-0.46875494399999695,0.6132499936,1.491124995776,-3.7499985920000007
3.4530000000000002e-06,0.312495104000007,0.6132499936,1.491124995776,-3.7499985920000007
3.4535e-06,-0.46875494399999695,0.60699999424,1.488624996032,-3.7499985920000007
3.4540000000000003e-06,0.312495104000007,0.6132499936,1.491124995776,-3.437498624
3.4545e-06,-0.46875494399999695,0.6132499936,1.4923749956480001,-3.1249986560000007
3.4550000000000004e-06,-0.46875494399999695,0.6132499936,1.488624996032,-3.7499985920000007
3.4555e-06,-0.46875494399999695,0.6132499936,1.489874995904,-3.7499985920000007
3.456e-06,-0.46875494399999695,0.6132499936,1.489874995904,-3.7499985920000007
3.4565000000000003e-06,-0.46875494399999695,0.61949999296,1.489874995904,-3.7499985920000007
3.457e-06,-0.46875494399999695,0.6132499936,1.48737499616,-3.7499985920000007
3.4575000000000004e-06,-0.46875494399999695,0.6132499936,1.486124996288,-3.437498624
3.458e-06,0.312495104000007,0.61949999296,1.48737499616,-3.437498624
3.4585e-06,-0.46875494399999695,0.6132499936,1.488624996032,-3.437498624
3.4590000000000003e-06,0.312495104000007,0.6132499936,1.488624996032,-3.437498624
3.4595e-06,0.312495104000007,0.6132499936,1.489874995904,-3.437498624
3.4600000000000003e-06,-0.46875494399999695,0.6132499936,1.489874995904,-3.437498624
3.4605e-06,-0.46875494399999695,0.61949999296,1.488624996032,-3.437498624
3.4610000000000004e-06,0.312495104000007,0.6132499936,1.48737499616,-3.437498624
3.4615000000000002e-06,-0.46875494399999695,0.60699999424,1.488624996032,-3.7499985920000007
3.462e-06,0.312495104000007,0.60699999424,1.488624996032,-3.7499985920000007
3.4625000000000003e-06,0.312495104000007,0.6132499936,1.489874995904,-3.7499985920000007
3.463e-06,0.312495104000007,0.6132499936,1.48737499616,-3.437498624
3.4635000000000004e-06,-0.46875494399999695,0.61949999296,1.488624996032,-3.437498624
3.464e-06,0.312495104000007,0.6132499936,1.48737499616,-3.437498624
3.4645e-06,0.312495104000007,0.6132499936,1.48737499616,-3.7499985920000007
3.4650000000000003e-06,0.312495104000007,0.6132499936,1.486124996288,-3.437498624
3.4655e-06,0.312495104000007,0.6132499936,1.486124996288,-3.1249986560000007
3.4660000000000004e-06,0.312495104000007,0.60699999424,1.486124996288,-3.437498624
3.4665e-06,-0.46875494399999695,0.6132499936,1.48737499616,-3.437498624
3.467e-06,-0.46875494399999695,0.6132499936,1.489874995904,-3.437498624
3.4675000000000003e-06,0.312495104000007,0.60699999424,1.489874995904,-3.437498624
3.468e-06,0.312495104000007,0.6132499936,1.486124996288,-3.437498624
3.4685000000000003e-06,1.0937451519999968,0.61949999296,1.486124996288,-3.7499985920000007
3.469e-06,0.312495104000007,0.6132499936,1.48737499616,-3.437498624
3.4695000000000004e-06,0.312495104000007,0.6132499936,1.489874995904,-3.7499985920000007
3.4700000000000002e-06,-0.46875494399999695,0.60699999424,1.491124995776,-3.437498624
3.4705e-06,0.312495104000007,0.6132499936,1.489874995904,-3.437498624
3.4710000000000003e-06,-0.46875494399999695,0.6132499936,1.488624996032,-3.7499985920000007
3.4715e-06,0.312495104000007,0.61949999296,1.488624996032,-3.437498624
3.4720000000000004e-06,1.0937451519999968,0.6132499936,1.489874995904,-3.437498624
3.4725e-06,0.312495104000007,0.6132499936,1.4923749956480001,-3.7499985920000007
3.473e-06,0.312495104000007,0.60699999424,1.491124995776,-3.1249986560000007
3.4735000000000003e-06,-0.46875494399999695,0.61949999296,1.488624996032,-3.437498624
3.474e-06,-0.46875494399999695,0.61949999296,1.48737499616,-3.437498624
3.4745000000000004e-06,-0.46875494399999695,0.6132499936,1.48737499616,-3.437498624
3.475e-06,-0.46875494399999695,0.6132499936,1.488624996032,-3.437498624
3.4755e-06,0.312495104000007,0.6132499936,1.488624996032,-3.437498624
3.4760000000000003e-06,-0.46875494399999695,0.6132499936,1.48737499616,-3.437498624
3.4765e-06,-0.46875494399999695,0.61949999296,1.48737499616,-3.7499985920000007
3.4770000000000003e-06,0.312495104000007,0.6132499936,1.491124995776,-3.437498624
3.4775e-06,0.312495104000007,0.6132499936,1.488624996032,-3.437498624
3.4780000000000004e-06,0.312495104000007,0.6132499936,1.48737499616,-3.437498624
3.4785000000000002e-06,-0.46875494399999695,0.6132499936,1.489874995904,-3.437498624
3.479e-06,0.312495104000007,0.60699999424,1.491124995776,-3.7499985920000007
3.4795000000000003e-06,0.312495104000007,0.6132499936,1.489874995904,-3.7499985920000007
3.48e-06,0.312495104000007,0.6132499936,1.48737499616,-3.7499985920000007
3.4805000000000004e-06,1.0937451519999968,0.6132499936,1.488624996032,-3.7499985920000007
3.4810000000000002e-06,-0.46875494399999695,0.6132499936,1.48737499616,-3.437498624
3.4815e-06,0.312495104000007,0.6132499936,1.489874995904,-3.1249986560000007
3.4820000000000003e-06,0.312495104000007,0.6132499936,1.491124995776,-3.437498624
3.4825e-06,0.312495104000007,0.6132499936,1.489874995904,-3.7499985920000007
3.4830000000000004e-06,0.312495104000007,0.6132499936,1.489874995904,-3.437498624
3.4835e-06,0.312495104000007,0.6132499936,1.4923749956480001,-3.437498624
3.484e-06,0.312495104000007,0.6132499936,1.489874995904,-3.437498624
3.4845000000000003e-06,0.312495104000007,0.61949999296,1.488624996032,-3.7499985920000007
3.485e-06,1.0937451519999968,0.6132499936,1.488624996032,-3.437498624
3.4855000000000003e-06,0.312495104000007,0.6132499936,1.488624996032,-3.437498624
3.486e-06,-0.46875494399999695,0.6132499936,1.488624996032,-3.437498624
3.4865000000000004e-06,0.312495104000007,0.6132499936,1.488624996032,-3.437498624
3.4870000000000002e-06,-0.46875494399999695,0.6132499936,1.488624996032,-3.7499985920000007
3.4875e-06,0.312495104000007,0.60699999424,1.489874995904,-3.7499985920000007
3.4880000000000003e-06,0.312495104000007,0.6132499936,1.489874995904,-3.437498624
3.4885e-06,-0.46875494399999695,0.6132499936,1.489874995904,-3.437498624
3.4890000000000004e-06,0.312495104000007,0.60699999424,1.489874995904,-3.437498624
3.4895000000000002e-06,0.312495104000007,0.6132499936,1.488624996032,-3.437498624
3.49e-06,0.312495104000007,0.6132499936,1.48737499616,-3.437498624
3.4905000000000003e-06,-0.46875494399999695,0.6132499936,1.48737499616,-3.437498624
3.491e-06,-0.46875494399999695,0.6132499936,1.486124996288,-3.1249986560000007
3.4915000000000004e-06,0.312495104000007,0.6132499936,1.483624996544,-3.437498624
3.492e-06,-0.46875494399999695,0.6132499936,1.484874996416,-3.437498624
3.4925e-06,-0.46875494399999695,0.6132499936,1.488624996032,-3.437498624
3.4930000000000003e-06,0.312495104000007,0.6132499936,1.488624996032,-3.437498624
3.4935e-06,-0.46875494399999695,0.6132499936,1.48737499616,-3.7499985920000007
3.4940000000000003e-06,0.312495104000007,0.6132499936,1.48737499616,-3.437498624
3.4945e-06,-0.46875494399999695,0.6132499936,1.489874995904,-3.437498624
3.4950000000000004e-06,0.312495104000007,0.6132499936,1.48737499616,-3.437498624
3.4955000000000002e-06,0.312495104000007,0.6132499936,1.489874995904,-3.7499985920000007
3.496e-06,-1.250004992000001,0.6132499936,1.48737499616,-3.437498624
3.4965000000000003e-06,0.312495104000007,0.6132499936,1.486124996288,-3.437498624
3.497e-06,-0.46875494399999695,0.6132499936,1.48737499616,-3.437498624
3.4975000000000004e-06,0.312495104000007,0.6132499936,1.491124995776,-3.437498624
3.4980000000000002e-06,0.312495104000007,0.6132499936,1.491124995776,-3.437498624
3.4985e-06,0.312495104000007,0.6132499936,1.489874995904,-3.7499985920000007
3.4990000000000003e-06,-0.46875494399999695,0.6132499936,1.48737499616,-3.437498624
3.4995e-06,-0.46875494399999695,0.6132499936,1.488624996032,-3.437498624
3.5000000000000004e-06,-0.46875494399999695,0.6132499936,1.489874995904,-3.437498624
3.5005e-06,0.312495104000007,0.61949999296,1.489874995904,-3.7499985920000007
3.501e-06,0.312495104000007,0.6132499936,1.488624996032,-3.437498624
3.5015000000000003e-06,-0.46875494399999695,0.6132499936,1.488624996032,-3.7499985920000007
3.502e-06,0.312495104000007,0.6132499936,1.491124995776,-3.437498624
3.5025000000000003e-06,1.0937451519999968,0.6132499936,1.491124995776,-3.7499985920000007
3.503e-06,0.312495104000007,0.61949999296,1.489874995904,-3.7499985920000007
3.5035000000000004e-06,0.312495104000007,0.60699999424,1.488624996032,-3.7499985920000007
3.5040000000000002e-06,0.312495104000007,0.60699999424,1.48737499616,-3.7499985920000007
3.5045e-06,-0.46875494399999695,0.60699999424,1.488624996032,-3.7499985920000007
3.5050000000000003e-06,-0.46875494399999695,0.60699999424,1.48737499616,-3.437498624
3.5055e-06,0.312495104000007,0.6132499936,1.488624996032,-3.437498624
3.5060000000000004e-06,0.312495104000007,0.6132499936,1.488624996032,-3.7499985920000007
3.5065000000000002e-06,0.312495104000007,0.6132499936,1.488624996032,-3.437498624
3.507e-06,0.312495104000007,0.6132499936,1.488624996032,-3.437498624
3.5075000000000003e-06,0.312495104000007,0.60699999424,1.488624996032,-3.437498624
3.508e-06,0.312495104000007,0.6132499936,1.489874995904,-3.437498624
3.5085000000000004e-06,1.0937451519999968,0.61949999296,1.489874995904,-3.7499985920000007
3.509e-06,0.312495104000007,0.6132499936,1.488624996032,-3.437498624
3.5095e-06,0.312495104000007,0.6132499936,1.488624996032,-3.437498624
3.5100000000000003e-06,0.312495104000007,0.60699999424,1.488624996032,-3.1249986560000007
3.5105e-06,-0.46875494399999695,0.6132499936,1.488624996032,-3.437498624
3.5110000000000004e-06,0.312495104000007,0.60699999424,1.48737499616,-3.7499985920000007
3.5115e-06,-0.46875494399999695,0.60699999424,1.48737499616,-3.7499985920000007
3.5120000000000004e-06,0.312495104000007,0.6132499936,1.486124996288,-3.437498624
3.5125000000000003e-06,-0.46875494399999695,0.6132499936,1.488624996032,-3.7499985920000007
3.513e-06,0.312495104000007,0.6132499936,1.491124995776,-3.437498624
3.5135000000000003e-06,0.312495104000007,0.6132499936,1.4923749956480001,-3.7499985920000007
3.514e-06,-0.46875494399999695,0.6132499936,1.491124995776,-3.437498624
3.5145000000000004e-06,-0.46875494399999695,0.60699999424,1.488624996032,-3.437498624
3.5150000000000002e-06,0.312495104000007,0.61949999296,1.486124996288,-3.437498624
3.5155e-06,0.312495104000007,0.6132499936,1.486124996288,-3.437498624
3.5160000000000003e-06,-0.46875494399999695,0.60699999424,1.48737499616,-4.062498560000002
3.5165e-06,0.312495104000007,0.6132499936,1.488624996032,-3.7499985920000007
3.5170000000000004e-06,0.312495104000007,0.6132499936,1.488624996032,-3.437498624
3.5175e-06,-0.46875494399999695,0.61949999296,1.489874995904,-3.7499985920000007
3.518e-06,0.312495104000007,0.60699999424,1.488624996032,-3.1249986560000007
3.5185000000000003e-06,0.312495104000007,0.60699999424,1.48737499616,-3.1249986560000007
3.519e-06,0.312495104000007,0.6132499936,1.486124996288,-3.437498624
3.5195000000000004e-06,0.312495104000007,0.61949999296,1.488624996032,-3.7499985920000007
3.52e-06,0.312495104000007,0.60699999424,1.489874995904,-3.437498624
3.5205000000000004e-06,0.312495104000007,0.6132499936,1.489874995904,-3.7499985920000007
3.5210000000000003e-06,-0.46875494399999695,0.6132499936,1.488624996032,-3.437498624
3.5215e-06,0.312495104000007,0.6132499936,1.48737499616,-3.437498624
3.5220000000000003e-06,0.312495104000007,0.6132499936,1.48737499616,-3.437498624
3.5225e-06,0.312495104000007,0.6132499936,1.488624996032,-3.437498624
3.5230000000000004e-06,0.312495104000007,0.6132499936,1.491124995776,-3.1249986560000007
3.5235000000000002e-06,-0.46875494399999695,0.60699999424,1.491124995776,-3.437498624
3.524e-06,-0.46875494399999695,0.60699999424,1.488624996032,-3.437498624
3.5245000000000003e-06,0.312495104000007,0.6132499936,1.489874995904,-3.437498624
3.525e-06,0.312495104000007,0.6132499936,1.489874995904,-3.1249986560000007
3.5255000000000004e-06,0.312495104000007,0.6132499936,1.48737499616,-3.437498624
3.526e-06,0.312495104000007,0.6132499936,1.48737499616,-3.437498624
3.5265e-06,0.312495104000007,0.6132499936,1.488624996032,-3.437498624
3.5270000000000003e-06,0.312495104000007,0.6132499936,1.48737499616,-3.437498624
3.5275e-06,0.312495104000007,0.6132499936,1.488624996032,-3.437498624
3.5280000000000004e-06,0.312495104000007,0.61949999296,1.48737499616,-3.437498624
3.5285e-06,0.312495104000007,0.6132499936,1.488624996032,-3.437498624
3.529e-06,0.312495104000007,0.6132499936,1.48737499616,-3.1249986560000007
3.5295000000000003e-06,0.312495104000007,0.6132499936,1.48737499616,-3.1249986560000007
3.53e-06,0.312495104000007,0.6132499936,1.48737499616,-3.437498624
3.5305000000000003e-06,0.312495104000007,0.60699999424,1.48737499616,-3.437498624
3.531e-06,-0.46875494399999695,0.6132499936,1.486124996288,-3.1249986560000007
3.5315000000000004e-06,0.312495104000007,0.60699999424,1.48737499616,-3.437498624
3.5320000000000002e-06,0.312495104000007,0.60699999424,1.488624996032,-3.437498624
3.5325e-06,1.0937451519999968,0.6132499936,1.491124995776,-3.437498624
3.5330000000000003e-06,0.312495104000007,0.6132499936,1.489874995904,-3.1249986560000007
3.5335e-06,0.312495104000007,0.6132499936,1.48737499616,-3.437498624
3.5340000000000004e-06,-0.46875494399999695,0.6132499936,1.489874995904,-3.437498624
3.5345e-06,-0.46875494399999695,0.6132499936,1.488624996032,-3.1249986560000007
3.535e-06,0.312495104000007,0.6132499936,1.486124996288,-3.437498624
3.5355000000000003e-06,0.312495104000007,0.60699999424,1.48737499616,-3.7499985920000007
3.536e-06,0.312495104000007,0.6132499936,1.48737499616,-3.7499985920000007
3.5365000000000004e-06,0.312495104000007,0.6132499936,1.489874995904,-3.437498624
3.537e-06,0.312495104000007,0.6132499936,1.489874995904,-3.1249986560000007
3.5375e-06,0.312495104000007,0.60699999424,1.489874995904,-3.437498624
3.5380000000000003e-06,0.312495104000007,0.61949999296,1.488624996032,-3.7499985920000007
3.5385e-06,-0.46875494399999695,0.6132499936,1.489874995904,-3.437498624
3.5390000000000003e-06,0.312495104000007,0.61949999296,1.488624996032,-3.437498624
3.5395e-06,0.312495104000007,0.6132499936,1.484874996416,-3.437498624
3.5400000000000004e-06,0.312495104000007,0.6132499936,1.483624996544,-3.437498624
3.5405000000000002e-06,-0.46875494399999695,0.61949999296,1.486124996288,-3.437498624
3.541e-06,0.312495104000007,0.6132499936,1.488624996032,-3.437498624
3.5415000000000003e-06,0.312495104000007,0.60699999424,1.491124995776,-3.7499985920000007
3.542e-06,0.312495104000007,0.6132499936,1.489874995904,-3.437498624
3.5425000000000004e-06,-0.46875494399999695,0.6132499936,1.489874995904,-3.1249986560000007
3.5430000000000002e-06,0.312495104000007,0.6132499936,1.486124996288,-3.437498624
3.5435e-06,0.312495104000007,0.6132499936,1.48737499616,-3.7499985920000007
3.5440000000000003e-06,0.312495104000007,0.6132499936,1.488624996032,-3.437498624
3.5445e-06,0.312495104000007,0.6132499936,1.488624996032,-3.7499985920000007
3.5450000000000004e-06,0.312495104000007,0.6132499936,1.48737499616,-3.437498624
3.5455e-06,0.312495104000007,0.6132499936,1.491124995776,-3.437498624
3.546e-06,0.312495104000007,0.60699999424,1.489874995904,-3.437498624
3.5465000000000003e-06,0.312495104000007,0.60699999424,1.491124995776,-3.437498624
3.547e-06,-0.46875494399999695,0.6132499936,1.489874995904,-3.1249986560000007
3.5475000000000003e-06,0.312495104000007,0.6132499936,1.488624996032,-3.437498624
3.548e-06,0.312495104000007,0.6132499936,1.488624996032,-3.1249986560000007
3.5485000000000004e-06,0.312495104000007,0.6132499936,1.489874995904,-3.7499985920000007
3.5490000000000002e-06,1.0937451519999968,0.6132499936,1.489874995904,-3.437498624
3.5495e-06,0.312495104000007,0.6132499936,1.489874995904,-3.437498624
3.5500000000000003e-06,0.312495104000007,0.6132499936,1.488624996032,-3.437498624
3.5505e-06,0.312495104000007,0.6132499936,1.488624996032,-3.437498624
3.5510000000000004e-06,0.312495104000007,0.6132499936,1.488624996032,-3.437498624
3.5515000000000002e-06,-0.46875494399999695,0.60699999424,1.491124995776,-3.7499985920000007
3.552e-06,-0.46875494399999695,0.6132499936,1.491124995776,-3.7499985920000007
3.5525000000000003e-06,0.312495104000007,0.60699999424,1.491124995776,-3.7499985920000007
3.553e-06,1.0937451519999968,0.6132499936,1.489874995904,-3.437498624
3.5535000000000004e-06,0.312495104000007,0.60699999424,1.488624996032,-3.7499985920000007
3.554e-06,1.8749952000000008,0.60699999424,1.488624996032,-3.1249986560000007
3.5545e-06,1.0937451519999968,0.6132499936,1.488624996032,-3.437498624
3.5550000000000003e-06,1.8749952000000008,0.6132499936,1.48737499616,-3.437498624
3.5555e-06,1.8749952000000008,0.60699999424,1.48737499616,-3.437498624
3.5560000000000003e-06,2.6562452480000047,0.60699999424,1.48737499616,-3.1249986560000007
3.5565e-06,4.2187453439999985,0.6132499936,1.488624996032,-3.437498624
3.5570000000000004e-06,4.2187453439999985,0.6132499936,1.488624996032,-3.437498624
3.5575000000000002e-06,5.781245440000006,0.6132499936,1.48737499616,-3.7499985920000007
3.558e-06,7.343745536,0.6132499936,1.48737499616,-3.1249986560000007
3.5585000000000003e-06,8.124995584000004,0.60699999424,1.491124995776,-3.1249986560000007
3.559e-06,8.906245632000008,0.6132499936,1.48737499616,-3.437498624
3.5595000000000004e-06,10.468745728000002,0.60699999424,1.48737499616,-3.7499985920000007
3.5600000000000002e-06,11.249995776000006,0.6132499936,1.48737499616,-3.437498624
3.5605e-06,12.812495872,0.60699999424,1.4923749956480001,-3.7499985920000007
3.5610000000000003e-06,14.374995968000007,0.60699999424,1.491124995776,-3.437498624
3.5615e-06,15.156246015999997,0.6132499936,1.489874995904,-3.437498624
3.5620000000000004e-06,15.156246015999997,0.60699999424,1.488624996032,-3.437498624
3.5625e-06,16.718746112000005,0.60699999424,1.489874995904,-3.7499985920000007
3.563e-06,17.499996160000002,0.6132499936,1.488624996032,-3.437498624
3.5635000000000003e-06,19.062496256000003,0.60699999424,1.48737499616,-3.437498624
3.564e-06,19.843746304,0.6132499936,1.48737499616,-3.437498624
3.5645000000000003e-06,20.624996352000004,0.6132499936,1.488624996032,-3.437498624
3.565e-06,21.4062464,0.6132499936,1.488624996032,-3.1249986560000007
3.5655000000000004e-06,22.187496448000005,0.61949999296,1.489874995904,-3.7499985920000007
3.5660000000000002e-06,22.968746496,0.6132499936,1.491124995776,-3.437498624
3.5665e-06,24.531246592000002,0.6132499936,1.491124995776,-3.437498624
3.5670000000000003e-06,25.31249664,0.60699999424,1.489874995904,-3.437498624
3.5675e-06,26.874996736,0.6132499936,1.491124995776,-3.7499985920000007
3.5680000000000004e-06,27.656246784000004,0.6132499936,1.488624996032,-3.437498624
3.5685000000000002e-06,28.437496832,0.6132499936,1.489874995904,-3.437498624
3.569e-06,28.437496832,0.60699999424,1.488624996032,-3.1249986560000007
3.5695000000000003e-06,28.437496832,0.6132499936,1.491124995776,-3.437498624
3.57e-06,29.218746880000005,0.61949999296,1.4923749956480001,-3.437498624
3.5705000000000004e-06,28.437496832,0.61949999296,1.4923749956480001,-3.437498624
3.571e-06,26.874996736,0.6132499936,1.489874995904,-3.1249986560000007
3.5715e-06,26.093746688000003,0.6132499936,1.491124995776,-3.1249986560000007
3.5720000000000003e-06,26.093746688000003,0.6132499936,1.4923749956480001,-3.1249986560000007
3.5725e-06,24.531246592000002,0.61949999296,1.4923749956480001,-3.1249986560000007
3.5730000000000003e-06,24.531246592000002,0.6132499936,1.491124995776,-3.1249986560000007
3.5735e-06,22.968746496,0.6132499936,1.489874995904,-3.437498624
3.5740000000000004e-06,22.968746496,0.6132499936,1.491124995776,-3.1249986560000007
3.5745000000000003e-06,22.187496448000005,0.6132499936,1.4923749956480001,-3.1249986560000007
3.575e-06,22.968746496,0.6132499936,1.4923749956480001,-3.437498624
3.5755000000000003e-06,22.968746496,0.6132499936,1.49362499552,-3.437498624
3.576e-06,24.531246592000002,0.6132499936,1.4923749956480001,-3.1249986560000007
3.5765000000000004e-06,23.749996544,0.61949999296,1.49362499552,-3.7499985920000007
3.5770000000000002e-06,24.531246592000002,0.6132499936,1.494874995392,-3.437498624
3.5775e-06,25.31249664,0.60699999424,1.4961249952640001,-3.437498624
3.5780000000000003e-06,26.093746688000003,0.6132499936,1.494874995392,-3.1249986560000007
3.5785e-06,25.31249664,0.6132499936,1.49362499552,-3.437498624
3.5790000000000004e-06,26.093746688000003,0.6132499936,1.4923749956480001,-3.1249986560000007
3.5795e-06,25.31249664,0.6132499936,1.494874995392,-3.437498624
3.58e-06,25.31249664,0.6132499936,1.498624995008,-3.437498624
3.5805000000000003e-06,25.31249664,0.61949999296,1.498624995008,-3.437498624
3.581e-06,24.531246592000002,0.61949999296,1.4961249952640001,-3.437498624
3.5815000000000004e-06,24.531246592000002,0.6132499936,1.4961249952640001,-3.7499985920000007
3.582e-06,22.968746496,0.6132499936,1.497374995136,-3.7499985920000007
3.5825000000000004e-06,23.749996544,0.6132499936,1.497374995136,-3.437498624
3.5830000000000003e-06,22.187496448000005,0.6132499936,1.49362499552,-3.437498624
3.5835e-06,22.968746496,0.60699999424,1.4923749956480001,-3.7499985920000007
3.5840000000000003e-06,23.749996544,0.60699999424,1.49362499552,-3.437498624
3.5845e-06,24.531246592000002,0.6132499936,1.4961249952640001,-3.437498624
3.5850000000000004e-06,24.531246592000002,0.6132499936,1.4961249952640001,-3.1249986560000007
3.5855000000000002e-06,24.531246592000002,0.6132499936,1.494874995392,-3.1249986560000007
3.586e-06,25.31249664,0.6132499936,1.49362499552,-3.437498624
3.5865000000000003e-06,25.31249664,0.60699999424,1.494874995392,-3.7499985920000007
3.587e-06,24.531246592000002,0.60699999424,1.49362499552,-3.437498624
3.5875000000000004e-06,25.31249664,0.60699999424,1.494874995392,-3.437498624
3.588e-06,24.531246592000002,0.60699999424,1.497374995136,-3.437498624
3.5885e-06,24.531246592000002,0.6132499936,1.498624995008,-3.437498624
3.5890000000000003e-06,23.749996544,0.6132499936,1.501124994752,-3.1249986560000007
3.5895e-06,23.749996544,0.6132499936,1.4961249952640001,-3.437498624
3.5900000000000004e-06,22.968746496,0.60699999424,1.4961249952640001,-3.1249986560000007
3.5905e-06,22.968746496,0.6132499936,1.494874995392,-3.437498624
3.5910000000000004e-06,22.968746496,0.60699999424,1.491124995776,-3.437498624
3.5915000000000003e-06,22.968746496,0.60699999424,1.491124995776,-3.7499985920000007
3.592e-06,22.968746496,0.6132499936,1.489874995904,-3.437498624
3.5925000000000003e-06,23.749996544,0.60699999424,1.491124995776,-3.437498624
3.593e-06,23.749996544,0.60699999424,1.489874995904,-3.437498624
3.5935000000000004e-06,24.531246592000002,0.60699999424,1.488624996032,-3.1249986560000007
3.5940000000000002e-06,24.531246592000002,0.6132499936,1.488624996032,-3.1249986560000007
3.5945e-06,24.531246592000002,0.60699999424,1.488624996032,-3.437498624
3.5950000000000003e-06,24.531246592000002,0.60699999424,1.491124995776,-3.1249986560000007
3.5955e-06,24.531246592000002,0.60699999424,1.489874995904,-3.437498624
3.5960000000000004e-06,23.749996544,0.60699999424,1.488624996032,-3.437498624
3.5965e-06,24.531246592000002,0.6132499936,1.48737499616,-3.437498624
3.597e-06,24.531246592000002,0.6132499936,1.48737499616,-3.437498624
3.5975000000000003e-06,23.749996544,0.60699999424,1.489874995904,-3.437498624
3.598e-06,22.968746496,0.60699999424,1.488624996032,-3.437498624
3.5985000000000004e-06,23.749996544,0.60699999424,1.488624996032,-3.1249986560000007
3.599e-06,23.749996544,0.60699999424,1.488624996032,-3.1249986560000007
3.5995000000000004e-06,23.749996544,0.60699999424,1.489874995904,-3.7499985920000007
3.6000000000000003e-06,22.968746496,0.60699999424,1.489874995904,-3.437498624
3.6005e-06,24.531246592000002,0.60699999424,1.491124995776,-3.7499985920000007
3.6010000000000003e-06,23.749996544,0.60699999424,1.489874995904,-3.437498624
3.6015e-06,23.749996544,0.60699999424,1.48737499616,-3.1249986560000007
3.6020000000000004e-06,24.531246592000002,0.6132499936,1.484874996416,-3.1249986560000007
3.6025000000000002e-06,24.531246592000002,0.6132499936,1.483624996544,-3.437498624
3.603e-06,23.749996544,0.6132499936,1.4811249968,-3.1249986560000007
3.6035000000000003e-06,24.531246592000002,0.60699999424,1.4823749966720001,-3.1249986560000007
3.604e-06,23.749996544,0.60699999424,1.483624996544,-3.437498624
3.6045000000000004e-06,23.749996544,0.60699999424,1.484874996416,-3.437498624
3.6050000000000002e-06,24.531246592000002,0.6132499936,1.4823749966720001,-3.437498624
3.6055e-06,23.749996544,0.6132499936,1.4823749966720001,-3.437498624
3.6060000000000003e-06,23.749996544,0.60699999424,1.483624996544,-3.1249986560000007
3.6065e-06,23.749996544,0.60699999424,1.484874996416,-3.437498624
3.6070000000000004e-06,23.749996544,0.60699999424,1.483624996544,-3.437498624
3.6075e-06,23.749996544,0.6007499948799999,1.483624996544,-3.437498624
3.608e-06,23.749996544,0.60699999424,1.483624996544,-3.437498624
3.6085000000000003e-06,23.749996544,0.60699999424,1.484874996416,-3.437498624
3.609e-06,22.968746496,0.60699999424,1.483624996544,-3.1249986560000007
3.6095000000000003e-06,23.749996544,0.60699999424,1.483624996544,-3.437498624
3.61e-06,24.531246592000002,0.60699999424,1.4823749966720001,-3.437498624
3.6105000000000004e-06,23.749996544,0.60699999424,1.483624996544,-3.437498624
3.6110000000000002e-06,23.749996544,0.6132499936,1.48737499616,-3.1249986560000007
3.6115e-06,24.531246592000002,0.60699999424,1.48737499616,-3.1249986560000007
3.6120000000000003e-06,23.749996544,0.6132499936,1.484874996416,-3.1249986560000007
3.6125e-06,23.749996544,0.61949999296,1.483624996544,-3.437498624
3.6130000000000004e-06,24.531246592000002,0.6132499936,1.484874996416,-3.1249986560000007
3.6135000000000002e-06,24.531246592000002,0.6132499936,1.484874996416,-3.437498624
3.614e-06,23.749996544,0.60699999424,1.486124996288,-3.1249986560000007
3.6145000000000003e-06,23.749996544,0.60699999424,1.484874996416,-3.437498624
3.615e-06,23.749996544,0.6132499936,1.4811249968,-3.437498624
3.6155000000000004e-06,24.531246592000002,0.6132499936,1.4811249968,-3.437498624
3.616e-06,24.531246592000002,0.6132499936,1.4811249968,-3.437498624
3.6165e-06,24.531246592000002,0.60699999424,1.483624996544,-3.7499985920000007
3.6170000000000003e-06,23.749996544,0.61949999296,1.483624996544,-3.437498624
3.6175e-06,23.749996544,0.60699999424,1.483624996544,-3.1249986560000007
3.6180000000000003e-06,24.531246592000002,0.60699999424,1.483624996544,-3.1249986560000007
3.6185e-06,24.531246592000002,0.6132499936,1.484874996416,-3.437498624
3.6190000000000004e-06,23.749996544,0.6132499936,1.486124996288,-3.1249986560000007
3.6195000000000002e-06,23.749996544,0.6007499948799999,1.486124996288,-3.1249986560000007
3.62e-06,23.749996544,0.60699999424,1.484874996416,-3.1249986560000007
3.6205000000000003e-06,23.749996544,0.6132499936,1.486124996288,-3.437498624
3.621e-06,24.531246592000002,0.6132499936,1.48737499616,-3.1249986560000007
3.6215000000000004e-06,22.968746496,0.61949999296,1.48737499616,-3.437498624
3.6220000000000002e-06,23.749996544,0.6132499936,1.488624996032,-3.437498624
3.6225e-06,23.749996544,0.60699999424,1.48737499616,-3.1249986560000007
3.6230000000000003e-06,23.749996544,0.6132499936,1.486124996288,-3.1249986560000007
3.6235e-06,23.749996544,0.60699999424,1.48737499616,-3.437498624
3.6240000000000004e-06,24.531246592000002,0.6132499936,1.486124996288,-3.437498624
3.6245e-06,24.531246592000002,0.60699999424,1.488624996032,-3.7499985920000007
3.625e-06,23.749996544,0.6132499936,1.48737499616,-3.1249986560000007
3.6255000000000003e-06,23.749996544,0.6132499936,1.484874996416,-3.1249986560000007
3.626e-06,24.531246592000002,0.6132499936,1.484874996416,-3.1249986560000007
3.6265000000000003e-06,23.749996544,0.6132499936,1.486124996288,-3.1249986560000007
3.627e-06,23.749996544,0.60699999424,1.488624996032,-3.1249986560000007
3.6275000000000004e-06,23.749996544,0.60699999424,1.48737499616,-3.1249986560000007
3.6280000000000002e-06,23.749996544,0.60699999424,1.483624996544,-3.437498624
3.6285e-06,23.749996544,0.6132499936,1.483624996544,-3.1249986560000007
3.6290000000000003e-06,24.531246592000002,0.6132499936,1.486124996288,-3.1249986560000007
3.6295e-06,24.531246592000002,0.6132499936,1.486124996288,-3.437498624
3.6300000000000004e-06,24.531246592000002,0.60699999424,1.488624996032,-3.437498624
3.6305000000000002e-06,23.749996544,0.60699999424,1.488624996032,-3.437498624
3.631e-06,23.749996544,0.6132499936,1.489874995904,-3.437498624
3.6315000000000003e-06,24.531246592000002,0.60699999424,1.4923749956480001,-3.7499985920000007
3.632e-06,23.749996544,0.6132499936,1.4923749956480001,-3.437498624
3.6325000000000004e-06,23.749996544,0.6132499936,1.4923749956480001,-3.437498624
3.633e-06,22.968746496,0.6132499936,1.489874995904,-3.1249986560000007
3.6335e-06,23.749996544,0.6132499936,1.489874995904,-3.437498624
3.6340000000000003e-06,24.531246592000002,0.6132499936,1.489874995904,-3.437498624
3.6345e-06,24.531246592000002,0.6132499936,1.488624996032,-3.1249986560000007
3.6350000000000003e-06,23.749996544,0.6132499936,1.489874995904,-3.1249986560000007
3.6355e-06,23.749996544,0.6132499936,1.4923749956480001,-3.1249986560000007
3.6360000000000004e-06,22.968746496,0.6132499936,1.4923749956480001,-2.8124986880000016
3.6365000000000002e-06,24.531246592000002,0.60699999424,1.491124995776,-3.437498624
3.637e-06,23.749996544,0.6132499936,1.491124995776,-3.1249986560000007
3.6375000000000003e-06,23.749996544,0.6132499936,1.49362499552,-3.437498624
3.638e-06,24.531246592000002,0.60699999424,1.494874995392,-3.1249986560000007
3.6385000000000004e-06,23.749996544,0.6132499936,1.494874995392,-3.1249986560000007
3.6390000000000002e-06,23.749996544,0.6132499936,1.491124995776,-3.1249986560000007
3.6395e-06,23.749996544,0.6132499936,1.4923749956480001,-3.1249986560000007
3.6400000000000003e-06,22.968746496,0.6132499936,1.4923749956480001,-3.437498624
3.6405e-06,23.749996544,0.6132499936,1.49362499552,-3.7499985920000007
3.6410000000000004e-06,22.968746496,0.6132499936,1.49362499552,-3.1249986560000007
3.6415e-06,23.749996544,0.60699999424,1.4923749956480001,-3.1249986560000007
3.642e-06,24.531246592000002,0.60699999424,1.489874995904,-3.1249986560000007
3.6425000000000003e-06,22.968746496,0.6132499936,1.491124995776,-3.1249986560000007
3.643e-06,23.749996544,0.6132499936,1.49362499552,-3.1249986560000007
3.6435000000000004e-06,23.749996544,0.6132499936,1.49362499552,-3.1249986560000007
3.644e-06,23.749996544,0.60699999424,1.4923749956480001,-3.1249986560000007
3.6445000000000004e-06,23.749996544,0.6132499936,1.4923749956480001,-3.437498624
3.6450000000000003e-06,23.749996544,0.6132499936,1.49362499552,-3.1249986560000007
3.6455e-06,23.749996544,0.61949999296,1.4923749956480001,-3.1249986560000007
3.6460000000000003e-06,23.749996544,0.6132499936,1.491124995776,-3.1249986560000007
3.6465e-06,24.531246592000002,0.61949999296,1.491124995776,-3.1249986560000007
3.6470000000000004e-06,24.531246592000002,0.6132499936,1.491124995776,-3.437498624
3.6475000000000002e-06,23.749996544,0.6132499936,1.491124995776,-3.437498624
3.648e-06,24.531246592000002,0.61949999296,1.489874995904,-3.1249986560000007
3.6485000000000003e-06,23.749996544,0.6132499936,1.491124995776,-3.437498624
3.649e-06,22.968746496,0.6132499936,1.48737499616,-3.1249986560000007
3.6495000000000004e-06,23.749996544,0.6132499936,1.486124996288,-3.1249986560000007
3.65e-06,22.968746496,0.6132499936,1.484874996416,-3.1249986560000007
3.6505e-06,23.749996544,0.6132499936,1.486124996288,-3.437498624
3.6510000000000003e-06,23.749996544,0.6132499936,1.48737499616,-3.1249986560000007
3.6515e-06,23.749996544,0.60699999424,1.48737499616,-3.1249986560000007
3.6520000000000004e-06,23.749996544,0.60699999424,1.48737499616,-3.1249986560000007
3.6525e-06,23.749996544,0.6132499936,1.48737499616,-3.1249986560000007
3.6530000000000004e-06,23.749996544,0.6132499936,1.48737499616,-3.1249986560000007
3.6535000000000003e-06,23.749996544,0.6132499936,1.489874995904,-3.437498624
3.654e-06,23.749996544,0.6132499936,1.489874995904,-3.1249986560000007
3.6545000000000003e-06,23.749996544,0.60699999424,1.489874995904,-3.1249986560000007
3.655e-06,23.749996544,0.6132499936,1.486124996288,-3.1249986560000007
3.6555000000000004e-06,23.749996544,0.60699999424,1.486124996288,-3.437498624
3.6560000000000002e-06,23.749996544,0.6132499936,1.486124996288,-3.437498624
3.6565e-06,24.531246592000002,0.6132499936,1.491124995776,-3.1249986560000007
3.6570000000000003e-06,23.749996544,0.6132499936,1.488624996032,-3.1249986560000007
3.6575e-06,23.749996544,0.6132499936,1.486124996288,-3.1249986560000007
3.6580000000000004e-06,24.531246592000002,0.60699999424,1.486124996288,-3.1249986560000007
3.6585e-06,23.749996544,0.6132499936,1.489874995904,-3.1249986560000007
3.659e-06,23.749996544,0.6132499936,1.489874995904,-3.1249986560000007
3.6595000000000003e-06,24.531246592000002,0.60699999424,1.488624996032,-2.8124986880000016
3.66e-06,23.749996544,0.60699999424,1.484874996416,-3.1249986560000007
3.6605000000000004e-06,24.531246592000002,0.6132499936,1.48737499616,-3.1249986560000007
3.661e-06,23.749996544,0.60699999424,1.48737499616,-3.1249986560000007
3.6615000000000004e-06,22.968746496,0.60699999424,1.486124996288,-3.1249986560000007
3.6620000000000003e-06,23.749996544,0.60699999424,1.484874996416,-3.1249986560000007
3.6625e-06,23.749996544,0.6132499936,1.484874996416,-2.8124986880000016
3.6630000000000003e-06,22.968746496,0.61949999296,1.483624996544,-3.437498624
3.6635e-06,23.749996544,0.60699999424,1.486124996288,-3.1249986560000007
3.6640000000000004e-06,23.749996544,0.6132499936,1.484874996416,-3.437498624
3.6645000000000002e-06,23.749996544,0.6132499936,1.48737499616,-3.437498624
3.665e-06,23.749996544,0.60699999424,1.484874996416,-3.1249986560000007
3.6655000000000003e-06,23.749996544,0.60699999424,1.483624996544,-3.1249986560000007
3.666e-06,22.968746496,0.60699999424,1.483624996544,-2.8124986880000016
3.6665000000000004e-06,23.749996544,0.60699999424,1.486124996288,-3.1249986560000007
3.6670000000000002e-06,24.531246592000002,0.60699999424,1.48737499616,-3.1249986560000007
3.6675e-06,23.749996544,0.60699999424,1.486124996288,-3.1249986560000007
3.6680000000000003e-06,23.749996544,0.60699999424,1.486124996288,-3.1249986560000007
3.6685e-06,23.749996544,0.6132499936,1.486124996288,-3.1249986560000007
3.6690000000000004e-06,23.749996544,0.6132499936,1.484874996416,-2.8124986880000016
3.6695e-06,23.749996544,0.6132499936,1.483624996544,-3.437498624
3.6700000000000004e-06,23.749996544,0.60699999424,1.483624996544,-3.1249986560000007
3.6705000000000003e-06,23.749996544,0.60699999424,1.484874996416,-3.1249986560000007
3.671e-06,23.749996544,0.60699999424,1.483624996544,-3.1249986560000007
3.6715000000000003e-06,23.749996544,0.60699999424,1.483624996544,-3.1249986560000007
3.672e-06,24.531246592000002,0.60699999424,1.4811249968,-3.1249986560000007
3.6725000000000004e-06,24.531246592000002,0.60699999424,1.483624996544,-3.437498624
3.6730000000000002e-06,23.749996544,0.60699999424,1.483624996544,-3.1249986560000007
3.6735e-06,23.749996544,0.60699999424,1.483624996544,-3.1249986560000007
3.6740000000000003e-06,23.749996544,0.60699999424,1.484874996416,-3.1249986560000007
3.6745e-06,23.749996544,0.60699999424,1.486124996288,-3.437498624
3.6750000000000004e-06,23.749996544,0.60699999424,1.486124996288,-3.1249986560000007
3.6755000000000002e-06,23.749996544,0.6007499948799999,1.48737499616,-3.1249986560000007
3.676e-06,22.968746496,0.6007499948799999,1.486124996288,-3.1249986560000007
3.6765000000000003e-06,23.749996544,0.60699999424,1.486124996288,-3.1249986560000007
3.677e-06,23.749996544,0.6132499936,1.486124996288,-2.8124986880000016
3.6775000000000004e-06,23.749996544,0.6132499936,1.48737499616,-3.1249986560000007
3.678e-06,23.749996544,0.6132499936,1.48737499616,-2.8124986880000016
3.6785000000000004e-06,23.749996544,0.60699999424,1.491124995776,-3.1249986560000007
3.6790000000000003e-06,23.749996544,0.6132499936,1.489874995904,-3.1249986560000007
3.6795e-06,23.749996544,0.6132499936,1.489874995904,-3.437498624
3.6800000000000003e-06,23.749996544,0.6132499936,1.488624996032,-3.1249986560000007
3.6805e-06,23.749996544,0.6132499936,1.491124995776,-3.1249986560000007
3.6810000000000004e-06,22.968746496,0.6132499936,1.491124995776,-3.1249986560000007
3.6815000000000002e-06,23.749996544,0.6132499936,1.491124995776,-3.1249986560000007
3.682e-06,23.749996544,0.6132499936,1.488624996032,-3.1249986560000007
3.6825000000000003e-06,24.531246592000002,0.60699999424,1.489874995904,-3.1249986560000007
3.683e-06,23.749996544,0.6132499936,1.489874995904,-2.8124986880000016
3.6835000000000004e-06,23.749996544,0.60699999424,1.488624996032,-2.8124986880000016
3.6840000000000002e-06,22.968746496,0.60699999424,1.48737499616,-2.8124986880000016
3.6845e-06,23.749996544,0.6132499936,1.489874995904,-3.1249986560000007
3.6850000000000003e-06,23.749996544,0.6132499936,1.489874995904,-2.8124986880000016
3.6855e-06,23.749996544,0.6132499936,1.48737499616,-2.8124986880000016
3.6860000000000004e-06,23.749996544,0.60699999424,1.488624996032,-3.1249986560000007
3.6865e-06,23.749996544,0.60699999424,1.488624996032,-2.8124986880000016
3.687e-06,23.749996544,0.60699999424,1.488624996032,-2.8124986880000016
3.6875000000000003e-06,23.749996544,0.60699999424,1.489874995904,-3.1249986560000007
3.688e-06,24.531246592000002,0.6132499936,1.489874995904,-3.1249986560000007
3.6885000000000003e-06,24.531246592000002,0.60699999424,1.491124995776,-3.1249986560000007
3.689e-06,23.749996544,0.60699999424,1.488624996032,-2.8124986880000016
3.6895000000000004e-06,23.749996544,0.60699999424,1.48737499616,-2.4999987200000007
3.6900000000000002e-06,24.531246592000002,0.60699999424,1.488624996032,-2.8124986880000016
3.6905e-06,23.749996544,0.6132499936,1.489874995904,-3.1249986560000007
3.6910000000000003e-06,24.531246592000002,0.6132499936,1.4923749956480001,-3.1249986560000007
3.6915e-06,23.749996544,0.6132499936,1.4923749956480001,-3.1249986560000007
3.6920000000000004e-06,23.749996544,0.6132499936,1.4923749956480001,-3.1249986560000007
3.6925000000000002e-06,23.749996544,0.6132499936,1.49362499552,-3.1249986560000007
3.693e-06,24.531246592000002,0.6132499936,1.49362499552,-2.8124986880000016
3.6935000000000003e-06,24.531246592000002,0.6132499936,1.491124995776,-3.437498624
3.694e-06,24.531246592000002,0.60699999424,1.4923749956480001,-2.8124986880000016
3.6945000000000004e-06,23.749996544,0.60699999424,1.491124995776,-2.8124986880000016
3.695e-06,23.749996544,0.6132499936,1.489874995904,-3.1249986560000007
3.6955e-06,23.749996544,0.6132499936,1.489874995904,-2.8124986880000016
3.6960000000000003e-06,24.531246592000002,0.6132499936,1.488624996032,-3.1249986560000007
3.6965e-06,24.531246592000002,0.6132499936,1.488624996032,-3.1249986560000007
3.6970000000000003e-06,23.749996544,0.60699999424,1.489874995904,-2.8124986880000016
3.6975e-06,22.968746496,0.60699999424,1.491124995776,-2.8124986880000016
3.6980000000000004e-06,24.531246592000002,0.60699999424,1.48737499616,-2.8124986880000016
3.6985000000000002e-06,23.749996544,0.60699999424,1.48737499616,-3.437498624
3.699e-06,24.531246592000002,0.6132499936,1.488624996032,-3.437498624
3.6995000000000003e-06,24.531246592000002,0.60699999424,1.488624996032,-3.1249986560000007
3.7e-06,23.749996544,0.60699999424,1.486124996288,-2.8124986880000016
3.7005000000000004e-06,24.531246592000002,0.6132499936,1.48737499616,-3.1249986560000007
3.7010000000000002e-06,24.531246592000002,0.6132499936,1.488624996032,-3.1249986560000007
3.7015e-06,23.749996544,0.6132499936,1.489874995904,-3.1249986560000007
3.7020000000000003e-06,24.531246592000002,0.6132499936,1.489874995904,-3.1249986560000007
3.7025e-06,23.749996544,0.6132499936,1.488624996032,-2.8124986880000016
3.7030000000000004e-06,24.531246592000002,0.6132499936,1.484874996416,-3.1249986560000007
3.7035e-06,24.531246592000002,0.60699999424,1.486124996288,-3.1249986560000007
3.704e-06,24.531246592000002,0.6132499936,1.488624996032,-2.8124986880000016
3.7045000000000003e-06,23.749996544,0.60699999424,1.4923749956480001,-3.1249986560000007
3.705e-06,22.968746496,0.60699999424,1.489874995904,-3.1249986560000007
3.7055000000000004e-06,24.531246592000002,0.6132499936,1.491124995776,-2.8124986880000016
3.706e-06,24.531246592000002,0.61949999296,1.48737499616,-2.8124986880000016
3.7065000000000004e-06,23.749996544,0.60699999424,1.489874995904,-3.1249986560000007
3.7070000000000003e-06,23.749996544,0.6132499936,1.489874995904,-3.1249986560000007
3.7075e-06,23.749996544,0.60699999424,1.489874995904,-2.8124986880000016
3.7080000000000003e-06,23.749996544,0.60699999424,1.48737499616,-2.8124986880000016
3.7085e-06,23.749996544,0.6132499936,1.489874995904,-3.1249986560000007
3.7090000000000004e-06,24.531246592000002,0.60699999424,1.491124995776,-3.1249986560000007
3.7095000000000002e-06,24.531246592000002,0.60699999424,1.489874995904,-2.8124986880000016
3.71e-06,23.749996544,0.6132499936,1.488624996032,-3.1249986560000007
3.7105000000000003e-06,23.749996544,0.6132499936,1.484874996416,-3.1249986560000007
3.711e-06,23.749996544,0.6132499936,1.4823749966720001,-3.437498624
3.7115000000000004e-06,23.749996544,0.6132499936,1.483624996544,-3.1249986560000007
3.712e-06,23.749996544,0.6132499936,1.484874996416,-3.437498624
3.7125e-06,23.749996544,0.6132499936,1.48737499616,-3.437498624
3.7130000000000003e-06,23.749996544,0.6132499936,1.486124996288,-2.8124986880000016
3.7135e-06,23.749996544,0.60699999424,1.48737499616,-2.4999987200000007
3.7140000000000004e-06,23.749996544,0.6132499936,1.48737499616,-3.1249986560000007
3.7145e-06,23.749996544,0.6132499936,1.486124996288,-3.1249986560000007
3.7150000000000004e-06,23.749996544,0.6132499936,1.48737499616,-2.8124986880000016
3.7155000000000003e-06,23.749996544,0.60699999424,1.48737499616,-3.1249986560000007
3.716e-06,23.749996544,0.60699999424,1.486124996288,-3.1249986560000007
3.7165000000000003e-06,23.749996544,0.6132499936,1.48737499616,-3.1249986560000007
3.717e-06,23.749996544,0.6132499936,1.48737499616,-3.1249986560000007
3.7175000000000004e-06,23.749996544,0.6132499936,1.488624996032,-2.8124986880000016
3.7180000000000002e-06,23.749996544,0.6007499948799999,1.489874995904,-3.1249986560000007
3.7185e-06,24.531246592000002,0.60699999424,1.48737499616,-3.1249986560000007
3.7190000000000003e-06,23.749996544,0.60699999424,1.4823749966720001,-3.1249986560000007
3.7195e-06,22.968746496,0.6132499936,1.4823749966720001,-3.437498624
3.7200000000000004e-06,23.749996544,0.61949999296,1.484874996416,-3.1249986560000007
3.7205e-06,24.531246592000002,0.60699999424,1.48737499616,-3.437498624
3.721e-06,22.968746496,0.60699999424,1.484874996416,-3.1249986560000007
3.7215000000000003e-06,23.749996544,0.6132499936,1.483624996544,-2.8124986880000016
3.722e-06,23.749996544,0.60699999424,1.4823749966720001,-3.1249986560000007
3.7225000000000004e-06,23.749996544,0.6007499948799999,1.484874996416,-3.1249986560000007
3.723e-06,22.968746496,0.60699999424,1.486124996288,-3.1249986560000007
3.7235000000000004e-06,23.749996544,0.6007499948799999,1.484874996416,-2.8124986880000016
3.7240000000000003e-06,23.749996544,0.6132499936,1.486124996288,-2.8124986880000016
3.7245e-06,23.749996544,0.6132499936,1.486124996288,-3.437498624
3.7250000000000003e-06,24.531246592000002,0.60699999424,1.486124996288,-2.8124986880000016
3.7255e-06,23.749996544,0.6132499936,1.486124996288,-3.1249986560000007
3.7260000000000004e-06,23.749996544,0.6132499936,1.488624996032,-2.8124986880000016
3.7265000000000002e-06,23.749996544,0.60699999424,1.491124995776,-2.8124986880000016
3.727e-06,23.749996544,0.6132499936,1.48737499616,-3.1249986560000007
3.7275000000000003e-06,23.749996544,0.60699999424,1.486124996288,-3.1249986560000007
3.728e-06,23.749996544,0.60699999424,1.48737499616,-3.1249986560000007
3.7285000000000004e-06,23.749996544,0.60699999424,1.489874995904,-3.437498624
3.729e-06,23.749996544,0.60699999424,1.48737499616,-3.1249986560000007
3.7295e-06,23.749996544,0.6132499936,1.484874996416,-2.8124986880000016
3.7300000000000003e-06,24.531246592000002,0.6132499936,1.484874996416,-3.1249986560000007
3.7305e-06,23.749996544,0.6132499936,1.48737499616,-3.1249986560000007
3.7310000000000004e-06,23.749996544,0.6132499936,1.48737499616,-2.8124986880000016
3.7315e-06,23.749996544,0.60699999424,1.488624996032,-2.8124986880000016
3.7320000000000004e-06,23.749996544,0.6132499936,1.488624996032,-2.8124986880000016
3.7325000000000003e-06,24.531246592000002,0.60699999424,1.489874995904,-3.1249986560000007
3.733e-06,24.531246592000002,0.6132499936,1.489874995904,-3.1249986560000007
3.7335000000000003e-06,23.749996544,0.6132499936,1.489874995904,-3.1249986560000007
3.734e-06,23.749996544,0.6132499936,1.489874995904,-3.1249986560000007
3.7345000000000004e-06,23.749996544,0.6132499936,1.491124995776,-2.8124986880000016
3.7350000000000002e-06,23.749996544,0.60699999424,1.488624996032,-3.1249986560000007
3.7355e-06,23.749996544,0.6132499936,1.48737499616,-2.8124986880000016
3.7360000000000003e-06,23.749996544,0.6132499936,1.483624996544,-2.8124986880000016
3.7365e-06,24.531246592000002,0.6132499936,1.489874995904,-3.437498624
3.7370000000000004e-06,23.749996544,0.6132499936,1.491124995776,-2.8124986880000016
3.7375000000000002e-06,23.749996544,0.6132499936,1.48737499616,-2.8124986880000016
3.738e-06,23.749996544,0.6132499936,1.48737499616,-2.8124986880000016
3.7385000000000003e-06,23.749996544,0.60699999424,1.491124995776,-2.8124986880000016
3.739e-06,23.749996544,0.6132499936,1.491124995776,-2.8124986880000016
3.7395000000000004e-06,24.531246592000002,0.60699999424,1.488624996032,-2.8124986880000016
3.74e-06,23.749996544,0.6132499936,1.486124996288,-3.1249986560000007
3.7405000000000004e-06,23.749996544,0.61949999296,1.486124996288,-3.1249986560000007
3.7410000000000003e-06,24.531246592000002,0.60699999424,1.486124996288,-3.1249986560000007
3.7415e-06,23.749996544,0.60699999424,1.484874996416,-2.8124986880000016
3.7420000000000003e-06,24.531246592000002,0.60699999424,1.48737499616,-2.8124986880000016
3.7425e-06,23.749996544,0.6132499936,1.488624996032,-2.4999987200000007
3.7430000000000004e-06,22.968746496,0.6132499936,1.486124996288,-2.8124986880000016
3.7435000000000002e-06,23.749996544,0.60699999424,1.486124996288,-3.1249986560000007
3.744e-06,23.749996544,0.6132499936,1.486124996288,-2.8124986880000016
3.7445000000000003e-06,24.531246592000002,0.61949999296,1.488624996032,-3.1249986560000007
3.745e-06,23.749996544,0.6132499936,1.486124996288,-2.8124986880000016
3.7455000000000004e-06,23.749996544,0.60699999424,1.484874996416,-2.8124986880000016
3.7460000000000002e-06,24.531246592000002,0.60699999424,1.484874996416,-3.1249986560000007
3.7465e-06,24.531246592000002,0.6132499936,1.486124996288,-3.1249986560000007
3.7470000000000003e-06,23.749996544,0.6132499936,1.484874996416,-2.8124986880000016
3.7475e-06,23.749996544,0.6132499936,1.484874996416,-2.8124986880000016
3.7480000000000004e-06,23.749996544,0.60699999424,1.486124996288,-2.8124986880000016
3.7485e-06,24.531246592000002,0.60699999424,1.488624996032,-3.1249986560000007
3.7490000000000004e-06,24.531246592000002,0.60699999424,1.491124995776,-3.1249986560000007
3.7495000000000003e-06,23.749996544,0.60699999424,1.491124995776,-3.1249986560000007
3.75e-06,24.531246592000002,0.6132499936,1.489874995904,-2.8124986880000016
3.7505000000000003e-06,23.749996544,0.6132499936,1.489874995904,-2.8124986880000016
3.751e-06,23.749996544,0.6132499936,1.48737499616,-3.1249986560000007
3.7515000000000004e-06,23.749996544,0.60699999424,1.488624996032,-2.8124986880000016
3.7520000000000002e-06,23.749996544,0.6132499936,1.48737499616,-3.1249986560000007
3.7525e-06,24.531246592000002,0.60699999424,1.489874995904,-3.437498624
3.7530000000000003e-06,22.968746496,0.60699999424,1.48737499616,-2.8124986880000016
3.7535e-06,23.749996544,0.6132499936,1.48737499616,-2.8124986880000016
3.7540000000000004e-06,23.749996544,0.6132499936,1.48737499616,-3.1249986560000007
3.7545000000000002e-06,23.749996544,0.6132499936,1.489874995904,-3.1249986560000007
3.755e-06,24.531246592000002,0.6132499936,1.48737499616,-2.8124986880000016
3.7555000000000003e-06,23.749996544,0.6007499948799999,1.484874996416,-2.8124986880000016
3.756e-06,23.749996544,0.60699999424,1.483624996544,-3.1249986560000007
3.7565000000000004e-06,23.749996544,0.6132499936,1.484874996416,-3.1249986560000007
3.757e-06,24.531246592000002,0.6132499936,1.486124996288,-3.1249986560000007
3.7575e-06,24.531246592000002,0.60699999424,1.488624996032,-3.1249986560000007
3.7580000000000003e-06,23.749996544,0.6132499936,1.488624996032,-2.8124986880000016
3.7585e-06,23.749996544,0.6132499936,1.486124996288,-2.8124986880000016
3.7590000000000003e-06,24.531246592000002,0.60699999424,1.484874996416,-2.8124986880000016
3.7595e-06,24.531246592000002,0.60699999424,1.488624996032,-3.1249986560000007
3.7600000000000004e-06,24.531246592000002,0.60699999424,1.48737499616,-2.8124986880000016
3.7605000000000002e-06,24.531246592000002,0.60699999424,1.488624996032,-2.8124986880000016
3.761e-06,22.968746496,0.60699999424,1.48737499616,-2.8124986880000016
3.7615000000000003e-06,22.968746496,0.6132499936,1.488624996032,-2.8124986880000016
3.762e-06,24.531246592000002,0.6132499936,1.486124996288,-2.8124986880000016
3.7625000000000004e-06,23.749996544,0.6132499936,1.48737499616,-3.1249986560000007
3.7630000000000002e-06,23.749996544,0.6132499936,1.48737499616,-2.4999987200000007
3.7635e-06,23.749996544,0.60699999424,1.48737499616,-2.8124986880000016
3.7640000000000003e-06,23.749996544,0.60699999424,1.48737499616,-2.8124986880000016
3.7645e-06,24.531246592000002,0.6132499936,1.48737499616,-3.1249986560000007
3.7650000000000004e-06,24.531246592000002,0.6132499936,1.486124996288,-2.8124986880000016
3.7655e-06,24.531246592000002,0.6132499936,1.486124996288,-2.8124986880000016
3.766e-06,24.531246592000002,0.60699999424,1.48737499616,-2.8124986880000016
3.7665000000000003e-06,23.749996544,0.60699999424,1.48737499616,-2.8124986880000016
3.767e-06,23.749996544,0.60699999424,1.483624996544,-2.8124986880000016
3.7675000000000004e-06,23.749996544,0.60699999424,1.483624996544,-3.1249986560000007
3.768e-06,24.531246592000002,0.6132499936,1.4823749966720001,-2.8124986880000016
3.7685000000000004e-06,23.749996544,0.6132499936,1.486124996288,-2.8124986880000016
3.7690000000000003e-06,23.749996544,0.6132499936,1.484874996416,-2.4999987200000007
3.7695e-06,23.749996544,0.6132499936,1.484874996416,-2.8124986880000016
3.7700000000000003e-06,23.749996544,0.60699999424,1.484874996416,-2.8124986880000016
3.7705e-06,22.968746496,0.6132499936,1.484874996416,-3.1249986560000007
3.7710000000000004e-06,23.749996544,0.6132499936,1.483624996544,-2.8124986880000016
3.7715000000000002e-06,23.749996544,0.60699999424,1.484874996416,-2.8124986880000016
3.772e-06,23.749996544,0.60699999424,1.484874996416,-2.8124986880000016
3.7725000000000003e-06,23.749996544,0.60699999424,1.484874996416,-2.4999987200000007
3.773e-06,24.531246592000002,0.60699999424,1.484874996416,-2.4999987200000007
3.7735000000000004e-06,23.749996544,0.6132499936,1.48737499616,-2.4999987200000007
3.774e-06,23.749996544,0.60699999424,1.489874995904,-2.8124986880000016
3.7745e-06,23.749996544,0.6132499936,1.488624996032,-2.4999987200000007
3.7750000000000003e-06,23.749996544,0.60699999424,1.484874996416,-2.8124986880000016
3.7755e-06,23.749996544,0.60699999424,1.486124996288,-2.8124986880000016
3.7760000000000004e-06,23.749996544,0.60699999424,1.48737499616,-2.8124986880000016
3.7765e-06,23.749996544,0.60699999424,1.488624996032,-2.8124986880000016
3.7770000000000004e-06,22.968746496,0.60699999424,1.48737499616,-2.4999987200000007
3.7775000000000003e-06,22.968746496,0.60699999424,1.48737499616,-2.8124986880000016
3.778e-06,23.749996544,0.6007499948799999,1.484874996416,-2.8124986880000016
3.7785000000000003e-06,23.749996544,0.60699999424,1.4823749966720001,-3.1249986560000007
3.779e-06,23.749996544,0.6132499936,1.4823749966720001,-2.4999987200000007
3.7795000000000004e-06,23.749996544,0.6007499948799999,1.483624996544,-2.8124986880000016
3.7800000000000002e-06,23.749996544,0.6007499948799999,1.484874996416,-2.8124986880000016
3.7805e-06,23.749996544,0.6132499936,1.488624996032,-2.8124986880000016
3.7810000000000003e-06,24.531246592000002,0.6132499936,1.488624996032,-2.8124986880000016
3.7815e-06,23.749996544,0.6132499936,1.486124996288,-3.1249986560000007
3.7820000000000004e-06,23.749996544,0.6132499936,1.486124996288,-2.8124986880000016
3.7825e-06,22.968746496,0.60699999424,1.48737499616,-2.8124986880000016
3.783e-06,23.749996544,0.60699999424,1.48737499616,-2.8124986880000016
3.7835000000000003e-06,23.749996544,0.60699999424,1.486124996288,-2.8124986880000016
3.784e-06,22.968746496,0.6132499936,1.483624996544,-3.1249986560000007
3.7845000000000004e-06,23.749996544,0.60699999424,1.486124996288,-2.8124986880000016
3.785e-06,22.968746496,0.60699999424,1.48737499616,-2.4999987200000007
3.7855000000000004e-06,23.749996544,0.6007499948799999,1.48737499616,-2.4999987200000007
3.7860000000000003e-06,23.749996544,0.60699999424,1.484874996416,-2.8124986880000016
3.7865e-06,22.968746496,0.60699999424,1.484874996416,-2.8124986880000016
3.7870000000000003e-06,23.749996544,0.60699999424,1.484874996416,-2.8124986880000016
3.7875e-06,22.968746496,0.6132499936,1.486124996288,-2.8124986880000016
3.7880000000000004e-06,22.968746496,0.6007499948799999,1.486124996288,-2.4999987200000007
3.7885000000000002e-06,23.749996544,0.60699999424,1.486124996288,-2.8124986880000016
3.789e-06,24.531246592000002,0.6132499936,1.48737499616,-3.1249986560000007
3.7895000000000003e-06,24.531246592000002,0.6132499936,1.488624996032,-2.8124986880000016
3.79e-06,23.749996544,0.60699999424,1.488624996032,-2.8124986880000016
3.7905000000000004e-06,22.968746496,0.6007499948799999,1.488624996032,-2.4999987200000007
3.791e-06,23.749996544,0.60699999424,1.48737499616,-2.8124986880000016
3.7915e-06,23.749996544,0.60699999424,1.48737499616,-2.8124986880000016
3.7920000000000003e-06,24.531246592000002,0.60699999424,1.486124996288,-2.8124986880000016
3.7925e-06,23.749996544,0.60699999424,1.488624996032,-3.1249986560000007
3.7930000000000004e-06,22.968746496,0.60699999424,1.48737499616,-2.8124986880000016
3.7935e-06,22.968746496,0.60699999424,1.484874996416,-2.8124986880000016
3.7940000000000004e-06,23.749996544,0.60699999424,1.4823749966720001,-2.8124986880000016
3.7945000000000003e-06,23.749996544,0.60699999424,1.4823749966720001,-2.8124986880000016
3.795e-06,23.749996544,0.60699999424,1.484874996416,-2.4999987200000007
3.7955000000000003e-06,23.749996544,0.60699999424,1.484874996416,-2.8124986880000016
3.796e-06,22.968746496,0.60699999424,1.483624996544,-2.8124986880000016
3.7965000000000004e-06,22.968746496,0.60699999424,1.486124996288,-3.1249986560000007
3.7970000000000002e-06,23.749996544,0.60699999424,1.488624996032,-2.8124986880000016
3.7975e-06,24.531246592000002,0.6132499936,1.48737499616,-2.4999987200000007
3.7980000000000003e-06,23.749996544,0.60699999424,1.486124996288,-2.4999987200000007
3.7985e-06,24.531246592000002,0.6007499948799999,1.486124996288,-2.4999987200000007
3.7990000000000004e-06,22.968746496,0.60699999424,1.48737499616,-3.1249986560000007
3.7995000000000002e-06,22.968746496,0.60699999424,1.489874995904,-2.8124986880000016
3.8e-06,23.749996544,0.60699999424,1.488624996032,-2.8124986880000016
3.8005000000000003e-06,24.531246592000002,0.60699999424,1.488624996032,-2.8124986880000016
3.801e-06,23.749996544,0.60699999424,1.48737499616,-2.8124986880000016
3.8015000000000004e-06,22.968746496,0.60699999424,1.489874995904,-2.4999987200000007
3.802e-06,23.749996544,0.60699999424,1.48737499616,-2.8124986880000016
3.8025000000000004e-06,23.749996544,0.60699999424,1.486124996288,-3.1249986560000007
3.8030000000000003e-06,23.749996544,0.6132499936,1.486124996288,-2.8124986880000016
3.8035e-06,23.749996544,0.60699999424,1.486124996288,-2.4999987200000007
3.8040000000000003e-06,22.968746496,0.6007499948799999,1.486124996288,-2.8124986880000016
3.8045e-06,23.749996544,0.60699999424,1.488624996032,-2.8124986880000016
3.8050000000000004e-06,24.531246592000002,0.60699999424,1.488624996032,-2.8124986880000016
3.8055000000000002e-06,23.749996544,0.60699999424,1.48737499616,-3.1249986560000007
3.806e-06,23.749996544,0.6007499948799999,1.488624996032,-2.8124986880000016
3.8065000000000003e-06,23.749996544,0.6007499948799999,1.491124995776,-2.8124986880000016
3.807e-06,23.749996544,0.60699999424,1.488624996032,-2.8124986880000016
3.8075000000000004e-06,23.749996544,0.60699999424,1.489874995904,-3.1249986560000007
3.8080000000000002e-06,23.749996544,0.6007499948799999,1.486124996288,-2.8124986880000016
3.8085e-06,23.749996544,0.60699999424,1.486124996288,-3.1249986560000007
3.8090000000000003e-06,23.749996544,0.6007499948799999,1.483624996544,-2.4999987200000007
3.8095e-06,23.749996544,0.6007499948799999,1.488624996032,-2.4999987200000007
3.8100000000000004e-06,23.749996544,0.6007499948799999,1.488624996032,-2.8124986880000016
3.8105e-06,23.749996544,0.60699999424,1.48737499616,-2.8124986880000016
3.8110000000000004e-06,23.749996544,0.60699999424,1.48737499616,-2.4999987200000007
3.8115000000000003e-06,23.749996544,0.6007499948799999,1.488624996032,-2.4999987200000007
3.812e-06,23.749996544,0.6007499948799999,1.489874995904,-2.4999987200000007
3.8125000000000003e-06,23.749996544,0.60699999424,1.489874995904,-2.4999987200000007
3.813e-06,24.531246592000002,0.60699999424,1.488624996032,-2.8124986880000016
3.8135000000000004e-06,24.531246592000002,0.6007499948799999,1.488624996032,-2.8124986880000016
3.8140000000000002e-06,23.749996544,0.60699999424,1.488624996032,-2.4999987200000007
3.8145e-06,23.749996544,0.6007499948799999,1.489874995904,-2.4999987200000007
3.815e-06,23.749996544,0.60699999424,1.486124996288,-2.8124986880000016
3.8155e-06,23.749996544,0.60699999424,1.484874996416,-2.8124986880000016
3.816e-06,23.749996544,0.60699999424,1.483624996544,-2.8124986880000016
3.816500000000001e-06,23.749996544,0.6007499948799999,1.486124996288,-3.437498624
3.817e-06,24.531246592000002,0.60699999424,1.484874996416,-3.1249986560000007
3.8175e-06,23.749996544,0.60699999424,1.48737499616,-2.8124986880000016
3.8180000000000005e-06,23.749996544,0.60699999424,1.48737499616,-2.4999987200000007
3.8185e-06,23.749996544,0.60699999424,1.486124996288,-2.8124986880000016
3.819e-06,23.749996544,0.60699999424,1.486124996288,-2.4999987200000007
3.8195000000000004e-06,22.968746496,0.6007499948799999,1.484874996416,-2.4999987200000007
3.82e-06,23.749996544,0.60699999424,1.484874996416,-2.8124986880000016
3.8205e-06,23.749996544,0.6132499936,1.486124996288,-3.1249986560000007
3.821e-06,24.531246592000002,0.60699999424,1.486124996288,-2.8124986880000016
3.821500000000001e-06,24.531246592000002,0.60699999424,1.486124996288,-2.8124986880000016
3.822e-06,23.749996544,0.6007499948799999,1.48737499616,-2.4999987200000007
3.8225e-06,23.749996544,0.60699999424,1.48737499616,-2.4999987200000007
3.8230000000000005e-06,23.749996544,0.60699999424,1.486124996288,-2.8124986880000016
3.8235e-06,23.749996544,0.6007499948799999,1.486124996288,-2.8124986880000016
3.824e-06,23.749996544,0.6007499948799999,1.484874996416,-2.8124986880000016
3.8245e-06,23.749996544,0.6007499948799999,1.488624996032,-3.1249986560000007
3.825000000000001e-06,22.968746496,0.6007499948799999,1.48737499616,-2.8124986880000016
3.8255e-06,23.749996544,0.60699999424,1.486124996288,-2.4999987200000007
3.826e-06,24.531246592000002,0.60699999424,1.484874996416,-2.8124986880000016
3.8265000000000005e-06,22.968746496,0.60699999424,1.483624996544,-2.4999987200000007
3.827e-06,23.749996544,0.60699999424,1.483624996544,-2.4999987200000007
3.8275e-06,23.749996544,0.6007499948799999,1.484874996416,-2.8124986880000016
3.8280000000000004e-06,23.749996544,0.60699999424,1.486124996288,-2.8124986880000016
3.8285e-06,23.749996544,0.60699999424,1.48737499616,-2.8124986880000016
3.829e-06,23.749996544,0.6132499936,1.488624996032,-2.4999987200000007
3.8295e-06,22.968746496,0.60699999424,1.486124996288,-2.4999987200000007
3.830000000000001e-06,23.749996544,0.60699999424,1.486124996288,-2.4999987200000007
3.8305e-06,24.531246592000002,0.60699999424,1.488624996032,-2.4999987200000007
3.831e-06,23.749996544,0.60699999424,1.48737499616,-2.4999987200000007
3.8315000000000005e-06,23.749996544,0.6007499948799999,1.484874996416,-2.8124986880000016
3.832e-06,24.531246592000002,0.60699999424,1.486124996288,-2.8124986880000016
3.8325e-06,24.531246592000002,0.6132499936,1.486124996288,-2.8124986880000016
3.833e-06,22.968746496,0.60699999424,1.484874996416,-2.4999987200000007
3.833500000000001e-06,22.968746496,0.60699999424,1.486124996288,-2.4999987200000007
3.834e-06,24.531246592000002,0.60699999424,1.484874996416,-2.8124986880000016
3.8345e-06,23.749996544,0.6007499948799999,1.486124996288,-2.8124986880000016
3.8350000000000006e-06,23.749996544,0.60699999424,1.484874996416,-2.4999987200000007
3.8355e-06,24.531246592000002,0.6007499948799999,1.486124996288,-2.4999987200000007
3.836e-06,23.749996544,0.6007499948799999,1.48737499616,-2.4999987200000007
3.8365000000000005e-06,22.968746496,0.60699999424,1.488624996032,-2.8124986880000016
3.837e-06,24.531246592000002,0.60699999424,1.48737499616,-2.4999987200000007
3.8375e-06,24.531246592000002,0.60699999424,1.486124996288,-2.8124986880000016
3.838e-06,23.749996544,0.6007499948799999,1.48737499616,-2.4999987200000007
3.838500000000001e-06,23.749996544,0.60699999424,1.488624996032,-2.8124986880000016
3.839e-06,23.749996544,0.60699999424,1.486124996288,-3.1249986560000007
3.8395e-06,23.749996544,0.60699999424,1.486124996288,-3.1249986560000007
3.8400000000000005e-06,24.531246592000002,0.60699999424,1.4823749966720001,-2.8124986880000016
3.8405e-06,23.749996544,0.60699999424,1.483624996544,-2.8124986880000016
3.841e-06,24.531246592000002,0.60699999424,1.483624996544,-2.8124986880000016
3.8415e-06,23.749996544,0.6132499936,1.483624996544,-2.4999987200000007
3.842000000000001e-06,23.749996544,0.60699999424,1.483624996544,-2.8124986880000016
3.8425e-06,23.749996544,0.60699999424,1.483624996544,-2.8124986880000016
3.843e-06,23.749996544,0.60699999424,1.483624996544,-2.4999987200000007
3.8435000000000006e-06,23.749996544,0.60699999424,1.484874996416,-2.4999987200000007
3.844e-06,23.749996544,0.6007499948799999,1.486124996288,-2.4999987200000007
3.8445e-06,23.749996544,0.6132499936,1.486124996288,-2.8124986880000016
3.8450000000000005e-06,23.749996544,0.6132499936,1.48737499616,-2.4999987200000007
3.8455e-06,23.749996544,0.60699999424,1.488624996032,-2.4999987200000007
3.846e-06,23.749996544,0.60699999424,1.483624996544,-2.4999987200000007
3.8465e-06,23.749996544,0.60699999424,1.484874996416,-2.4999987200000007
3.847000000000001e-06,23.749996544,0.60699999424,1.484874996416,-2.4999987200000007
3.8475e-06,23.749996544,0.60699999424,1.48737499616,-2.8124986880000016
3.848e-06,24.531246592000002,0.6132499936,1.484874996416,-2.4999987200000007
3.8485000000000005e-06,23.749996544,0.60699999424,1.483624996544,-2.8124986880000016
3.849e-06,22.968746496,0.60699999424,1.483624996544,-2.8124986880000016
3.8495e-06,23.749996544,0.60699999424,1.484874996416,-2.4999987200000007
3.85e-06,24.531246592000002,0.60699999424,1.483624996544,-2.8124986880000016
3.850500000000001e-06,24.531246592000002,0.60699999424,1.484874996416,-2.4999987200000007
3.851e-06,23.749996544,0.60699999424,1.48737499616,-2.8124986880000016
3.8515e-06,23.749996544,0.60699999424,1.488624996032,-2.4999987200000007
3.8520000000000006e-06,23.749996544,0.6132499936,1.48737499616,-2.8124986880000016
3.8525e-06,23.749996544,0.60699999424,1.484874996416,-2.8124986880000016
3.853e-06,24.531246592000002,0.6132499936,1.48737499616,-2.8124986880000016
3.8535000000000005e-06,24.531246592000002,0.60699999424,1.488624996032,-2.8124986880000016
3.854e-06,24.531246592000002,0.60699999424,1.488624996032,-2.4999987200000007
3.8545e-06,23.749996544,0.60699999424,1.48737499616,-2.4999987200000007
3.855e-06,23.749996544,0.6132499936,1.483624996544,-2.4999987200000007
3.855500000000001e-06,23.749996544,0.6007499948799999,1.484874996416,-2.4999987200000007
3.856e-06,23.749996544,0.60699999424,1.484874996416,-2.4999987200000007
3.8565e-06,23.749996544,0.60699999424,1.486124996288,-2.8124986880000016
3.8570000000000005e-06,22.968746496,0.60699999424,1.484874996416,-2.4999987200000007
3.8575e-06,23.749996544,0.60699999424,1.486124996288,-2.4999987200000007
3.858e-06,24.531246592000002,0.60699999424,1.484874996416,-2.4999987200000007
3.8585e-06,23.749996544,0.60699999424,1.484874996416,-2.4999987200000007
3.859000000000001e-06,23.749996544,0.60699999424,1.484874996416,-2.4999987200000007
3.8595e-06,23.749996544,0.60699999424,1.486124996288,-2.4999987200000007
3.86e-06,23.749996544,0.60699999424,1.486124996288,-2.4999987200000007
3.8605000000000006e-06,23.749996544,0.60699999424,1.486124996288,-2.4999987200000007
3.861e-06,24.531246592000002,0.60699999424,1.486124996288,-2.8124986880000016
3.8615e-06,24.531246592000002,0.60699999424,1.483624996544,-2.4999987200000007
3.8620000000000005e-06,23.749996544,0.60699999424,1.483624996544,-2.4999987200000007
3.8625e-06,23.749996544,0.60699999424,1.484874996416,-2.4999987200000007
3.863e-06,23.749996544,0.60699999424,1.484874996416,-2.4999987200000007
3.8635e-06,24.531246592000002,0.60699999424,1.486124996288,-2.8124986880000016
3.864000000000001e-06,23.749996544,0.60699999424,1.483624996544,-2.4999987200000007
3.8645e-06,23.749996544,0.60699999424,1.483624996544,-2.4999987200000007
3.865e-06,24.531246592000002,0.60699999424,1.483624996544,-2.4999987200000007
3.8655000000000005e-06,23.749996544,0.60699999424,1.483624996544,-2.4999987200000007
3.866e-06,23.749996544,0.6132499936,1.483624996544,-2.8124986880000016
3.8665e-06,23.749996544,0.60699999424,1.483624996544,-2.4999987200000007
3.867e-06,23.749996544,0.60699999424,1.483624996544,-2.4999987200000007
3.867500000000001e-06,23.749996544,0.6007499948799999,1.484874996416,-2.4999987200000007
3.868e-06,23.749996544,0.6007499948799999,1.483624996544,-2.8124986880000016
3.8685e-06,23.749996544,0.6007499948799999,1.484874996416,-2.8124986880000016
3.8690000000000006e-06,24.531246592000002,0.60699999424,1.484874996416,-2.4999987200000007
3.8695e-06,23.749996544,0.6132499936,1.483624996544,-2.4999987200000007
3.87e-06,23.749996544,0.6132499936,1.486124996288,-2.4999987200000007
3.8705000000000005e-06,23.749996544,0.60699999424,1.488624996032,-2.8124986880000016
3.871e-06,22.968746496,0.60699999424,1.484874996416,-2.8124986880000016
3.8715e-06,23.749996544,0.60699999424,1.484874996416,-2.8124986880000016
3.872e-06,23.749996544,0.6132499936,1.4823749966720001,-2.4999987200000007
3.872500000000001e-06,23.749996544,0.60699999424,1.483624996544,-2.4999987200000007
3.873e-06,22.968746496,0.60699999424,1.483624996544,-2.4999987200000007
3.8735e-06,23.749996544,0.60699999424,1.484874996416,-2.4999987200000007
3.8740000000000005e-06,24.531246592000002,0.6007499948799999,1.488624996032,-2.8124986880000016
3.8745e-06,23.749996544,0.60699999424,1.489874995904,-2.4999987200000007
3.875e-06,23.749996544,0.60699999424,1.48737499616,-2.4999987200000007
3.8755e-06,23.749996544,0.6007499948799999,1.484874996416,-2.4999987200000007
3.876e-06,22.968746496,0.6007499948799999,1.484874996416,-2.4999987200000007
3.8765e-06,23.749996544,0.60699999424,1.486124996288,-2.4999987200000007
3.877e-06,24.531246592000002,0.60699999424,1.486124996288,-2.4999987200000007
3.8775000000000006e-06,23.749996544,0.60699999424,1.484874996416,-2.4999987200000007
3.878e-06,23.749996544,0.60699999424,1.48737499616,-2.4999987200000007
3.8785e-06,23.749996544,0.6007499948799999,1.488624996032,-2.4999987200000007
3.8790000000000005e-06,23.749996544,0.60699999424,1.486124996288,-2.8124986880000016
3.8795e-06,23.749996544,0.60699999424,1.48737499616,-2.8124986880000016
3.88e-06,24.531246592000002,0.60699999424,1.484874996416,-2.4999987200000007
3.8805e-06,23.749996544,0.60699999424,1.484874996416,-2.4999987200000007
3.881000000000001e-06,24.531246592000002,0.60699999424,1.483624996544,-2.4999987200000007
3.8815e-06,24.531246592000002,0.60699999424,1.486124996288,-2.4999987200000007
3.882e-06,24.531246592000002,0.60699999424,1.486124996288,-2.4999987200000007
3.8825000000000005e-06,23.749996544,0.60699999424,1.486124996288,-2.4999987200000007
3.883e-06,23.749996544,0.6132499936,1.486124996288,-2.4999987200000007
3.8835e-06,23.749996544,0.60699999424,1.486124996288,-2.4999987200000007
3.884e-06,23.749996544,0.60699999424,1.483624996544,-2.1874987519999998
3.8845e-06,23.749996544,0.60699999424,1.4823749966720001,-2.4999987200000007
3.885e-06,24.531246592000002,0.60699999424,1.483624996544,-2.4999987200000007
3.8855e-06,23.749996544,0.6007499948799999,1.483624996544,-2.4999987200000007
3.8860000000000006e-06,24.531246592000002,0.60699999424,1.484874996416,-2.4999987200000007
3.8865e-06,24.531246592000002,0.6007499948799999,1.484874996416,-2.1874987519999998
3.887e-06,23.749996544,0.6007499948799999,1.483624996544,-2.4999987200000007
3.8875000000000005e-06,23.749996544,0.6007499948799999,1.483624996544,-2.4999987200000007
3.888e-06,23.749996544,0.60699999424,1.4823749966720001,-2.4999987200000007
3.8885e-06,23.749996544,0.60699999424,1.484874996416,-2.8124986880000016
3.889e-06,23.749996544,0.6007499948799999,1.483624996544,-2.4999987200000007
3.889500000000001e-06,23.749996544,0.60699999424,1.486124996288,-2.4999987200000007
3.89e-06,24.531246592000002,0.60699999424,1.48737499616,-2.4999987200000007
3.8905e-06,23.749996544,0.60699999424,1.48737499616,-2.4999987200000007
3.8910000000000005e-06,23.749996544,0.6132499936,1.48737499616,-2.1874987519999998
3.8915e-06,22.968746496,0.60699999424,1.48737499616,-2.4999987200000007
3.892e-06,23.749996544,0.60699999424,1.486124996288,-2.4999987200000007
3.8925000000000004e-06,23.749996544,0.60699999424,1.484874996416,-2.4999987200000007
3.893e-06,23.749996544,0.60699999424,1.484874996416,-2.4999987200000007
3.8935e-06,23.749996544,0.60699999424,1.483624996544,-2.8124986880000016
3.894e-06,23.749996544,0.60699999424,1.4823749966720001,-2.4999987200000007
3.8945000000000006e-06,23.749996544,0.6007499948799999,1.483624996544,-2.4999987200000007
3.895e-06,23.749996544,0.6007499948799999,1.4823749966720001,-2.4999987200000007
3.8955e-06,22.968746496,0.6007499948799999,1.4823749966720001,-2.8124986880000016
3.8960000000000005e-06,24.531246592000002,0.6007499948799999,1.483624996544,-2.8124986880000016
3.8965e-06,24.531246592000002,0.6007499948799999,1.48737499616,-2.8124986880000016
3.897e-06,23.749996544,0.60699999424,1.48737499616,-2.4999987200000007
3.8975e-06,23.749996544,0.60699999424,1.48737499616,-2.4999987200000007
3.898000000000001e-06,24.531246592000002,0.60699999424,1.486124996288,-2.8124986880000016
3.8985e-06,22.968746496,0.60699999424,1.484874996416,-2.4999987200000007
3.899e-06,23.749996544,0.60699999424,1.483624996544,-2.4999987200000007
3.8995000000000005e-06,23.749996544,0.6007499948799999,1.483624996544,-2.8124986880000016
3.9e-06,23.749996544,0.6007499948799999,1.486124996288,-2.8124986880000016
3.9005e-06,23.749996544,0.6007499948799999,1.488624996032,-2.8124986880000016
3.9010000000000004e-06,23.749996544,0.60699999424,1.48737499616,-2.8124986880000016
3.9015e-06,23.749996544,0.60699999424,1.484874996416,-2.4999987200000007
3.902e-06,24.531246592000002,0.60699999424,1.486124996288,-2.4999987200000007
3.9025e-06,24.531246592000002,0.6007499948799999,1.484874996416,-2.1874987519999998
3.903000000000001e-06,23.749996544,0.60699999424,1.484874996416,-2.4999987200000007
3.9035e-06,23.749996544,0.60699999424,1.484874996416,-2.8124986880000016
3.904e-06,23.749996544,0.6007499948799999,1.483624996544,-2.8124986880000016
3.9045000000000005e-06,24.531246592000002,0.6007499948799999,1.483624996544,-2.4999987200000007
3.905e-06,23.749996544,0.6007499948799999,1.483624996544,-2.4999987200000007
3.9055e-06,23.749996544,0.6007499948799999,1.48737499616,-2.4999987200000007
3.906e-06,24.531246592000002,0.6007499948799999,1.486124996288,-2.4999987200000007
3.906500000000001e-06,23.749996544,0.60699999424,1.48737499616,-2.4999987200000007
3.907e-06,23.749996544,0.60699999424,1.48737499616,-2.1874987519999998
3.9075e-06,24.531246592000002,0.6007499948799999,1.486124996288,-2.4999987200000007
3.9080000000000005e-06,23.749996544,0.6007499948799999,1.486124996288,-2.4999987200000007
3.9085e-06,23.749996544,0.6007499948799999,1.48737499616,-2.4999987200000007
3.909e-06,24.531246592000002,0.60699999424,1.486124996288,-2.4999987200000007
3.9095000000000004e-06,24.531246592000002,0.60699999424,1.484874996416,-2.4999987200000007
3.91e-06,23.749996544,0.6007499948799999,1.484874996416,-2.4999987200000007
3.9105e-06,24.531246592000002,0.60699999424,1.48737499616,-2.4999987200000007
3.911e-06,23.749996544,0.60699999424,1.486124996288,-2.4999987200000007
3.911500000000001e-06,23.749996544,0.60699999424,1.486124996288,-2.4999987200000007
3.912e-06,24.531246592000002,0.60699999424,1.486124996288,-2.4999987200000007
3.9125e-06,24.531246592000002,0.60699999424,1.488624996032,-2.8124986880000016
3.9130000000000005e-06,24.531246592000002,0.60699999424,1.48737499616,-2.4999987200000007
3.9135e-06,23.749996544,0.60699999424,1.484874996416,-2.1874987519999998
3.914e-06,23.749996544,0.6007499948799999,1.4811249968,-2.4999987200000007
3.9145e-06,23.749996544,0.6007499948799999,1.483624996544,-2.4999987200000007
3.915000000000001e-06,23.749996544,0.60699999424,1.486124996288,-2.4999987200000007
3.9155e-06,23.749996544,0.6007499948799999,1.484874996416,-2.4999987200000007
3.916e-06,23.749996544,0.60699999424,1.483624996544,-2.4999987200000007
3.9165000000000005e-06,23.749996544,0.60699999424,1.4823749966720001,-2.4999987200000007
3.917e-06,24.531246592000002,0.60699999424,1.483624996544,-2.1874987519999998
3.9175e-06,23.749996544,0.60699999424,1.48737499616,-2.4999987200000007
3.9180000000000004e-06,23.749996544,0.6007499948799999,1.48737499616,-2.4999987200000007
3.9185e-06,23.749996544,0.6007499948799999,1.48737499616,-2.4999987200000007
3.919e-06,23.749996544,0.60699999424,1.486124996288,-2.4999987200000007
3.9195e-06,23.749996544,0.6007499948799999,1.488624996032,-2.8124986880000016
3.920000000000001e-06,24.531246592000002,0.60699999424,1.486124996288,-2.8124986880000016
3.9205e-06,24.531246592000002,0.60699999424,1.488624996032,-2.8124986880000016
3.921e-06,24.531246592000002,0.60699999424,1.486124996288,-2.4999987200000007
3.9215000000000005e-06,23.749996544,0.60699999424,1.483624996544,-2.4999987200000007
3.922e-06,23.749996544,0.60699999424,1.483624996544,-2.8124986880000016
3.9225e-06,24.531246592000002,0.6007499948799999,1.483624996544,-2.4999987200000007
3.923e-06,23.749996544,0.6007499948799999,1.483624996544,-2.1874987519999998
3.923500000000001e-06,22.968746496,0.6007499948799999,1.483624996544,-2.4999987200000007
3.924e-06,23.749996544,0.6007499948799999,1.486124996288,-2.1874987519999998
3.9245e-06,23.749996544,0.60699999424,1.48737499616,-2.4999987200000007
3.9250000000000005e-06,24.531246592000002,0.60699999424,1.488624996032,-2.4999987200000007
3.9255e-06,23.749996544,0.60699999424,1.48737499616,-2.4999987200000007
3.926e-06,22.968746496,0.6007499948799999,1.484874996416,-2.4999987200000007
3.9265000000000004e-06,23.749996544,0.6007499948799999,1.484874996416,-2.4999987200000007
3.927e-06,23.749996544,0.6007499948799999,1.484874996416,-2.4999987200000007
3.9275e-06,24.531246592000002,0.60699999424,1.486124996288,-2.8124986880000016
3.928e-06,23.749996544,0.60699999424,1.484874996416,-2.1874987519999998
3.928500000000001e-06,23.749996544,0.6007499948799999,1.484874996416,-2.4999987200000007
3.929e-06,22.968746496,0.60699999424,1.4823749966720001,-2.1874987519999998
3.9295e-06,23.749996544,0.60699999424,1.4811249968,-2.4999987200000007
3.9300000000000005e-06,23.749996544,0.60699999424,1.483624996544,-2.8124986880000016
3.9305e-06,23.749996544,0.60699999424,1.486124996288,-2.4999987200000007
3.931e-06,23.749996544,0.60699999424,1.484874996416,-2.4999987200000007
3.9315e-06,22.968746496,0.6007499948799999,1.483624996544,-2.4999987200000007
3.932000000000001e-06,23.749996544,0.6007499948799999,1.4811249968,-2.4999987200000007
3.9325e-06,24.531246592000002,0.6007499948799999,1.4811249968,-2.4999987200000007
3.933e-06,24.531246592000002,0.60699999424,1.4823749966720001,-2.1874987519999998
3.9335000000000005e-06,23.749996544,0.6007499948799999,1.4823749966720001,-2.4999987200000007
3.934e-06,23.749996544,0.6007499948799999,1.479874996928,-2.1874987519999998
3.9345e-06,22.968746496,0.6007499948799999,1.4811249968,-2.1874987519999998
3.9350000000000004e-06,23.749996544,0.60699999424,1.4811249968,-2.4999987200000007
3.9355e-06,23.749996544,0.6007499948799999,1.4823749966720001,-2.8124986880000016
3.936e-06,24.531246592000002,0.6007499948799999,1.4823749966720001,-2.4999987200000007
3.9365e-06,24.531246592000002,0.6007499948799999,1.483624996544,-2.4999987200000007
3.937000000000001e-06,24.531246592000002,0.60699999424,1.483624996544,-2.1874987519999998
3.9375e-06,23.749996544,0.60699999424,1.483624996544,-2.1874987519999998
3.938e-06,23.749996544,0.60699999424,1.483624996544,-2.4999987200000007
3.9385000000000005e-06,23.749996544,0.6007499948799999,1.483624996544,-2.4999987200000007
3.939e-06,23.749996544,0.60699999424,1.483624996544,-2.1874987519999998
3.9395e-06,22.968746496,0.59449999552,1.484874996416,-2.4999987200000007
3.94e-06,23.749996544,0.6007499948799999,1.484874996416,-2.4999987200000007
3.940500000000001e-06,23.749996544,0.6007499948799999,1.484874996416,-2.4999987200000007
3.941e-06,24.531246592000002,0.60699999424,1.483624996544,-2.4999987200000007
3.9415e-06,23.749996544,0.60699999424,1.4823749966720001,-2.4999987200000007
3.9420000000000005e-06,23.749996544,0.60699999424,1.4823749966720001,-2.1874987519999998
3.9425e-06,23.749996544,0.60699999424,1.4823749966720001,-2.1874987519999998
3.943e-06,22.968746496,0.60699999424,1.483624996544,-2.4999987200000007
3.9435000000000004e-06,22.968746496,0.6007499948799999,1.484874996416,-2.8124986880000016
3.944e-06,23.749996544,0.60699999424,1.4811249968,-2.4999987200000007
3.9445e-06,24.531246592000002,0.60699999424,1.4823749966720001,-2.4999987200000007
3.945e-06,22.968746496,0.6007499948799999,1.4823749966720001,-2.1874987519999998
3.945500000000001e-06,23.749996544,0.6007499948799999,1.483624996544,-2.4999987200000007
3.946e-06,23.749996544,0.59449999552,1.4811249968,-2.4999987200000007
3.9465e-06,23.749996544,0.59449999552,1.4823749966720001,-2.4999987200000007
3.9470000000000005e-06,23.749996544,0.60699999424,1.484874996416,-2.1874987519999998
3.9475e-06,23.749996544,0.6007499948799999,1.486124996288,-2.4999987200000007
3.948e-06,23.749996544,0.6007499948799999,1.48737499616,-2.1874987519999998
3.9485e-06,23.749996544,0.60699999424,1.48737499616,-2.1874987519999998
3.949000000000001e-06,23.749996544,0.60699999424,1.484874996416,-2.4999987200000007
3.9495e-06,23.749996544,0.60699999424,1.484874996416,-2.4999987200000007
3.95e-06,24.531246592000002,0.6007499948799999,1.484874996416,-2.1874987519999998
3.9505000000000005e-06,24.531246592000002,0.6007499948799999,1.48737499616,-2.1874987519999998
3.951e-06,23.749996544,0.6007499948799999,1.48737499616,-2.4999987200000007
3.9515e-06,23.749996544,0.6007499948799999,1.48737499616,-2.4999987200000007
3.9520000000000004e-06,23.749996544,0.60699999424,1.484874996416,-2.4999987200000007
3.9525e-06,24.531246592000002,0.6007499948799999,1.488624996032,-2.8124986880000016
3.953e-06,23.749996544,0.6007499948799999,1.486124996288,-2.4999987200000007
3.9535e-06,23.749996544,0.60699999424,1.484874996416,-2.1874987519999998
3.954000000000001e-06,23.749996544,0.60699999424,1.486124996288,-2.4999987200000007
3.9545e-06,22.968746496,0.6007499948799999,1.486124996288,-2.1874987519999998
3.955e-06,23.749996544,0.60699999424,1.48737499616,-2.4999987200000007
3.9555000000000005e-06,23.749996544,0.60699999424,1.484874996416,-2.1874987519999998
3.956e-06,23.749996544,0.6007499948799999,1.486124996288,-2.1874987519999998
3.9565e-06,23.749996544,0.6007499948799999,1.48737499616,-2.4999987200000007
3.957e-06,23.749996544,0.60699999424,1.48737499616,-2.4999987200000007
3.957500000000001e-06,23.749996544,0.60699999424,1.484874996416,-2.1874987519999998
3.958e-06,23.749996544,0.6007499948799999,1.486124996288,-2.1874987519999998
3.9585e-06,23.749996544,0.60699999424,1.48737499616,-2.1874987519999998
3.9590000000000006e-06,23.749996544,0.60699999424,1.486124996288,-2.4999987200000007
3.9595e-06,24.531246592000002,0.6007499948799999,1.486124996288,-2.1874987519999998
3.96e-06,23.749996544,0.60699999424,1.483624996544,-2.1874987519999998
3.9605000000000005e-06,23.749996544,0.6007499948799999,1.484874996416,-2.4999987200000007
3.961e-06,23.749996544,0.60699999424,1.483624996544,-2.1874987519999998
3.9615e-06,23.749996544,0.6007499948799999,1.483624996544,-2.4999987200000007
3.962e-06,24.531246592000002,0.6007499948799999,1.483624996544,-2.4999987200000007
3.962500000000001e-06,23.749996544,0.6007499948799999,1.484874996416,-2.4999987200000007
3.963e-06,24.531246592000002,0.60699999424,1.486124996288,-2.4999987200000007
3.9635e-06,23.749996544,0.60699999424,1.486124996288,-2.4999987200000007
3.9640000000000005e-06,23.749996544,0.6007499948799999,1.483624996544,-2.4999987200000007
3.9645e-06,23.749996544,0.60699999424,1.4823749966720001,-2.4999987200000007
3.965e-06,23.749996544,0.60699999424,1.486124996288,-2.4999987200000007
3.9655e-06,23.749996544,0.6007499948799999,1.48737499616,-2.4999987200000007
3.966000000000001e-06,23.749996544,0.6007499948799999,1.486124996288,-2.1874987519999998
3.9665e-06,23.749996544,0.6007499948799999,1.48737499616,-2.1874987519999998
3.967e-06,24.531246592000002,0.60699999424,1.48737499616,-2.4999987200000007
3.9675000000000006e-06,23.749996544,0.60699999424,1.486124996288,-2.8124986880000016
3.968e-06,23.749996544,0.60699999424,1.484874996416,-2.4999987200000007
3.9685e-06,23.749996544,0.60699999424,1.484874996416,-2.4999987200000007
3.9690000000000005e-06,22.968746496,0.60699999424,1.4823749966720001,-2.1874987519999998
3.9695e-06,23.749996544,0.60699999424,1.483624996544,-2.1874987519999998
3.97e-06,23.749996544,0.60699999424,1.4823749966720001,-2.1874987519999998
3.9705e-06,23.749996544,0.60699999424,1.4811249968,-2.4999987200000007
3.971000000000001e-06,23.749996544,0.60699999424,1.4823749966720001,-2.1874987519999998
3.9715e-06,23.749996544,0.6007499948799999,1.484874996416,-2.4999987200000007
3.972e-06,23.749996544,0.60699999424,1.484874996416,-2.1874987519999998
3.9725000000000005e-06,23.749996544,0.60699999424,1.483624996544,-2.1874987519999998
3.973e-06,24.531246592000002,0.60699999424,1.4823749966720001,-2.1874987519999998
3.9735e-06,23.749996544,0.6007499948799999,1.484874996416,-2.4999987200000007
3.974e-06,23.749996544,0.6007499948799999,1.484874996416,-2.4999987200000007
3.974500000000001e-06,23.749996544,0.6007499948799999,1.4823749966720001,-2.4999987200000007
3.975e-06,23.749996544,0.60699999424,1.4811249968,-2.4999987200000007
3.9755e-06,23.749996544,0.6007499948799999,1.4811249968,-2.4999987200000007
3.9760000000000006e-06,23.749996544,0.60699999424,1.4811249968,-2.4999987200000007
3.9765e-06,23.749996544,0.60699999424,1.4823749966720001,-2.4999987200000007
3.977e-06,22.968746496,0.60699999424,1.4811249968,-2.1874987519999998
3.9775000000000005e-06,22.968746496,0.60699999424,1.4823749966720001,-2.1874987519999998
3.978e-06,23.749996544,0.60699999424,1.4823749966720001,-2.4999987200000007
3.9785e-06,23.749996544,0.6007499948799999,1.483624996544,-2.1874987519999998
3.979e-06,23.749996544,0.6007499948799999,1.4823749966720001,-2.1874987519999998
3.979500000000001e-06,23.749996544,0.6007499948799999,1.478624997056,-2.1874987519999998
3.98e-06,23.749996544,0.6007499948799999,1.478624997056,-2.1874987519999998
3.9805e-06,23.749996544,0.6007499948799999,1.479874996928,-2.1874987519999998
3.9810000000000005e-06,23.749996544,0.6132499936,1.479874996928,-2.1874987519999998
3.9815e-06,23.749996544,0.60699999424,1.4811249968,-2.1874987519999998
3.982e-06,24.531246592000002,0.60699999424,1.4823749966720001,-2.4999987200000007
3.9825e-06,23.749996544,0.6007499948799999,1.4823749966720001,-2.1874987519999998
3.983000000000001e-06,23.749996544,0.60699999424,1.4823749966720001,-2.1874987519999998
3.9835e-06,23.749996544,0.6007499948799999,1.484874996416,-2.1874987519999998
3.984e-06,24.531246592000002,0.6007499948799999,1.4823749966720001,-2.1874987519999998
3.9845000000000006e-06,24.531246592000002,0.6007499948799999,1.483624996544,-2.1874987519999998
3.985e-06,23.749996544,0.59449999552,1.483624996544,-2.1874987519999998
3.9855e-06,23.749996544,0.6007499948799999,1.486124996288,-1.8749987840000006
3.9860000000000005e-06,24.531246592000002,0.59449999552,1.486124996288,-1.8749987840000006
3.9865e-06,23.749996544,0.60699999424,1.484874996416,-1.8749987840000006
3.987e-06,24.531246592000002,0.60699999424,1.484874996416,-1.8749987840000006
3.9875e-06,24.531246592000002,0.6007499948799999,1.4823749966720001,-2.4999987200000007
3.988000000000001e-06,23.749996544,0.6007499948799999,1.477374997184,-2.1874987519999998
3.9885e-06,23.749996544,0.6007499948799999,1.479874996928,-2.1874987519999998
3.989e-06,23.749996544,0.6007499948799999,1.4811249968,-2.1874987519999998
3.9895000000000005e-06,23.749996544,0.60699999424,1.4823749966720001,-2.1874987519999998
3.99e-06,23.749996544,0.6007499948799999,1.4823749966720001,-1.8749987840000006
3.9905e-06,23.749996544,0.6007499948799999,1.486124996288,-1.8749987840000006
3.991e-06,23.749996544,0.60699999424,1.486124996288,-2.1874987519999998
3.991500000000001e-06,23.749996544,0.60699999424,1.486124996288,-2.1874987519999998
3.992e-06,23.749996544,0.60699999424,1.483624996544,-2.1874987519999998
3.9925e-06,23.749996544,0.60699999424,1.483624996544,-2.1874987519999998
3.9930000000000006e-06,23.749996544,0.60699999424,1.483624996544,-2.1874987519999998
3.9935e-06,23.749996544,0.60699999424,1.483624996544,-1.8749987840000006
3.994e-06,24.531246592000002,0.60699999424,1.483624996544,-2.1874987519999998
3.9945000000000005e-06,23.749996544,0.60699999424,1.483624996544,-2.4999987200000007
3.995e-06,23.749996544,0.60699999424,1.4823749966720001,-2.1874987519999998
3.9955e-06,23.749996544,0.6007499948799999,1.4823749966720001,-1.8749987840000006
3.996e-06,23.749996544,0.6007499948799999,1.4811249968,-1.8749987840000006
3.996500000000001e-06,23.749996544,0.6007499948799999,1.484874996416,-2.4999987200000007
3.997e-06,23.749996544,0.6007499948799999,1.484874996416,-2.1874987519999998
3.9975e-06,24.531246592000002,0.6007499948799999,1.484874996416,-2.1874987519999998
3.9980000000000005e-06,24.531246592000002,0.6007499948799999,1.483624996544,-2.1874987519999998
3.9985e-06,23.749996544,0.6007499948799999,1.484874996416,-1.8749987840000006
3.999e-06,23.749996544,0.6007499948799999,1.484874996416,-2.1874987519999998
3.9995e-06,23.749996544,0.6007499948799999,1.486124996288,-2.4999987200000007
4.000000000000001e-06,23.749996544,0.60699999424,1.483624996544,-2.4999987200000007
4.0005e-06,23.749996544,0.6007499948799999,1.486124996288,-2.4999987200000007
4.001e-06,22.968746496,0.60699999424,1.483624996544,-2.1874987519999998
4.0015000000000006e-06,23.749996544,0.60699999424,1.4823749966720001,-2.1874987519999998
4.002e-06,23.749996544,0.6007499948799999,1.4823749966720001,-1.8749987840000006
4.0025e-06,23.749996544,0.6007499948799999,1.484874996416,-1.8749987840000006
4.0030000000000005e-06,23.749996544,0.60699999424,1.486124996288,-1.8749987840000006
4.0035e-06,23.749996544,0.60699999424,1.484874996416,-1.8749987840000006
4.004e-06,23.749996544,0.6007499948799999,1.4823749966720001,-2.1874987519999998
4.0045e-06,23.749996544,0.60699999424,1.4823749966720001,-2.1874987519999998
4.005000000000001e-06,23.749996544,0.60699999424,1.484874996416,-2.4999987200000007
4.0055e-06,23.749996544,0.6007499948799999,1.484874996416,-2.1874987519999998
4.006e-06,23.749996544,0.6007499948799999,1.486124996288,-1.8749987840000006
4.0065000000000005e-06,23.749996544,0.6007499948799999,1.488624996032,-1.8749987840000006
4.007e-06,23.749996544,0.6007499948799999,1.486124996288,-2.1874987519999998
4.0075e-06,22.968746496,0.6007499948799999,1.486124996288,-2.4999987200000007
4.008e-06,22.968746496,0.60699999424,1.4823749966720001,-2.4999987200000007
4.008500000000001e-06,24.531246592000002,0.6007499948799999,1.4823749966720001,-2.4999987200000007
4.009e-06,23.749996544,0.60699999424,1.4823749966720001,-2.1874987519999998
4.0095e-06,22.968746496,0.6007499948799999,1.483624996544,-2.1874987519999998
4.0100000000000006e-06,23.749996544,0.60699999424,1.483624996544,-2.1874987519999998
4.0105e-06,22.968746496,0.60699999424,1.483624996544,-1.8749987840000006
4.011e-06,23.749996544,0.6132499936,1.484874996416,-2.4999987200000007
4.0115000000000005e-06,23.749996544,0.6007499948799999,1.483624996544,-2.1874987519999998
4.012e-06,22.968746496,0.6007499948799999,1.4823749966720001,-2.1874987519999998
4.0125e-06,23.749996544,0.60699999424,1.4823749966720001,-2.1874987519999998
4.013e-06,24.531246592000002,0.60699999424,1.4823749966720001,-2.1874987519999998
4.013500000000001e-06,24.531246592000002,0.60699999424,1.4811249968,-2.1874987519999998
4.014e-06,24.531246592000002,0.6007499948799999,1.4823749966720001,-2.1874987519999998
4.0145e-06,23.749996544,0.6007499948799999,1.4823749966720001,-1.8749987840000006
4.0150000000000005e-06,23.749996544,0.6007499948799999,1.479874996928,-2.1874987519999998
4.0155e-06,23.749996544,0.6007499948799999,1.4811249968,-2.4999987200000007
4.016e-06,23.749996544,0.60699999424,1.4811249968,-2.1874987519999998
4.0165e-06,24.531246592000002,0.6007499948799999,1.486124996288,-2.1874987519999998
4.017000000000001e-06,24.531246592000002,0.60699999424,1.486124996288,-2.1874987519999998
4.0175e-06,24.531246592000002,0.6007499948799999,1.483624996544,-1.8749987840000006
4.018e-06,24.531246592000002,0.60699999424,1.4811249968,-2.1874987519999998
4.0185000000000006e-06,23.749996544,0.60699999424,1.4823749966720001,-1.8749987840000006
4.019e-06,23.749996544,0.60699999424,1.483624996544,-2.1874987519999998
4.0195e-06,23.749996544,0.6007499948799999,1.484874996416,-1.8749987840000006
4.0200000000000005e-06,23.749996544,0.6007499948799999,1.486124996288,-1.8749987840000006
4.0205e-06,24.531246592000002,0.6007499948799999,1.484874996416,-2.1874987519999998
4.021e-06,24.531246592000002,0.60699999424,1.4823749966720001,-1.8749987840000006
4.0215e-06,23.749996544,0.60699999424,1.4823749966720001,-1.8749987840000006
4.022000000000001e-06,24.531246592000002,0.6007499948799999,1.483624996544,-1.8749987840000006
4.0225e-06,24.531246592000002,0.6007499948799999,1.483624996544,-1.8749987840000006
4.023e-06,24.531246592000002,0.6007499948799999,1.483624996544,-2.1874987519999998
4.0235000000000005e-06,23.749996544,0.60699999424,1.484874996416,-2.1874987519999998
4.024e-06,24.531246592000002,0.60699999424,1.483624996544,-2.1874987519999998
4.0245e-06,23.749996544,0.6007499948799999,1.483624996544,-2.4999987200000007
4.0250000000000004e-06,23.749996544,0.6007499948799999,1.4811249968,-2.1874987519999998
4.0255e-06,23.749996544,0.60699999424,1.4823749966720001,-2.1874987519999998
4.026e-06,24.531246592000002,0.60699999424,1.4823749966720001,-1.8749987840000006
4.0265e-06,23.749996544,0.6007499948799999,1.484874996416,-1.8749987840000006
4.027000000000001e-06,23.749996544,0.60699999424,1.484874996416,-2.1874987519999998
4.0275e-06,23.749996544,0.6007499948799999,1.483624996544,-1.8749987840000006
4.028e-06,23.749996544,0.6007499948799999,1.483624996544,-1.8749987840000006
4.0285000000000005e-06,23.749996544,0.60699999424,1.484874996416,-2.4999987200000007
4.029e-06,24.531246592000002,0.60699999424,1.483624996544,-2.1874987519999998
4.0295e-06,24.531246592000002,0.6007499948799999,1.4811249968,-2.1874987519999998
4.03e-06,24.531246592000002,0.6007499948799999,1.4823749966720001,-2.1874987519999998
4.030500000000001e-06,23.749996544,0.6007499948799999,1.483624996544,-2.1874987519999998
4.031e-06,24.531246592000002,0.6007499948799999,1.4811249968,-2.4999987200000007
4.0315e-06,23.749996544,0.60699999424,1.4823749966720001,-2.1874987519999998
4.0320000000000005e-06,23.749996544,0.6132499936,1.4823749966720001,-2.4999987200000007
4.0325e-06,24.531246592000002,0.6007499948799999,1.483624996544,-2.1874987519999998
4.033e-06,23.749996544,0.60699999424,1.4823749966720001,-2.1874987519999998
4.0335000000000004e-06,23.749996544,0.6007499948799999,1.4811249968,-1.8749987840000006
4.034e-06,24.531246592000002,0.60699999424,1.4811249968,-2.1874987519999998
4.0345e-06,23.749996544,0.59449999552,1.4823749966720001,-2.1874987519999998
4.035e-06,24.531246592000002,0.60699999424,1.483624996544,-1.8749987840000006
4.035500000000001e-06,23.749996544,0.6007499948799999,1.4823749966720001,-2.1874987519999998
4.036e-06,23.749996544,0.6007499948799999,1.4811249968,-2.1874987519999998
4.0365e-06,23.749996544,0.6007499948799999,1.479874996928,-2.1874987519999998
4.0370000000000005e-06,24.531246592000002,0.6007499948799999,1.4823749966720001,-2.1874987519999998
4.0375e-06,24.531246592000002,0.6007499948799999,1.483624996544,-1.8749987840000006
4.038e-06,24.531246592000002,0.6007499948799999,1.483624996544,-1.8749987840000006
4.0385e-06,23.749996544,0.60699999424,1.484874996416,-2.1874987519999998
4.039000000000001e-06,23.749996544,0.60699999424,1.483624996544,-2.4999987200000007
4.0395e-06,23.749996544,0.6007499948799999,1.4823749966720001,-2.1874987519999998
4.04e-06,24.531246592000002,0.6007499948799999,1.4823749966720001,-2.1874987519999998
4.0405000000000005e-06,23.749996544,0.6007499948799999,1.484874996416,-2.4999987200000007
4.041e-06,23.749996544,0.6007499948799999,1.486124996288,-2.1874987519999998
4.0415e-06,23.749996544,0.6007499948799999,1.48737499616,-2.1874987519999998
4.0420000000000004e-06,24.531246592000002,0.6007499948799999,1.483624996544,-1.8749987840000006
4.0425e-06,23.749996544,0.59449999552,1.483624996544,-1.8749987840000006
4.043e-06,23.749996544,0.6007499948799999,1.483624996544,-2.1874987519999998
4.0435e-06,23.749996544,0.6007499948799999,1.484874996416,-2.1874987519999998
4.044000000000001e-06,23.749996544,0.6007499948799999,1.4823749966720001,-2.1874987519999998
4.0445e-06,23.749996544,0.6007499948799999,1.484874996416,-2.4999987200000007
4.045e-06,23.749996544,0.6007499948799999,1.483624996544,-2.1874987519999998
4.0455000000000005e-06,24.531246592000002,0.59449999552,1.4823749966720001,-1.8749987840000006
4.046e-06,23.749996544,0.59449999552,1.479874996928,-2.1874987519999998
4.0465e-06,23.749996544,0.6007499948799999,1.4811249968,-2.1874987519999998
4.047e-06,23.749996544,0.6007499948799999,1.479874996928,-1.8749987840000006
4.047500000000001e-06,23.749996544,0.6007499948799999,1.4823749966720001,-2.1874987519999998
4.048e-06,24.531246592000002,0.6007499948799999,1.4823749966720001,-1.8749987840000006
4.0485e-06,23.749996544,0.6007499948799999,1.484874996416,-2.1874987519999998
4.0490000000000005e-06,23.749996544,0.6007499948799999,1.483624996544,-1.8749987840000006
4.0495e-06,23.749996544,0.6007499948799999,1.48737499616,-1.8749987840000006
4.05e-06,23.749996544,0.59449999552,1.4823749966720001,-2.1874987519999998
4.0505000000000004e-06,22.968746496,0.6007499948799999,1.4823749966720001,-2.1874987519999998
4.051e-06,23.749996544,0.60699999424,1.4823749966720001,-2.1874987519999998
4.0515e-06,23.749996544,0.6007499948799999,1.483624996544,-2.1874987519999998
4.052e-06,23.749996544,0.6007499948799999,1.4823749966720001,-2.1874987519999998
4.052500000000001e-06,22.968746496,0.6007499948799999,1.483624996544,-2.1874987519999998
4.053e-06,24.531246592000002,0.6007499948799999,1.484874996416,-2.1874987519999998
4.0535e-06,24.531246592000002,0.6007499948799999,1.4823749966720001,-2.1874987519999998
4.0540000000000005e-06,24.531246592000002,0.6007499948799999,1.4823749966720001,-1.8749987840000006
4.0545e-06,24.531246592000002,0.6007499948799999,1.4823749966720001,-1.8749987840000006
4.055e-06,23.749996544,0.6007499948799999,1.4823749966720001,-1.8749987840000006
4.0555e-06,23.749996544,0.6007499948799999,1.4823749966720001,-2.1874987519999998
4.056000000000001e-06,23.749996544,0.6007499948799999,1.4811249968,-2.1874987519999998
4.0565e-06,23.749996544,0.6007499948799999,1.4823749966720001,-2.4999987200000007
4.057e-06,22.968746496,0.60699999424,1.4823749966720001,-2.1874987519999998
4.0575000000000005e-06,23.749996544,0.6007499948799999,1.4823749966720001,-1.8749987840000006
4.058e-06,23.749996544,0.59449999552,1.4811249968,-2.1874987519999998
4.0585e-06,23.749996544,0.59449999552,1.4823749966720001,-2.1874987519999998
4.0590000000000004e-06,22.968746496,0.6007499948799999,1.483624996544,-2.1874987519999998
4.0595e-06,23.749996544,0.59449999552,1.483624996544,-1.8749987840000006
4.06e-06,23.749996544,0.6007499948799999,1.4823749966720001,-2.1874987519999998
4.0605e-06,24.531246592000002,0.60699999424,1.483624996544,-1.8749987840000006
4.061000000000001e-06,24.531246592000002,0.6007499948799999,1.4823749966720001,-1.8749987840000006
4.0615e-06,23.749996544,0.6007499948799999,1.4823749966720001,-1.8749987840000006
4.062e-06,23.749996544,0.6007499948799999,1.483624996544,-1.8749987840000006
4.0625000000000005e-06,23.749996544,0.6007499948799999,1.484874996416,-2.1874987519999998
4.063e-06,23.749996544,0.6007499948799999,1.4823749966720001,-2.1874987519999998
4.0635e-06,24.531246592000002,0.59449999552,1.483624996544,-2.4999987200000007
4.064e-06,23.749996544,0.6007499948799999,1.4823749966720001,-2.1874987519999998
4.064500000000001e-06,23.749996544,0.6007499948799999,1.483624996544,-2.4999987200000007
4.065e-06,22.968746496,0.6007499948799999,1.483624996544,-1.8749987840000006
4.0655e-06,22.968746496,0.6007499948799999,1.4811249968,-1.8749987840000006
4.0660000000000005e-06,23.749996544,0.59449999552,1.4811249968,-1.8749987840000006
4.0665e-06,23.749996544,0.59449999552,1.4823749966720001,-1.8749987840000006
4.067e-06,23.749996544,0.6007499948799999,1.483624996544,-2.1874987519999998
4.0675000000000004e-06,23.749996544,0.6007499948799999,1.4811249968,-1.8749987840000006
4.068e-06,23.749996544,0.6007499948799999,1.4811249968,-2.1874987519999998
4.0685e-06,23.749996544,0.6007499948799999,1.4811249968,-1.8749987840000006
4.069e-06,24.531246592000002,0.60699999424,1.4823749966720001,-1.8749987840000006
4.069500000000001e-06,23.749996544,0.6007499948799999,1.4811249968,-2.1874987519999998
4.07e-06,23.749996544,0.59449999552,1.4811249968,-1.8749987840000006
4.0705e-06,24.531246592000002,0.6007499948799999,1.4811249968,-1.8749987840000006
4.0710000000000005e-06,23.749996544,0.6007499948799999,1.479874996928,-1.8749987840000006
4.0715e-06,23.749996544,0.6007499948799999,1.479874996928,-2.1874987519999998
4.072e-06,23.749996544,0.6007499948799999,1.479874996928,-2.1874987519999998
4.0725e-06,24.531246592000002,0.59449999552,1.483624996544,-2.1874987519999998
4.073000000000001e-06,23.749996544,0.6007499948799999,1.483624996544,-1.8749987840000006
4.0735e-06,23.749996544,0.6007499948799999,1.483624996544,-2.1874987519999998
4.074e-06,24.531246592000002,0.6007499948799999,1.4811249968,-1.8749987840000006
4.0745000000000005e-06,23.749996544,0.6007499948799999,1.4811249968,-1.8749987840000006
4.075e-06,23.749996544,0.6007499948799999,1.483624996544,-1.8749987840000006
4.0755e-06,23.749996544,0.59449999552,1.484874996416,-1.8749987840000006
4.0760000000000004e-06,23.749996544,0.59449999552,1.483624996544,-1.8749987840000006
4.0765e-06,23.749996544,0.59449999552,1.4823749966720001,-1.8749987840000006
4.077e-06,23.749996544,0.59449999552,1.4823749966720001,-2.1874987519999998
4.0775e-06,23.749996544,0.6007499948799999,1.483624996544,-2.1874987519999998
4.078000000000001e-06,23.749996544,0.59449999552,1.483624996544,-1.8749987840000006
4.0785e-06,23.749996544,0.6007499948799999,1.484874996416,-1.8749987840000006
4.079e-06,23.749996544,0.6007499948799999,1.4823749966720001,-1.8749987840000006
4.0795000000000005e-06,23.749996544,0.6007499948799999,1.4823749966720001,-2.1874987519999998
4.08e-06,23.749996544,0.60699999424,1.4811249968,-1.8749987840000006
4.0805e-06,24.531246592000002,0.6007499948799999,1.483624996544,-2.1874987519999998
4.081e-06,22.968746496,0.6007499948799999,1.483624996544,-1.8749987840000006
4.081500000000001e-06,22.968746496,0.6007499948799999,1.483624996544,-2.1874987519999998
4.082e-06,23.749996544,0.60699999424,1.484874996416,-1.8749987840000006
4.0825e-06,23.749996544,0.6007499948799999,1.484874996416,-1.8749987840000006
4.0830000000000005e-06,23.749996544,0.6007499948799999,1.484874996416,-1.8749987840000006
4.0835e-06,23.749996544,0.59449999552,1.486124996288,-1.8749987840000006
4.084e-06,23.749996544,0.6007499948799999,1.483624996544,-2.1874987519999998
4.0845000000000004e-06,24.531246592000002,0.60699999424,1.483624996544,-1.8749987840000006
4.085e-06,24.531246592000002,0.60699999424,1.4823749966720001,-1.8749987840000006
4.0855e-06,23.749996544,0.6007499948799999,1.483624996544,-1.8749987840000006
4.086e-06,23.749996544,0.6007499948799999,1.483624996544,-1.8749987840000006
4.086500000000001e-06,23.749996544,0.6007499948799999,1.486124996288,-1.8749987840000006
4.087e-06,23.749996544,0.6007499948799999,1.483624996544,-2.1874987519999998
4.0875e-06,23.749996544,0.59449999552,1.483624996544,-2.1874987519999998
4.0880000000000005e-06,24.531246592000002,0.6007499948799999,1.4823749966720001,-1.8749987840000006
4.0885e-06,23.749996544,0.6007499948799999,1.483624996544,-1.8749987840000006
4.089e-06,22.968746496,0.6007499948799999,1.479874996928,-1.8749987840000006
4.0895e-06,23.749996544,0.6007499948799999,1.478624997056,-1.8749987840000006
4.090000000000001e-06,23.749996544,0.59449999552,1.479874996928,-1.8749987840000006
4.0905e-06,23.749996544,0.6007499948799999,1.4823749966720001,-1.8749987840000006
4.091e-06,23.749996544,0.6007499948799999,1.483624996544,-1.5624988160000015
4.0915000000000006e-06,24.531246592000002,0.59449999552,1.483624996544,-1.5624988160000015
4.092e-06,22.968746496,0.6007499948799999,1.483624996544,-1.8749987840000006
4.0925e-06,23.749996544,0.6007499948799999,1.483624996544,-1.8749987840000006
4.0930000000000005e-06,24.531246592000002,0.6007499948799999,1.484874996416,-1.8749987840000006
4.0935e-06,24.531246592000002,0.59449999552,1.484874996416,-1.8749987840000006
4.094e-06,23.749996544,0.6007499948799999,1.483624996544,-1.2499988480000006
4.0945e-06,23.749996544,0.59449999552,1.4823749966720001,-1.5624988160000015
4.095000000000001e-06,23.749996544,0.6007499948799999,1.4823749966720001,-1.8749987840000006
4.0955e-06,23.749996544,0.6007499948799999,1.483624996544,-1.8749987840000006
4.096e-06,23.749996544,0.59449999552,1.479874996928,-1.8749987840000006
4.0965000000000005e-06,23.749996544,0.6007499948799999,1.4811249968,-1.8749987840000006
4.097e-06,23.749996544,0.59449999552,1.4811249968,-1.8749987840000006
4.0975e-06,23.749996544,0.6007499948799999,1.4823749966720001,-2.1874987519999998
4.098e-06,23.749996544,0.59449999552,1.4811249968,-1.8749987840000006
4.098500000000001e-06,23.749996544,0.59449999552,1.4823749966720001,-1.8749987840000006
4.099e-06,23.749996544,0.6007499948799999,1.4823749966720001,-1.5624988160000015
4.0995e-06,23.749996544,0.59449999552,1.4811249968,-1.8749987840000006
4.1000000000000006e-06,23.749996544,0.6007499948799999,1.4811249968,-1.8749987840000006
4.1005e-06,23.749996544,0.6007499948799999,1.483624996544,-1.8749987840000006
4.101e-06,24.531246592000002,0.60699999424,1.483624996544,-1.8749987840000006
4.1015000000000005e-06,23.749996544,0.59449999552,1.483624996544,-2.1874987519999998
4.102e-06,24.531246592000002,0.59449999552,1.484874996416,-1.5624988160000015
4.1025e-06,23.749996544,0.6007499948799999,1.483624996544,-1.5624988160000015
4.103e-06,22.968746496,0.6007499948799999,1.4823749966720001,-1.8749987840000006
4.103500000000001e-06,23.749996544,0.59449999552,1.483624996544,-2.4999987200000007
4.104e-06,23.749996544,0.59449999552,1.483624996544,-2.1874987519999998
4.1045e-06,23.749996544,0.59449999552,1.486124996288,-1.8749987840000006
4.1050000000000005e-06,23.749996544,0.59449999552,1.479874996928,-1.8749987840000006
4.1055e-06,23.749996544,0.59449999552,1.4823749966720001,-1.8749987840000006
4.106e-06,24.531246592000002,0.59449999552,1.4823749966720001,-1.8749987840000006
4.1065e-06,23.749996544,0.59449999552,1.4823749966720001,-1.8749987840000006
4.107000000000001e-06,23.749996544,0.6007499948799999,1.479874996928,-1.8749987840000006
4.1075e-06,23.749996544,0.59449999552,1.4811249968,-1.8749987840000006
4.108e-06,23.749996544,0.59449999552,1.4811249968,-1.8749987840000006
4.1085000000000006e-06,23.749996544,0.6007499948799999,1.483624996544,-1.5624988160000015
4.109e-06,24.531246592000002,0.59449999552,1.483624996544,-1.5624988160000015
4.1095e-06,24.531246592000002,0.59449999552,1.484874996416,-1.8749987840000006
4.1100000000000005e-06,23.749996544,0.58824999616,1.484874996416,-1.5624988160000015
4.1105e-06,23.749996544,0.59449999552,1.484874996416,-1.8749987840000006
4.111e-06,23.749996544,0.59449999552,1.4823749966720001,-1.8749987840000006
4.1115e-06,22.968746496,0.59449999552,1.4823749966720001,-2.1874987519999998
4.112000000000001e-06,23.749996544,0.6007499948799999,1.4811249968,-1.8749987840000006
4.1125e-06,23.749996544,0.59449999552,1.483624996544,-2.1874987519999998
4.113e-06,23.749996544,0.6007499948799999,1.4823749966720001,-1.8749987840000006
4.1135000000000005e-06,22.968746496,0.59449999552,1.484874996416,-1.8749987840000006
4.114e-06,23.749996544,0.59449999552,1.484874996416,-1.8749987840000006
4.1145e-06,23.749996544,0.6007499948799999,1.484874996416,-1.8749987840000006
4.115e-06,23.749996544,0.60699999424,1.484874996416,-1.8749987840000006
4.115500000000001e-06,23.749996544,0.6007499948799999,1.483624996544,-1.8749987840000006
4.116e-06,23.749996544,0.6007499948799999,1.483624996544,-1.8749987840000006
4.1165e-06,23.749996544,0.6007499948799999,1.484874996416,-1.8749987840000006
4.1170000000000006e-06,23.749996544,0.59449999552,1.4823749966720001,-1.8749987840000006
4.1175e-06,24.531246592000002,0.59449999552,1.4823749966720001,-1.8749987840000006
4.118e-06,23.749996544,0.59449999552,1.4823749966720001,-1.5624988160000015
4.1185000000000005e-06,23.749996544,0.59449999552,1.484874996416,-2.1874987519999998
4.119e-06,23.749996544,0.6007499948799999,1.483624996544,-1.8749987840000006
4.1195e-06,23.749996544,0.59449999552,1.483624996544,-2.1874987519999998
4.12e-06,23.749996544,0.60699999424,1.483624996544,-2.1874987519999998
4.120500000000001e-06,23.749996544,0.59449999552,1.483624996544,-2.1874987519999998
4.121e-06,23.749996544,0.59449999552,1.4823749966720001,-1.8749987840000006
4.1215e-06,23.749996544,0.59449999552,1.4823749966720001,-1.8749987840000006
4.1220000000000005e-06,24.531246592000002,0.6007499948799999,1.483624996544,-1.8749987840000006
4.1225e-06,23.749996544,0.59449999552,1.484874996416,-1.8749987840000006
4.123e-06,23.749996544,0.6007499948799999,1.484874996416,-1.8749987840000006
4.1235e-06,23.749996544,0.59449999552,1.484874996416,-1.5624988160000015
4.124000000000001e-06,22.968746496,0.59449999552,1.483624996544,-1.8749987840000006
4.1245e-06,23.749996544,0.6007499948799999,1.483624996544,-1.8749987840000006
4.125e-06,24.531246592000002,0.6007499948799999,1.4823749966720001,-1.8749987840000006
4.1255000000000006e-06,23.749996544,0.6007499948799999,1.479874996928,-1.8749987840000006
4.126e-06,23.749996544,0.59449999552,1.479874996928,-1.8749987840000006
4.1265e-06,23.749996544,0.6007499948799999,1.479874996928,-1.8749987840000006
4.1270000000000005e-06,23.749996544,0.59449999552,1.4811249968,-1.8749987840000006
4.1275e-06,23.749996544,0.58824999616,1.4811249968,-2.1874987519999998
4.128e-06,24.531246592000002,0.59449999552,1.478624997056,-1.8749987840000006
4.1285e-06,23.749996544,0.59449999552,1.4811249968,-2.1874987519999998
4.129000000000001e-06,23.749996544,0.59449999552,1.478624997056,-1.8749987840000006
4.1295e-06,23.749996544,0.59449999552,1.479874996928,-1.8749987840000006
4.13e-06,24.531246592000002,0.6007499948799999,1.4823749966720001,-1.8749987840000006
4.1305000000000005e-06,23.749996544,0.59449999552,1.484874996416,-1.8749987840000006
4.131e-06,23.749996544,0.6007499948799999,1.484874996416,-1.8749987840000006
4.1315e-06,23.749996544,0.58824999616,1.483624996544,-1.5624988160000015
4.132e-06,24.531246592000002,0.59449999552,1.4811249968,-1.8749987840000006
4.132500000000001e-06,23.749996544,0.6007499948799999,1.484874996416,-1.8749987840000006
4.133e-06,23.749996544,0.6007499948799999,1.484874996416,-1.5624988160000015
4.1335e-06,23.749996544,0.6007499948799999,1.483624996544,-1.8749987840000006
4.1340000000000006e-06,23.749996544,0.59449999552,1.483624996544,-1.5624988160000015
4.1345e-06,23.749996544,0.59449999552,1.4823749966720001,-1.8749987840000006
4.135e-06,23.749996544,0.59449999552,1.4823749966720001,-1.8749987840000006
4.1355000000000005e-06,24.531246592000002,0.59449999552,1.483624996544,-1.8749987840000006
4.136e-06,23.749996544,0.59449999552,1.4811249968,-1.8749987840000006
4.1365e-06,23.749996544,0.59449999552,1.4811249968,-2.1874987519999998
4.137e-06,23.749996544,0.59449999552,1.479874996928,-1.8749987840000006
4.137500000000001e-06,23.749996544,0.6007499948799999,1.4811249968,-1.5624988160000015
4.138e-06,23.749996544,0.6007499948799999,1.4811249968,-1.5624988160000015
4.1385e-06,23.749996544,0.59449999552,1.4811249968,-1.8749987840000006
4.1390000000000005e-06,23.749996544,0.6007499948799999,1.4823749966720001,-1.8749987840000006
4.1395e-06,23.749996544,0.59449999552,1.483624996544,-1.5624988160000015
4.14e-06,23.749996544,0.6007499948799999,1.483624996544,-1.5624988160000015
4.1405e-06,23.749996544,0.59449999552,1.4823749966720001,-1.5624988160000015
4.141000000000001e-06,23.749996544,0.6007499948799999,1.4811249968,-1.8749987840000006
4.1415e-06,24.531246592000002,0.6007499948799999,1.4823749966720001,-1.8749987840000006
4.142e-06,24.531246592000002,0.59449999552,1.4823749966720001,-1.5624988160000015
4.1425000000000006e-06,23.749996544,0.6007499948799999,1.4811249968,-1.8749987840000006
4.143e-06,23.749996544,0.59449999552,1.4823749966720001,-1.8749987840000006
4.1435e-06,23.749996544,0.6007499948799999,1.484874996416,-1.8749987840000006
4.1440000000000005e-06,23.749996544,0.6007499948799999,1.4823749966720001,-1.8749987840000006
4.1445e-06,24.531246592000002,0.59449999552,1.4823749966720001,-1.8749987840000006
4.145e-06,23.749996544,0.59449999552,1.4823749966720001,-1.8749987840000006
4.1455e-06,23.749996544,0.59449999552,1.4823749966720001,-1.5624988160000015
4.146000000000001e-06,23.749996544,0.59449999552,1.4823749966720001,-1.5624988160000015
4.1465e-06,23.749996544,0.59449999552,1.484874996416,-1.8749987840000006
4.147e-06,23.749996544,0.6007499948799999,1.484874996416,-1.8749987840000006
4.1475000000000005e-06,24.531246592000002,0.59449999552,1.483624996544,-1.8749987840000006
4.148e-06,23.749996544,0.59449999552,1.4811249968,-1.8749987840000006
4.1485e-06,24.531246592000002,0.59449999552,1.4823749966720001,-1.8749987840000006
4.1490000000000004e-06,23.749996544,0.6007499948799999,1.4823749966720001,-1.8749987840000006
4.149500000000001e-06,23.749996544,0.6007499948799999,1.4823749966720001,-1.8749987840000006
4.15e-06,24.531246592000002,0.59449999552,1.4823749966720001,-1.5624988160000015
4.1505e-06,24.531246592000002,0.59449999552,1.484874996416,-1.5624988160000015
4.1510000000000006e-06,23.749996544,0.59449999552,1.483624996544,-1.5624988160000015
4.1515e-06,23.749996544,0.6007499948799999,1.4823749966720001,-2.1874987519999998
4.152e-06,24.531246592000002,0.6007499948799999,1.478624997056,-1.8749987840000006
4.1525000000000005e-06,23.749996544,0.59449999552,1.4811249968,-1.8749987840000006
4.153e-06,23.749996544,0.6007499948799999,1.478624997056,-1.8749987840000006
4.1535e-06,23.749996544,0.6007499948799999,1.479874996928,-1.8749987840000006
4.154e-06,24.531246592000002,0.59449999552,1.4823749966720001,-1.8749987840000006
4.154500000000001e-06,24.531246592000002,0.59449999552,1.4823749966720001,-1.8749987840000006
4.155e-06,23.749996544,0.59449999552,1.483624996544,-1.5624988160000015
4.1555e-06,23.749996544,0.58824999616,1.483624996544,-1.5624988160000015
4.1560000000000005e-06,24.531246592000002,0.6007499948799999,1.484874996416,-1.5624988160000015
4.1565e-06,24.531246592000002,0.6007499948799999,1.48737499616,-1.5624988160000015
4.157e-06,24.531246592000002,0.6007499948799999,1.48737499616,-1.5624988160000015
4.1575000000000004e-06,24.531246592000002,0.6007499948799999,1.483624996544,-1.8749987840000006
4.158000000000001e-06,23.749996544,0.59449999552,1.479874996928,-1.5624988160000015
4.1585e-06,23.749996544,0.59449999552,1.4823749966720001,-1.5624988160000015
4.159e-06,23.749996544,0.6007499948799999,1.4811249968,-1.8749987840000006
4.159500000000001e-06,24.531246592000002,0.58824999616,1.478624997056,-1.8749987840000006
4.16e-06,23.749996544,0.59449999552,1.476124997312,-1.8749987840000006
4.1605e-06,24.531246592000002,0.6007499948799999,1.479874996928,-1.8749987840000006
4.1610000000000005e-06,23.749996544,0.6007499948799999,1.4811249968,-1.5624988160000015
4.1615e-06,24.531246592000002,0.6007499948799999,1.4823749966720001,-1.5624988160000015
4.162e-06,23.749996544,0.59449999552,1.4811249968,-1.8749987840000006
4.1625e-06,23.749996544,0.6007499948799999,1.4811249968,-1.8749987840000006
4.163000000000001e-06,23.749996544,0.6007499948799999,1.4823749966720001,-1.8749987840000006
4.1635e-06,23.749996544,0.59449999552,1.483624996544,-1.5624988160000015
4.164e-06,23.749996544,0.6007499948799999,1.4811249968,-1.8749987840000006
4.1645000000000005e-06,23.749996544,0.59449999552,1.483624996544,-1.5624988160000015
4.165e-06,24.531246592000002,0.6007499948799999,1.484874996416,-1.5624988160000015
4.1655e-06,23.749996544,0.59449999552,1.483624996544,-1.8749987840000006
4.1660000000000004e-06,23.749996544,0.59449999552,1.4823749966720001,-1.5624988160000015
4.166500000000001e-06,23.749996544,0.6007499948799999,1.483624996544,-1.5624988160000015
4.167e-06,23.749996544,0.6007499948799999,1.486124996288,-1.8749987840000006
4.1675e-06,23.749996544,0.59449999552,1.486124996288,-1.8749987840000006
4.168000000000001e-06,23.749996544,0.59449999552,1.478624997056,-1.8749987840000006
4.1685e-06,22.968746496,0.59449999552,1.477374997184,-2.1874987519999998
4.169e-06,22.968746496,0.59449999552,1.479874996928,-1.5624988160000015
4.1695000000000005e-06,23.749996544,0.59449999552,1.4811249968,-1.8749987840000006
4.17e-06,24.531246592000002,0.59449999552,1.479874996928,-1.8749987840000006
4.1705e-06,23.749996544,0.59449999552,1.478624997056,-1.8749987840000006
4.171e-06,23.749996544,0.6007499948799999,1.4823749966720001,-1.5624988160000015
4.171500000000001e-06,23.749996544,0.6007499948799999,1.483624996544,-1.5624988160000015
4.172e-06,23.749996544,0.6007499948799999,1.4823749966720001,-1.8749987840000006
4.1725e-06,23.749996544,0.59449999552,1.4823749966720001,-1.5624988160000015
4.1730000000000005e-06,22.968746496,0.6007499948799999,1.4823749966720001,-1.5624988160000015
4.1735e-06,23.749996544,0.59449999552,1.4823749966720001,-1.8749987840000006
4.174e-06,23.749996544,0.59449999552,1.483624996544,-1.5624988160000015
4.1745000000000004e-06,23.749996544,0.6007499948799999,1.4823749966720001,-1.8749987840000006
4.175e-06,22.968746496,0.59449999552,1.4811249968,-1.8749987840000006
4.1755e-06,23.749996544,0.59449999552,1.4823749966720001,-1.8749987840000006
4.176e-06,23.749996544,0.59449999552,1.483624996544,-1.8749987840000006
4.176500000000001e-06,23.749996544,0.6007499948799999,1.483624996544,-2.1874987519999998
4.177e-06,22.968746496,0.6007499948799999,1.479874996928,-1.8749987840000006
4.1775e-06,23.749996544,0.59449999552,1.4823749966720001,-1.8749987840000006
4.1780000000000005e-06,22.968746496,0.59449999552,1.4823749966720001,-1.5624988160000015
4.1785e-06,23.749996544,0.59449999552,1.4823749966720001,-1.8749987840000006
4.179e-06,22.968746496,0.6007499948799999,1.483624996544,-1.5624988160000015
4.1795e-06,22.968746496,0.6007499948799999,1.483624996544,-1.5624988160000015
4.180000000000001e-06,22.968746496,0.6007499948799999,1.483624996544,-1.8749987840000006
4.1805e-06,22.968746496,0.6007499948799999,1.4823749966720001,-1.5624988160000015
4.181e-06,23.749996544,0.6007499948799999,1.479874996928,-1.5624988160000015
4.1815000000000005e-06,23.749996544,0.59449999552,1.478624997056,-1.5624988160000015
4.182e-06,23.749996544,0.6007499948799999,1.479874996928,-1.2499988480000006
4.1825e-06,23.749996544,0.6007499948799999,1.4811249968,-1.5624988160000015
4.1830000000000004e-06,22.968746496,0.6007499948799999,1.4811249968,-1.8749987840000006
4.1835e-06,23.749996544,0.6007499948799999,1.4823749966720001,-1.8749987840000006
4.184e-06,23.749996544,0.59449999552,1.483624996544,-1.5624988160000015
4.1845e-06,23.749996544,0.59449999552,1.484874996416,-1.5624988160000015
4.185000000000001e-06,22.968746496,0.59449999552,1.484874996416,-1.2499988480000006
4.1855e-06,22.968746496,0.59449999552,1.484874996416,-1.2499988480000006
4.186e-06,23.749996544,0.59449999552,1.4823749966720001,-1.5624988160000015
4.1865000000000005e-06,23.749996544,0.59449999552,1.4811249968,-1.5624988160000015
4.187e-06,22.968746496,0.6007499948799999,1.4823749966720001,-1.2499988480000006
4.1875e-06,22.968746496,0.59449999552,1.484874996416,-1.2499988480000006
4.188e-06,22.968746496,0.6007499948799999,1.483624996544,-1.5624988160000015
4.188500000000001e-06,22.968746496,0.6007499948799999,1.484874996416,-1.8749987840000006
4.189e-06,24.531246592000002,0.6007499948799999,1.484874996416,-1.5624988160000015
4.1895e-06,23.749996544,0.6007499948799999,1.484874996416,-1.2499988480000006
4.1900000000000005e-06,23.749996544,0.59449999552,1.483624996544,-1.5624988160000015
4.1905e-06,22.968746496,0.6007499948799999,1.4823749966720001,-1.5624988160000015
4.191e-06,23.749996544,0.59449999552,1.4823749966720001,-1.2499988480000006
4.1915000000000004e-06,23.749996544,0.59449999552,1.483624996544,-1.5624988160000015
4.192e-06,23.749996544,0.59449999552,1.4823749966720001,-1.5624988160000015
4.1925e-06,23.749996544,0.6007499948799999,1.483624996544,-1.8749987840000006
4.193e-06,23.749996544,0.59449999552,1.4823749966720001,-1.5624988160000015
4.193500000000001e-06,23.749996544,0.6007499948799999,1.483624996544,-1.5624988160000015
4.194e-06,23.749996544,0.59449999552,1.4811249968,-1.8749987840000006
4.1945e-06,23.749996544,0.59449999552,1.4823749966720001,-1.5624988160000015
4.1950000000000005e-06,23.749996544,0.6007499948799999,1.484874996416,-1.2499988480000006
4.1955e-06,23.749996544,0.59449999552,1.483624996544,-1.2499988480000006
4.196e-06,23.749996544,0.6007499948799999,1.483624996544,-1.2499988480000006
4.1965e-06,23.749996544,0.6007499948799999,1.483624996544,-1.5624988160000015
4.197000000000001e-06,23.749996544,0.6007499948799999,1.483624996544,-1.5624988160000015
4.1975e-06,23.749996544,0.59449999552,1.484874996416,-1.5624988160000015
4.198e-06,23.749996544,0.59449999552,1.486124996288,-1.2499988480000006
4.1985000000000005e-06,23.749996544,0.6007499948799999,1.484874996416,-1.2499988480000006
4.199e-06,23.749996544,0.6007499948799999,1.484874996416,-1.5624988160000015
4.1995e-06,23.749996544,0.59449999552,1.484874996416,-1.8749987840000006
4.2000000000000004e-06,23.749996544,0.59449999552,1.4823749966720001,-1.8749987840000006
4.2005e-06,23.749996544,0.59449999552,1.4823749966720001,-1.5624988160000015
4.201e-06,24.531246592000002,0.59449999552,1.4811249968,-1.5624988160000015
4.2015e-06,23.749996544,0.6007499948799999,1.4823749966720001,-1.5624988160000015
4.202000000000001e-06,24.531246592000002,0.58824999616,1.4823749966720001,-1.5624988160000015
4.2025e-06,23.749996544,0.58824999616,1.4823749966720001,-1.5624988160000015
4.203e-06,23.749996544,0.59449999552,1.479874996928,-1.5624988160000015
4.2035000000000005e-06,23.749996544,0.58824999616,1.4811249968,-1.5624988160000015
4.204e-06,23.749996544,0.59449999552,1.4823749966720001,-1.2499988480000006
4.2045e-06,24.531246592000002,0.6007499948799999,1.484874996416,-1.5624988160000015
4.205e-06,24.531246592000002,0.59449999552,1.484874996416,-1.5624988160000015
4.205500000000001e-06,23.749996544,0.59449999552,1.483624996544,-1.5624988160000015
4.206e-06,23.749996544,0.59449999552,1.483624996544,-1.5624988160000015
4.2065e-06,23.749996544,0.6007499948799999,1.4811249968,-1.5624988160000015
4.2070000000000005e-06,23.749996544,0.6007499948799999,1.479874996928,-1.5624988160000015
4.2075e-06,23.749996544,0.59449999552,1.4811249968,-1.5624988160000015
4.208e-06,24.531246592000002,0.59449999552,1.479874996928,-1.5624988160000015
4.2085000000000004e-06,23.749996544,0.59449999552,1.4823749966720001,-1.8749987840000006
4.209e-06,22.968746496,0.6007499948799999,1.4811249968,-1.2499988480000006
4.2095e-06,23.749996544,0.6007499948799999,1.477374997184,-1.5624988160000015
4.21e-06,24.531246592000002,0.59449999552,1.477374997184,-1.5624988160000015
4.210500000000001e-06,23.749996544,0.59449999552,1.478624997056,-1.5624988160000015
4.211e-06,22.968746496,0.59449999552,1.479874996928,-1.2499988480000006
4.2115e-06,23.749996544,0.59449999552,1.479874996928,-1.2499988480000006
4.2120000000000005e-06,23.749996544,0.6007499948799999,1.4811249968,-1.5624988160000015
4.2125e-06,23.749996544,0.6007499948799999,1.484874996416,-1.8749987840000006
4.213e-06,23.749996544,0.6007499948799999,1.483624996544,-1.5624988160000015
4.2135e-06,23.749996544,0.6007499948799999,1.4811249968,-1.5624988160000015
4.214000000000001e-06,24.531246592000002,0.59449999552,1.479874996928,-1.5624988160000015
4.2145e-06,23.749996544,0.6007499948799999,1.4823749966720001,-1.8749987840000006
4.215e-06,23.749996544,0.6007499948799999,1.4811249968,-1.5624988160000015
4.2155000000000006e-06,23.749996544,0.59449999552,1.479874996928,-1.8749987840000006
4.216e-06,24.531246592000002,0.59449999552,1.478624997056,-1.8749987840000006
4.2165e-06,23.749996544,0.59449999552,1.4823749966720001,-1.8749987840000006
4.2170000000000005e-06,23.749996544,0.59449999552,1.4811249968,-1.5624988160000015
4.2175e-06,23.749996544,0.6007499948799999,1.4823749966720001,-1.5624988160000015
4.218e-06,23.749996544,0.59449999552,1.4823749966720001,-1.8749987840000006
4.2185e-06,23.749996544,0.59449999552,1.4823749966720001,-1.5624988160000015
4.219000000000001e-06,23.749996544,0.59449999552,1.479874996928,-1.2499988480000006
4.2195e-06,23.749996544,0.59449999552,1.478624997056,-1.5624988160000015
4.22e-06,23.749996544,0.58824999616,1.477374997184,-1.5624988160000015
4.2205000000000005e-06,23.749996544,0.59449999552,1.479874996928,-1.5624988160000015
4.221e-06,23.749996544,0.59449999552,1.4823749966720001,-1.2499988480000006
4.2215e-06,23.749996544,0.59449999552,1.4811249968,-1.5624988160000015
4.222e-06,24.531246592000002,0.59449999552,1.4811249968,-1.2499988480000006
4.222500000000001e-06,23.749996544,0.6007499948799999,1.4811249968,-1.2499988480000006
4.223e-06,23.749996544,0.6007499948799999,1.4823749966720001,-1.5624988160000015
4.2235e-06,23.749996544,0.59449999552,1.4823749966720001,-1.5624988160000015
4.2240000000000006e-06,24.531246592000002,0.59449999552,1.477374997184,-1.5624988160000015
4.2245e-06,24.531246592000002,0.58824999616,1.4811249968,-1.5624988160000015
4.225e-06,24.531246592000002,0.59449999552,1.4811249968,-1.2499988480000006
4.2255000000000005e-06,23.749996544,0.6007499948799999,1.4823749966720001,-1.5624988160000015
4.226e-06,23.749996544,0.59449999552,1.483624996544,-1.5624988160000015
4.2265e-06,23.749996544,0.58824999616,1.4823749966720001,-1.5624988160000015
4.227e-06,23.749996544,0.58824999616,1.4823749966720001,-1.2499988480000006
4.227500000000001e-06,23.749996544,0.58824999616,1.4811249968,-1.5624988160000015
4.228e-06,22.968746496,0.58824999616,1.477374997184,-1.5624988160000015
4.2285e-06,23.749996544,0.6007499948799999,1.479874996928,-1.5624988160000015
4.2290000000000005e-06,23.749996544,0.6007499948799999,1.479874996928,-1.2499988480000006
4.2295e-06,24.531246592000002,0.59449999552,1.4811249968,-1.2499988480000006
4.23e-06,24.531246592000002,0.58824999616,1.479874996928,-0.9374988799999997
4.2305e-06,23.749996544,0.59449999552,1.479874996928,-1.5624988160000015
4.231000000000001e-06,23.749996544,0.59449999552,1.479874996928,-1.5624988160000015
4.2315e-06,23.749996544,0.59449999552,1.4823749966720001,-1.5624988160000015
4.232e-06,23.749996544,0.58824999616,1.483624996544,-1.5624988160000015
4.2325000000000006e-06,23.749996544,0.59449999552,1.483624996544,-1.8749987840000006
4.233e-06,23.749996544,0.59449999552,1.483624996544,-1.2499988480000006
4.2335e-06,23.749996544,0.59449999552,1.483624996544,-1.8749987840000006
4.2340000000000005e-06,24.531246592000002,0.59449999552,1.4811249968,-1.5624988160000015
4.2345e-06,22.968746496,0.58824999616,1.4823749966720001,-1.5624988160000015
4.235e-06,23.749996544,0.58824999616,1.4823749966720001,-1.5624988160000015
4.2355e-06,22.968746496,0.5819999967999999,1.4811249968,-1.2499988480000006
4.236000000000001e-06,23.749996544,0.59449999552,1.479874996928,-1.2499988480000006
4.2365e-06,23.749996544,0.59449999552,1.483624996544,-1.2499988480000006
4.237e-06,23.749996544,0.6007499948799999,1.483624996544,-1.5624988160000015
4.2375000000000005e-06,23.749996544,0.6007499948799999,1.4823749966720001,-1.5624988160000015
4.238e-06,23.749996544,0.58824999616,1.479874996928,-1.2499988480000006
4.2385e-06,22.968746496,0.59449999552,1.4811249968,-1.2499988480000006
4.239e-06,23.749996544,0.6007499948799999,1.4811249968,-1.5624988160000015
4.239500000000001e-06,23.749996544,0.59449999552,1.483624996544,-1.5624988160000015
4.24e-06,22.968746496,0.59449999552,1.4811249968,-1.5624988160000015
4.2405e-06,23.749996544,0.59449999552,1.4811249968,-1.8749987840000006
4.2410000000000006e-06,23.749996544,0.59449999552,1.477374997184,-1.5624988160000015
4.2415e-06,23.749996544,0.59449999552,1.479874996928,-1.2499988480000006
4.242e-06,23.749996544,0.59449999552,1.4811249968,-1.5624988160000015
4.2425000000000005e-06,23.749996544,0.59449999552,1.4823749966720001,-1.5624988160000015
4.243e-06,23.749996544,0.59449999552,1.4811249968,-1.2499988480000006
4.2435e-06,23.749996544,0.59449999552,1.4811249968,-1.2499988480000006
4.244e-06,23.749996544,0.59449999552,1.479874996928,-1.5624988160000015
4.244500000000001e-06,23.749996544,0.59449999552,1.4811249968,-1.2499988480000006
4.245e-06,24.531246592000002,0.6007499948799999,1.4811249968,-1.2499988480000006
4.2455e-06,23.749996544,0.59449999552,1.4811249968,-1.2499988480000006
4.2460000000000005e-06,23.749996544,0.59449999552,1.484874996416,-1.2499988480000006
4.2465e-06,24.531246592000002,0.59449999552,1.484874996416,-1.2499988480000006
4.247e-06,23.749996544,0.59449999552,1.4811249968,-1.2499988480000006
4.2475e-06,23.749996544,0.59449999552,1.479874996928,-1.5624988160000015
4.248000000000001e-06,24.531246592000002,0.59449999552,1.478624997056,-1.2499988480000006
4.2485e-06,23.749996544,0.58824999616,1.479874996928,-1.5624988160000015
4.249e-06,22.968746496,0.59449999552,1.4811249968,-1.2499988480000006
4.2495000000000006e-06,24.531246592000002,0.59449999552,1.4811249968,-1.5624988160000015
4.25e-06,23.749996544,0.59449999552,1.4823749966720001,-1.5624988160000015
4.2505e-06,23.749996544,0.59449999552,1.4823749966720001,-1.5624988160000015
4.2510000000000005e-06,23.749996544,0.6007499948799999,1.479874996928,-1.2499988480000006
4.2515e-06,23.749996544,0.59449999552,1.4823749966720001,-1.2499988480000006
4.252e-06,23.749996544,0.59449999552,1.4823749966720001,-1.2499988480000006
4.2525e-06,23.749996544,0.6007499948799999,1.484874996416,-1.2499988480000006
4.253000000000001e-06,24.531246592000002,0.6007499948799999,1.4823749966720001,-1.2499988480000006
4.2535e-06,24.531246592000002,0.59449999552,1.4823749966720001,-1.2499988480000006
4.254e-06,23.749996544,0.58824999616,1.4823749966720001,-1.2499988480000006
4.2545000000000005e-06,23.749996544,0.59449999552,1.4811249968,-1.2499988480000006
4.255e-06,23.749996544,0.6007499948799999,1.479874996928,-1.5624988160000015
4.2555e-06,23.749996544,0.59449999552,1.4823749966720001,-1.5624988160000015
4.256e-06,23.749996544,0.59449999552,1.484874996416,-1.2499988480000006
4.256500000000001e-06,23.749996544,0.59449999552,1.486124996288,-1.5624988160000015
4.257e-06,22.968746496,0.6007499948799999,1.483624996544,-1.2499988480000006
4.2575e-06,23.749996544,0.6007499948799999,1.483624996544,-1.2499988480000006
4.2580000000000006e-06,24.531246592000002,0.59449999552,1.4823749966720001,-1.5624988160000015
4.2585e-06,22.968746496,0.59449999552,1.4823749966720001,-1.5624988160000015
4.259e-06,23.749996544,0.6007499948799999,1.4823749966720001,-1.2499988480000006
4.2595000000000005e-06,23.749996544,0.59449999552,1.483624996544,-0.9374988799999997
4.26e-06,24.531246592000002,0.59449999552,1.4823749966720001,-1.2499988480000006
4.2605e-06,24.531246592000002,0.59449999552,1.4823749966720001,-1.2499988480000006
4.261e-06,24.531246592000002,0.59449999552,1.4823749966720001,-1.2499988480000006
4.261500000000001e-06,23.749996544,0.59449999552,1.478624997056,-1.2499988480000006
4.262e-06,24.531246592000002,0.59449999552,1.478624997056,-1.2499988480000006
4.2625e-06,23.749996544,0.59449999552,1.4811249968,-1.2499988480000006
4.2630000000000005e-06,23.749996544,0.59449999552,1.4811249968,-1.2499988480000006
4.2635e-06,23.749996544,0.59449999552,1.4823749966720001,-1.5624988160000015
4.264e-06,23.749996544,0.6007499948799999,1.479874996928,-1.2499988480000006
4.2645e-06,23.749996544,0.6007499948799999,1.4823749966720001,-1.5624988160000015
4.265000000000001e-06,22.968746496,0.59449999552,1.4811249968,-1.2499988480000006
4.2655e-06,23.749996544,0.59449999552,1.479874996928,-1.2499988480000006
4.266e-06,23.749996544,0.59449999552,1.479874996928,-1.2499988480000006
4.2665000000000006e-06,22.968746496,0.59449999552,1.479874996928,-1.5624988160000015
4.267e-06,23.749996544,0.59449999552,1.479874996928,-1.2499988480000006
4.2675e-06,23.749996544,0.59449999552,1.4811249968,-1.2499988480000006
4.2680000000000005e-06,23.749996544,0.59449999552,1.4811249968,-1.2499988480000006
4.2685e-06,23.749996544,0.59449999552,1.4823749966720001,-1.5624988160000015
4.269e-06,24.531246592000002,0.58824999616,1.4823749966720001,-1.2499988480000006
4.2695e-06,23.749996544,0.59449999552,1.4811249968,-1.2499988480000006
4.270000000000001e-06,23.749996544,0.59449999552,1.478624997056,-1.2499988480000006
4.2705e-06,23.749996544,0.59449999552,1.478624997056,-1.2499988480000006
4.271e-06,23.749996544,0.59449999552,1.477374997184,-1.2499988480000006
4.2715000000000005e-06,23.749996544,0.58824999616,1.479874996928,-1.5624988160000015
4.272e-06,23.749996544,0.59449999552,1.4811249968,-1.5624988160000015
4.2725e-06,23.749996544,0.58824999616,1.483624996544,-1.2499988480000006
4.2730000000000004e-06,23.749996544,0.59449999552,1.479874996928,-1.2499988480000006
4.273500000000001e-06,23.749996544,0.59449999552,1.479874996928,-0.9374988799999997
4.274e-06,23.749996544,0.58824999616,1.477374997184,-1.2499988480000006
4.2745e-06,23.749996544,0.59449999552,1.478624997056,-1.2499988480000006
4.2750000000000006e-06,23.749996544,0.6007499948799999,1.479874996928,-1.2499988480000006
4.2755e-06,23.749996544,0.59449999552,1.483624996544,-0.9374988799999997
4.276e-06,23.749996544,0.59449999552,1.483624996544,-1.2499988480000006
4.2765000000000005e-06,24.531246592000002,0.6007499948799999,1.4811249968,-0.9374988799999997
4.277e-06,23.749996544,0.6007499948799999,1.4823749966720001,-0.9374988799999997
4.2775e-06,24.531246592000002,0.59449999552,1.479874996928,-1.2499988480000006
4.278e-06,23.749996544,0.59449999552,1.479874996928,-1.2499988480000006
4.278500000000001e-06,23.749996544,0.59449999552,1.479874996928,-1.2499988480000006
4.279e-06,23.749996544,0.58824999616,1.478624997056,-1.2499988480000006
4.2795e-06,23.749996544,0.58824999616,1.477374997184,-1.5624988160000015
4.2800000000000005e-06,23.749996544,0.58824999616,1.478624997056,-1.5624988160000015
4.2805e-06,24.531246592000002,0.5819999967999999,1.483624996544,-1.5624988160000015
4.281e-06,22.968746496,0.58824999616,1.4811249968,-1.2499988480000006
4.2815000000000004e-06,23.749996544,0.58824999616,1.477374997184,-0.9374988799999997
4.282000000000001e-06,24.531246592000002,0.58824999616,1.477374997184,-1.2499988480000006
4.2825e-06,23.749996544,0.59449999552,1.479874996928,-1.2499988480000006
4.283e-06,23.749996544,0.6007499948799999,1.478624997056,-1.2499988480000006
4.283500000000001e-06,23.749996544,0.58824999616,1.479874996928,-1.2499988480000006
4.284e-06,23.749996544,0.59449999552,1.479874996928,-1.2499988480000006
4.2845e-06,23.749996544,0.59449999552,1.4811249968,-1.2499988480000006
4.2850000000000005e-06,23.749996544,0.6007499948799999,1.4811249968,-1.2499988480000006
4.2855e-06,23.749996544,0.58824999616,1.4811249968,-1.2499988480000006
4.286e-06,23.749996544,0.59449999552,1.4823749966720001,-0.9374988799999997
4.2865e-06,24.531246592000002,0.59449999552,1.484874996416,-0.9374988799999997
4.287000000000001e-06,23.749996544,0.59449999552,1.483624996544,-1.2499988480000006
4.2875e-06,23.749996544,0.59449999552,1.4823749966720001,-0.9374988799999997
4.288e-06,23.749996544,0.59449999552,1.479874996928,-1.2499988480000006
4.2885000000000005e-06,24.531246592000002,0.59449999552,1.4823749966720001,-1.2499988480000006
4.289e-06,23.749996544,0.58824999616,1.4823749966720001,-1.2499988480000006
4.2895e-06,23.749996544,0.59449999552,1.4823749966720001,-1.2499988480000006
4.2900000000000004e-06,23.749996544,0.59449999552,1.4811249968,-1.2499988480000006
4.290500000000001e-06,23.749996544,0.59449999552,1.4811249968,-1.5624988160000015
4.291e-06,24.531246592000002,0.6007499948799999,1.4823749966720001,-1.2499988480000006
4.2915e-06,23.749996544,0.59449999552,1.4823749966720001,-1.2499988480000006
4.292000000000001e-06,23.749996544,0.59449999552,1.4811249968,-1.2499988480000006
4.2925e-06,23.749996544,0.59449999552,1.483624996544,-1.5624988160000015
4.293e-06,24.531246592000002,0.59449999552,1.4823749966720001,-1.5624988160000015
4.2935000000000005e-06,24.531246592000002,0.6007499948799999,1.4811249968,-1.2499988480000006
4.294e-06,23.749996544,0.58824999616,1.4811249968,-0.9374988799999997
4.2945e-06,23.749996544,0.59449999552,1.4823749966720001,-1.2499988480000006
4.295e-06,23.749996544,0.59449999552,1.4823749966720001,-1.5624988160000015
4.295500000000001e-06,23.749996544,0.59449999552,1.4823749966720001,-1.5624988160000015
4.296e-06,23.749996544,0.59449999552,1.4823749966720001,-1.2499988480000006
4.2965e-06,23.749996544,0.58824999616,1.483624996544,-1.5624988160000015
4.2970000000000005e-06,22.968746496,0.59449999552,1.4811249968,-1.5624988160000015
4.2975e-06,23.749996544,0.59449999552,1.479874996928,-0.9374988799999997
4.298e-06,24.531246592000002,0.59449999552,1.479874996928,-1.2499988480000006
4.2985000000000004e-06,23.749996544,0.58824999616,1.4811249968,-1.2499988480000006
4.299000000000001e-06,23.749996544,0.6007499948799999,1.4811249968,-1.2499988480000006
4.2995e-06,23.749996544,0.59449999552,1.4811249968,-1.2499988480000006
4.3e-06,23.749996544,0.59449999552,1.479874996928,-1.2499988480000006
4.300500000000001e-06,23.749996544,0.59449999552,1.479874996928,-1.2499988480000006
4.301e-06,24.531246592000002,0.58824999616,1.479874996928,-1.2499988480000006
4.3015e-06,23.749996544,0.59449999552,1.478624997056,-0.9374988799999997
4.3020000000000005e-06,24.531246592000002,0.59449999552,1.479874996928,-0.9374988799999997
4.3025e-06,23.749996544,0.58824999616,1.478624997056,-1.2499988480000006
4.303e-06,23.749996544,0.59449999552,1.477374997184,-1.2499988480000006
4.3035e-06,23.749996544,0.59449999552,1.4811249968,-0.9374988799999997
4.304000000000001e-06,23.749996544,0.59449999552,1.4811249968,-1.2499988480000006
4.3045e-06,23.749996544,0.59449999552,1.4823749966720001,-1.5624988160000015
4.305e-06,22.968746496,0.58824999616,1.479874996928,-1.2499988480000006
4.3055000000000005e-06,23.749996544,0.58824999616,1.4811249968,-1.2499988480000006
4.306e-06,23.749996544,0.58824999616,1.4811249968,-1.2499988480000006
4.3065e-06,24.531246592000002,0.59449999552,1.478624997056,-1.2499988480000006
4.3070000000000004e-06,23.749996544,0.59449999552,1.479874996928,-0.9374988799999997
4.307500000000001e-06,24.531246592000002,0.59449999552,1.483624996544,-1.2499988480000006
4.308e-06,23.749996544,0.58824999616,1.4811249968,-0.9374988799999997
4.3085e-06,24.531246592000002,0.59449999552,1.4823749966720001,-1.2499988480000006
4.309000000000001e-06,23.749996544,0.59449999552,1.484874996416,-0.9374988799999997
4.3095e-06,23.749996544,0.59449999552,1.483624996544,-1.2499988480000006
4.31e-06,23.749996544,0.59449999552,1.479874996928,-1.2499988480000006
4.3105000000000005e-06,23.749996544,0.6007499948799999,1.479874996928,-0.9374988799999997
4.311e-06,23.749996544,0.6007499948799999,1.479874996928,-1.2499988480000006
4.3115e-06,23.749996544,0.59449999552,1.479874996928,-0.9374988799999997
4.312e-06,23.749996544,0.58824999616,1.476124997312,-1.2499988480000006
4.312500000000001e-06,23.749996544,0.59449999552,1.478624997056,-1.5624988160000015
4.313e-06,23.749996544,0.58824999616,1.479874996928,-1.5624988160000015
4.3135e-06,22.968746496,0.59449999552,1.4811249968,-1.2499988480000006
4.3140000000000005e-06,23.749996544,0.59449999552,1.478624997056,-1.2499988480000006
4.3145e-06,23.749996544,0.59449999552,1.478624997056,-1.2499988480000006
4.315e-06,23.749996544,0.59449999552,1.479874996928,-0.9374988799999997
4.3155000000000004e-06,23.749996544,0.59449999552,1.479874996928,-1.2499988480000006
4.316000000000001e-06,23.749996544,0.59449999552,1.478624997056,-1.2499988480000006
4.3165e-06,23.749996544,0.6007499948799999,1.479874996928,-1.5624988160000015
4.317e-06,24.531246592000002,0.59449999552,1.478624997056,-1.5624988160000015
4.317500000000001e-06,23.749996544,0.6007499948799999,1.476124997312,-1.5624988160000015
4.318e-06,23.749996544,0.58824999616,1.477374997184,-1.2499988480000006
4.3185e-06,23.749996544,0.59449999552,1.479874996928,-1.2499988480000006
4.3190000000000005e-06,23.749996544,0.59449999552,1.4811249968,-1.2499988480000006
4.3195e-06,23.749996544,0.58824999616,1.483624996544,-1.5624988160000015
4.32e-06,24.531246592000002,0.58824999616,1.479874996928,-1.5624988160000015
4.3205e-06,24.531246592000002,0.58824999616,1.478624997056,-1.5624988160000015
4.321000000000001e-06,23.749996544,0.59449999552,1.478624997056,-1.5624988160000015
4.3215e-06,23.749996544,0.59449999552,1.479874996928,-0.9374988799999997
4.322e-06,23.749996544,0.59449999552,1.479874996928,-0.9374988799999997
4.3225000000000005e-06,23.749996544,0.59449999552,1.477374997184,-1.5624988160000015
4.323e-06,23.749996544,0.58824999616,1.479874996928,-1.2499988480000006
4.3235e-06,23.749996544,0.58824999616,1.479874996928,-0.9374988799999997
4.3240000000000004e-06,23.749996544,0.58824999616,1.478624997056,-1.2499988480000006
4.3245e-06,23.749996544,0.59449999552,1.479874996928,-1.2499988480000006
4.325e-06,23.749996544,0.59449999552,1.478624997056,-1.2499988480000006
4.3255e-06,24.531246592000002,0.59449999552,1.478624997056,-1.2499988480000006
4.326000000000001e-06,23.749996544,0.58824999616,1.476124997312,-1.2499988480000006
4.3265e-06,23.749996544,0.59449999552,1.478624997056,-1.2499988480000006
4.327e-06,22.968746496,0.59449999552,1.4811249968,-1.2499988480000006
4.3275000000000005e-06,22.968746496,0.58824999616,1.4811249968,-1.5624988160000015
4.328e-06,23.749996544,0.59449999552,1.479874996928,-1.5624988160000015
4.3285e-06,23.749996544,0.59449999552,1.4823749966720001,-1.2499988480000006
4.329e-06,23.749996544,0.59449999552,1.478624997056,-1.2499988480000006
4.329500000000001e-06,23.749996544,0.58824999616,1.477374997184,-1.2499988480000006
4.33e-06,23.749996544,0.58824999616,1.47487499744,-1.2499988480000006
4.3305e-06,23.749996544,0.59449999552,1.47487499744,-1.2499988480000006
4.3310000000000005e-06,23.749996544,0.59449999552,1.47487499744,-0.9374988799999997
4.3315e-06,23.749996544,0.58824999616,1.476124997312,-1.2499988480000006
4.332e-06,23.749996544,0.59449999552,1.477374997184,-1.2499988480000006
4.3325000000000004e-06,23.749996544,0.59449999552,1.479874996928,-1.2499988480000006
4.333e-06,24.531246592000002,0.59449999552,1.477374997184,-1.2499988480000006
4.3335e-06,24.531246592000002,0.59449999552,1.47487499744,-1.2499988480000006
4.334e-06,24.531246592000002,0.58824999616,1.476124997312,-1.2499988480000006
4.334500000000001e-06,23.749996544,0.59449999552,1.479874996928,-1.2499988480000006
4.335e-06,23.749996544,0.59449999552,1.479874996928,-1.2499988480000006
4.3355e-06,23.749996544,0.58824999616,1.479874996928,-1.5624988160000015
4.3360000000000005e-06,24.531246592000002,0.58824999616,1.477374997184,-1.2499988480000006
4.3365e-06,23.749996544,0.58824999616,1.479874996928,-1.2499988480000006
4.337e-06,23.749996544,0.58824999616,1.479874996928,-1.2499988480000006
4.3375e-06,23.749996544,0.59449999552,1.4811249968,-0.9374988799999997
4.338000000000001e-06,24.531246592000002,0.59449999552,1.4811249968,-1.2499988480000006
4.3385e-06,23.749996544,0.59449999552,1.479874996928,-1.2499988480000006
4.339e-06,23.749996544,0.58824999616,1.478624997056,-0.9374988799999997
4.3395000000000005e-06,23.749996544,0.58824999616,1.477374997184,-1.2499988480000006
4.34e-06,23.749996544,0.59449999552,1.477374997184,-1.2499988480000006
4.3405e-06,23.749996544,0.58824999616,1.478624997056,-1.2499988480000006
4.3410000000000005e-06,23.749996544,0.59449999552,1.479874996928,-1.2499988480000006
4.3415e-06,23.749996544,0.6007499948799999,1.479874996928,-1.2499988480000006
4.342e-06,23.749996544,0.58824999616,1.479874996928,-1.2499988480000006
4.3425e-06,23.749996544,0.58824999616,1.4811249968,-0.9374988799999997
4.343000000000001e-06,23.749996544,0.59449999552,1.4811249968,-0.9374988799999997
4.3435e-06,23.749996544,0.58824999616,1.4823749966720001,-1.5624988160000015
4.344e-06,23.749996544,0.58824999616,1.4811249968,-1.2499988480000006
4.3445000000000005e-06,23.749996544,0.58824999616,1.4823749966720001,-1.2499988480000006
4.345e-06,22.968746496,0.59449999552,1.4811249968,-1.2499988480000006
4.3455e-06,23.749996544,0.59449999552,1.479874996928,-1.2499988480000006
4.346e-06,23.749996544,0.58824999616,1.479874996928,-1.2499988480000006
4.346500000000001e-06,23.749996544,0.58824999616,1.478624997056,-0.9374988799999997
4.347e-06,23.749996544,0.59449999552,1.476124997312,-0.9374988799999997
4.3475e-06,23.749996544,0.59449999552,1.476124997312,-0.9374988799999997
4.3480000000000006e-06,23.749996544,0.59449999552,1.478624997056,-1.2499988480000006
4.3485e-06,23.749996544,0.58824999616,1.4823749966720001,-0.9374988799999997
4.349e-06,24.531246592000002,0.58824999616,1.4823749966720001,-0.9374988799999997
4.3495000000000005e-06,23.749996544,0.59449999552,1.4811249968,-1.2499988480000006
4.35e-06,23.749996544,0.58824999616,1.478624997056,-0.9374988799999997
4.3505e-06,23.749996544,0.58824999616,1.477374997184,-0.9374988799999997
4.351e-06,24.531246592000002,0.58824999616,1.477374997184,-1.2499988480000006
4.351500000000001e-06,23.749996544,0.5819999967999999,1.477374997184,-1.5624988160000015
4.352e-06,24.531246592000002,0.58824999616,1.476124997312,-0.9374988799999997
4.3525e-06,23.749996544,0.58824999616,1.479874996928,-1.2499988480000006
4.3530000000000005e-06,22.968746496,0.59449999552,1.478624997056,-0.9374988799999997
4.3535e-06,23.749996544,0.58824999616,1.477374997184,-0.9374988799999997
4.354e-06,23.749996544,0.59449999552,1.476124997312,-0.9374988799999997
4.3545e-06,23.749996544,0.59449999552,1.47487499744,-1.2499988480000006
4.355000000000001e-06,23.749996544,0.59449999552,1.477374997184,-0.9374988799999997
4.3555e-06,23.749996544,0.58824999616,1.478624997056,-0.9374988799999997
4.356e-06,22.968746496,0.58824999616,1.478624997056,-1.2499988480000006
4.3565000000000006e-06,22.968746496,0.59449999552,1.4811249968,-0.9374988799999997
4.357e-06,23.749996544,0.59449999552,1.479874996928,-0.9374988799999997
4.3575e-06,23.749996544,0.58824999616,1.477374997184,-1.2499988480000006
4.3580000000000005e-06,23.749996544,0.58824999616,1.476124997312,-0.9374988799999997
4.3585e-06,23.749996544,0.59449999552,1.478624997056,-0.9374988799999997
4.359e-06,23.749996544,0.59449999552,1.478624997056,-1.2499988480000006
4.3595e-06,23.749996544,0.58824999616,1.476124997312,-1.2499988480000006
4.360000000000001e-06,23.749996544,0.58824999616,1.47487499744,-1.2499988480000006
4.3605e-06,24.531246592000002,0.5819999967999999,1.479874996928,-1.2499988480000006
4.361e-06,23.749996544,0.58824999616,1.4811249968,-1.2499988480000006
4.3615000000000005e-06,22.968746496,0.58824999616,1.4811249968,-0.9374988799999997
4.362e-06,23.749996544,0.59449999552,1.478624997056,-1.2499988480000006
4.3625e-06,22.968746496,0.59449999552,1.477374997184,-1.2499988480000006
4.363e-06,23.749996544,0.59449999552,1.478624997056,-0.9374988799999997
4.363500000000001e-06,23.749996544,0.59449999552,1.478624997056,-0.9374988799999997
4.364e-06,23.749996544,0.58824999616,1.478624997056,-1.2499988480000006
4.3645e-06,23.749996544,0.59449999552,1.4811249968,-1.2499988480000006
4.3650000000000006e-06,23.749996544,0.6007499948799999,1.478624997056,-0.9374988799999997
4.3655e-06,23.749996544,0.59449999552,1.477374997184,-1.2499988480000006
4.366e-06,23.749996544,0.58824999616,1.478624997056,-0.9374988799999997
4.3665000000000005e-06,23.749996544,0.59449999552,1.477374997184,-1.2499988480000006
4.367e-06,23.749996544,0.59449999552,1.473624997568,-1.2499988480000006
4.3675e-06,23.749996544,0.59449999552,1.47487499744,-1.2499988480000006
4.368e-06,24.531246592000002,0.58824999616,1.476124997312,-1.2499988480000006
4.368500000000001e-06,23.749996544,0.58824999616,1.4811249968,-0.9374988799999997
4.369e-06,23.749996544,0.59449999552,1.479874996928,-0.9374988799999997
4.3695e-06,23.749996544,0.59449999552,1.477374997184,-1.2499988480000006
4.3700000000000005e-06,23.749996544,0.5819999967999999,1.476124997312,-1.2499988480000006
4.3705e-06,23.749996544,0.59449999552,1.47487499744,-0.9374988799999997
4.371e-06,23.749996544,0.6007499948799999,1.476124997312,-0.9374988799999997
4.3715e-06,23.749996544,0.58824999616,1.477374997184,-0.9374988799999997
4.372000000000001e-06,23.749996544,0.59449999552,1.478624997056,-0.9374988799999997
4.3725e-06,23.749996544,0.58824999616,1.479874996928,-1.2499988480000006
4.373e-06,24.531246592000002,0.59449999552,1.478624997056,-0.9374988799999997
4.3735000000000006e-06,24.531246592000002,0.58824999616,1.478624997056,-1.2499988480000006
4.374e-06,24.531246592000002,0.58824999616,1.4823749966720001,-0.9374988799999997
4.3745e-06,23.749996544,0.59449999552,1.4811249968,-0.9374988799999997
4.3750000000000005e-06,23.749996544,0.58824999616,1.478624997056,-0.9374988799999997
4.3755e-06,23.749996544,0.58824999616,1.479874996928,-0.9374988799999997
4.376e-06,23.749996544,0.5819999967999999,1.476124997312,-0.9374988799999997
4.3765e-06,23.749996544,0.58824999616,1.479874996928,-0.9374988799999997
4.377000000000001e-06,24.531246592000002,0.58824999616,1.479874996928,-0.9374988799999997
4.3775e-06,23.749996544,0.59449999552,1.478624997056,-0.9374988799999997
4.378e-06,23.749996544,0.58824999616,1.478624997056,-0.9374988799999997
4.3785000000000005e-06,23.749996544,0.58824999616,1.479874996928,-0.9374988799999997
4.379e-06,24.531246592000002,0.59449999552,1.478624997056,-0.9374988799999997
4.3795e-06,24.531246592000002,0.58824999616,1.478624997056,-0.9374988799999997
4.38e-06,22.968746496,0.59449999552,1.478624997056,-0.9374988799999997
4.380500000000001e-06,23.749996544,0.58824999616,1.4811249968,-0.9374988799999997
4.381e-06,24.531246592000002,0.59449999552,1.479874996928,-0.9374988799999997
4.3815e-06,24.531246592000002,0.58824999616,1.478624997056,-0.9374988799999997
4.3820000000000006e-06,22.968746496,0.59449999552,1.479874996928,-0.6249989120000006
4.3825e-06,23.749996544,0.58824999616,1.4811249968,-0.9374988799999997
4.383e-06,23.749996544,0.59449999552,1.477374997184,-1.2499988480000006
4.3835000000000005e-06,23.749996544,0.58824999616,1.477374997184,-0.9374988799999997
4.384e-06,23.749996544,0.59449999552,1.477374997184,-1.2499988480000006
4.3845e-06,23.749996544,0.58824999616,1.477374997184,-0.9374988799999997
4.385e-06,23.749996544,0.58824999616,1.476124997312,-1.2499988480000006
4.385500000000001e-06,23.749996544,0.58824999616,1.477374997184,-0.9374988799999997
4.386e-06,23.749996544,0.59449999552,1.476124997312,-0.6249989120000006
4.3865e-06,22.968746496,0.59449999552,1.477374997184,-0.9374988799999997
4.3870000000000005e-06,23.749996544,0.58824999616,1.479874996928,-0.9374988799999997
4.3875e-06,23.749996544,0.58824999616,1.479874996928,-0.9374988799999997
4.388e-06,23.749996544,0.59449999552,1.478624997056,-0.6249989120000006
4.3885e-06,23.749996544,0.59449999552,1.478624997056,-0.9374988799999997
4.389000000000001e-06,23.749996544,0.59449999552,1.477374997184,-0.6249989120000006
4.3895e-06,23.749996544,0.58824999616,1.477374997184,-0.6249989120000006
4.39e-06,23.749996544,0.58824999616,1.478624997056,-0.6249989120000006
4.3905000000000006e-06,23.749996544,0.58824999616,1.479874996928,-0.9374988799999997
4.391e-06,23.749996544,0.59449999552,1.478624997056,-0.9374988799999997
4.3915e-06,23.749996544,0.58824999616,1.478624997056,-0.9374988799999997
4.3920000000000005e-06,23.749996544,0.58824999616,1.476124997312,-0.9374988799999997
4.3925e-06,23.749996544,0.59449999552,1.478624997056,-0.9374988799999997
4.393e-06,22.968746496,0.58824999616,1.477374997184,-0.9374988799999997
4.3935e-06,22.968746496,0.59449999552,1.477374997184,-0.6249989120000006
4.394000000000001e-06,24.531246592000002,0.59449999552,1.478624997056,-0.6249989120000006
4.3945e-06,23.749996544,0.58824999616,1.479874996928,-0.6249989120000006
4.395e-06,22.968746496,0.58824999616,1.479874996928,-0.6249989120000006
4.3955000000000005e-06,23.749996544,0.58824999616,1.477374997184,-0.6249989120000006
4.396e-06,23.749996544,0.59449999552,1.476124997312,-0.9374988799999997
4.3965e-06,24.531246592000002,0.59449999552,1.478624997056,-1.2499988480000006
4.397e-06,23.749996544,0.59449999552,1.4811249968,-0.6249989120000006
4.397500000000001e-06,23.749996544,0.58824999616,1.479874996928,-0.9374988799999997
4.398e-06,23.749996544,0.5819999967999999,1.478624997056,-0.9374988799999997
4.3985e-06,23.749996544,0.5819999967999999,1.478624997056,-0.9374988799999997
4.3990000000000006e-06,24.531246592000002,0.5819999967999999,1.479874996928,-0.9374988799999997
4.3995e-06,23.749996544,0.58824999616,1.4823749966720001,-0.9374988799999997
4.4e-06,23.749996544,0.58824999616,1.478624997056,-0.9374988799999997
4.4005000000000005e-06,23.749996544,0.58824999616,1.4811249968,-1.2499988480000006
4.401e-06,22.968746496,0.58824999616,1.479874996928,-0.9374988799999997
4.4015e-06,23.749996544,0.58824999616,1.478624997056,-0.9374988799999997
4.402e-06,23.749996544,0.58824999616,1.478624997056,-0.9374988799999997
4.402500000000001e-06,23.749996544,0.58824999616,1.478624997056,-1.2499988480000006
4.403e-06,22.968746496,0.58824999616,1.478624997056,-0.9374988799999997
4.4035e-06,23.749996544,0.58824999616,1.478624997056,-0.9374988799999997
4.4040000000000005e-06,23.749996544,0.59449999552,1.477374997184,-0.6249989120000006
4.4045e-06,23.749996544,0.58824999616,1.477374997184,-0.9374988799999997
4.405e-06,24.531246592000002,0.59449999552,1.476124997312,-0.9374988799999997
4.4055000000000004e-06,24.531246592000002,0.58824999616,1.47487499744,-0.9374988799999997
4.406000000000001e-06,23.749996544,0.58824999616,1.477374997184,-0.6249989120000006
4.4065e-06,23.749996544,0.59449999552,1.477374997184,-0.9374988799999997
4.407e-06,23.749996544,0.59449999552,1.47487499744,-0.9374988799999997
4.4075000000000006e-06,23.749996544,0.58824999616,1.47487499744,-0.9374988799999997
4.408e-06,22.968746496,0.58824999616,1.476124997312,-1.2499988480000006
4.4085e-06,23.749996544,0.58824999616,1.479874996928,-0.9374988799999997
4.4090000000000005e-06,22.968746496,0.58824999616,1.479874996928,-0.9374988799999997
4.4095e-06,22.968746496,0.58824999616,1.478624997056,-0.9374988799999997
4.41e-06,23.749996544,0.5819999967999999,1.477374997184,-0.9374988799999997
4.4105e-06,23.749996544,0.58824999616,1.477374997184,-1.2499988480000006
4.411000000000001e-06,23.749996544,0.59449999552,1.477374997184,-1.2499988480000006
4.4115e-06,23.749996544,0.59449999552,1.478624997056,-0.9374988799999997
4.412e-06,23.749996544,0.58824999616,1.478624997056,-0.9374988799999997
4.4125000000000005e-06,23.749996544,0.59449999552,1.478624997056,-0.9374988799999997
4.413e-06,24.531246592000002,0.59449999552,1.476124997312,-0.9374988799999997
4.4135e-06,24.531246592000002,0.59449999552,1.473624997568,-0.9374988799999997
4.4140000000000004e-06,23.749996544,0.59449999552,1.47487499744,-0.6249989120000006
4.414500000000001e-06,23.749996544,0.59449999552,1.476124997312,-0.9374988799999997
4.415e-06,23.749996544,0.59449999552,1.47487499744,-0.9374988799999997
4.4155e-06,24.531246592000002,0.58824999616,1.476124997312,-0.9374988799999997
4.416000000000001e-06,24.531246592000002,0.58824999616,1.473624997568,-0.9374988799999997
4.4165e-06,23.749996544,0.58824999616,1.47487499744,-0.9374988799999997
4.417e-06,23.749996544,0.58824999616,1.473624997568,-0.9374988799999997
4.4175000000000005e-06,23.749996544,0.59449999552,1.473624997568,-0.6249989120000006
4.418e-06,23.749996544,0.58824999616,1.47487499744,-0.9374988799999997
4.4185e-06,23.749996544,0.58824999616,1.476124997312,-0.9374988799999997
4.419e-06,23.749996544,0.59449999552,1.477374997184,-0.6249989120000006
4.419500000000001e-06,23.749996544,0.58824999616,1.477374997184,-0.6249989120000006
4.42e-06,23.749996544,0.58824999616,1.477374997184,-0.6249989120000006
4.4205e-06,23.749996544,0.58824999616,1.477374997184,-0.9374988799999997
4.4210000000000005e-06,24.531246592000002,0.59449999552,1.478624997056,-0.6249989120000006
4.4215e-06,23.749996544,0.58824999616,1.479874996928,-0.6249989120000006
4.422e-06,23.749996544,0.58824999616,1.478624997056,-0.6249989120000006
4.4225000000000004e-06,23.749996544,0.59449999552,1.478624997056,-0.9374988799999997
4.423000000000001e-06,23.749996544,0.59449999552,1.478624997056,-0.9374988799999997
4.4235e-06,23.749996544,0.58824999616,1.4811249968,-1.2499988480000006
4.424e-06,23.749996544,0.59449999552,1.477374997184,-0.9374988799999997
4.424500000000001e-06,23.749996544,0.59449999552,1.477374997184,-0.9374988799999997
4.425e-06,24.531246592000002,0.59449999552,1.476124997312,-0.9374988799999997
4.4255e-06,22.968746496,0.58824999616,1.476124997312,-0.6249989120000006
4.4260000000000005e-06,23.749996544,0.59449999552,1.472374997696,-0.9374988799999997
4.4265e-06,23.749996544,0.58824999616,1.473624997568,-0.9374988799999997
4.427e-06,23.749996544,0.59449999552,1.473624997568,-0.6249989120000006
4.4275e-06,24.531246592000002,0.58824999616,1.473624997568,-0.9374988799999997
4.428000000000001e-06,23.749996544,0.58824999616,1.47487499744,-0.6249989120000006
4.4285e-06,24.531246592000002,0.59449999552,1.478624997056,-0.9374988799999997
4.429e-06,23.749996544,0.59449999552,1.479874996928,-0.6249989120000006
4.4295000000000005e-06,23.749996544,0.58824999616,1.479874996928,-0.6249989120000006
4.43e-06,22.968746496,0.58824999616,1.479874996928,-0.6249989120000006
4.4305e-06,23.749996544,0.58824999616,1.479874996928,-0.6249989120000006
4.4310000000000004e-06,23.749996544,0.59449999552,1.478624997056,-0.9374988799999997
4.431500000000001e-06,23.749996544,0.58824999616,1.478624997056,-0.9374988799999997
4.432e-06,23.749996544,0.58824999616,1.477374997184,-0.6249989120000006
4.4325e-06,24.531246592000002,0.58824999616,1.477374997184,-0.9374988799999997
4.433000000000001e-06,22.968746496,0.59449999552,1.476124997312,-0.9374988799999997
4.4335e-06,22.968746496,0.58824999616,1.477374997184,-0.6249989120000006
4.434e-06,22.968746496,0.58824999616,1.477374997184,-0.6249989120000006
4.4345000000000005e-06,23.749996544,0.58824999616,1.473624997568,-0.6249989120000006
4.435e-06,23.749996544,0.58824999616,1.476124997312,-0.6249989120000006
4.4355e-06,23.749996544,0.58824999616,1.478624997056,-0.31249894400000144
4.436e-06,23.749996544,0.5819999967999999,1.478624997056,-0.6249989120000006
4.436500000000001e-06,23.749996544,0.59449999552,1.479874996928,-0.9374988799999997
4.437e-06,23.749996544,0.59449999552,1.4823749966720001,-0.6249989120000006
4.4375e-06,23.749996544,0.58824999616,1.483624996544,-0.9374988799999997
4.4380000000000005e-06,24.531246592000002,0.58824999616,1.4823749966720001,-0.6249989120000006
4.4385e-06,23.749996544,0.58824999616,1.4823749966720001,-0.9374988799999997
4.439e-06,23.749996544,0.58824999616,1.479874996928,-0.9374988799999997
4.4395000000000004e-06,23.749996544,0.5819999967999999,1.478624997056,-0.9374988799999997
4.440000000000001e-06,23.749996544,0.58824999616,1.476124997312,-0.9374988799999997
4.4405e-06,23.749996544,0.5819999967999999,1.476124997312,-1.2499988480000006
4.441e-06,22.968746496,0.5819999967999999,1.476124997312,-0.6249989120000006
4.441500000000001e-06,23.749996544,0.58824999616,1.478624997056,-0.9374988799999997
4.442e-06,22.968746496,0.58824999616,1.479874996928,-0.9374988799999997
4.4425e-06,23.749996544,0.59449999552,1.478624997056,-0.9374988799999997
4.4430000000000005e-06,22.968746496,0.58824999616,1.479874996928,-0.9374988799999997
4.4435e-06,23.749996544,0.59449999552,1.479874996928,-0.9374988799999997
4.444e-06,23.749996544,0.58824999616,1.478624997056,-0.9374988799999997
4.4445e-06,23.749996544,0.59449999552,1.478624997056,-0.9374988799999997
4.445000000000001e-06,23.749996544,0.59449999552,1.477374997184,-0.9374988799999997
4.4455e-06,24.531246592000002,0.59449999552,1.477374997184,-0.9374988799999997
4.446e-06,23.749996544,0.58824999616,1.478624997056,-0.6249989120000006
4.4465000000000005e-06,23.749996544,0.58824999616,1.479874996928,-0.9374988799999997
4.447e-06,24.531246592000002,0.59449999552,1.478624997056,-0.9374988799999997
4.4475e-06,23.749996544,0.5819999967999999,1.477374997184,-0.9374988799999997
4.4480000000000004e-06,24.531246592000002,0.58824999616,1.47487499744,-0.6249989120000006
4.448500000000001e-06,23.749996544,0.58824999616,1.47487499744,-0.9374988799999997
4.449e-06,22.968746496,0.59449999552,1.47487499744,-0.9374988799999997
4.4495e-06,23.749996544,0.5819999967999999,1.477374997184,-0.9374988799999997
4.450000000000001e-06,23.749996544,0.58824999616,1.477374997184,-0.6249989120000006
4.4505e-06,22.968746496,0.58824999616,1.476124997312,-0.9374988799999997
4.451e-06,23.749996544,0.58824999616,1.477374997184,-0.9374988799999997
4.4515000000000005e-06,23.749996544,0.58824999616,1.478624997056,-0.6249989120000006
4.452e-06,22.187496448000005,0.58824999616,1.478624997056,-0.9374988799999997
4.4525e-06,23.749996544,0.58824999616,1.476124997312,-0.9374988799999997
4.453e-06,23.749996544,0.58824999616,1.476124997312,-0.9374988799999997
4.453500000000001e-06,23.749996544,0.5819999967999999,1.47487499744,-0.9374988799999997
4.454e-06,23.749996544,0.5819999967999999,1.476124997312,-0.9374988799999997
4.4545e-06,23.749996544,0.58824999616,1.478624997056,-0.6249989120000006
4.4550000000000005e-06,22.968746496,0.58824999616,1.477374997184,-0.9374988799999997
4.4555e-06,23.749996544,0.58824999616,1.478624997056,-0.9374988799999997
4.456e-06,22.968746496,0.58824999616,1.478624997056,-0.9374988799999997
4.4565000000000004e-06,23.749996544,0.58824999616,1.478624997056,-0.9374988799999997
4.457000000000001e-06,23.749996544,0.58824999616,1.477374997184,-0.6249989120000006
4.4575e-06,22.968746496,0.5819999967999999,1.477374997184,-0.6249989120000006
4.458e-06,24.531246592000002,0.5819999967999999,1.476124997312,-0.6249989120000006
4.458500000000001e-06,23.749996544,0.58824999616,1.47487499744,-0.9374988799999997
4.459e-06,23.749996544,0.58824999616,1.47487499744,-0.6249989120000006
4.4595e-06,23.749996544,0.58824999616,1.477374997184,-0.31249894400000144
4.4600000000000005e-06,23.749996544,0.58824999616,1.477374997184,-0.6249989120000006
4.4605e-06,23.749996544,0.58824999616,1.478624997056,-0.6249989120000006
4.461e-06,24.531246592000002,0.58824999616,1.478624997056,-0.6249989120000006
4.4615e-06,24.531246592000002,0.58824999616,1.476124997312,-0.9374988799999997
4.462000000000001e-06,23.749996544,0.58824999616,1.47487499744,-0.6249989120000006
4.4625e-06,22.968746496,0.58824999616,1.47487499744,-0.6249989120000006
4.463e-06,23.749996544,0.58824999616,1.473624997568,-0.9374988799999997
4.4635000000000005e-06,23.749996544,0.58824999616,1.472374997696,-0.9374988799999997
4.464e-06,23.749996544,0.58824999616,1.472374997696,-0.9374988799999997
4.4645e-06,23.749996544,0.58824999616,1.476124997312,-0.9374988799999997
4.4650000000000004e-06,23.749996544,0.58824999616,1.477374997184,-0.6249989120000006
4.465500000000001e-06,23.749996544,0.58824999616,1.477374997184,-0.6249989120000006
4.466e-06,23.749996544,0.58824999616,1.473624997568,-0.6249989120000006
4.4665e-06,24.531246592000002,0.58824999616,1.47487499744,-0.9374988799999997
4.467000000000001e-06,23.749996544,0.58824999616,1.478624997056,-0.9374988799999997
4.4675e-06,22.968746496,0.58824999616,1.479874996928,-0.6249989120000006
4.468e-06,22.968746496,0.5819999967999999,1.478624997056,-0.6249989120000006
4.4685000000000005e-06,23.749996544,0.59449999552,1.478624997056,-0.6249989120000006
4.469e-06,24.531246592000002,0.58824999616,1.477374997184,-0.6249989120000006
4.4695e-06,23.749996544,0.58824999616,1.477374997184,-0.6249989120000006
4.47e-06,23.749996544,0.5819999967999999,1.478624997056,-0.6249989120000006
4.470500000000001e-06,23.749996544,0.58824999616,1.479874996928,-0.9374988799999997
4.471e-06,23.749996544,0.59449999552,1.478624997056,-0.6249989120000006
4.4715e-06,23.749996544,0.59449999552,1.477374997184,-0.9374988799999997
4.4720000000000006e-06,23.749996544,0.5819999967999999,1.47487499744,-0.6249989120000006
4.4725e-06,23.749996544,0.58824999616,1.476124997312,-0.9374988799999997
4.473e-06,24.531246592000002,0.59449999552,1.476124997312,-0.6249989120000006
4.4735000000000005e-06,23.749996544,0.58824999616,1.476124997312,-0.6249989120000006
4.474000000000001e-06,23.749996544,0.58824999616,1.478624997056,-0.6249989120000006
4.4745e-06,22.968746496,0.59449999552,1.479874996928,-0.6249989120000006
4.475e-06,23.749996544,0.59449999552,1.479874996928,-0.6249989120000006
4.475500000000001e-06,24.531246592000002,0.58824999616,1.478624997056,-0.6249989120000006
4.476e-06,23.749996544,0.58824999616,1.478624997056,-0.6249989120000006
4.4765e-06,23.749996544,0.58824999616,1.478624997056,-0.9374988799999997
4.4770000000000005e-06,23.749996544,0.59449999552,1.477374997184,-0.9374988799999997
4.4775e-06,23.749996544,0.58824999616,1.476124997312,-0.6249989120000006
4.478e-06,23.749996544,0.5819999967999999,1.476124997312,-0.6249989120000006
4.4785e-06,23.749996544,0.58824999616,1.477374997184,-0.6249989120000006
4.479000000000001e-06,23.749996544,0.58824999616,1.476124997312,-0.6249989120000006
4.4795e-06,23.749996544,0.5819999967999999,1.477374997184,-0.9374988799999997
4.48e-06,24.531246592000002,0.58824999616,1.477374997184,-0.9374988799999997
4.4805000000000006e-06,24.531246592000002,0.58824999616,1.478624997056,-0.9374988799999997
4.481e-06,23.749996544,0.58824999616,1.473624997568,-0.9374988799999997
4.4815e-06,23.749996544,0.59449999552,1.476124997312,-0.9374988799999997
4.4820000000000005e-06,23.749996544,0.58824999616,1.478624997056,-0.9374988799999997
4.4825e-06,24.531246592000002,0.58824999616,1.479874996928,-0.6249989120000006
4.483e-06,23.749996544,0.58824999616,1.478624997056,-0.9374988799999997
4.4835e-06,23.749996544,0.5819999967999999,1.47487499744,-0.6249989120000006
4.484000000000001e-06,23.749996544,0.58824999616,1.47487499744,-0.6249989120000006
4.4845e-06,24.531246592000002,0.59449999552,1.477374997184,-0.9374988799999997
4.485e-06,24.531246592000002,0.58824999616,1.476124997312,-0.6249989120000006
4.4855000000000005e-06,24.531246592000002,0.58824999616,1.47487499744,-0.6249989120000006
4.486e-06,24.531246592000002,0.58824999616,1.473624997568,-0.31249894400000144
4.4865e-06,23.749996544,0.58824999616,1.47487499744,-0.6249989120000006
4.487e-06,23.749996544,0.59449999552,1.477374997184,-0.6249989120000006
4.487500000000001e-06,23.749996544,0.5819999967999999,1.477374997184,-0.9374988799999997
4.488e-06,24.531246592000002,0.58824999616,1.476124997312,-0.9374988799999997
4.4885e-06,24.531246592000002,0.58824999616,1.476124997312,-0.9374988799999997
4.4890000000000006e-06,23.749996544,0.58824999616,1.47487499744,-0.6249989120000006
4.4895e-06,23.749996544,0.58824999616,1.473624997568,-0.9374988799999997
4.49e-06,23.749996544,0.5819999967999999,1.471124997824,-0.6249989120000006
4.4905000000000005e-06,23.749996544,0.5819999967999999,1.472374997696,-0.9374988799999997
4.491e-06,23.749996544,0.58824999616,1.473624997568,-0.6249989120000006
4.4915e-06,23.749996544,0.58824999616,1.473624997568,-0.6249989120000006
4.492e-06,22.968746496,0.58824999616,1.47487499744,-0.9374988799999997
4.492500000000001e-06,23.749996544,0.58824999616,1.478624997056,-0.9374988799999997
4.493e-06,24.531246592000002,0.58824999616,1.476124997312,-0.6249989120000006
4.4935e-06,23.749996544,0.5819999967999999,1.477374997184,-0.9374988799999997
4.4940000000000005e-06,23.749996544,0.58824999616,1.478624997056,-0.6249989120000006
4.4945e-06,22.968746496,0.58824999616,1.479874996928,-0.6249989120000006
4.495e-06,23.749996544,0.5819999967999999,1.476124997312,-0.9374988799999997
4.4955e-06,23.749996544,0.5819999967999999,1.476124997312,-0.9374988799999997
4.496000000000001e-06,23.749996544,0.58824999616,1.47487499744,-0.6249989120000006
4.4965e-06,23.749996544,0.58824999616,1.477374997184,-0.9374988799999997
4.497e-06,22.968746496,0.58824999616,1.477374997184,-0.6249989120000006
4.4975000000000006e-06,23.749996544,0.58824999616,1.477374997184,-0.6249989120000006
4.498e-06,23.749996544,0.59449999552,1.476124997312,-0.6249989120000006
4.4985e-06,22.968746496,0.59449999552,1.476124997312,-0.6249989120000006
4.4990000000000005e-06,23.749996544,0.59449999552,1.477374997184,-0.9374988799999997
4.4995e-06,23.749996544,0.59449999552,1.478624997056,-0.6249989120000006
4.5e-06,23.749996544,0.58824999616,1.478624997056,-0.6249989120000006
4.5005e-06,23.749996544,0.58824999616,1.4811249968,-0.9374988799999997
4.501000000000001e-06,23.749996544,0.59449999552,1.479874996928,-0.6249989120000006
4.5015e-06,23.749996544,0.58824999616,1.478624997056,-0.6249989120000006
4.502e-06,23.749996544,0.58824999616,1.477374997184,-0.9374988799999997
4.5025000000000005e-06,23.749996544,0.58824999616,1.478624997056,-0.9374988799999997
4.503e-06,23.749996544,0.59449999552,1.476124997312,-0.9374988799999997
4.5035e-06,23.749996544,0.58824999616,1.476124997312,-0.9374988799999997
4.504e-06,24.531246592000002,0.59449999552,1.47487499744,-0.9374988799999997
4.504500000000001e-06,23.749996544,0.58824999616,1.477374997184,-0.9374988799999997
4.505e-06,22.968746496,0.58824999616,1.478624997056,-0.6249989120000006
4.5055e-06,22.968746496,0.58824999616,1.478624997056,-0.31249894400000144
4.5060000000000006e-06,23.749996544,0.5819999967999999,1.477374997184,-0.6249989120000006
4.5065e-06,23.749996544,0.58824999616,1.47487499744,-0.9374988799999997
4.507e-06,23.749996544,0.58824999616,1.476124997312,-0.6249989120000006
4.5075000000000005e-06,23.749996544,0.58824999616,1.477374997184,-0.31249894400000144
4.508e-06,23.749996544,0.58824999616,1.47487499744,-0.6249989120000006
4.5085e-06,23.749996544,0.58824999616,1.476124997312,-0.6249989120000006
4.509e-06,23.749996544,0.58824999616,1.477374997184,-0.6249989120000006
4.509500000000001e-06,23.749996544,0.59449999552,1.478624997056,-0.6249989120000006
4.51e-06,23.749996544,0.5819999967999999,1.476124997312,-0.31249894400000144
4.5105e-06,24.531246592000002,0.5819999967999999,1.476124997312,-0.31249894400000144
4.5110000000000005e-06,23.749996544,0.5819999967999999,1.477374997184,-0.6249989120000006
4.5115e-06,23.749996544,0.5819999967999999,1.479874996928,-0.6249989120000006
4.512e-06,23.749996544,0.58824999616,1.477374997184,-0.6249989120000006
4.5125e-06,23.749996544,0.58824999616,1.476124997312,-1.2499988480000006
4.513000000000001e-06,23.749996544,0.59449999552,1.47487499744,-0.6249989120000006
4.5135e-06,23.749996544,0.58824999616,1.476124997312,-0.9374988799999997
4.514e-06,24.531246592000002,0.58824999616,1.47487499744,-0.9374988799999997
4.5145000000000006e-06,22.968746496,0.59449999552,1.476124997312,-0.6249989120000006
4.515e-06,23.749996544,0.59449999552,1.477374997184,-0.6249989120000006
4.5155e-06,23.749996544,0.58824999616,1.476124997312,-0.6249989120000006
4.5160000000000005e-06,23.749996544,0.5819999967999999,1.47487499744,-0.9374988799999997
4.5165e-06,23.749996544,0.58824999616,1.478624997056,-0.9374988799999997
4.517e-06,23.749996544,0.58824999616,1.478624997056,-0.9374988799999997
4.5175e-06,23.749996544,0.58824999616,1.477374997184,-0.6249989120000006
4.518000000000001e-06,23.749996544,0.58824999616,1.479874996928,-0.6249989120000006
4.5185e-06,23.749996544,0.5819999967999999,1.4823749966720001,-0.6249989120000006
4.519e-06,22.968746496,0.59449999552,1.4811249968,-0.6249989120000006
4.5195000000000005e-06,22.968746496,0.58824999616,1.477374997184,-0.9374988799999997
4.52e-06,24.531246592000002,0.58824999616,1.47487499744,-0.9374988799999997
4.5205e-06,24.531246592000002,0.5819999967999999,1.477374997184,-0.9374988799999997
4.521e-06,23.749996544,0.58824999616,1.479874996928,-0.9374988799999997
4.521500000000001e-06,23.749996544,0.5819999967999999,1.479874996928,-0.6249989120000006
4.522e-06,23.749996544,0.5819999967999999,1.479874996928,-0.6249989120000006
4.5225e-06,23.749996544,0.58824999616,1.477374997184,-0.6249989120000006
4.5230000000000006e-06,23.749996544,0.58824999616,1.477374997184,-0.6249989120000006
4.5235e-06,23.749996544,0.5819999967999999,1.478624997056,-0.6249989120000006
4.524e-06,23.749996544,0.58824999616,1.477374997184,-0.6249989120000006
4.5245000000000005e-06,22.968746496,0.58824999616,1.478624997056,-0.6249989120000006
4.525e-06,23.749996544,0.58824999616,1.476124997312,-0.6249989120000006
4.5255e-06,23.749996544,0.58824999616,1.47487499744,-0.6249989120000006
4.526e-06,23.749996544,0.58824999616,1.473624997568,-0.6249989120000006
4.526500000000001e-06,23.749996544,0.5819999967999999,1.476124997312,-0.6249989120000006
4.527e-06,23.749996544,0.58824999616,1.477374997184,-0.6249989120000006
4.5275e-06,22.968746496,0.5819999967999999,1.479874996928,-0.9374988799999997
4.5280000000000005e-06,23.749996544,0.58824999616,1.477374997184,-0.9374988799999997
4.5285e-06,23.749996544,0.5819999967999999,1.478624997056,-0.9374988799999997
4.529e-06,23.749996544,0.5819999967999999,1.476124997312,-0.9374988799999997
4.5295000000000004e-06,23.749996544,0.5819999967999999,1.476124997312,-0.6249989120000006
4.530000000000001e-06,23.749996544,0.5819999967999999,1.476124997312,-0.9374988799999997
4.5305e-06,23.749996544,0.5819999967999999,1.477374997184,-0.6249989120000006
4.531e-06,23.749996544,0.58824999616,1.478624997056,-0.6249989120000006
4.5315000000000006e-06,23.749996544,0.5819999967999999,1.479874996928,-0.6249989120000006
4.532e-06,23.749996544,0.58824999616,1.478624997056,-0.31249894400000144
4.5325e-06,23.749996544,0.5819999967999999,1.479874996928,-0.6249989120000006
4.5330000000000005e-06,24.531246592000002,0.58824999616,1.4811249968,-0.6249989120000006
4.5335e-06,24.531246592000002,0.58824999616,1.479874996928,-0.6249989120000006
4.534e-06,24.531246592000002,0.58824999616,1.479874996928,-0.31249894400000144
4.5345e-06,23.749996544,0.58824999616,1.478624997056,-0.6249989120000006
4.535000000000001e-06,23.749996544,0.58824999616,1.476124997312,-0.31249894400000144
4.5355e-06,23.749996544,0.5819999967999999,1.47487499744,-0.6249989120000006
4.536e-06,23.749996544,0.58824999616,1.47487499744,-0.6249989120000006
4.5365000000000005e-06,24.531246592000002,0.58824999616,1.47487499744,-0.9374988799999997
4.537e-06,22.968746496,0.5819999967999999,1.477374997184,-0.6249989120000006
4.5375e-06,22.968746496,0.5819999967999999,1.479874996928,-0.6249989120000006
4.5380000000000004e-06,23.749996544,0.5819999967999999,1.477374997184,-0.6249989120000006
4.538500000000001e-06,23.749996544,0.58824999616,1.47487499744,-0.6249989120000006
4.539e-06,23.749996544,0.59449999552,1.476124997312,-0.6249989120000006
4.5395e-06,24.531246592000002,0.5819999967999999,1.477374997184,-0.6249989120000006
4.540000000000001e-06,23.749996544,0.58824999616,1.477374997184,-0.6249989120000006
4.5405e-06,23.749996544,0.58824999616,1.477374997184,-0.6249989120000006
4.541e-06,24.531246592000002,0.58824999616,1.476124997312,-0.31249894400000144
4.5415000000000005e-06,23.749996544,0.5819999967999999,1.47487499744,-0.31249894400000144
4.542e-06,23.749996544,0.5819999967999999,1.47487499744,-0.31249894400000144
4.5425e-06,23.749996544,0.58824999616,1.476124997312,-0.6249989120000006
4.543e-06,23.749996544,0.5819999967999999,1.477374997184,-0.6249989120000006
4.543500000000001e-06,23.749996544,0.58824999616,1.477374997184,-0.6249989120000006
4.544e-06,23.749996544,0.58824999616,1.47487499744,-0.6249989120000006
4.5445e-06,23.749996544,0.58824999616,1.477374997184,-0.9374988799999997
4.5450000000000005e-06,23.749996544,0.5819999967999999,1.476124997312,-0.31249894400000144
4.5455e-06,24.531246592000002,0.5819999967999999,1.473624997568,-0.31249894400000144
4.546e-06,24.531246592000002,0.5819999967999999,1.471124997824,-0.6249989120000006
4.5465000000000004e-06,23.749996544,0.58824999616,1.47487499744,-0.6249989120000006
4.547000000000001e-06,24.531246592000002,0.59449999552,1.476124997312,-0.6249989120000006
4.5475e-06,23.749996544,0.58824999616,1.476124997312,-0.31249894400000144
4.548e-06,23.749996544,0.58824999616,1.47487499744,-0.6249989120000006
4.548500000000001e-06,24.531246592000002,0.58824999616,1.476124997312,-0.6249989120000006
4.549e-06,23.749996544,0.58824999616,1.476124997312,-0.6249989120000006
4.5495e-06,24.531246592000002,0.5819999967999999,1.476124997312,-0.6249989120000006
4.5500000000000005e-06,23.749996544,0.5819999967999999,1.47487499744,-0.31249894400000144
4.5505e-06,23.749996544,0.58824999616,1.477374997184,-0.31249894400000144
4.551e-06,23.749996544,0.5819999967999999,1.477374997184,-0.31249894400000144
4.5515e-06,23.749996544,0.57574999744,1.478624997056,-0.6249989120000006
4.552000000000001e-06,23.749996544,0.5819999967999999,1.476124997312,-0.31249894400000144
4.5525e-06,23.749996544,0.57574999744,1.477374997184,-0.31249894400000144
4.553e-06,23.749996544,0.5819999967999999,1.476124997312,-0.6249989120000006
4.5535000000000005e-06,23.749996544,0.58824999616,1.477374997184,-0.31249894400000144
4.554e-06,23.749996544,0.58824999616,1.476124997312,-0.6249989120000006
4.5545e-06,22.968746496,0.58824999616,1.47487499744,-0.31249894400000144
4.5550000000000004e-06,23.749996544,0.58824999616,1.476124997312,-0.31249894400000144
4.555500000000001e-06,24.531246592000002,0.5819999967999999,1.47487499744,-0.31249894400000144
4.556e-06,23.749996544,0.58824999616,1.472374997696,-0.31249894400000144
4.5565e-06,23.749996544,0.59449999552,1.47487499744,-0.6249989120000006
4.557000000000001e-06,24.531246592000002,0.59449999552,1.47487499744,-0.31249894400000144
4.5575e-06,24.531246592000002,0.58824999616,1.47487499744,-0.31249894400000144
4.558e-06,23.749996544,0.5819999967999999,1.476124997312,-0.31249894400000144
4.5585000000000005e-06,24.531246592000002,0.5819999967999999,1.479874996928,-0.6249989120000006
4.559e-06,24.531246592000002,0.58824999616,1.479874996928,-0.9374988799999997
4.5595e-06,23.749996544,0.5819999967999999,1.479874996928,-0.6249989120000006
4.56e-06,24.531246592000002,0.5819999967999999,1.47487499744,-0.6249989120000006
4.560500000000001e-06,24.531246592000002,0.5819999967999999,1.476124997312,-0.9374988799999997
4.561e-06,23.749996544,0.5819999967999999,1.477374997184,-0.6249989120000006
4.5615e-06,23.749996544,0.5819999967999999,1.478624997056,-0.9374988799999997
4.5620000000000005e-06,24.531246592000002,0.58824999616,1.478624997056,-0.6249989120000006
4.5625e-06,23.749996544,0.5819999967999999,1.477374997184,-0.6249989120000006
4.563e-06,23.749996544,0.58824999616,1.477374997184,-0.6249989120000006
4.5635000000000004e-06,23.749996544,0.5819999967999999,1.479874996928,-0.31249894400000144
4.564000000000001e-06,23.749996544,0.5819999967999999,1.478624997056,-0.31249894400000144
4.5645e-06,24.531246592000002,0.58824999616,1.479874996928,-0.6249989120000006
4.565e-06,23.749996544,0.58824999616,1.476124997312,-0.31249894400000144
4.565500000000001e-06,23.749996544,0.5819999967999999,1.476124997312,-0.31249894400000144
4.566e-06,23.749996544,0.5819999967999999,1.477374997184,1.0239999994610116e-06
4.5665e-06,23.749996544,0.5819999967999999,1.478624997056,-0.31249894400000144
4.5670000000000005e-06,23.749996544,0.58824999616,1.47487499744,-0.6249989120000006
4.5675e-06,23.749996544,0.5819999967999999,1.47487499744,-0.9374988799999997
4.568e-06,23.749996544,0.5819999967999999,1.47487499744,-0.6249989120000006
4.5685e-06,24.531246592000002,0.58824999616,1.478624997056,-0.6249989120000006
4.569000000000001e-06,24.531246592000002,0.58824999616,1.478624997056,1.0239999994610116e-06
4.5695e-06,23.749996544,0.58824999616,1.477374997184,-0.31249894400000144
4.57e-06,24.531246592000002,0.5819999967999999,1.477374997184,-0.6249989120000006
4.5705000000000005e-06,23.749996544,0.5819999967999999,1.477374997184,-0.31249894400000144
4.571e-06,24.531246592000002,0.5819999967999999,1.479874996928,-0.31249894400000144
4.5715e-06,23.749996544,0.58824999616,1.4823749966720001,-0.31249894400000144
4.5720000000000004e-06,23.749996544,0.5819999967999999,1.4811249968,-0.6249989120000006
4.572500000000001e-06,24.531246592000002,0.58824999616,1.478624997056,-0.9374988799999997
4.573e-06,24.531246592000002,0.5819999967999999,1.478624997056,-0.6249989120000006
4.5735e-06,23.749996544,0.5819999967999999,1.477374997184,-0.6249989120000006
4.574000000000001e-06,23.749996544,0.5819999967999999,1.476124997312,-0.31249894400000144
4.5745e-06,24.531246592000002,0.58824999616,1.476124997312,-0.31249894400000144
4.575e-06,23.749996544,0.58824999616,1.47487499744,-0.6249989120000006
4.5755000000000005e-06,24.531246592000002,0.5819999967999999,1.47487499744,-0.6249989120000006
4.576e-06,23.749996544,0.58824999616,1.47487499744,-0.31249894400000144
4.5765e-06,23.749996544,0.5819999967999999,1.476124997312,-0.6249989120000006
4.577e-06,24.531246592000002,0.5819999967999999,1.476124997312,-0.6249989120000006
4.577500000000001e-06,25.31249664,0.58824999616,1.478624997056,-0.6249989120000006
4.578e-06,24.531246592000002,0.5819999967999999,1.477374997184,-0.6249989120000006
4.5785e-06,24.531246592000002,0.58824999616,1.47487499744,-0.6249989120000006
4.5790000000000005e-06,24.531246592000002,0.59449999552,1.477374997184,-0.6249989120000006
4.5795e-06,24.531246592000002,0.5819999967999999,1.478624997056,-0.31249894400000144
4.58e-06,23.749996544,0.5819999967999999,1.477374997184,-0.6249989120000006
4.5805000000000004e-06,23.749996544,0.5819999967999999,1.477374997184,-0.6249989120000006
4.581000000000001e-06,23.749996544,0.58824999616,1.476124997312,-0.31249894400000144
4.5815e-06,23.749996544,0.5819999967999999,1.476124997312,-0.31249894400000144
4.582e-06,23.749996544,0.5819999967999999,1.477374997184,1.0239999994610116e-06
4.582500000000001e-06,24.531246592000002,0.58824999616,1.476124997312,-0.31249894400000144
4.583e-06,23.749996544,0.58824999616,1.47487499744,-0.6249989120000006
4.5835e-06,23.749996544,0.5819999967999999,1.476124997312,-0.6249989120000006
4.5840000000000005e-06,23.749996544,0.58824999616,1.47487499744,-0.31249894400000144
4.5845e-06,23.749996544,0.5819999967999999,1.477374997184,-0.31249894400000144
4.585e-06,23.749996544,0.58824999616,1.47487499744,-0.31249894400000144
4.5855e-06,23.749996544,0.5819999967999999,1.473624997568,-0.31249894400000144
4.586000000000001e-06,23.749996544,0.5819999967999999,1.476124997312,-0.31249894400000144
4.5865e-06,24.531246592000002,0.57574999744,1.476124997312,-0.6249989120000006
4.587e-06,24.531246592000002,0.58824999616,1.476124997312,-0.31249894400000144
4.5875000000000005e-06,24.531246592000002,0.5819999967999999,1.47487499744,-0.31249894400000144
4.588e-06,23.749996544,0.58824999616,1.47487499744,1.0239999994610116e-06
4.5885e-06,24.531246592000002,0.58824999616,1.477374997184,-0.6249989120000006
4.5890000000000004e-06,24.531246592000002,0.58824999616,1.476124997312,-0.31249894400000144
4.589500000000001e-06,23.749996544,0.58824999616,1.477374997184,-0.6249989120000006
4.59e-06,23.749996544,0.5819999967999999,1.478624997056,-0.31249894400000144
4.5905e-06,23.749996544,0.58824999616,1.479874996928,-0.31249894400000144
4.591000000000001e-06,23.749996544,0.58824999616,1.476124997312,-0.31249894400000144
4.5915e-06,23.749996544,0.5819999967999999,1.47487499744,-0.31249894400000144
4.592e-06,23.749996544,0.5819999967999999,1.47487499744,-0.6249989120000006
4.5925000000000005e-06,24.531246592000002,0.5819999967999999,1.479874996928,-0.6249989120000006
4.593e-06,23.749996544,0.5819999967999999,1.479874996928,-0.31249894400000144
4.5935e-06,24.531246592000002,0.5819999967999999,1.477374997184,-0.6249989120000006
4.594e-06,24.531246592000002,0.5819999967999999,1.476124997312,-0.6249989120000006
4.594500000000001e-06,23.749996544,0.58824999616,1.477374997184,-0.6249989120000006
4.595e-06,24.531246592000002,0.5819999967999999,1.477374997184,-0.31249894400000144
4.5955e-06,23.749996544,0.5819999967999999,1.476124997312,-0.31249894400000144
4.5960000000000006e-06,22.968746496,0.5819999967999999,1.47487499744,-0.6249989120000006
4.5965e-06,24.531246592000002,0.58824999616,1.477374997184,-0.6249989120000006
4.597e-06,24.531246592000002,0.58824999616,1.47487499744,-0.6249989120000006
4.5975000000000005e-06,23.749996544,0.5819999967999999,1.476124997312,-0.6249989120000006
4.598000000000001e-06,23.749996544,0.5819999967999999,1.476124997312,1.0239999994610116e-06
4.5985e-06,22.968746496,0.58824999616,1.478624997056,-0.6249989120000006
4.599e-06,23.749996544,0.58824999616,1.477374997184,-0.31249894400000144
4.599500000000001e-06,23.749996544,0.5819999967999999,1.478624997056,-0.6249989120000006
4.6e-06,24.531246592000002,0.5819999967999999,1.476124997312,-0.31249894400000144
4.6005e-06,23.749996544,0.5819999967999999,1.479874996928,-0.6249989120000006
4.6010000000000005e-06,22.968746496,0.5819999967999999,1.479874996928,-0.31249894400000144
4.6015e-06,23.749996544,0.5819999967999999,1.478624997056,-0.31249894400000144
4.602e-06,24.531246592000002,0.5819999967999999,1.477374997184,-0.6249989120000006
4.6025e-06,23.749996544,0.5819999967999999,1.478624997056,-0.6249989120000006
4.603000000000001e-06,23.749996544,0.5819999967999999,1.478624997056,-0.6249989120000006
4.6035e-06,23.749996544,0.58824999616,1.477374997184,-0.31249894400000144
4.604e-06,23.749996544,0.5819999967999999,1.477374997184,-0.31249894400000144
4.6045000000000006e-06,24.531246592000002,0.58824999616,1.476124997312,-0.6249989120000006
4.605e-06,24.531246592000002,0.58824999616,1.473624997568,-0.6249989120000006
4.6055e-06,23.749996544,0.5819999967999999,1.47487499744,-0.6249989120000006
4.6060000000000005e-06,23.749996544,0.5819999967999999,1.477374997184,-0.31249894400000144
4.606500000000001e-06,23.749996544,0.5819999967999999,1.477374997184,-0.31249894400000144
4.607e-06,23.749996544,0.58824999616,1.476124997312,-0.31249894400000144
4.6075e-06,23.749996544,0.5819999967999999,1.477374997184,-0.6249989120000006
4.608000000000001e-06,24.531246592000002,0.5819999967999999,1.47487499744,-0.6249989120000006
4.6085e-06,23.749996544,0.5819999967999999,1.477374997184,-0.9374988799999997
4.609e-06,23.749996544,0.5819999967999999,1.477374997184,-0.6249989120000006
4.6095000000000005e-06,22.968746496,0.58824999616,1.477374997184,-0.6249989120000006
4.61e-06,23.749996544,0.5819999967999999,1.479874996928,-0.6249989120000006
4.6105e-06,23.749996544,0.58824999616,1.477374997184,-0.6249989120000006
4.611e-06,23.749996544,0.58824999616,1.477374997184,-0.31249894400000144
4.611500000000001e-06,23.749996544,0.5819999967999999,1.476124997312,-0.31249894400000144
4.612e-06,23.749996544,0.5819999967999999,1.47487499744,-0.31249894400000144
4.6125e-06,23.749996544,0.58824999616,1.476124997312,-0.6249989120000006
4.6130000000000006e-06,24.531246592000002,0.58824999616,1.476124997312,-0.31249894400000144
4.6135e-06,23.749996544,0.5819999967999999,1.477374997184,-0.6249989120000006
4.614e-06,23.749996544,0.5819999967999999,1.476124997312,-0.31249894400000144
4.6145000000000005e-06,23.749996544,0.5819999967999999,1.476124997312,-0.31249894400000144
4.615000000000001e-06,23.749996544,0.5819999967999999,1.47487499744,-0.6249989120000006
4.6155e-06,22.968746496,0.5819999967999999,1.476124997312,-0.6249989120000006
4.616e-06,23.749996544,0.57574999744,1.476124997312,-0.6249989120000006
4.616500000000001e-06,23.749996544,0.57574999744,1.476124997312,-0.6249989120000006
4.617e-06,22.968746496,0.58824999616,1.476124997312,-0.31249894400000144
4.6175e-06,23.749996544,0.58824999616,1.479874996928,-0.31249894400000144
4.6180000000000005e-06,23.749996544,0.5819999967999999,1.4811249968,-0.31249894400000144
4.6185e-06,23.749996544,0.5819999967999999,1.476124997312,-0.31249894400000144
4.619e-06,23.749996544,0.58824999616,1.476124997312,-0.31249894400000144
4.6195e-06,24.531246592000002,0.57574999744,1.476124997312,-0.31249894400000144
4.620000000000001e-06,23.749996544,0.58824999616,1.476124997312,-0.31249894400000144
4.6205e-06,23.749996544,0.5819999967999999,1.478624997056,-0.6249989120000006
4.621e-06,24.531246592000002,0.58824999616,1.478624997056,-0.31249894400000144
4.6215000000000006e-06,23.749996544,0.58824999616,1.478624997056,-0.6249989120000006
4.622e-06,23.749996544,0.5819999967999999,1.478624997056,-0.31249894400000144
4.6225e-06,23.749996544,0.5819999967999999,1.478624997056,-0.31249894400000144
4.6230000000000005e-06,23.749996544,0.5819999967999999,1.476124997312,-0.31249894400000144
4.623500000000001e-06,23.749996544,0.5819999967999999,1.478624997056,-0.9374988799999997
4.624e-06,23.749996544,0.58824999616,1.476124997312,-0.6249989120000006
4.6245e-06,24.531246592000002,0.58824999616,1.47487499744,-0.9374988799999997
4.625000000000001e-06,23.749996544,0.58824999616,1.473624997568,-0.6249989120000006
4.6255e-06,23.749996544,0.58824999616,1.47487499744,-0.31249894400000144
4.626e-06,23.749996544,0.5819999967999999,1.47487499744,-0.31249894400000144
4.6265000000000005e-06,23.749996544,0.58824999616,1.47487499744,-0.31249894400000144
4.627e-06,22.968746496,0.58824999616,1.477374997184,-0.31249894400000144
4.6275e-06,24.531246592000002,0.5819999967999999,1.479874996928,-0.31249894400000144
4.628e-06,23.749996544,0.5819999967999999,1.477374997184,-0.31249894400000144
4.628500000000001e-06,23.749996544,0.5819999967999999,1.479874996928,-0.31249894400000144
4.629e-06,23.749996544,0.58824999616,1.479874996928,-0.31249894400000144
4.6295e-06,23.749996544,0.5819999967999999,1.477374997184,-0.31249894400000144
4.6300000000000006e-06,23.749996544,0.58824999616,1.477374997184,1.0239999994610116e-06
4.6305e-06,24.531246592000002,0.58824999616,1.479874996928,1.0239999994610116e-06
4.631e-06,23.749996544,0.58824999616,1.476124997312,-0.6249989120000006
4.6315000000000005e-06,23.749996544,0.58824999616,1.478624997056,-0.6249989120000006
4.632e-06,23.749996544,0.5819999967999999,1.476124997312,-0.6249989120000006
4.6325e-06,23.749996544,0.58824999616,1.478624997056,-0.31249894400000144
4.633e-06,22.968746496,0.58824999616,1.477374997184,-0.31249894400000144
4.633500000000001e-06,23.749996544,0.5819999967999999,1.477374997184,-0.31249894400000144
4.634e-06,23.749996544,0.5819999967999999,1.478624997056,-0.31249894400000144
4.6345e-06,23.749996544,0.58824999616,1.478624997056,1.0239999994610116e-06
4.6350000000000005e-06,23.749996544,0.58824999616,1.478624997056,-0.31249894400000144
4.6355e-06,23.749996544,0.57574999744,1.477374997184,1.0239999994610116e-06
4.636e-06,22.968746496,0.57574999744,1.478624997056,-0.31249894400000144
4.6365e-06,23.749996544,0.58824999616,1.479874996928,-0.31249894400000144
4.637000000000001e-06,23.749996544,0.58824999616,1.477374997184,-0.31249894400000144
4.6375e-06,23.749996544,0.5819999967999999,1.476124997312,-0.6249989120000006
4.638e-06,23.749996544,0.57574999744,1.476124997312,-0.31249894400000144
4.6385000000000006e-06,23.749996544,0.58824999616,1.477374997184,-0.31249894400000144
4.639e-06,23.749996544,0.5819999967999999,1.476124997312,-0.31249894400000144
4.6395e-06,22.968746496,0.5819999967999999,1.477374997184,-0.31249894400000144
4.6400000000000005e-06,24.531246592000002,0.5819999967999999,1.476124997312,-0.31249894400000144
4.6405e-06,23.749996544,0.57574999744,1.479874996928,-0.31249894400000144
4.641e-06,23.749996544,0.57574999744,1.478624997056,-0.6249989120000006
4.6415e-06,23.749996544,0.5819999967999999,1.477374997184,-0.31249894400000144
4.642000000000001e-06,23.749996544,0.5819999967999999,1.47487499744,-0.31249894400000144
4.6425e-06,22.968746496,0.5819999967999999,1.47487499744,-0.31249894400000144
4.643e-06,23.749996544,0.58824999616,1.479874996928,-0.31249894400000144
4.6435000000000005e-06,23.749996544,0.5819999967999999,1.479874996928,-0.31249894400000144
4.644e-06,23.749996544,0.5819999967999999,1.477374997184,-0.31249894400000144
4.6445e-06,23.749996544,0.5819999967999999,1.479874996928,-0.31249894400000144
4.645e-06,23.749996544,0.5819999967999999,1.477374997184,1.0239999994610116e-06
4.645500000000001e-06,23.749996544,0.5819999967999999,1.477374997184,-0.31249894400000144
4.646e-06,23.749996544,0.58824999616,1.478624997056,-0.31249894400000144
4.6465e-06,23.749996544,0.58824999616,1.479874996928,-0.31249894400000144
4.6470000000000006e-06,23.749996544,0.58824999616,1.478624997056,-0.31249894400000144
4.6475e-06,23.749996544,0.5819999967999999,1.479874996928,-0.31249894400000144
4.648e-06,24.531246592000002,0.5819999967999999,1.477374997184,-0.6249989120000006
4.6485000000000005e-06,23.749996544,0.57574999744,1.479874996928,-0.31249894400000144
4.649e-06,23.749996544,0.5819999967999999,1.478624997056,-0.31249894400000144
4.6495e-06,23.749996544,0.5819999967999999,1.479874996928,1.0239999994610116e-06
4.65e-06,23.749996544,0.57574999744,1.478624997056,-0.31249894400000144
4.650500000000001e-06,23.749996544,0.5819999967999999,1.477374997184,-0.31249894400000144
4.651e-06,22.968746496,0.5819999967999999,1.477374997184,-0.31249894400000144
4.6515e-06,23.749996544,0.5819999967999999,1.476124997312,-0.31249894400000144
4.6520000000000005e-06,22.187496448000005,0.58824999616,1.476124997312,-0.31249894400000144
4.6525e-06,23.749996544,0.5819999967999999,1.479874996928,-0.31249894400000144
4.653e-06,24.531246592000002,0.5819999967999999,1.4811249968,-0.31249894400000144
4.6535e-06,22.968746496,0.5819999967999999,1.4811249968,-0.31249894400000144
4.654000000000001e-06,22.968746496,0.5819999967999999,1.479874996928,-0.31249894400000144
4.6545e-06,23.749996544,0.58824999616,1.477374997184,1.0239999994610116e-06
4.655e-06,23.749996544,0.58824999616,1.47487499744,-0.31249894400000144
4.6555000000000006e-06,23.749996544,0.5819999967999999,1.477374997184,-0.31249894400000144
4.656e-06,23.749996544,0.57574999744,1.47487499744,-0.6249989120000006
4.6565e-06,23.749996544,0.57574999744,1.477374997184,-0.6249989120000006
4.6570000000000005e-06,24.531246592000002,0.5819999967999999,1.478624997056,-0.31249894400000144
4.6575e-06,23.749996544,0.57574999744,1.479874996928,-0.31249894400000144
4.658e-06,23.749996544,0.57574999744,1.478624997056,-0.31249894400000144
4.6585e-06,23.749996544,0.58824999616,1.478624997056,-0.6249989120000006
4.659000000000001e-06,23.749996544,0.58824999616,1.479874996928,1.0239999994610116e-06
4.6595e-06,23.749996544,0.5819999967999999,1.479874996928,1.0239999994610116e-06
4.66e-06,23.749996544,0.59449999552,1.477374997184,1.0239999994610116e-06
4.6605000000000005e-06,23.749996544,0.5819999967999999,1.478624997056,-0.31249894400000144
4.661e-06,23.749996544,0.58824999616,1.476124997312,1.0239999994610116e-06
4.6615e-06,24.531246592000002,0.5819999967999999,1.476124997312,1.0239999994610116e-06
4.6620000000000004e-06,23.749996544,0.5819999967999999,1.476124997312,1.0239999994610116e-06
4.662500000000001e-06,24.531246592000002,0.5819999967999999,1.478624997056,1.0239999994610116e-06
4.663e-06,23.749996544,0.57574999744,1.477374997184,-0.31249894400000144
4.6635e-06,23.749996544,0.57574999744,1.479874996928,-0.31249894400000144
4.664000000000001e-06,24.531246592000002,0.5819999967999999,1.477374997184,-0.31249894400000144
4.6645e-06,23.749996544,0.5819999967999999,1.4811249968,-0.31249894400000144
4.665e-06,23.749996544,0.5819999967999999,1.479874996928,-0.31249894400000144
4.6655000000000005e-06,24.531246592000002,0.58824999616,1.477374997184,1.0239999994610116e-06
4.666e-06,23.749996544,0.5819999967999999,1.476124997312,1.0239999994610116e-06
4.6665e-06,23.749996544,0.5819999967999999,1.476124997312,-0.31249894400000144
4.667e-06,23.749996544,0.5819999967999999,1.478624997056,-0.31249894400000144
4.667500000000001e-06,23.749996544,0.5819999967999999,1.478624997056,1.0239999994610116e-06
4.668e-06,23.749996544,0.5819999967999999,1.478624997056,-0.31249894400000144
4.6685e-06,23.749996544,0.58824999616,1.479874996928,-0.31249894400000144
4.6690000000000005e-06,23.749996544,0.58824999616,1.478624997056,1.0239999994610116e-06
4.6695e-06,23.749996544,0.58824999616,1.478624997056,1.0239999994610116e-06
4.67e-06,22.968746496,0.57574999744,1.477374997184,-0.31249894400000144
4.6705000000000004e-06,23.749996544,0.5819999967999999,1.478624997056,-0.31249894400000144
4.671000000000001e-06,23.749996544,0.5819999967999999,1.477374997184,-0.31249894400000144
4.6715e-06,23.749996544,0.5819999967999999,1.477374997184,1.0239999994610116e-06
4.672e-06,23.749996544,0.5819999967999999,1.476124997312,-0.31249894400000144
4.672500000000001e-06,24.531246592000002,0.5819999967999999,1.476124997312,-0.31249894400000144
4.673e-06,22.968746496,0.5819999967999999,1.477374997184,1.0239999994610116e-06
4.6735e-06,23.749996544,0.5819999967999999,1.477374997184,1.0239999994610116e-06
4.6740000000000005e-06,23.749996544,0.5819999967999999,1.478624997056,1.0239999994610116e-06
4.6745e-06,22.968746496,0.5819999967999999,1.477374997184,-0.31249894400000144
4.675e-06,23.749996544,0.5819999967999999,1.476124997312,-0.31249894400000144
4.6755e-06,23.749996544,0.57574999744,1.47487499744,1.0239999994610116e-06
4.676000000000001e-06,23.749996544,0.57574999744,1.47487499744,-0.31249894400000144
4.6765e-06,23.749996544,0.58824999616,1.478624997056,-0.31249894400000144
4.677e-06,24.531246592000002,0.58824999616,1.478624997056,-0.31249894400000144
4.6775000000000005e-06,23.749996544,0.58824999616,1.478624997056,1.0239999994610116e-06
4.678e-06,23.749996544,0.5819999967999999,1.477374997184,1.0239999994610116e-06
4.6785e-06,23.749996544,0.5819999967999999,1.478624997056,1.0239999994610116e-06
4.6790000000000004e-06,23.749996544,0.5819999967999999,1.477374997184,-0.31249894400000144
4.679500000000001e-06,23.749996544,0.57574999744,1.479874996928,-0.6249989120000006
4.68e-06,23.749996544,0.5819999967999999,1.479874996928,-0.6249989120000006
4.6805e-06,23.749996544,0.5819999967999999,1.479874996928,-0.6249989120000006
4.681000000000001e-06,22.968746496,0.57574999744,1.479874996928,-0.31249894400000144
4.6815e-06,22.968746496,0.57574999744,1.477374997184,1.0239999994610116e-06
4.682e-06,23.749996544,0.5819999967999999,1.476124997312,-0.31249894400000144
4.6825000000000005e-06,22.968746496,0.5819999967999999,1.476124997312,-0.6249989120000006
4.683e-06,23.749996544,0.58824999616,1.477374997184,1.0239999994610116e-06
4.6835e-06,23.749996544,0.5819999967999999,1.477374997184,1.0239999994610116e-06
4.684e-06,22.968746496,0.5819999967999999,1.477374997184,1.0239999994610116e-06
4.684500000000001e-06,23.749996544,0.5819999967999999,1.479874996928,-0.6249989120000006
4.685e-06,23.749996544,0.5819999967999999,1.478624997056,1.0239999994610116e-06
4.6855e-06,23.749996544,0.5819999967999999,1.476124997312,1.0239999994610116e-06
4.6860000000000005e-06,22.968746496,0.57574999744,1.476124997312,1.0239999994610116e-06
4.6865e-06,23.749996544,0.5819999967999999,1.477374997184,1.0239999994610116e-06
4.687e-06,24.531246592000002,0.58824999616,1.478624997056,-0.31249894400000144
4.6875000000000004e-06,23.749996544,0.5819999967999999,1.478624997056,-0.31249894400000144
4.688000000000001e-06,22.968746496,0.58824999616,1.47487499744,-0.31249894400000144
4.6885e-06,22.968746496,0.57574999744,1.477374997184,-0.6249989120000006
4.689e-06,22.968746496,0.57574999744,1.477374997184,1.0239999994610116e-06
4.689500000000001e-06,23.749996544,0.5819999967999999,1.479874996928,1.0239999994610116e-06
4.69e-06,23.749996544,0.5819999967999999,1.477374997184,-0.31249894400000144
4.6905e-06,22.968746496,0.58824999616,1.477374997184,-0.31249894400000144
4.6910000000000005e-06,23.749996544,0.59449999552,1.479874996928,-0.31249894400000144
4.6915e-06,23.749996544,0.5819999967999999,1.4811249968,1.0239999994610116e-06
4.692e-06,23.749996544,0.5819999967999999,1.479874996928,-0.31249894400000144
4.6925e-06,23.749996544,0.5819999967999999,1.478624997056,-0.31249894400000144
4.693000000000001e-06,23.749996544,0.58824999616,1.477374997184,1.0239999994610116e-06
4.6935e-06,23.749996544,0.58824999616,1.478624997056,-0.31249894400000144
4.694e-06,23.749996544,0.57574999744,1.477374997184,1.0239999994610116e-06
4.6945000000000005e-06,23.749996544,0.5819999967999999,1.478624997056,-0.31249894400000144
4.695e-06,23.749996544,0.58824999616,1.476124997312,-0.31249894400000144
4.6955e-06,23.749996544,0.5819999967999999,1.477374997184,-0.31249894400000144
4.6960000000000004e-06,23.749996544,0.5819999967999999,1.476124997312,-0.31249894400000144
4.696500000000001e-06,23.749996544,0.57574999744,1.476124997312,-0.6249989120000006
4.697e-06,23.749996544,0.5819999967999999,1.47487499744,-0.31249894400000144
4.6975e-06,23.749996544,0.5819999967999999,1.477374997184,1.0239999994610116e-06
4.698000000000001e-06,23.749996544,0.5819999967999999,1.476124997312,1.0239999994610116e-06
4.6985e-06,23.749996544,0.58824999616,1.476124997312,1.0239999994610116e-06
4.699e-06,23.749996544,0.58824999616,1.477374997184,1.0239999994610116e-06
4.6995000000000005e-06,24.531246592000002,0.5819999967999999,1.477374997184,-0.31249894400000144
4.7e-06,23.749996544,0.58824999616,1.476124997312,-0.31249894400000144
4.7005e-06,23.749996544,0.58824999616,1.477374997184,-0.31249894400000144
4.701e-06,23.749996544,0.5819999967999999,1.47487499744,1.0239999994610116e-06
4.701500000000001e-06,22.968746496,0.5819999967999999,1.477374997184,1.0239999994610116e-06
4.702e-06,23.749996544,0.5819999967999999,1.477374997184,1.0239999994610116e-06
4.7025e-06,23.749996544,0.5819999967999999,1.476124997312,1.0239999994610116e-06
4.7030000000000005e-06,23.749996544,0.58824999616,1.47487499744,-0.31249894400000144
4.7035e-06,23.749996544,0.5819999967999999,1.473624997568,-0.6249989120000006
4.704e-06,23.749996544,0.5819999967999999,1.472374997696,1.0239999994610116e-06
4.7045000000000004e-06,23.749996544,0.5819999967999999,1.47487499744,-0.31249894400000144
4.705000000000001e-06,24.531246592000002,0.5819999967999999,1.477374997184,1.0239999994610116e-06
4.7055e-06,23.749996544,0.5819999967999999,1.477374997184,1.0239999994610116e-06
4.706e-06,24.531246592000002,0.5819999967999999,1.476124997312,-0.31249894400000144
4.706500000000001e-06,23.749996544,0.5819999967999999,1.477374997184,-0.31249894400000144
4.707e-06,23.749996544,0.58824999616,1.478624997056,-0.31249894400000144
4.7075e-06,22.968746496,0.5819999967999999,1.477374997184,1.0239999994610116e-06
4.7080000000000005e-06,23.749996544,0.5819999967999999,1.476124997312,-0.31249894400000144
4.7085e-06,23.749996544,0.5819999967999999,1.478624997056,-0.31249894400000144
4.709e-06,23.749996544,0.5819999967999999,1.479874996928,-0.31249894400000144
4.7095e-06,23.749996544,0.58824999616,1.478624997056,1.0239999994610116e-06
4.710000000000001e-06,23.749996544,0.57574999744,1.476124997312,1.0239999994610116e-06
4.7105e-06,23.749996544,0.57574999744,1.477374997184,-0.31249894400000144
4.711e-06,23.749996544,0.57574999744,1.47487499744,-0.31249894400000144
4.7115000000000005e-06,23.749996544,0.5819999967999999,1.47487499744,-0.31249894400000144
4.712e-06,23.749996544,0.58824999616,1.47487499744,1.0239999994610116e-06
4.7125e-06,23.749996544,0.5819999967999999,1.476124997312,1.0239999994610116e-06
4.7130000000000004e-06,22.968746496,0.5819999967999999,1.477374997184,0.31250099200000037
4.713500000000001e-06,23.749996544,0.57574999744,1.4811249968,1.0239999994610116e-06
4.714e-06,23.749996544,0.57574999744,1.4811249968,1.0239999994610116e-06
4.7145e-06,23.749996544,0.5819999967999999,1.479874996928,-0.31249894400000144
4.715000000000001e-06,23.749996544,0.5819999967999999,1.479874996928,1.0239999994610116e-06
4.7155e-06,23.749996544,0.5819999967999999,1.478624997056,1.0239999994610116e-06
4.716e-06,23.749996544,0.5819999967999999,1.477374997184,-0.31249894400000144
4.7165000000000005e-06,23.749996544,0.58824999616,1.479874996928,1.0239999994610116e-06
4.717e-06,24.531246592000002,0.58824999616,1.479874996928,1.0239999994610116e-06
4.7175e-06,24.531246592000002,0.58824999616,1.477374997184,1.0239999994610116e-06
4.718e-06,24.531246592000002,0.5819999967999999,1.476124997312,1.0239999994610116e-06
4.718500000000001e-06,23.749996544,0.5819999967999999,1.478624997056,1.0239999994610116e-06
4.719e-06,23.749996544,0.58824999616,1.476124997312,-0.6249989120000006
4.7195e-06,23.749996544,0.5819999967999999,1.477374997184,-0.31249894400000144
4.7200000000000005e-06,23.749996544,0.5819999967999999,1.477374997184,-0.31249894400000144
4.7205e-06,24.531246592000002,0.57574999744,1.4811249968,-0.31249894400000144
4.721e-06,22.968746496,0.5819999967999999,1.478624997056,1.0239999994610116e-06
4.7215000000000004e-06,22.968746496,0.5819999967999999,1.477374997184,-0.31249894400000144
4.722000000000001e-06,23.749996544,0.5819999967999999,1.478624997056,-0.31249894400000144
4.7225e-06,23.749996544,0.5819999967999999,1.477374997184,-0.31249894400000144
4.723e-06,23.749996544,0.5819999967999999,1.47487499744,-0.31249894400000144
4.723500000000001e-06,23.749996544,0.57574999744,1.47487499744,0.31250099200000037
4.724e-06,22.968746496,0.57574999744,1.47487499744,1.0239999994610116e-06
4.7245e-06,23.749996544,0.5819999967999999,1.478624997056,-0.31249894400000144
4.7250000000000005e-06,24.531246592000002,0.5819999967999999,1.476124997312,1.0239999994610116e-06
4.7255e-06,24.531246592000002,0.57574999744,1.476124997312,1.0239999994610116e-06
4.726e-06,23.749996544,0.57574999744,1.476124997312,1.0239999994610116e-06
4.7265e-06,23.749996544,0.57574999744,1.47487499744,1.0239999994610116e-06
4.727000000000001e-06,22.968746496,0.57574999744,1.47487499744,1.0239999994610116e-06
4.7275e-06,23.749996544,0.57574999744,1.476124997312,1.0239999994610116e-06
4.728e-06,23.749996544,0.5819999967999999,1.47487499744,1.0239999994610116e-06
4.7285000000000006e-06,23.749996544,0.57574999744,1.476124997312,1.0239999994610116e-06
4.729e-06,23.749996544,0.5819999967999999,1.476124997312,0.31250099200000037
4.7295e-06,23.749996544,0.5819999967999999,1.476124997312,1.0239999994610116e-06
4.7300000000000005e-06,23.749996544,0.5819999967999999,1.478624997056,-0.31249894400000144
4.730500000000001e-06,23.749996544,0.5819999967999999,1.479874996928,-0.31249894400000144
4.731e-06,23.749996544,0.58824999616,1.477374997184,1.0239999994610116e-06
4.7315e-06,23.749996544,0.5819999967999999,1.478624997056,1.0239999994610116e-06
4.732000000000001e-06,23.749996544,0.5819999967999999,1.478624997056,1.0239999994610116e-06
4.7325e-06,23.749996544,0.5819999967999999,1.479874996928,1.0239999994610116e-06
4.733e-06,23.749996544,0.5819999967999999,1.477374997184,1.0239999994610116e-06
4.7335000000000005e-06,23.749996544,0.5819999967999999,1.477374997184,1.0239999994610116e-06
4.734e-06,24.531246592000002,0.57574999744,1.478624997056,1.0239999994610116e-06
4.7345e-06,23.749996544,0.5819999967999999,1.479874996928,1.0239999994610116e-06
4.735e-06,23.749996544,0.58824999616,1.477374997184,1.0239999994610116e-06
4.735500000000001e-06,23.749996544,0.5819999967999999,1.478624997056,-0.31249894400000144
4.736e-06,24.531246592000002,0.5819999967999999,1.478624997056,1.0239999994610116e-06
4.7365e-06,23.749996544,0.5819999967999999,1.479874996928,-0.31249894400000144
4.7370000000000006e-06,23.749996544,0.5819999967999999,1.477374997184,1.0239999994610116e-06
4.7375e-06,23.749996544,0.5819999967999999,1.477374997184,1.0239999994610116e-06
4.738e-06,23.749996544,0.57574999744,1.476124997312,1.0239999994610116e-06
4.7385000000000005e-06,23.749996544,0.5819999967999999,1.47487499744,1.0239999994610116e-06
4.739000000000001e-06,24.531246592000002,0.5819999967999999,1.47487499744,1.0239999994610116e-06
4.7395e-06,24.531246592000002,0.5819999967999999,1.477374997184,0.31250099200000037
4.74e-06,23.749996544,0.5819999967999999,1.478624997056,1.0239999994610116e-06
4.740500000000001e-06,24.531246592000002,0.5819999967999999,1.479874996928,1.0239999994610116e-06
4.741e-06,25.31249664,0.58824999616,1.479874996928,1.0239999994610116e-06
4.7415e-06,24.531246592000002,0.5819999967999999,1.478624997056,1.0239999994610116e-06
4.7420000000000005e-06,24.531246592000002,0.5819999967999999,1.478624997056,1.0239999994610116e-06
4.7425e-06,23.749996544,0.5819999967999999,1.478624997056,1.0239999994610116e-06
4.743e-06,22.968746496,0.58824999616,1.477374997184,1.0239999994610116e-06
4.7435e-06,23.749996544,0.5819999967999999,1.477374997184,-0.31249894400000144
4.744000000000001e-06,24.531246592000002,0.5819999967999999,1.477374997184,1.0239999994610116e-06
4.7445e-06,23.749996544,0.57574999744,1.478624997056,-0.31249894400000144
4.745e-06,24.531246592000002,0.5819999967999999,1.477374997184,1.0239999994610116e-06
4.7455000000000006e-06,23.749996544,0.5819999967999999,1.476124997312,1.0239999994610116e-06
4.746e-06,23.749996544,0.5819999967999999,1.47487499744,1.0239999994610116e-06
4.7465e-06,23.749996544,0.5819999967999999,1.476124997312,0.31250099200000037
4.7470000000000005e-06,23.749996544,0.58824999616,1.478624997056,1.0239999994610116e-06
4.747500000000001e-06,23.749996544,0.5819999967999999,1.477374997184,0.31250099200000037
4.748e-06,23.749996544,0.5819999967999999,1.477374997184,1.0239999994610116e-06
4.7485e-06,23.749996544,0.5819999967999999,1.478624997056,-0.31249894400000144
4.749000000000001e-06,24.531246592000002,0.58824999616,1.478624997056,1.0239999994610116e-06
4.7495e-06,23.749996544,0.58824999616,1.478624997056,1.0239999994610116e-06
4.75e-06,24.531246592000002,0.5819999967999999,1.478624997056,1.0239999994610116e-06
4.7505000000000005e-06,23.749996544,0.57574999744,1.478624997056,1.0239999994610116e-06
4.751e-06,23.749996544,0.58824999616,1.476124997312,1.0239999994610116e-06
4.7515e-06,23.749996544,0.5819999967999999,1.477374997184,-0.31249894400000144
4.752e-06,23.749996544,0.58824999616,1.477374997184,1.0239999994610116e-06
4.752500000000001e-06,23.749996544,0.5819999967999999,1.4811249968,-0.31249894400000144
4.753e-06,22.968746496,0.5819999967999999,1.4811249968,-0.31249894400000144
4.7535e-06,23.749996544,0.5819999967999999,1.479874996928,1.0239999994610116e-06
4.7540000000000006e-06,23.749996544,0.5819999967999999,1.478624997056,1.0239999994610116e-06
4.7545e-06,23.749996544,0.5819999967999999,1.479874996928,1.0239999994610116e-06
4.755e-06,23.749996544,0.5819999967999999,1.479874996928,1.0239999994610116e-06
4.7555000000000005e-06,23.749996544,0.57574999744,1.477374997184,1.0239999994610116e-06
4.756000000000001e-06,23.749996544,0.5819999967999999,1.47487499744,1.0239999994610116e-06
4.7565e-06,23.749996544,0.58824999616,1.478624997056,-0.31249894400000144
4.757e-06,24.531246592000002,0.58824999616,1.477374997184,1.0239999994610116e-06
4.757500000000001e-06,23.749996544,0.5819999967999999,1.476124997312,-0.31249894400000144
4.758e-06,23.749996544,0.57574999744,1.47487499744,0.31250099200000037
4.7585e-06,24.531246592000002,0.5819999967999999,1.47487499744,1.0239999994610116e-06
4.7590000000000005e-06,23.749996544,0.5819999967999999,1.473624997568,1.0239999994610116e-06
4.7595e-06,24.531246592000002,0.5819999967999999,1.47487499744,-0.31249894400000144
4.76e-06,24.531246592000002,0.58824999616,1.476124997312,1.0239999994610116e-06
4.7605e-06,23.749996544,0.57574999744,1.477374997184,1.0239999994610116e-06
4.761000000000001e-06,23.749996544,0.58824999616,1.476124997312,-0.31249894400000144
4.7615e-06,23.749996544,0.5819999967999999,1.477374997184,1.0239999994610116e-06
4.762e-06,23.749996544,0.5819999967999999,1.476124997312,1.0239999994610116e-06
4.7625000000000006e-06,23.749996544,0.58824999616,1.477374997184,1.0239999994610116e-06
4.763e-06,23.749996544,0.58824999616,1.479874996928,1.0239999994610116e-06
4.7635e-06,23.749996544,0.5819999967999999,1.478624997056,0.31250099200000037
4.7640000000000005e-06,23.749996544,0.5819999967999999,1.476124997312,1.0239999994610116e-06
4.764500000000001e-06,23.749996544,0.5819999967999999,1.477374997184,1.0239999994610116e-06
4.765e-06,24.531246592000002,0.5819999967999999,1.477374997184,1.0239999994610116e-06
4.7655e-06,23.749996544,0.5819999967999999,1.477374997184,1.0239999994610116e-06
4.766000000000001e-06,24.531246592000002,0.58824999616,1.477374997184,0.31250099200000037
4.7665e-06,23.749996544,0.58824999616,1.4811249968,0.31250099200000037
4.767e-06,24.531246592000002,0.57574999744,1.4811249968,1.0239999994610116e-06
4.7675000000000005e-06,23.749996544,0.5819999967999999,1.479874996928,1.0239999994610116e-06
4.768e-06,24.531246592000002,0.5819999967999999,1.476124997312,1.0239999994610116e-06
4.7685e-06,23.749996544,0.57574999744,1.477374997184,-0.31249894400000144
4.769e-06,22.968746496,0.5819999967999999,1.478624997056,1.0239999994610116e-06
4.769500000000001e-06,22.968746496,0.5819999967999999,1.477374997184,0.31250099200000037
4.77e-06,23.749996544,0.57574999744,1.476124997312,1.0239999994610116e-06
4.7705e-06,23.749996544,0.5819999967999999,1.476124997312,0.31250099200000037
4.7710000000000006e-06,22.968746496,0.5819999967999999,1.476124997312,1.0239999994610116e-06
4.7715e-06,23.749996544,0.57574999744,1.47487499744,0.31250099200000037
4.772e-06,23.749996544,0.57574999744,1.47487499744,1.0239999994610116e-06
4.7725000000000005e-06,23.749996544,0.58824999616,1.478624997056,1.0239999994610116e-06
4.773000000000001e-06,23.749996544,0.58824999616,1.4811249968,1.0239999994610116e-06
4.7735e-06,24.531246592000002,0.58824999616,1.479874996928,1.0239999994610116e-06
4.774e-06,24.531246592000002,0.5819999967999999,1.478624997056,1.0239999994610116e-06
4.774500000000001e-06,23.749996544,0.5819999967999999,1.479874996928,1.0239999994610116e-06
4.775e-06,23.749996544,0.5819999967999999,1.47487499744,1.0239999994610116e-06
4.7755e-06,23.749996544,0.57574999744,1.473624997568,1.0239999994610116e-06
4.7760000000000005e-06,23.749996544,0.57574999744,1.47487499744,1.0239999994610116e-06
4.7765e-06,24.531246592000002,0.57574999744,1.479874996928,1.0239999994610116e-06
4.777e-06,22.968746496,0.5819999967999999,1.476124997312,1.0239999994610116e-06
4.7775e-06,23.749996544,0.5819999967999999,1.47487499744,0.31250099200000037
4.778000000000001e-06,23.749996544,0.5819999967999999,1.47487499744,1.0239999994610116e-06
4.7785e-06,22.968746496,0.57574999744,1.476124997312,-0.31249894400000144
4.779e-06,23.749996544,0.5819999967999999,1.476124997312,1.0239999994610116e-06
4.7795000000000006e-06,23.749996544,0.5819999967999999,1.477374997184,1.0239999994610116e-06
4.78e-06,23.749996544,0.57574999744,1.477374997184,1.0239999994610116e-06
4.7805e-06,23.749996544,0.5819999967999999,1.479874996928,-0.31249894400000144
4.7810000000000005e-06,23.749996544,0.58824999616,1.478624997056,1.0239999994610116e-06
4.7815e-06,23.749996544,0.5819999967999999,1.476124997312,1.0239999994610116e-06
4.782e-06,22.968746496,0.5819999967999999,1.476124997312,0.31250099200000037
4.7825e-06,23.749996544,0.57574999744,1.477374997184,1.0239999994610116e-06
4.783000000000001e-06,22.968746496,0.57574999744,1.476124997312,-0.31249894400000144
4.7835e-06,23.749996544,0.5819999967999999,1.478624997056,-0.31249894400000144
4.784e-06,23.749996544,0.57574999744,1.476124997312,1.0239999994610116e-06
4.7845000000000005e-06,24.531246592000002,0.57574999744,1.479874996928,-0.31249894400000144
4.785e-06,23.749996544,0.5819999967999999,1.479874996928,-0.31249894400000144
4.7855e-06,23.749996544,0.5819999967999999,1.477374997184,1.0239999994610116e-06
4.7860000000000004e-06,24.531246592000002,0.57574999744,1.476124997312,0.31250099200000037
4.786500000000001e-06,23.749996544,0.5819999967999999,1.477374997184,0.31250099200000037
4.787e-06,23.749996544,0.58824999616,1.476124997312,1.0239999994610116e-06
4.7875e-06,24.531246592000002,0.5819999967999999,1.478624997056,1.0239999994610116e-06
4.7880000000000006e-06,23.749996544,0.5819999967999999,1.477374997184,1.0239999994610116e-06
4.7885e-06,23.749996544,0.5819999967999999,1.477374997184,1.0239999994610116e-06
4.789e-06,23.749996544,0.5819999967999999,1.478624997056,1.0239999994610116e-06
4.7895000000000005e-06,22.968746496,0.57574999744,1.477374997184,1.0239999994610116e-06
4.79e-06,22.968746496,0.57574999744,1.477374997184,1.0239999994610116e-06
4.7905e-06,23.749996544,0.5819999967999999,1.477374997184,1.0239999994610116e-06
4.791e-06,23.749996544,0.5819999967999999,1.477374997184,1.0239999994610116e-06
4.791500000000001e-06,23.749996544,0.57574999744,1.477374997184,1.0239999994610116e-06
4.792e-06,23.749996544,0.57574999744,1.47487499744,1.0239999994610116e-06
4.7925e-06,23.749996544,0.5819999967999999,1.476124997312,-0.31249894400000144
4.7930000000000005e-06,23.749996544,0.5819999967999999,1.476124997312,1.0239999994610116e-06
4.7935e-06,23.749996544,0.57574999744,1.476124997312,1.0239999994610116e-06
4.794e-06,23.749996544,0.57574999744,1.47487499744,1.0239999994610116e-06
4.7945000000000004e-06,23.749996544,0.58824999616,1.476124997312,-0.31249894400000144
4.795000000000001e-06,24.531246592000002,0.5819999967999999,1.476124997312,1.0239999994610116e-06
4.7955e-06,23.749996544,0.5819999967999999,1.47487499744,1.0239999994610116e-06
4.796e-06,23.749996544,0.5819999967999999,1.47487499744,1.0239999994610116e-06
4.796500000000001e-06,23.749996544,0.5819999967999999,1.479874996928,0.31250099200000037
4.797e-06,24.531246592000002,0.5819999967999999,1.478624997056,0.31250099200000037
4.7975e-06,23.749996544,0.57574999744,1.476124997312,1.0239999994610116e-06
4.7980000000000005e-06,23.749996544,0.57574999744,1.476124997312,1.0239999994610116e-06
4.7985e-06,23.749996544,0.57574999744,1.477374997184,1.0239999994610116e-06
4.799e-06,23.749996544,0.57574999744,1.477374997184,1.0239999994610116e-06
4.7995e-06,22.968746496,0.5819999967999999,1.476124997312,1.0239999994610116e-06
4.800000000000001e-06,23.749996544,0.5819999967999999,1.47487499744,1.0239999994610116e-06
4.8005e-06,24.531246592000002,0.57574999744,1.476124997312,1.0239999994610116e-06
4.801e-06,24.531246592000002,0.5819999967999999,1.477374997184,0.31250099200000037
4.8015000000000005e-06,23.749996544,0.5819999967999999,1.479874996928,0.31250099200000037
4.802e-06,23.749996544,0.5819999967999999,1.479874996928,1.0239999994610116e-06
4.8025e-06,23.749996544,0.5819999967999999,1.4811249968,0.31250099200000037
4.8030000000000004e-06,23.749996544,0.5819999967999999,1.479874996928,1.0239999994610116e-06
4.803500000000001e-06,22.968746496,0.57574999744,1.477374997184,1.0239999994610116e-06
4.804e-06,23.749996544,0.57574999744,1.477374997184,1.0239999994610116e-06
4.8045e-06,23.749996544,0.5819999967999999,1.478624997056,1.0239999994610116e-06
4.805000000000001e-06,23.749996544,0.5819999967999999,1.477374997184,1.0239999994610116e-06
4.8055e-06,23.749996544,0.57574999744,1.477374997184,1.0239999994610116e-06
4.806e-06,24.531246592000002,0.57574999744,1.477374997184,0.31250099200000037
4.8065000000000005e-06,22.968746496,0.57574999744,1.479874996928,1.0239999994610116e-06
4.807e-06,23.749996544,0.57574999744,1.477374997184,1.0239999994610116e-06
4.8075e-06,22.968746496,0.5819999967999999,1.477374997184,1.0239999994610116e-06
4.808e-06,23.749996544,0.57574999744,1.476124997312,1.0239999994610116e-06
4.808500000000001e-06,23.749996544,0.57574999744,1.476124997312,1.0239999994610116e-06
4.809e-06,22.968746496,0.5819999967999999,1.473624997568,0.31250099200000037
4.8095e-06,23.749996544,0.57574999744,1.476124997312,0.31250099200000037
4.8100000000000005e-06,23.749996544,0.57574999744,1.478624997056,1.0239999994610116e-06
4.8105e-06,22.968746496,0.5819999967999999,1.477374997184,-0.31249894400000144
4.811e-06,23.749996544,0.5819999967999999,1.477374997184,1.0239999994610116e-06
4.8115000000000004e-06,22.968746496,0.57574999744,1.477374997184,1.0239999994610116e-06
4.812000000000001e-06,23.749996544,0.57574999744,1.477374997184,1.0239999994610116e-06
4.8125e-06,23.749996544,0.5819999967999999,1.478624997056,0.31250099200000037
4.813e-06,24.531246592000002,0.5819999967999999,1.476124997312,1.0239999994610116e-06
4.813500000000001e-06,22.968746496,0.5819999967999999,1.477374997184,1.0239999994610116e-06
4.814e-06,24.531246592000002,0.5819999967999999,1.478624997056,1.0239999994610116e-06
4.8145e-06,23.749996544,0.5819999967999999,1.478624997056,0.31250099200000037
4.8150000000000005e-06,23.749996544,0.5819999967999999,1.477374997184,1.0239999994610116e-06
4.8155e-06,23.749996544,0.57574999744,1.477374997184,1.0239999994610116e-06
4.816e-06,24.531246592000002,0.5819999967999999,1.47487499744,1.0239999994610116e-06
4.8165e-06,23.749996544,0.57574999744,1.47487499744,-0.31249894400000144
4.817000000000001e-06,23.749996544,0.5819999967999999,1.477374997184,0.31250099200000037
4.8175e-06,23.749996544,0.5819999967999999,1.477374997184,0.31250099200000037
4.818e-06,23.749996544,0.57574999744,1.477374997184,0.31250099200000037
4.8185000000000005e-06,23.749996544,0.5819999967999999,1.477374997184,0.31250099200000037
4.819e-06,23.749996544,0.58824999616,1.476124997312,1.0239999994610116e-06
4.8195e-06,23.749996544,0.5819999967999999,1.477374997184,0.31250099200000037
4.8200000000000004e-06,23.749996544,0.57574999744,1.476124997312,1.0239999994610116e-06
4.820500000000001e-06,23.749996544,0.5819999967999999,1.476124997312,0.31250099200000037
4.821e-06,23.749996544,0.5819999967999999,1.477374997184,1.0239999994610116e-06
4.8215e-06,23.749996544,0.57574999744,1.477374997184,1.0239999994610116e-06
4.822000000000001e-06,23.749996544,0.5819999967999999,1.477374997184,1.0239999994610116e-06
4.8225e-06,23.749996544,0.5819999967999999,1.477374997184,1.0239999994610116e-06
4.823e-06,22.968746496,0.5819999967999999,1.47487499744,1.0239999994610116e-06
4.8235000000000005e-06,23.749996544,0.57574999744,1.47487499744,1.0239999994610116e-06
4.824e-06,22.968746496,0.57574999744,1.47487499744,1.0239999994610116e-06
4.8245e-06,23.749996544,0.57574999744,1.477374997184,1.0239999994610116e-06
4.825e-06,23.749996544,0.5819999967999999,1.477374997184,0.31250099200000037
4.825500000000001e-06,23.749996544,0.57574999744,1.477374997184,0.31250099200000037
4.826e-06,24.531246592000002,0.57574999744,1.477374997184,0.31250099200000037
4.8265e-06,22.968746496,0.5819999967999999,1.476124997312,1.0239999994610116e-06
4.8270000000000005e-06,23.749996544,0.5819999967999999,1.47487499744,1.0239999994610116e-06
4.8275e-06,24.531246592000002,0.5819999967999999,1.473624997568,0.6250009599999995
4.828e-06,23.749996544,0.5819999967999999,1.473624997568,1.0239999994610116e-06
4.8285000000000004e-06,23.749996544,0.5819999967999999,1.473624997568,1.0239999994610116e-06
4.829000000000001e-06,23.749996544,0.5819999967999999,1.476124997312,1.0239999994610116e-06
4.8295e-06,22.968746496,0.5819999967999999,1.477374997184,1.0239999994610116e-06
4.83e-06,23.749996544,0.5819999967999999,1.476124997312,1.0239999994610116e-06
4.830500000000001e-06,23.749996544,0.57574999744,1.476124997312,1.0239999994610116e-06
4.831e-06,23.749996544,0.5819999967999999,1.473624997568,1.0239999994610116e-06
4.8315e-06,23.749996544,0.57574999744,1.47487499744,1.0239999994610116e-06
4.8320000000000005e-06,23.749996544,0.57574999744,1.47487499744,1.0239999994610116e-06
4.8325e-06,23.749996544,0.57574999744,1.478624997056,-0.31249894400000144
4.833e-06,22.968746496,0.57574999744,1.478624997056,1.0239999994610116e-06
4.8335e-06,23.749996544,0.57574999744,1.477374997184,0.31250099200000037
4.834000000000001e-06,24.531246592000002,0.5819999967999999,1.478624997056,1.0239999994610116e-06
4.8345e-06,23.749996544,0.5819999967999999,1.479874996928,-0.31249894400000144
4.835e-06,23.749996544,0.5819999967999999,1.478624997056,1.0239999994610116e-06
4.8355000000000005e-06,23.749996544,0.5819999967999999,1.476124997312,1.0239999994610116e-06
4.836e-06,23.749996544,0.5819999967999999,1.473624997568,1.0239999994610116e-06
4.8365e-06,23.749996544,0.5819999967999999,1.47487499744,1.0239999994610116e-06
4.8370000000000004e-06,23.749996544,0.5819999967999999,1.47487499744,1.0239999994610116e-06
4.837500000000001e-06,24.531246592000002,0.57574999744,1.47487499744,1.0239999994610116e-06
4.838e-06,23.749996544,0.5819999967999999,1.476124997312,0.31250099200000037
4.8385e-06,23.749996544,0.57574999744,1.477374997184,0.31250099200000037
4.839000000000001e-06,23.749996544,0.5819999967999999,1.477374997184,1.0239999994610116e-06
4.8395e-06,23.749996544,0.57574999744,1.478624997056,1.0239999994610116e-06
4.84e-06,22.968746496,0.57574999744,1.476124997312,0.31250099200000037
4.8405000000000005e-06,24.531246592000002,0.57574999744,1.478624997056,1.0239999994610116e-06
4.841e-06,23.749996544,0.57574999744,1.476124997312,0.31250099200000037
4.8415e-06,23.749996544,0.57574999744,1.476124997312,0.31250099200000037
4.842e-06,23.749996544,0.5819999967999999,1.47487499744,1.0239999994610116e-06
4.842500000000001e-06,23.749996544,0.5819999967999999,1.477374997184,1.0239999994610116e-06
4.843e-06,24.531246592000002,0.57574999744,1.477374997184,1.0239999994610116e-06
4.8435e-06,23.749996544,0.57574999744,1.47487499744,1.0239999994610116e-06
4.8440000000000005e-06,23.749996544,0.57574999744,1.472374997696,1.0239999994610116e-06
4.8445e-06,23.749996544,0.5819999967999999,1.476124997312,1.0239999994610116e-06
4.845e-06,23.749996544,0.5819999967999999,1.476124997312,1.0239999994610116e-06
4.8455000000000004e-06,23.749996544,0.57574999744,1.47487499744,1.0239999994610116e-06
4.846000000000001e-06,23.749996544,0.57574999744,1.476124997312,0.31250099200000037
4.8465e-06,23.749996544,0.57574999744,1.476124997312,0.31250099200000037
4.847e-06,23.749996544,0.57574999744,1.47487499744,0.31250099200000037
4.847500000000001e-06,23.749996544,0.57574999744,1.477374997184,0.31250099200000037
4.848e-06,24.531246592000002,0.57574999744,1.476124997312,1.0239999994610116e-06
4.8485e-06,23.749996544,0.56949999808,1.476124997312,1.0239999994610116e-06
4.8490000000000005e-06,22.968746496,0.5819999967999999,1.476124997312,0.31250099200000037
4.8495e-06,23.749996544,0.5819999967999999,1.477374997184,0.31250099200000037
4.85e-06,23.749996544,0.57574999744,1.477374997184,1.0239999994610116e-06
4.8505e-06,23.749996544,0.5819999967999999,1.476124997312,0.31250099200000037
4.851000000000001e-06,24.531246592000002,0.5819999967999999,1.476124997312,0.31250099200000037
4.8515e-06,23.749996544,0.57574999744,1.473624997568,0.31250099200000037
4.852e-06,23.749996544,0.57574999744,1.473624997568,1.0239999994610116e-06
4.8525000000000006e-06,24.531246592000002,0.56949999808,1.476124997312,1.0239999994610116e-06
4.853e-06,23.749996544,0.57574999744,1.473624997568,1.0239999994610116e-06
4.8535e-06,23.749996544,0.57574999744,1.473624997568,1.0239999994610116e-06
4.8540000000000005e-06,23.749996544,0.57574999744,1.477374997184,0.31250099200000037
4.854500000000001e-06,24.531246592000002,0.57574999744,1.476124997312,1.0239999994610116e-06
4.855e-06,23.749996544,0.57574999744,1.476124997312,1.0239999994610116e-06
4.8555e-06,23.749996544,0.57574999744,1.477374997184,1.0239999994610116e-06
4.856000000000001e-06,23.749996544,0.57574999744,1.47487499744,1.0239999994610116e-06
4.8565e-06,23.749996544,0.57574999744,1.476124997312,1.0239999994610116e-06
4.857e-06,22.968746496,0.57574999744,1.47487499744,0.31250099200000037
4.8575000000000005e-06,23.749996544,0.5819999967999999,1.476124997312,0.31250099200000037
4.858e-06,24.531246592000002,0.5819999967999999,1.47487499744,0.31250099200000037
4.8585e-06,23.749996544,0.57574999744,1.47487499744,0.31250099200000037
4.859e-06,23.749996544,0.5819999967999999,1.476124997312,1.0239999994610116e-06
4.859500000000001e-06,23.749996544,0.57574999744,1.476124997312,1.0239999994610116e-06
4.86e-06,23.749996544,0.57574999744,1.47487499744,0.31250099200000037
4.8605e-06,23.749996544,0.5819999967999999,1.476124997312,0.31250099200000037
4.8610000000000006e-06,24.531246592000002,0.5819999967999999,1.476124997312,0.31250099200000037
4.8615e-06,24.531246592000002,0.57574999744,1.47487499744,1.0239999994610116e-06
4.862e-06,23.749996544,0.57574999744,1.473624997568,0.31250099200000037
4.8625000000000005e-06,23.749996544,0.57574999744,1.47487499744,1.0239999994610116e-06
4.863000000000001e-06,23.749996544,0.57574999744,1.473624997568,1.0239999994610116e-06
4.8635e-06,22.968746496,0.57574999744,1.47487499744,1.0239999994610116e-06
4.864e-06,23.749996544,0.5819999967999999,1.47487499744,1.0239999994610116e-06
4.864500000000001e-06,23.749996544,0.57574999744,1.47487499744,-0.31249894400000144
4.865e-06,24.531246592000002,0.57574999744,1.47487499744,0.31250099200000037
4.8655e-06,23.749996544,0.5819999967999999,1.477374997184,1.0239999994610116e-06
4.8660000000000005e-06,23.749996544,0.57574999744,1.478624997056,1.0239999994610116e-06
4.8665e-06,23.749996544,0.57574999744,1.479874996928,1.0239999994610116e-06
4.867e-06,23.749996544,0.5819999967999999,1.477374997184,1.0239999994610116e-06
4.8675e-06,23.749996544,0.57574999744,1.476124997312,0.31250099200000037
4.868000000000001e-06,23.749996544,0.57574999744,1.47487499744,0.31250099200000037
4.8685e-06,23.749996544,0.57574999744,1.47487499744,0.31250099200000037
4.869e-06,24.531246592000002,0.5819999967999999,1.473624997568,0.31250099200000037
4.8695000000000006e-06,22.968746496,0.5819999967999999,1.47487499744,1.0239999994610116e-06
4.87e-06,23.749996544,0.58824999616,1.477374997184,1.0239999994610116e-06
4.8705e-06,24.531246592000002,0.57574999744,1.478624997056,0.31250099200000037
4.8710000000000005e-06,23.749996544,0.57574999744,1.47487499744,1.0239999994610116e-06
4.871500000000001e-06,22.968746496,0.57574999744,1.476124997312,1.0239999994610116e-06
4.872e-06,23.749996544,0.57574999744,1.47487499744,1.0239999994610116e-06
4.8725e-06,23.749996544,0.56949999808,1.476124997312,1.0239999994610116e-06
4.873000000000001e-06,22.968746496,0.57574999744,1.47487499744,0.31250099200000037
4.8735e-06,23.749996544,0.5819999967999999,1.476124997312,0.31250099200000037
4.874e-06,23.749996544,0.57574999744,1.476124997312,0.31250099200000037
4.8745000000000005e-06,23.749996544,0.5819999967999999,1.477374997184,0.31250099200000037
4.875e-06,22.968746496,0.5819999967999999,1.478624997056,1.0239999994610116e-06
4.8755e-06,23.749996544,0.57574999744,1.476124997312,0.6250009599999995
4.876e-06,23.749996544,0.5819999967999999,1.473624997568,0.31250099200000037
4.876500000000001e-06,23.749996544,0.57574999744,1.473624997568,0.31250099200000037
4.877e-06,24.531246592000002,0.57574999744,1.473624997568,0.31250099200000037
4.8775e-06,23.749996544,0.5819999967999999,1.47487499744,0.31250099200000037
4.8780000000000006e-06,22.968746496,0.5819999967999999,1.477374997184,0.31250099200000037
4.8785e-06,23.749996544,0.5819999967999999,1.477374997184,0.31250099200000037
4.879e-06,23.749996544,0.5819999967999999,1.47487499744,0.31250099200000037
4.8795000000000005e-06,23.749996544,0.57574999744,1.473624997568,1.0239999994610116e-06
4.880000000000001e-06,23.749996544,0.5819999967999999,1.473624997568,1.0239999994610116e-06
4.8805e-06,23.749996544,0.5819999967999999,1.477374997184,1.0239999994610116e-06
4.881e-06,23.749996544,0.57574999744,1.477374997184,0.31250099200000037
4.881500000000001e-06,22.968746496,0.5819999967999999,1.476124997312,0.31250099200000037
4.882e-06,24.531246592000002,0.57574999744,1.47487499744,0.31250099200000037
4.8825e-06,23.749996544,0.57574999744,1.473624997568,1.0239999994610116e-06
4.8830000000000005e-06,23.749996544,0.5819999967999999,1.473624997568,0.31250099200000037
4.8835e-06,23.749996544,0.57574999744,1.476124997312,0.31250099200000037
4.884e-06,23.749996544,0.57574999744,1.476124997312,0.31250099200000037
4.8845e-06,23.749996544,0.57574999744,1.477374997184,0.31250099200000037
4.885000000000001e-06,23.749996544,0.5819999967999999,1.476124997312,1.0239999994610116e-06
4.8855e-06,22.968746496,0.58824999616,1.476124997312,0.31250099200000037
4.886e-06,23.749996544,0.57574999744,1.473624997568,0.6250009599999995
4.8865000000000006e-06,23.749996544,0.57574999744,1.476124997312,0.31250099200000037
4.887e-06,23.749996544,0.56949999808,1.476124997312,0.31250099200000037
4.8875e-06,23.749996544,0.56949999808,1.477374997184,0.31250099200000037
4.8880000000000005e-06,23.749996544,0.57574999744,1.476124997312,0.31250099200000037
4.888500000000001e-06,23.749996544,0.57574999744,1.478624997056,0.31250099200000037
4.889e-06,22.968746496,0.57574999744,1.47487499744,0.31250099200000037
4.8895e-06,22.968746496,0.57574999744,1.47487499744,0.31250099200000037
4.890000000000001e-06,23.749996544,0.5819999967999999,1.47487499744,0.31250099200000037
4.8905e-06,23.749996544,0.57574999744,1.47487499744,0.31250099200000037
4.891e-06,23.749996544,0.5819999967999999,1.47487499744,0.31250099200000037
4.8915000000000005e-06,23.749996544,0.57574999744,1.476124997312,0.6250009599999995
4.892e-06,23.749996544,0.57574999744,1.47487499744,0.31250099200000037
4.8925e-06,23.749996544,0.57574999744,1.476124997312,0.31250099200000037
4.893e-06,24.531246592000002,0.57574999744,1.476124997312,0.6250009599999995
4.893500000000001e-06,22.968746496,0.57574999744,1.476124997312,0.31250099200000037
4.894e-06,23.749996544,0.57574999744,1.47487499744,0.9375009279999986
4.8945e-06,23.749996544,0.57574999744,1.477374997184,0.31250099200000037
4.8950000000000006e-06,23.749996544,0.57574999744,1.478624997056,1.0239999994610116e-06
4.8955e-06,23.749996544,0.57574999744,1.479874996928,1.0239999994610116e-06
4.896e-06,23.749996544,0.5819999967999999,1.47487499744,0.31250099200000037
4.8965000000000005e-06,23.749996544,0.57574999744,1.477374997184,0.31250099200000037
4.897000000000001e-06,23.749996544,0.56949999808,1.478624997056,0.31250099200000037
4.8975e-06,23.749996544,0.56949999808,1.479874996928,0.31250099200000037
4.898e-06,24.531246592000002,0.57574999744,1.478624997056,0.6250009599999995
4.898500000000001e-06,22.968746496,0.56949999808,1.477374997184,0.6250009599999995
4.899e-06,23.749996544,0.5819999967999999,1.476124997312,0.6250009599999995
4.8995e-06,23.749996544,0.57574999744,1.477374997184,0.6250009599999995
4.9000000000000005e-06,23.749996544,0.5819999967999999,1.476124997312,0.6250009599999995
4.9005e-06,23.749996544,0.57574999744,1.477374997184,0.31250099200000037
4.901e-06,24.531246592000002,0.57574999744,1.476124997312,0.31250099200000037
4.9015e-06,23.749996544,0.57574999744,1.477374997184,0.31250099200000037
4.902000000000001e-06,23.749996544,0.57574999744,1.477374997184,0.31250099200000037
4.9025e-06,23.749996544,0.57574999744,1.476124997312,0.31250099200000037
4.903e-06,23.749996544,0.56949999808,1.47487499744,0.6250009599999995
4.9035000000000006e-06,23.749996544,0.56949999808,1.477374997184,0.31250099200000037
4.904e-06,23.749996544,0.57574999744,1.476124997312,0.31250099200000037
4.9045e-06,24.531246592000002,0.57574999744,1.478624997056,0.31250099200000037
4.9050000000000005e-06,23.749996544,0.5819999967999999,1.477374997184,0.31250099200000037
4.905500000000001e-06,23.749996544,0.57574999744,1.476124997312,0.31250099200000037
4.906e-06,24.531246592000002,0.57574999744,1.478624997056,0.31250099200000037
4.9065e-06,23.749996544,0.57574999744,1.4811249968,0.31250099200000037
4.907000000000001e-06,23.749996544,0.57574999744,1.478624997056,0.31250099200000037
4.9075e-06,23.749996544,0.57574999744,1.477374997184,0.31250099200000037
4.908e-06,23.749996544,0.57574999744,1.47487499744,1.0239999994610116e-06
4.9085000000000005e-06,23.749996544,0.57574999744,1.476124997312,0.31250099200000037
4.909e-06,24.531246592000002,0.56949999808,1.477374997184,1.0239999994610116e-06
4.9095e-06,23.749996544,0.56949999808,1.477374997184,0.31250099200000037
4.9100000000000004e-06,22.968746496,0.56949999808,1.476124997312,0.6250009599999995
4.910500000000001e-06,22.968746496,0.56949999808,1.476124997312,0.31250099200000037
4.911e-06,23.749996544,0.57574999744,1.476124997312,0.31250099200000037
4.9115e-06,23.749996544,0.57574999744,1.477374997184,0.31250099200000037
4.9120000000000006e-06,24.531246592000002,0.57574999744,1.47487499744,0.31250099200000037
4.9125e-06,23.749996544,0.56949999808,1.47487499744,1.0239999994610116e-06
4.913e-06,22.968746496,0.57574999744,1.47487499744,0.31250099200000037
4.9135000000000005e-06,22.968746496,0.57574999744,1.476124997312,0.31250099200000037
4.914000000000001e-06,22.968746496,0.57574999744,1.47487499744,1.0239999994610116e-06
4.9145e-06,23.749996544,0.57574999744,1.473624997568,0.6250009599999995
4.915e-06,22.968746496,0.57574999744,1.477374997184,0.31250099200000037
4.915500000000001e-06,23.749996544,0.57574999744,1.479874996928,0.6250009599999995
4.916e-06,23.749996544,0.57574999744,1.477374997184,0.6250009599999995
4.9165e-06,23.749996544,0.57574999744,1.479874996928,1.0239999994610116e-06
4.9170000000000005e-06,23.749996544,0.56949999808,1.476124997312,0.31250099200000037
4.9175e-06,23.749996544,0.57574999744,1.476124997312,0.31250099200000037
4.918e-06,23.749996544,0.57574999744,1.476124997312,0.31250099200000037
4.9185000000000004e-06,22.968746496,0.57574999744,1.478624997056,0.31250099200000037
4.919000000000001e-06,22.968746496,0.56949999808,1.477374997184,0.31250099200000037
4.9195e-06,22.187496448000005,0.56949999808,1.477374997184,1.0239999994610116e-06
4.92e-06,22.968746496,0.57574999744,1.47487499744,1.0239999994610116e-06
4.920500000000001e-06,23.749996544,0.57574999744,1.47487499744,1.0239999994610116e-06
4.921e-06,23.749996544,0.56949999808,1.473624997568,0.31250099200000037
4.9215e-06,22.968746496,0.5819999967999999,1.473624997568,0.31250099200000037
4.9220000000000005e-06,22.968746496,0.56949999808,1.47487499744,1.0239999994610116e-06
4.922500000000001e-06,22.968746496,0.57574999744,1.476124997312,0.31250099200000037
4.923e-06,23.749996544,0.57574999744,1.476124997312,0.31250099200000037
4.9235e-06,23.749996544,0.56949999808,1.476124997312,0.31250099200000037
4.924000000000001e-06,23.749996544,0.5819999967999999,1.47487499744,1.0239999994610116e-06
4.9245e-06,23.749996544,0.57574999744,1.478624997056,1.0239999994610116e-06
4.925e-06,23.749996544,0.57574999744,1.4811249968,1.0239999994610116e-06
4.9255000000000005e-06,23.749996544,0.57574999744,1.479874996928,0.31250099200000037
4.926e-06,23.749996544,0.57574999744,1.477374997184,0.31250099200000037
4.9265e-06,23.749996544,0.57574999744,1.478624997056,0.31250099200000037
4.9270000000000004e-06,22.968746496,0.57574999744,1.476124997312,1.0239999994610116e-06
4.927500000000001e-06,22.968746496,0.56949999808,1.478624997056,-0.31249894400000144
4.928e-06,24.531246592000002,0.57574999744,1.47487499744,1.0239999994610116e-06
4.9285e-06,24.531246592000002,0.56949999808,1.476124997312,1.0239999994610116e-06
4.929000000000001e-06,23.749996544,0.57574999744,1.476124997312,1.0239999994610116e-06
4.9295e-06,23.749996544,0.57574999744,1.476124997312,0.31250099200000037
4.93e-06,23.749996544,0.57574999744,1.47487499744,0.31250099200000037
4.9305000000000005e-06,23.749996544,0.5819999967999999,1.47487499744,0.31250099200000037
4.931e-06,23.749996544,0.57574999744,1.477374997184,1.0239999994610116e-06
4.9315e-06,23.749996544,0.57574999744,1.476124997312,0.31250099200000037
4.932e-06,22.968746496,0.57574999744,1.47487499744,0.31250099200000037
4.932500000000001e-06,23.749996544,0.57574999744,1.476124997312,0.31250099200000037
4.933e-06,23.749996544,0.57574999744,1.478624997056,0.6250009599999995
4.9335e-06,23.749996544,0.57574999744,1.477374997184,0.31250099200000037
4.9340000000000005e-06,23.749996544,0.57574999744,1.476124997312,0.6250009599999995
4.9345e-06,23.749996544,0.57574999744,1.477374997184,0.31250099200000037
4.935e-06,23.749996544,0.57574999744,1.477374997184,0.31250099200000037
4.9355000000000004e-06,23.749996544,0.56949999808,1.477374997184,1.0239999994610116e-06
4.936000000000001e-06,23.749996544,0.57574999744,1.476124997312,0.31250099200000037
4.9365e-06,23.749996544,0.57574999744,1.477374997184,1.0239999994610116e-06
4.937e-06,24.531246592000002,0.56949999808,1.477374997184,0.31250099200000037
4.937500000000001e-06,23.749996544,0.56949999808,1.476124997312,0.31250099200000037
4.938e-06,24.531246592000002,0.5819999967999999,1.47487499744,1.0239999994610116e-06
4.9385e-06,23.749996544,0.57574999744,1.47487499744,1.0239999994610116e-06
4.9390000000000005e-06,23.749996544,0.5819999967999999,1.476124997312,0.31250099200000037
4.9395e-06,22.968746496,0.57574999744,1.477374997184,0.6250009599999995
4.94e-06,23.749996544,0.57574999744,1.478624997056,0.31250099200000037
4.9405e-06,23.749996544,0.57574999744,1.479874996928,0.31250099200000037
4.941000000000001e-06,23.749996544,0.57574999744,1.477374997184,0.31250099200000037
4.9415e-06,24.531246592000002,0.57574999744,1.47487499744,0.31250099200000037
4.942e-06,23.749996544,0.57574999744,1.476124997312,0.6250009599999995
4.9425000000000005e-06,23.749996544,0.57574999744,1.477374997184,0.31250099200000037
4.943e-06,23.749996544,0.5819999967999999,1.476124997312,0.6250009599999995
4.9435e-06,23.749996544,0.57574999744,1.477374997184,1.0239999994610116e-06
4.9440000000000004e-06,24.531246592000002,0.57574999744,1.476124997312,0.31250099200000037
4.944500000000001e-06,23.749996544,0.57574999744,1.476124997312,0.31250099200000037
4.945e-06,23.749996544,0.57574999744,1.473624997568,0.6250009599999995
4.9455e-06,23.749996544,0.57574999744,1.473624997568,0.31250099200000037
4.946000000000001e-06,24.531246592000002,0.57574999744,1.476124997312,0.31250099200000037
4.9465e-06,23.749996544,0.57574999744,1.47487499744,0.31250099200000037
4.947e-06,22.968746496,0.5819999967999999,1.476124997312,0.6250009599999995
4.9475000000000005e-06,22.968746496,0.57574999744,1.476124997312,0.31250099200000037
4.948e-06,23.749996544,0.57574999744,1.476124997312,0.6250009599999995
4.9485e-06,23.749996544,0.5819999967999999,1.479874996928,0.31250099200000037
4.949e-06,24.531246592000002,0.5819999967999999,1.478624997056,0.6250009599999995
4.949500000000001e-06,23.749996544,0.5819999967999999,1.47487499744,0.31250099200000037
4.95e-06,22.968746496,0.57574999744,1.473624997568,0.6250009599999995
4.9505e-06,22.968746496,0.57574999744,1.472374997696,0.31250099200000037
4.9510000000000005e-06,23.749996544,0.57574999744,1.473624997568,0.31250099200000037
4.9515e-06,22.968746496,0.57574999744,1.476124997312,1.0239999994610116e-06
4.952e-06,22.968746496,0.57574999744,1.476124997312,0.31250099200000037
4.9525000000000004e-06,23.749996544,0.57574999744,1.476124997312,0.31250099200000037
4.953000000000001e-06,23.749996544,0.56949999808,1.47487499744,0.6250009599999995
4.9535e-06,23.749996544,0.57574999744,1.477374997184,0.6250009599999995
4.954e-06,24.531246592000002,0.57574999744,1.477374997184,0.6250009599999995
4.954500000000001e-06,24.531246592000002,0.57574999744,1.47487499744,0.6250009599999995
4.955e-06,23.749996544,0.5819999967999999,1.473624997568,0.31250099200000037
4.9555e-06,23.749996544,0.57574999744,1.473624997568,0.6250009599999995
4.9560000000000005e-06,23.749996544,0.56949999808,1.473624997568,0.6250009599999995
4.9565e-06,23.749996544,0.5819999967999999,1.476124997312,0.31250099200000037
4.957e-06,23.749996544,0.57574999744,1.477374997184,0.6250009599999995
4.9575e-06,23.749996544,0.5819999967999999,1.47487499744,0.31250099200000037
4.958000000000001e-06,23.749996544,0.57574999744,1.473624997568,0.6250009599999995
4.9585e-06,23.749996544,0.57574999744,1.473624997568,0.31250099200000037
4.959e-06,23.749996544,0.57574999744,1.477374997184,0.31250099200000037
4.9595000000000005e-06,23.749996544,0.5819999967999999,1.476124997312,0.31250099200000037
4.96e-06,23.749996544,0.5819999967999999,1.47487499744,1.0239999994610116e-06
4.9605e-06,23.749996544,0.57574999744,1.476124997312,1.0239999994610116e-06
4.9610000000000004e-06,22.968746496,0.57574999744,1.47487499744,0.31250099200000037
4.961500000000001e-06,23.749996544,0.57574999744,1.476124997312,0.31250099200000037
4.962e-06,23.749996544,0.57574999744,1.476124997312,0.31250099200000037
4.9625e-06,24.531246592000002,0.57574999744,1.47487499744,0.6250009599999995
4.963000000000001e-06,23.749996544,0.57574999744,1.47487499744,0.31250099200000037
4.9635e-06,23.749996544,0.56949999808,1.472374997696,0.6250009599999995
4.964e-06,23.749996544,0.57574999744,1.471124997824,0.31250099200000037
4.9645000000000005e-06,23.749996544,0.57574999744,1.473624997568,0.6250009599999995
4.965e-06,24.531246592000002,0.5819999967999999,1.47487499744,0.6250009599999995
4.9655e-06,23.749996544,0.57574999744,1.47487499744,0.31250099200000037
4.966e-06,23.749996544,0.57574999744,1.472374997696,0.6250009599999995
4.966500000000001e-06,23.749996544,0.56949999808,1.472374997696,0.31250099200000037
4.967e-06,22.968746496,0.57574999744,1.472374997696,0.31250099200000037
4.9675e-06,23.749996544,0.57574999744,1.47487499744,1.0239999994610116e-06
4.9680000000000005e-06,23.749996544,0.57574999744,1.473624997568,1.0239999994610116e-06
4.9685e-06,23.749996544,0.57574999744,1.476124997312,0.31250099200000037
4.969e-06,22.968746496,0.57574999744,1.476124997312,0.6250009599999995
4.9695000000000004e-06,23.749996544,0.57574999744,1.476124997312,0.6250009599999995
4.970000000000001e-06,23.749996544,0.5819999967999999,1.476124997312,0.31250099200000037
4.9705e-06,23.749996544,0.57574999744,1.47487499744,0.31250099200000037
4.971e-06,23.749996544,0.5819999967999999,1.476124997312,0.31250099200000037
4.971500000000001e-06,23.749996544,0.57574999744,1.47487499744,0.6250009599999995
4.972e-06,23.749996544,0.57574999744,1.473624997568,0.31250099200000037
4.9725e-06,23.749996544,0.5819999967999999,1.476124997312,0.31250099200000037
4.9730000000000005e-06,23.749996544,0.57574999744,1.476124997312,0.6250009599999995
4.9735e-06,23.749996544,0.57574999744,1.477374997184,0.31250099200000037
4.974e-06,23.749996544,0.56949999808,1.477374997184,0.6250009599999995
4.9745e-06,23.749996544,0.57574999744,1.479874996928,0.31250099200000037
4.975000000000001e-06,23.749996544,0.57574999744,1.477374997184,0.31250099200000037
4.9755e-06,23.749996544,0.57574999744,1.47487499744,1.0239999994610116e-06
4.976e-06,23.749996544,0.57574999744,1.47487499744,0.31250099200000037
4.9765000000000005e-06,24.531246592000002,0.56949999808,1.476124997312,0.31250099200000037
4.977e-06,24.531246592000002,0.57574999744,1.47487499744,0.31250099200000037
4.9775e-06,23.749996544,0.57574999744,1.476124997312,0.31250099200000037
4.9780000000000005e-06,23.749996544,0.57574999744,1.47487499744,0.31250099200000037
4.978500000000001e-06,23.749996544,0.57574999744,1.47487499744,0.31250099200000037
4.979e-06,23.749996544,0.5819999967999999,1.476124997312,0.31250099200000037
4.9795e-06,23.749996544,0.57574999744,1.47487499744,0.6250009599999995
4.980000000000001e-06,23.749996544,0.57574999744,1.473624997568,0.6250009599999995
4.9805e-06,23.749996544,0.57574999744,1.473624997568,0.31250099200000037
4.981e-06,24.531246592000002,0.5819999967999999,1.476124997312,0.6250009599999995
4.9815000000000005e-06,24.531246592000002,0.57574999744,1.476124997312,0.31250099200000037
4.982e-06,23.749996544,0.5819999967999999,1.47487499744,0.6250009599999995
4.9825e-06,23.749996544,0.57574999744,1.476124997312,0.6250009599999995
4.983e-06,23.749996544,0.5819999967999999,1.476124997312,0.6250009599999995
4.983500000000001e-06,23.749996544,0.5819999967999999,1.476124997312,0.31250099200000037
4.984e-06,23.749996544,0.57574999744,1.47487499744,0.31250099200000037
4.9845e-06,23.749996544,0.56949999808,1.476124997312,0.31250099200000037
4.9850000000000006e-06,22.968746496,0.56949999808,1.47487499744,0.6250009599999995
4.9855e-06,22.968746496,0.5819999967999999,1.473624997568,0.31250099200000037
4.986e-06,23.749996544,0.57574999744,1.476124997312,0.31250099200000037
4.9865000000000005e-06,23.749996544,0.5819999967999999,1.477374997184,0.31250099200000037
4.987000000000001e-06,23.749996544,0.5819999967999999,1.479874996928,0.6250009599999995
4.9875e-06,23.749996544,0.57574999744,1.479874996928,0.6250009599999995
4.988e-06,23.749996544,0.57574999744,1.477374997184,0.31250099200000037
4.988500000000001e-06,23.749996544,0.5819999967999999,1.477374997184,0.31250099200000037
4.989e-06,23.749996544,0.57574999744,1.476124997312,0.6250009599999995
4.9895e-06,24.531246592000002,0.57574999744,1.47487499744,0.6250009599999995
4.9900000000000005e-06,23.749996544,0.56949999808,1.476124997312,0.6250009599999995
4.9905e-06,23.749996544,0.56949999808,1.477374997184,0.6250009599999995
4.991e-06,23.749996544,0.56949999808,1.477374997184,0.31250099200000037
4.9915e-06,23.749996544,0.57574999744,1.477374997184,0.31250099200000037
4.992000000000001e-06,23.749996544,0.57574999744,1.476124997312,0.31250099200000037
4.9925e-06,23.749996544,0.57574999744,1.478624997056,1.0239999994610116e-06
4.993e-06,22.968746496,0.57574999744,1.476124997312,0.6250009599999995
4.9935000000000006e-06,22.968746496,0.57574999744,1.47487499744,0.31250099200000037
4.994e-06,23.749996544,0.5819999967999999,1.473624997568,0.31250099200000037
4.9945e-06,23.749996544,0.5819999967999999,1.472374997696,0.6250009599999995
4.9950000000000005e-06,23.749996544,0.5819999967999999,1.47487499744,0.31250099200000037
4.995500000000001e-06,22.968746496,0.57574999744,1.476124997312,0.6250009599999995
4.996e-06,22.968746496,0.5819999967999999,1.476124997312,0.6250009599999995
4.9965e-06,22.968746496,0.57574999744,1.473624997568,0.6250009599999995
4.997000000000001e-06,23.749996544,0.57574999744,1.473624997568,0.6250009599999995
4.9975e-06,23.749996544,0.57574999744,1.47487499744,0.31250099200000037
4.998e-06,23.749996544,0.56949999808,1.477374997184,0.9375009279999986
4.9985000000000005e-06,23.749996544,0.56949999808,1.477374997184,0.31250099200000037
4.999e-06,23.749996544,0.57574999744,1.473624997568,0.6250009599999995
4.9995e-06,23.749996544,0.5819999967999999,1.473624997568,0.31250099200000037
5e-06,24.531246592000002,0.57574999744,1.472374997696,0.31250099200000037
5.000500000000001e-06,24.531246592000002,0.56949999808,1.476124997312,1.0239999994610116e-06
5.001e-06,22.968746496,0.57574999744,1.476124997312,0.6250009599999995
5.0015e-06,23.749996544,0.57574999744,1.476124997312,0.6250009599999995
5.0020000000000006e-06,23.749996544,0.56949999808,1.47487499744,0.6250009599999995
5.0025e-06,22.968746496,0.56949999808,1.47487499744,0.6250009599999995
5.003e-06,23.749996544,0.57574999744,1.476124997312,0.6250009599999995
5.0035000000000005e-06,22.968746496,0.56949999808,1.47487499744,0.9375009279999986
5.004000000000001e-06,23.749996544,0.57574999744,1.47487499744,0.31250099200000037
5.0045e-06,23.749996544,0.57574999744,1.476124997312,0.31250099200000037
5.005e-06,23.749996544,0.56949999808,1.477374997184,0.6250009599999995
5.005500000000001e-06,23.749996544,0.56949999808,1.477374997184,0.31250099200000037
5.006e-06,23.749996544,0.57574999744,1.47487499744,0.6250009599999995
5.0065e-06,23.749996544,0.56949999808,1.47487499744,0.9375009279999986
5.0070000000000005e-06,22.968746496,0.56949999808,1.473624997568,0.6250009599999995
5.0075e-06,23.749996544,0.56949999808,1.47487499744,0.31250099200000037
5.008e-06,23.749996544,0.57574999744,1.47487499744,0.31250099200000037
5.0085e-06,23.749996544,0.57574999744,1.473624997568,0.31250099200000037
5.009000000000001e-06,23.749996544,0.56949999808,1.472374997696,0.6250009599999995
5.0095e-06,23.749996544,0.57574999744,1.472374997696,0.6250009599999995
5.01e-06,24.531246592000002,0.56949999808,1.471124997824,0.6250009599999995
5.0105000000000006e-06,22.968746496,0.56949999808,1.473624997568,0.31250099200000037
5.011e-06,23.749996544,0.57574999744,1.473624997568,0.6250009599999995
5.0115e-06,23.749996544,0.56949999808,1.476124997312,0.6250009599999995
5.0120000000000005e-06,23.749996544,0.57574999744,1.477374997184,0.31250099200000037
5.012500000000001e-06,23.749996544,0.57574999744,1.477374997184,0.31250099200000037
5.013e-06,23.749996544,0.56949999808,1.47487499744,0.6250009599999995
5.0135e-06,22.968746496,0.57574999744,1.47487499744,0.6250009599999995
5.014000000000001e-06,23.749996544,0.56949999808,1.476124997312,0.6250009599999995
5.0145e-06,23.749996544,0.56949999808,1.477374997184,0.6250009599999995
5.015e-06,22.968746496,0.57574999744,1.47487499744,0.31250099200000037
5.0155000000000005e-06,23.749996544,0.56949999808,1.477374997184,0.31250099200000037
5.016e-06,23.749996544,0.57574999744,1.476124997312,0.31250099200000037
5.0165e-06,23.749996544,0.57574999744,1.478624997056,0.31250099200000037
5.017e-06,22.968746496,0.56949999808,1.478624997056,0.6250009599999995
5.017500000000001e-06,23.749996544,0.57574999744,1.476124997312,0.31250099200000037
5.018e-06,23.749996544,0.56949999808,1.47487499744,0.6250009599999995
5.0185e-06,22.968746496,0.57574999744,1.476124997312,0.6250009599999995
5.0190000000000006e-06,23.749996544,0.56949999808,1.477374997184,0.6250009599999995
5.0195e-06,23.749996544,0.5632499987199999,1.478624997056,0.6250009599999995
5.02e-06,23.749996544,0.56949999808,1.477374997184,0.31250099200000037
5.0205000000000005e-06,23.749996544,0.5819999967999999,1.47487499744,0.6250009599999995
5.021000000000001e-06,23.749996544,0.56949999808,1.47487499744,0.6250009599999995
5.0215e-06,22.968746496,0.5819999967999999,1.473624997568,0.6250009599999995
5.022e-06,23.749996544,0.57574999744,1.473624997568,0.9375009279999986
5.022500000000001e-06,23.749996544,0.57574999744,1.473624997568,0.6250009599999995
5.023e-06,23.749996544,0.57574999744,1.47487499744,0.6250009599999995
5.0235e-06,23.749996544,0.57574999744,1.477374997184,0.31250099200000037
5.0240000000000005e-06,23.749996544,0.57574999744,1.47487499744,0.6250009599999995
5.0245e-06,23.749996544,0.57574999744,1.473624997568,0.6250009599999995
5.025e-06,22.968746496,0.56949999808,1.472374997696,0.6250009599999995
5.0255e-06,23.749996544,0.56949999808,1.473624997568,0.6250009599999995
5.026000000000001e-06,23.749996544,0.56949999808,1.471124997824,0.9375009279999986
5.0265e-06,23.749996544,0.57574999744,1.471124997824,0.6250009599999995
5.027e-06,23.749996544,0.5819999967999999,1.473624997568,0.6250009599999995
5.0275000000000006e-06,22.968746496,0.57574999744,1.47487499744,0.6250009599999995
5.028e-06,23.749996544,0.56949999808,1.473624997568,0.6250009599999995
5.0285e-06,22.968746496,0.57574999744,1.472374997696,0.6250009599999995
5.0290000000000005e-06,23.749996544,0.5819999967999999,1.472374997696,0.6250009599999995
5.029500000000001e-06,23.749996544,0.57574999744,1.47487499744,0.6250009599999995
5.03e-06,23.749996544,0.57574999744,1.477374997184,0.6250009599999995
5.0305e-06,23.749996544,0.57574999744,1.477374997184,0.31250099200000037
5.031000000000001e-06,23.749996544,0.57574999744,1.47487499744,0.31250099200000037
5.0315e-06,22.968746496,0.5819999967999999,1.476124997312,0.6250009599999995
5.032e-06,23.749996544,0.57574999744,1.47487499744,0.6250009599999995
5.0325000000000005e-06,23.749996544,0.57574999744,1.47487499744,0.9375009279999986
5.033e-06,22.968746496,0.56949999808,1.472374997696,0.6250009599999995
5.0335e-06,23.749996544,0.57574999744,1.476124997312,0.6250009599999995
5.034e-06,23.749996544,0.57574999744,1.476124997312,0.6250009599999995
5.034500000000001e-06,23.749996544,0.56949999808,1.47487499744,0.9375009279999986
5.035e-06,22.968746496,0.5819999967999999,1.47487499744,0.9375009279999986
5.0355e-06,22.968746496,0.57574999744,1.47487499744,0.6250009599999995
5.0360000000000006e-06,22.968746496,0.57574999744,1.47487499744,0.6250009599999995
5.0365e-06,22.968746496,0.57574999744,1.476124997312,0.6250009599999995
5.037e-06,23.749996544,0.5819999967999999,1.476124997312,0.9375009279999986
5.0375000000000005e-06,23.749996544,0.57574999744,1.476124997312,0.6250009599999995
5.038000000000001e-06,23.749996544,0.57574999744,1.477374997184,0.9375009279999986
5.0385e-06,23.749996544,0.57574999744,1.477374997184,0.9375009279999986
5.039e-06,23.749996544,0.57574999744,1.473624997568,0.6250009599999995
5.039500000000001e-06,23.749996544,0.57574999744,1.47487499744,0.6250009599999995
5.04e-06,22.968746496,0.57574999744,1.47487499744,0.6250009599999995
5.0405e-06,23.749996544,0.56949999808,1.476124997312,0.31250099200000037
5.0410000000000005e-06,22.968746496,0.56949999808,1.473624997568,0.6250009599999995
5.0415e-06,22.968746496,0.57574999744,1.473624997568,0.9375009279999986
5.042e-06,23.749996544,0.56949999808,1.47487499744,0.6250009599999995
5.0425000000000004e-06,22.968746496,0.56949999808,1.477374997184,0.6250009599999995
5.043000000000001e-06,22.968746496,0.57574999744,1.478624997056,0.6250009599999995
5.0435e-06,22.968746496,0.56949999808,1.477374997184,0.9375009279999986
5.044e-06,22.968746496,0.56949999808,1.47487499744,0.9375009279999986
5.0445000000000006e-06,22.968746496,0.57574999744,1.477374997184,0.6250009599999995
5.045e-06,23.749996544,0.56949999808,1.478624997056,0.6250009599999995
5.0455e-06,22.968746496,0.5819999967999999,1.47487499744,0.6250009599999995
5.0460000000000005e-06,23.749996544,0.57574999744,1.47487499744,0.6250009599999995
5.046500000000001e-06,23.749996544,0.57574999744,1.476124997312,0.9375009279999986
5.047e-06,23.749996544,0.57574999744,1.47487499744,0.31250099200000037
5.0475e-06,22.968746496,0.57574999744,1.47487499744,0.6250009599999995
5.048000000000001e-06,22.968746496,0.57574999744,1.47487499744,0.6250009599999995
5.0485e-06,23.749996544,0.57574999744,1.477374997184,0.6250009599999995
5.049e-06,22.968746496,0.57574999744,1.476124997312,0.6250009599999995
5.0495000000000005e-06,23.749996544,0.57574999744,1.476124997312,0.9375009279999986
5.05e-06,23.749996544,0.5819999967999999,1.47487499744,0.6250009599999995
5.0505e-06,23.749996544,0.5819999967999999,1.47487499744,0.9375009279999986
5.0510000000000004e-06,23.749996544,0.5819999967999999,1.477374997184,0.9375009279999986
5.051500000000001e-06,23.749996544,0.57574999744,1.479874996928,0.9375009279999986
5.052e-06,22.968746496,0.57574999744,1.4811249968,0.9375009279999986
5.0525e-06,23.749996544,0.57574999744,1.478624997056,0.6250009599999995
5.053000000000001e-06,23.749996544,0.57574999744,1.47487499744,0.9375009279999986
5.0535e-06,22.968746496,0.5819999967999999,1.472374997696,0.6250009599999995
5.054e-06,23.749996544,0.5819999967999999,1.476124997312,0.9375009279999986
5.0545000000000005e-06,23.749996544,0.5819999967999999,1.478624997056,0.6250009599999995
5.055000000000001e-06,22.968746496,0.57574999744,1.47487499744,0.6250009599999995
5.0555e-06,23.749996544,0.57574999744,1.472374997696,0.6250009599999995
5.056e-06,23.749996544,0.57574999744,1.473624997568,0.6250009599999995
5.056500000000001e-06,24.531246592000002,0.56949999808,1.476124997312,0.31250099200000037
5.057e-06,22.968746496,0.57574999744,1.477374997184,0.6250009599999995
5.0575e-06,22.968746496,0.57574999744,1.477374997184,0.9375009279999986
5.0580000000000005e-06,23.749996544,0.57574999744,1.476124997312,0.6250009599999995
5.0585e-06,22.968746496,0.5819999967999999,1.477374997184,0.6250009599999995
5.059e-06,23.749996544,0.5819999967999999,1.477374997184,0.6250009599999995
5.0595000000000004e-06,23.749996544,0.57574999744,1.478624997056,0.6250009599999995
5.060000000000001e-06,23.749996544,0.57574999744,1.478624997056,0.6250009599999995
5.0605e-06,22.968746496,0.57574999744,1.478624997056,0.6250009599999995
5.061e-06,24.531246592000002,0.57574999744,1.476124997312,0.9375009279999986
5.061500000000001e-06,23.749996544,0.57574999744,1.473624997568,0.6250009599999995
5.062e-06,22.968746496,0.57574999744,1.473624997568,0.6250009599999995
5.0625e-06,23.749996544,0.57574999744,1.47487499744,0.9375009279999986
5.0630000000000005e-06,23.749996544,0.57574999744,1.47487499744,0.6250009599999995
5.063500000000001e-06,23.749996544,0.57574999744,1.476124997312,0.6250009599999995
5.064e-06,23.749996544,0.57574999744,1.47487499744,0.6250009599999995
5.0645e-06,23.749996544,0.56949999808,1.476124997312,0.6250009599999995
5.065000000000001e-06,23.749996544,0.57574999744,1.476124997312,0.6250009599999995
5.0655e-06,23.749996544,0.56949999808,1.47487499744,1.2500008959999995
5.066e-06,24.531246592000002,0.57574999744,1.473624997568,0.6250009599999995
5.0665000000000005e-06,23.749996544,0.57574999744,1.47487499744,0.6250009599999995
5.067e-06,23.749996544,0.57574999744,1.47487499744,0.6250009599999995
5.0675e-06,23.749996544,0.57574999744,1.477374997184,0.9375009279999986
5.0680000000000004e-06,23.749996544,0.56949999808,1.477374997184,0.9375009279999986
5.068500000000001e-06,23.749996544,0.57574999744,1.477374997184,0.9375009279999986
5.069e-06,24.531246592000002,0.5819999967999999,1.47487499744,0.6250009599999995
5.0695e-06,23.749996544,0.57574999744,1.473624997568,0.6250009599999995
5.070000000000001e-06,23.749996544,0.56949999808,1.47487499744,0.6250009599999995
5.0705e-06,23.749996544,0.57574999744,1.477374997184,0.9375009279999986
5.071e-06,23.749996544,0.56949999808,1.476124997312,0.6250009599999995
5.0715000000000005e-06,23.749996544,0.57574999744,1.476124997312,0.6250009599999995
5.072000000000001e-06,23.749996544,0.57574999744,1.47487499744,0.6250009599999995
5.0725e-06,23.749996544,0.56949999808,1.476124997312,0.31250099200000037
5.073e-06,23.749996544,0.57574999744,1.47487499744,0.6250009599999995
5.073500000000001e-06,23.749996544,0.57574999744,1.47487499744,0.9375009279999986
5.074e-06,23.749996544,0.57574999744,1.476124997312,0.9375009279999986
5.0745e-06,23.749996544,0.57574999744,1.476124997312,0.9375009279999986
5.0750000000000005e-06,23.749996544,0.5819999967999999,1.477374997184,0.6250009599999995
5.0755e-06,23.749996544,0.57574999744,1.476124997312,0.9375009279999986
5.076e-06,23.749996544,0.57574999744,1.472374997696,0.9375009279999986
5.0765000000000004e-06,23.749996544,0.5819999967999999,1.47487499744,0.6250009599999995
5.077000000000001e-06,23.749996544,0.5819999967999999,1.472374997696,0.9375009279999986
5.0775e-06,24.531246592000002,0.57574999744,1.469874997952,0.9375009279999986
5.078e-06,23.749996544,0.56949999808,1.472374997696,0.9375009279999986
5.078500000000001e-06,23.749996544,0.57574999744,1.47487499744,0.9375009279999986
5.079e-06,23.749996544,0.57574999744,1.47487499744,0.9375009279999986
5.0795e-06,23.749996544,0.56949999808,1.476124997312,0.6250009599999995
5.0800000000000005e-06,23.749996544,0.57574999744,1.47487499744,0.9375009279999986
5.080500000000001e-06,23.749996544,0.57574999744,1.476124997312,0.6250009599999995
5.081e-06,23.749996544,0.57574999744,1.476124997312,0.9375009279999986
5.0815e-06,23.749996544,0.57574999744,1.476124997312,0.9375009279999986
5.082000000000001e-06,23.749996544,0.57574999744,1.476124997312,0.9375009279999986
5.0825e-06,23.749996544,0.57574999744,1.476124997312,0.6250009599999995
5.083e-06,23.749996544,0.5819999967999999,1.477374997184,0.6250009599999995
5.0835000000000005e-06,23.749996544,0.57574999744,1.477374997184,0.9375009279999986
5.084e-06,23.749996544,0.57574999744,1.476124997312,0.9375009279999986
5.0845e-06,23.749996544,0.57574999744,1.477374997184,0.9375009279999986
5.0850000000000004e-06,23.749996544,0.57574999744,1.477374997184,0.9375009279999986
5.085500000000001e-06,22.968746496,0.57574999744,1.477374997184,0.9375009279999986
5.086e-06,23.749996544,0.5819999967999999,1.478624997056,0.9375009279999986
5.0865e-06,23.749996544,0.57574999744,1.477374997184,0.9375009279999986
5.087000000000001e-06,23.749996544,0.5819999967999999,1.473624997568,0.9375009279999986
5.0875e-06,23.749996544,0.57574999744,1.473624997568,0.6250009599999995
5.088e-06,23.749996544,0.57574999744,1.473624997568,0.9375009279999986
5.0885000000000005e-06,23.749996544,0.56949999808,1.476124997312,0.9375009279999986
5.089e-06,22.968746496,0.57574999744,1.47487499744,0.9375009279999986
5.0895e-06,23.749996544,0.57574999744,1.47487499744,0.9375009279999986
5.09e-06,24.531246592000002,0.5819999967999999,1.476124997312,0.9375009279999986
5.090500000000001e-06,23.749996544,0.57574999744,1.473624997568,0.9375009279999986
5.091e-06,23.749996544,0.5819999967999999,1.473624997568,0.9375009279999986
5.0915e-06,23.749996544,0.57574999744,1.47487499744,0.9375009279999986
5.0920000000000005e-06,22.968746496,0.5819999967999999,1.476124997312,0.9375009279999986
5.0925e-06,23.749996544,0.57574999744,1.478624997056,0.9375009279999986
5.093e-06,24.531246592000002,0.5819999967999999,1.477374997184,0.9375009279999986
5.0935000000000004e-06,23.749996544,0.57574999744,1.47487499744,0.9375009279999986
5.094000000000001e-06,23.749996544,0.57574999744,1.473624997568,0.6250009599999995
5.0945e-06,23.749996544,0.57574999744,1.473624997568,0.6250009599999995
5.095e-06,23.749996544,0.5819999967999999,1.473624997568,0.9375009279999986
5.095500000000001e-06,23.749996544,0.57574999744,1.473624997568,0.9375009279999986
5.096e-06,23.749996544,0.57574999744,1.473624997568,0.6250009599999995
5.0965e-06,23.749996544,0.56949999808,1.476124997312,0.6250009599999995
5.0970000000000005e-06,22.968746496,0.57574999744,1.47487499744,0.9375009279999986
5.0975e-06,23.749996544,0.57574999744,1.476124997312,0.9375009279999986
5.098e-06,23.749996544,0.56949999808,1.47487499744,0.31250099200000037
5.0985e-06,23.749996544,0.56949999808,1.473624997568,0.9375009279999986
5.099000000000001e-06,23.749996544,0.5819999967999999,1.476124997312,0.6250009599999995
5.0995e-06,23.749996544,0.57574999744,1.477374997184,0.9375009279999986
5.1e-06,23.749996544,0.5819999967999999,1.47487499744,0.6250009599999995
5.1005000000000005e-06,23.749996544,0.57574999744,1.477374997184,0.6250009599999995
5.101e-06,23.749996544,0.57574999744,1.476124997312,0.9375009279999986
5.1015e-06,23.749996544,0.57574999744,1.47487499744,0.6250009599999995
5.1020000000000004e-06,24.531246592000002,0.57574999744,1.476124997312,0.6250009599999995
5.102500000000001e-06,23.749996544,0.57574999744,1.476124997312,0.6250009599999995
5.103e-06,22.968746496,0.57574999744,1.476124997312,0.6250009599999995
5.1035e-06,23.749996544,0.57574999744,1.477374997184,0.31250099200000037
5.104000000000001e-06,24.531246592000002,0.57574999744,1.476124997312,0.9375009279999986
5.1045e-06,24.531246592000002,0.56949999808,1.477374997184,0.6250009599999995
5.105e-06,22.968746496,0.56949999808,1.477374997184,0.6250009599999995
5.1055000000000005e-06,23.749996544,0.5819999967999999,1.476124997312,0.9375009279999986
5.106e-06,23.749996544,0.57574999744,1.476124997312,0.6250009599999995
5.1065e-06,23.749996544,0.56949999808,1.47487499744,0.9375009279999986
5.107e-06,23.749996544,0.5819999967999999,1.47487499744,0.9375009279999986
5.107500000000001e-06,23.749996544,0.57574999744,1.47487499744,0.9375009279999986
5.108e-06,23.749996544,0.56949999808,1.476124997312,0.9375009279999986
5.1085e-06,23.749996544,0.57574999744,1.478624997056,0.9375009279999986
5.1090000000000006e-06,23.749996544,0.5819999967999999,1.476124997312,0.6250009599999995
5.1095e-06,24.531246592000002,0.57574999744,1.476124997312,0.6250009599999995
5.11e-06,24.531246592000002,0.57574999744,1.476124997312,0.9375009279999986
5.1105000000000005e-06,23.749996544,0.57574999744,1.47487499744,0.6250009599999995
5.111000000000001e-06,22.968746496,0.57574999744,1.473624997568,0.6250009599999995
5.1115e-06,22.968746496,0.56949999808,1.476124997312,0.6250009599999995
5.112e-06,23.749996544,0.57574999744,1.47487499744,0.9375009279999986
5.112500000000001e-06,23.749996544,0.56949999808,1.478624997056,0.9375009279999986
5.113e-06,22.968746496,0.56949999808,1.477374997184,0.6250009599999995
5.1135e-06,22.968746496,0.56949999808,1.476124997312,0.9375009279999986
5.1140000000000005e-06,23.749996544,0.56949999808,1.476124997312,0.6250009599999995
5.1145e-06,23.749996544,0.57574999744,1.476124997312,0.9375009279999986
5.115e-06,22.968746496,0.5819999967999999,1.476124997312,0.6250009599999995
5.1155e-06,23.749996544,0.56949999808,1.47487499744,0.6250009599999995
5.116000000000001e-06,22.968746496,0.57574999744,1.47487499744,0.6250009599999995
5.1165e-06,23.749996544,0.57574999744,1.476124997312,0.31250099200000037
5.117e-06,23.749996544,0.57574999744,1.47487499744,0.9375009279999986
5.1175000000000006e-06,23.749996544,0.56949999808,1.476124997312,0.6250009599999995
5.118e-06,22.968746496,0.56949999808,1.476124997312,0.9375009279999986
5.1185e-06,23.749996544,0.57574999744,1.476124997312,0.9375009279999986
5.1190000000000005e-06,22.968746496,0.57574999744,1.473624997568,0.6250009599999995
5.119500000000001e-06,23.749996544,0.57574999744,1.473624997568,0.6250009599999995
5.12e-06,23.749996544,0.57574999744,1.47487499744,0.6250009599999995
5.1205e-06,23.749996544,0.57574999744,1.476124997312,0.6250009599999995
5.121000000000001e-06,22.968746496,0.57574999744,1.473624997568,0.6250009599999995
5.1215e-06,23.749996544,0.57574999744,1.47487499744,0.6250009599999995
5.122e-06,23.749996544,0.57574999744,1.477374997184,0.6250009599999995
5.1225000000000005e-06,23.749996544,0.57574999744,1.476124997312,0.9375009279999986
5.123e-06,23.749996544,0.5819999967999999,1.473624997568,0.6250009599999995
5.1235e-06,22.968746496,0.56949999808,1.472374997696,0.9375009279999986
5.124e-06,22.968746496,0.56949999808,1.473624997568,0.9375009279999986
5.124500000000001e-06,23.749996544,0.5819999967999999,1.476124997312,0.6250009599999995
5.125e-06,23.749996544,0.5819999967999999,1.478624997056,0.9375009279999986
5.1255e-06,22.968746496,0.5819999967999999,1.477374997184,0.6250009599999995
5.1260000000000006e-06,22.968746496,0.57574999744,1.476124997312,0.9375009279999986
5.1265e-06,23.749996544,0.57574999744,1.477374997184,0.6250009599999995
5.127e-06,22.968746496,0.56949999808,1.47487499744,0.31250099200000037
5.1275000000000005e-06,22.968746496,0.56949999808,1.47487499744,0.31250099200000037
5.128000000000001e-06,23.749996544,0.57574999744,1.473624997568,0.31250099200000037
5.1285e-06,23.749996544,0.56949999808,1.476124997312,0.31250099200000037
5.129e-06,22.968746496,0.56949999808,1.47487499744,0.6250009599999995
5.129500000000001e-06,22.968746496,0.57574999744,1.472374997696,0.9375009279999986
5.13e-06,23.749996544,0.57574999744,1.47487499744,0.6250009599999995
5.1305e-06,22.968746496,0.57574999744,1.477374997184,0.6250009599999995
5.1310000000000005e-06,23.749996544,0.5819999967999999,1.477374997184,0.6250009599999995
5.1315e-06,22.968746496,0.57574999744,1.476124997312,0.9375009279999986
5.132e-06,23.749996544,0.57574999744,1.473624997568,0.9375009279999986
5.1325e-06,23.749996544,0.57574999744,1.47487499744,0.6250009599999995
5.133000000000001e-06,23.749996544,0.5819999967999999,1.476124997312,0.9375009279999986
5.1335e-06,22.968746496,0.57574999744,1.47487499744,0.9375009279999986
5.134e-06,23.749996544,0.57574999744,1.47487499744,0.6250009599999995
5.1345000000000006e-06,23.749996544,0.57574999744,1.47487499744,0.9375009279999986
5.135e-06,23.749996544,0.57574999744,1.47487499744,0.6250009599999995
5.1355e-06,23.749996544,0.5819999967999999,1.47487499744,0.6250009599999995
5.1360000000000005e-06,23.749996544,0.57574999744,1.476124997312,0.9375009279999986
5.136500000000001e-06,23.749996544,0.57574999744,1.479874996928,0.6250009599999995
5.137e-06,23.749996544,0.57574999744,1.477374997184,0.6250009599999995
5.1375e-06,23.749996544,0.57574999744,1.477374997184,0.9375009279999986
5.138000000000001e-06,23.749996544,0.57574999744,1.476124997312,0.9375009279999986
5.1385e-06,23.749996544,0.57574999744,1.476124997312,0.9375009279999986
5.139e-06,23.749996544,0.56949999808,1.47487499744,0.6250009599999995
5.1395000000000005e-06,23.749996544,0.57574999744,1.473624997568,1.2500008959999995
5.14e-06,23.749996544,0.56949999808,1.47487499744,0.9375009279999986
5.1405e-06,24.531246592000002,0.57574999744,1.476124997312,0.9375009279999986
5.141e-06,24.531246592000002,0.5819999967999999,1.478624997056,0.9375009279999986
5.141500000000001e-06,23.749996544,0.57574999744,1.479874996928,0.6250009599999995
5.142e-06,23.749996544,0.56949999808,1.478624997056,0.9375009279999986
5.1425e-06,23.749996544,0.56949999808,1.477374997184,0.9375009279999986
5.1430000000000006e-06,24.531246592000002,0.57574999744,1.476124997312,0.9375009279999986
5.1435e-06,22.968746496,0.57574999744,1.476124997312,0.6250009599999995
5.144e-06,23.749996544,0.57574999744,1.47487499744,0.6250009599999995
5.1445000000000005e-06,23.749996544,0.57574999744,1.476124997312,0.6250009599999995
5.145000000000001e-06,23.749996544,0.57574999744,1.476124997312,0.6250009599999995
5.1455e-06,22.968746496,0.5819999967999999,1.477374997184,0.9375009279999986
5.146e-06,23.749996544,0.56949999808,1.476124997312,0.6250009599999995
5.146500000000001e-06,23.749996544,0.56949999808,1.476124997312,0.6250009599999995
5.147e-06,24.531246592000002,0.57574999744,1.47487499744,0.6250009599999995
5.1475e-06,22.968746496,0.57574999744,1.47487499744,0.9375009279999986
5.1480000000000005e-06,23.749996544,0.57574999744,1.47487499744,0.6250009599999995
5.1485e-06,23.749996544,0.57574999744,1.476124997312,0.6250009599999995
5.149e-06,23.749996544,0.57574999744,1.478624997056,0.9375009279999986
5.1495e-06,23.749996544,0.57574999744,1.477374997184,0.6250009599999995
5.150000000000001e-06,23.749996544,0.57574999744,1.476124997312,0.9375009279999986
5.1505e-06,24.531246592000002,0.56949999808,1.47487499744,0.9375009279999986
5.151e-06,23.749996544,0.56949999808,1.476124997312,0.9375009279999986
5.1515000000000006e-06,23.749996544,0.56949999808,1.47487499744,0.6250009599999995
5.152e-06,23.749996544,0.57574999744,1.471124997824,0.6250009599999995
5.1525e-06,23.749996544,0.56949999808,1.47487499744,0.9375009279999986
5.1530000000000005e-06,22.968746496,0.56949999808,1.477374997184,0.9375009279999986
5.153500000000001e-06,22.968746496,0.57574999744,1.478624997056,0.9375009279999986
5.154e-06,23.749996544,0.56949999808,1.477374997184,0.9375009279999986
5.1545e-06,22.968746496,0.56949999808,1.476124997312,0.9375009279999986
5.155000000000001e-06,23.749996544,0.57574999744,1.476124997312,0.9375009279999986
5.1555e-06,22.968746496,0.56949999808,1.47487499744,0.9375009279999986
5.156e-06,23.749996544,0.5819999967999999,1.47487499744,0.9375009279999986
5.1565000000000005e-06,23.749996544,0.57574999744,1.477374997184,0.6250009599999995
5.157e-06,23.749996544,0.56949999808,1.476124997312,0.9375009279999986
5.1575e-06,23.749996544,0.56949999808,1.47487499744,0.9375009279999986
5.158e-06,24.531246592000002,0.56949999808,1.476124997312,1.2500008959999995
5.158500000000001e-06,23.749996544,0.57574999744,1.478624997056,0.9375009279999986
5.159e-06,23.749996544,0.57574999744,1.477374997184,0.6250009599999995
5.1595e-06,23.749996544,0.56949999808,1.478624997056,0.6250009599999995
5.1600000000000006e-06,23.749996544,0.56949999808,1.476124997312,0.6250009599999995
5.1605e-06,23.749996544,0.56949999808,1.476124997312,0.9375009279999986
5.161e-06,22.968746496,0.56949999808,1.476124997312,0.9375009279999986
5.1615000000000005e-06,23.749996544,0.56949999808,1.473624997568,0.9375009279999986
5.162000000000001e-06,24.531246592000002,0.56949999808,1.476124997312,0.9375009279999986
5.1625e-06,22.968746496,0.57574999744,1.476124997312,0.9375009279999986
5.163e-06,23.749996544,0.56949999808,1.477374997184,0.9375009279999986
5.163500000000001e-06,22.968746496,0.57574999744,1.476124997312,0.9375009279999986
5.164e-06,22.968746496,0.57574999744,1.47487499744,0.9375009279999986
5.1645e-06,23.749996544,0.57574999744,1.478624997056,0.9375009279999986
5.1650000000000005e-06,23.749996544,0.5819999967999999,1.476124997312,1.2500008959999995
5.1655e-06,22.968746496,0.57574999744,1.476124997312,0.6250009599999995
5.166e-06,23.749996544,0.56949999808,1.47487499744,0.9375009279999986
5.1665000000000004e-06,23.749996544,0.56949999808,1.476124997312,0.9375009279999986
5.167000000000001e-06,23.749996544,0.56949999808,1.47487499744,0.9375009279999986
5.1675e-06,23.749996544,0.56949999808,1.47487499744,0.6250009599999995
5.168e-06,23.749996544,0.57574999744,1.47487499744,0.6250009599999995
5.1685000000000006e-06,23.749996544,0.57574999744,1.477374997184,0.9375009279999986
5.169e-06,22.968746496,0.57574999744,1.476124997312,0.9375009279999986
5.1695e-06,22.968746496,0.57574999744,1.476124997312,1.2500008959999995
5.1700000000000005e-06,23.749996544,0.57574999744,1.47487499744,0.9375009279999986
5.170500000000001e-06,23.749996544,0.57574999744,1.473624997568,0.9375009279999986
5.171e-06,22.968746496,0.57574999744,1.47487499744,0.9375009279999986
5.1715e-06,22.968746496,0.57574999744,1.476124997312,0.9375009279999986
5.172000000000001e-06,22.968746496,0.56949999808,1.47487499744,0.9375009279999986
5.1725e-06,23.749996544,0.57574999744,1.477374997184,0.9375009279999986
5.173e-06,24.531246592000002,0.57574999744,1.477374997184,1.2500008959999995
5.1735000000000005e-06,22.968746496,0.57574999744,1.476124997312,0.9375009279999986
5.174e-06,23.749996544,0.56949999808,1.473624997568,1.2500008959999995
5.1745e-06,23.749996544,0.57574999744,1.47487499744,0.9375009279999986
5.1750000000000004e-06,23.749996544,0.57574999744,1.473624997568,0.9375009279999986
5.175500000000001e-06,23.749996544,0.56949999808,1.473624997568,0.6250009599999995
5.176e-06,23.749996544,0.57574999744,1.472374997696,0.9375009279999986
5.1765e-06,23.749996544,0.56949999808,1.473624997568,0.9375009279999986
5.177000000000001e-06,22.968746496,0.56949999808,1.473624997568,0.9375009279999986
5.1775e-06,22.968746496,0.56949999808,1.473624997568,0.9375009279999986
5.178e-06,23.749996544,0.57574999744,1.472374997696,0.9375009279999986
5.1785000000000005e-06,23.749996544,0.57574999744,1.473624997568,0.9375009279999986
5.179000000000001e-06,22.968746496,0.57574999744,1.47487499744,0.9375009279999986
5.1795e-06,23.749996544,0.56949999808,1.473624997568,0.9375009279999986
5.18e-06,23.749996544,0.56949999808,1.47487499744,0.9375009279999986
5.180500000000001e-06,22.968746496,0.57574999744,1.476124997312,0.9375009279999986
5.181e-06,22.968746496,0.56949999808,1.47487499744,1.2500008959999995
5.1815e-06,23.749996544,0.56949999808,1.472374997696,0.9375009279999986
5.1820000000000005e-06,23.749996544,0.57574999744,1.473624997568,1.2500008959999995
5.1825e-06,23.749996544,0.57574999744,1.476124997312,1.2500008959999995
5.183e-06,22.968746496,0.5819999967999999,1.47487499744,0.9375009279999986
5.1835000000000004e-06,22.968746496,0.57574999744,1.47487499744,0.9375009279999986
5.184000000000001e-06,23.749996544,0.57574999744,1.47487499744,0.9375009279999986
5.1845e-06,23.749996544,0.56949999808,1.476124997312,0.9375009279999986
5.185e-06,22.968746496,0.56949999808,1.472374997696,1.2500008959999995
5.185500000000001e-06,22.968746496,0.56949999808,1.472374997696,1.2500008959999995
5.186e-06,23.749996544,0.57574999744,1.472374997696,0.9375009279999986
5.1865e-06,22.968746496,0.57574999744,1.47487499744,0.9375009279999986
5.1870000000000005e-06,22.968746496,0.57574999744,1.473624997568,1.2500008959999995
5.187500000000001e-06,22.968746496,0.56949999808,1.473624997568,1.2500008959999995
5.188e-06,23.749996544,0.56949999808,1.473624997568,0.9375009279999986
5.1885e-06,23.749996544,0.57574999744,1.477374997184,0.9375009279999986
5.189000000000001e-06,23.749996544,0.56949999808,1.476124997312,1.2500008959999995
5.1895e-06,23.749996544,0.57574999744,1.476124997312,0.9375009279999986
5.19e-06,23.749996544,0.57574999744,1.47487499744,1.2500008959999995
5.1905000000000005e-06,23.749996544,0.56949999808,1.473624997568,0.9375009279999986
5.191e-06,23.749996544,0.57574999744,1.473624997568,0.9375009279999986
5.1915e-06,23.749996544,0.56949999808,1.473624997568,0.9375009279999986
5.1920000000000004e-06,23.749996544,0.57574999744,1.472374997696,1.2500008959999995
5.192500000000001e-06,24.531246592000002,0.56949999808,1.47487499744,0.9375009279999986
5.193e-06,22.968746496,0.56949999808,1.473624997568,1.2500008959999995
5.1935e-06,22.968746496,0.56949999808,1.47487499744,1.2500008959999995
5.194000000000001e-06,22.968746496,0.57574999744,1.47487499744,0.9375009279999986
5.1945e-06,22.968746496,0.56949999808,1.47487499744,0.9375009279999986
5.195e-06,23.749996544,0.56949999808,1.473624997568,0.9375009279999986
5.1955000000000005e-06,22.968746496,0.56949999808,1.473624997568,0.9375009279999986
5.196000000000001e-06,22.187496448000005,0.57574999744,1.47487499744,1.2500008959999995
5.1965e-06,23.749996544,0.57574999744,1.476124997312,0.9375009279999986
5.197e-06,23.749996544,0.5819999967999999,1.473624997568,1.2500008959999995
5.197500000000001e-06,23.749996544,0.57574999744,1.473624997568,0.9375009279999986
5.198e-06,22.968746496,0.56949999808,1.476124997312,1.2500008959999995
5.1985e-06,22.968746496,0.5632499987199999,1.478624997056,0.9375009279999986
5.1990000000000005e-06,23.749996544,0.57574999744,1.477374997184,0.9375009279999986
5.1995e-06,22.968746496,0.57574999744,1.477374997184,0.6250009599999995
5.2e-06,24.531246592000002,0.57574999744,1.476124997312,0.9375009279999986
5.2005000000000004e-06,23.749996544,0.56949999808,1.477374997184,0.9375009279999986
5.201000000000001e-06,22.968746496,0.56949999808,1.476124997312,0.9375009279999986
5.2015e-06,22.968746496,0.57574999744,1.476124997312,0.9375009279999986
5.202e-06,24.531246592000002,0.57574999744,1.476124997312,0.9375009279999986
5.202500000000001e-06,23.749996544,0.5819999967999999,1.47487499744,0.9375009279999986
5.203e-06,23.749996544,0.57574999744,1.476124997312,0.9375009279999986
5.2035e-06,23.749996544,0.56949999808,1.476124997312,0.9375009279999986
5.2040000000000005e-06,23.749996544,0.57574999744,1.47487499744,1.2500008959999995
5.204500000000001e-06,23.749996544,0.5819999967999999,1.47487499744,0.9375009279999986
5.205e-06,23.749996544,0.56949999808,1.473624997568,0.9375009279999986
5.2055e-06,23.749996544,0.57574999744,1.476124997312,0.9375009279999986
5.206000000000001e-06,23.749996544,0.57574999744,1.478624997056,1.2500008959999995
5.2065e-06,23.749996544,0.57574999744,1.478624997056,0.9375009279999986
5.207e-06,23.749996544,0.57574999744,1.47487499744,0.9375009279999986
5.2075000000000005e-06,22.968746496,0.5819999967999999,1.47487499744,0.9375009279999986
5.208e-06,22.968746496,0.57574999744,1.473624997568,0.9375009279999986
5.2085e-06,23.749996544,0.57574999744,1.47487499744,0.9375009279999986
5.2090000000000004e-06,22.968746496,0.57574999744,1.476124997312,0.9375009279999986
5.209500000000001e-06,23.749996544,0.57574999744,1.476124997312,0.9375009279999986
5.21e-06,23.749996544,0.56949999808,1.477374997184,0.9375009279999986
5.2105e-06,23.749996544,0.57574999744,1.477374997184,0.9375009279999986
5.211000000000001e-06,22.968746496,0.56949999808,1.476124997312,0.9375009279999986
5.2115e-06,22.968746496,0.56949999808,1.476124997312,1.2500008959999995
5.212e-06,22.187496448000005,0.56949999808,1.47487499744,1.2500008959999995
5.2125000000000005e-06,22.968746496,0.57574999744,1.476124997312,1.2500008959999995
5.213000000000001e-06,23.749996544,0.57574999744,1.47487499744,1.2500008959999995
5.2135e-06,22.968746496,0.56949999808,1.476124997312,0.9375009279999986
5.214e-06,22.968746496,0.56949999808,1.47487499744,1.2500008959999995
5.214500000000001e-06,22.968746496,0.56949999808,1.47487499744,1.2500008959999995
5.215e-06,23.749996544,0.57574999744,1.472374997696,0.9375009279999986
5.2155e-06,22.968746496,0.56949999808,1.473624997568,0.9375009279999986
5.2160000000000005e-06,23.749996544,0.57574999744,1.47487499744,0.9375009279999986
5.2165e-06,23.749996544,0.5632499987199999,1.476124997312,0.9375009279999986
5.217e-06,23.749996544,0.57574999744,1.47487499744,0.9375009279999986
5.2175000000000004e-06,22.968746496,0.57574999744,1.47487499744,1.2500008959999995
5.218000000000001e-06,23.749996544,0.57574999744,1.47487499744,0.9375009279999986
5.2185e-06,22.968746496,0.57574999744,1.47487499744,0.9375009279999986
5.219e-06,23.749996544,0.57574999744,1.477374997184,0.9375009279999986
5.219500000000001e-06,23.749996544,0.5819999967999999,1.476124997312,1.2500008959999995
5.22e-06,23.749996544,0.56949999808,1.476124997312,0.9375009279999986
5.2205e-06,23.749996544,0.57574999744,1.477374997184,0.9375009279999986
5.2210000000000005e-06,23.749996544,0.56949999808,1.476124997312,1.2500008959999995
5.221500000000001e-06,23.749996544,0.56949999808,1.47487499744,0.6250009599999995
5.222e-06,23.749996544,0.56949999808,1.47487499744,1.2500008959999995
5.2225e-06,23.749996544,0.56949999808,1.47487499744,1.2500008959999995
5.223000000000001e-06,23.749996544,0.56949999808,1.47487499744,0.9375009279999986
5.2235e-06,22.968746496,0.57574999744,1.476124997312,0.6250009599999995
5.224e-06,23.749996544,0.57574999744,1.47487499744,0.9375009279999986
5.2245000000000005e-06,23.749996544,0.56949999808,1.476124997312,0.9375009279999986
5.225e-06,23.749996544,0.57574999744,1.473624997568,0.9375009279999986
5.2255e-06,23.749996544,0.57574999744,1.473624997568,0.9375009279999986
5.2260000000000004e-06,23.749996544,0.57574999744,1.47487499744,0.9375009279999986
5.226500000000001e-06,23.749996544,0.5819999967999999,1.476124997312,0.9375009279999986
5.227e-06,23.749996544,0.57574999744,1.477374997184,1.2500008959999995
5.2275e-06,23.749996544,0.56949999808,1.47487499744,0.9375009279999986
5.228000000000001e-06,22.968746496,0.57574999744,1.47487499744,0.9375009279999986
5.2285e-06,22.968746496,0.57574999744,1.476124997312,0.9375009279999986
5.229e-06,23.749996544,0.56949999808,1.476124997312,1.2500008959999995
5.2295000000000005e-06,23.749996544,0.57574999744,1.473624997568,0.9375009279999986
5.230000000000001e-06,23.749996544,0.56949999808,1.47487499744,1.2500008959999995
5.2305e-06,23.749996544,0.56949999808,1.47487499744,1.5625008640000004
5.231e-06,23.749996544,0.57574999744,1.473624997568,1.2500008959999995
5.231500000000001e-06,22.968746496,0.57574999744,1.473624997568,0.9375009279999986
5.232e-06,23.749996544,0.57574999744,1.473624997568,0.9375009279999986
5.2325e-06,22.968746496,0.57574999744,1.477374997184,0.9375009279999986
5.2330000000000005e-06,22.968746496,0.57574999744,1.476124997312,1.2500008959999995
5.2335e-06,23.749996544,0.57574999744,1.47487499744,1.5625008640000004
5.234e-06,23.749996544,0.57574999744,1.473624997568,0.9375009279999986
5.2345000000000005e-06,23.749996544,0.57574999744,1.476124997312,0.9375009279999986
5.235000000000001e-06,23.749996544,0.57574999744,1.477374997184,0.9375009279999986
5.2355e-06,23.749996544,0.57574999744,1.476124997312,1.2500008959999995
5.236e-06,23.749996544,0.57574999744,1.47487499744,1.2500008959999995
5.236500000000001e-06,23.749996544,0.57574999744,1.476124997312,0.9375009279999986
5.237e-06,24.531246592000002,0.57574999744,1.476124997312,1.2500008959999995
5.2375e-06,23.749996544,0.57574999744,1.476124997312,0.6250009599999995
5.2380000000000005e-06,23.749996544,0.57574999744,1.473624997568,1.2500008959999995
5.2385e-06,23.749996544,0.56949999808,1.473624997568,0.9375009279999986
5.239e-06,23.749996544,0.56949999808,1.473624997568,0.9375009279999986
5.2395e-06,23.749996544,0.56949999808,1.477374997184,0.6250009599999995
5.240000000000001e-06,23.749996544,0.57574999744,1.476124997312,0.9375009279999986
5.2405e-06,23.749996544,0.56949999808,1.478624997056,0.9375009279999986
5.241e-06,22.968746496,0.56949999808,1.476124997312,1.2500008959999995
5.2415000000000006e-06,23.749996544,0.56949999808,1.473624997568,1.2500008959999995
5.242e-06,23.749996544,0.56949999808,1.47487499744,0.9375009279999986
5.2425e-06,23.749996544,0.56949999808,1.476124997312,0.9375009279999986
5.2430000000000005e-06,23.749996544,0.56949999808,1.478624997056,0.9375009279999986
5.243500000000001e-06,23.749996544,0.5632499987199999,1.479874996928,0.9375009279999986
5.244e-06,23.749996544,0.56949999808,1.479874996928,0.9375009279999986
5.2445e-06,23.749996544,0.57574999744,1.478624997056,0.9375009279999986
5.245000000000001e-06,23.749996544,0.56949999808,1.473624997568,1.2500008959999995
5.2455e-06,22.968746496,0.57574999744,1.472374997696,0.9375009279999986
5.246e-06,22.968746496,0.56949999808,1.473624997568,1.2500008959999995
5.2465000000000005e-06,23.749996544,0.57574999744,1.476124997312,1.2500008959999995
5.247e-06,23.749996544,0.57574999744,1.476124997312,1.5625008640000004
5.2475e-06,23.749996544,0.56949999808,1.476124997312,0.9375009279999986
5.248e-06,23.749996544,0.57574999744,1.473624997568,1.2500008959999995
5.248500000000001e-06,23.749996544,0.56949999808,1.476124997312,0.9375009279999986
5.249e-06,22.968746496,0.57574999744,1.476124997312,1.2500008959999995
5.2495e-06,22.968746496,0.56949999808,1.476124997312,1.2500008959999995
5.2500000000000006e-06,23.749996544,0.57574999744,1.47487499744,0.9375009279999986
5.2505e-06,22.968746496,0.57574999744,1.47487499744,0.9375009279999986
5.251e-06,23.749996544,0.57574999744,1.476124997312,0.9375009279999986
5.2515000000000005e-06,23.749996544,0.57574999744,1.47487499744,1.2500008959999995
5.252000000000001e-06,23.749996544,0.57574999744,1.476124997312,1.5625008640000004
5.2525e-06,23.749996544,0.57574999744,1.479874996928,0.9375009279999986
5.253e-06,23.749996544,0.56949999808,1.476124997312,1.2500008959999995
5.253500000000001e-06,23.749996544,0.56949999808,1.473624997568,0.9375009279999986
5.254e-06,24.531246592000002,0.56949999808,1.473624997568,1.5625008640000004
5.2545e-06,22.968746496,0.56949999808,1.47487499744,0.9375009279999986
5.2550000000000005e-06,23.749996544,0.57574999744,1.47487499744,0.9375009279999986
5.2555e-06,23.749996544,0.57574999744,1.478624997056,1.2500008959999995
5.256e-06,24.531246592000002,0.57574999744,1.476124997312,1.2500008959999995
5.2565e-06,23.749996544,0.56949999808,1.47487499744,0.9375009279999986
5.257000000000001e-06,24.531246592000002,0.57574999744,1.473624997568,0.9375009279999986
5.2575e-06,23.749996544,0.57574999744,1.476124997312,1.2500008959999995
5.258e-06,23.749996544,0.57574999744,1.476124997312,1.2500008959999995
5.2585000000000006e-06,22.968746496,0.57574999744,1.47487499744,1.2500008959999995
5.259e-06,23.749996544,0.57574999744,1.476124997312,1.2500008959999995
5.2595e-06,22.968746496,0.56949999808,1.478624997056,0.9375009279999986
5.2600000000000005e-06,23.749996544,0.56949999808,1.478624997056,1.2500008959999995
5.260500000000001e-06,23.749996544,0.57574999744,1.477374997184,0.9375009279999986
5.261e-06,23.749996544,0.57574999744,1.476124997312,1.2500008959999995
5.2615e-06,23.749996544,0.57574999744,1.476124997312,0.9375009279999986
5.262000000000001e-06,22.968746496,0.57574999744,1.47487499744,1.2500008959999995
5.2625e-06,23.749996544,0.56949999808,1.476124997312,1.2500008959999995
5.263e-06,23.749996544,0.57574999744,1.476124997312,0.9375009279999986
5.2635000000000005e-06,22.968746496,0.57574999744,1.477374997184,1.2500008959999995
5.264e-06,23.749996544,0.57574999744,1.476124997312,1.2500008959999995
5.2645e-06,23.749996544,0.57574999744,1.476124997312,1.2500008959999995
5.265e-06,22.968746496,0.57574999744,1.473624997568,1.2500008959999995
5.265500000000001e-06,23.749996544,0.57574999744,1.473624997568,1.2500008959999995
5.266e-06,23.749996544,0.57574999744,1.473624997568,1.2500008959999995
5.2665e-06,23.749996544,0.5819999967999999,1.47487499744,1.2500008959999995
5.2670000000000006e-06,23.749996544,0.57574999744,1.476124997312,1.2500008959999995
5.2675e-06,22.968746496,0.57574999744,1.477374997184,1.5625008640000004
5.268e-06,23.749996544,0.57574999744,1.477374997184,1.2500008959999995
5.2685000000000005e-06,23.749996544,0.57574999744,1.477374997184,1.2500008959999995
5.269000000000001e-06,24.531246592000002,0.5819999967999999,1.476124997312,1.2500008959999995
5.2695e-06,23.749996544,0.57574999744,1.47487499744,1.2500008959999995
5.27e-06,23.749996544,0.56949999808,1.47487499744,1.2500008959999995
5.270500000000001e-06,23.749996544,0.57574999744,1.476124997312,1.2500008959999995
5.271e-06,23.749996544,0.57574999744,1.478624997056,1.2500008959999995
5.2715e-06,22.968746496,0.56949999808,1.477374997184,1.2500008959999995
5.2720000000000005e-06,22.968746496,0.57574999744,1.47487499744,1.2500008959999995
5.2725e-06,23.749996544,0.57574999744,1.476124997312,1.2500008959999995
5.273e-06,23.749996544,0.57574999744,1.478624997056,1.2500008959999995
5.2735e-06,22.968746496,0.57574999744,1.477374997184,1.2500008959999995
5.274000000000001e-06,23.749996544,0.56949999808,1.47487499744,1.2500008959999995
5.2745e-06,23.749996544,0.5819999967999999,1.47487499744,0.9375009279999986
5.275e-06,23.749996544,0.57574999744,1.476124997312,0.9375009279999986
5.2755000000000006e-06,23.749996544,0.56949999808,1.47487499744,1.2500008959999995
5.276e-06,23.749996544,0.57574999744,1.47487499744,0.9375009279999986
5.2765e-06,23.749996544,0.57574999744,1.47487499744,1.2500008959999995
5.2770000000000005e-06,23.749996544,0.56949999808,1.47487499744,1.2500008959999995
5.277500000000001e-06,23.749996544,0.56949999808,1.47487499744,0.9375009279999986
5.278e-06,23.749996544,0.56949999808,1.47487499744,1.2500008959999995
5.2785e-06,23.749996544,0.56949999808,1.476124997312,0.9375009279999986
5.279000000000001e-06,23.749996544,0.56949999808,1.476124997312,1.2500008959999995
5.2795e-06,22.968746496,0.57574999744,1.476124997312,0.9375009279999986
5.28e-06,23.749996544,0.57574999744,1.47487499744,0.9375009279999986
5.2805000000000005e-06,23.749996544,0.56949999808,1.476124997312,1.2500008959999995
5.281e-06,22.968746496,0.57574999744,1.47487499744,1.2500008959999995
5.2815e-06,22.968746496,0.57574999744,1.473624997568,0.9375009279999986
5.282e-06,23.749996544,0.57574999744,1.472374997696,0.9375009279999986
5.282500000000001e-06,23.749996544,0.56949999808,1.47487499744,1.2500008959999995
5.283e-06,23.749996544,0.57574999744,1.47487499744,0.9375009279999986
5.2835e-06,23.749996544,0.57574999744,1.47487499744,1.2500008959999995
5.2840000000000006e-06,23.749996544,0.57574999744,1.47487499744,1.2500008959999995
5.2845e-06,23.749996544,0.57574999744,1.47487499744,0.9375009279999986
5.285e-06,23.749996544,0.5819999967999999,1.476124997312,0.9375009279999986
5.2855000000000005e-06,22.968746496,0.56949999808,1.47487499744,1.2500008959999995
5.286000000000001e-06,23.749996544,0.5632499987199999,1.476124997312,1.2500008959999995
5.2865e-06,23.749996544,0.5632499987199999,1.477374997184,0.9375009279999986
5.287e-06,23.749996544,0.56949999808,1.476124997312,0.9375009279999986
5.287500000000001e-06,22.968746496,0.56949999808,1.476124997312,0.9375009279999986
5.288e-06,23.749996544,0.56949999808,1.47487499744,1.2500008959999995
5.2885e-06,23.749996544,0.56949999808,1.473624997568,0.9375009279999986
5.2890000000000005e-06,22.968746496,0.56949999808,1.47487499744,0.9375009279999986
5.2895e-06,22.968746496,0.56949999808,1.47487499744,0.9375009279999986
5.29e-06,23.749996544,0.56949999808,1.472374997696,0.9375009279999986
5.2905e-06,22.968746496,0.5632499987199999,1.472374997696,0.9375009279999986
5.291000000000001e-06,23.749996544,0.57574999744,1.473624997568,1.2500008959999995
5.2915e-06,22.968746496,0.57574999744,1.473624997568,1.2500008959999995
5.292e-06,22.968746496,0.57574999744,1.473624997568,1.2500008959999995
5.2925000000000006e-06,23.749996544,0.57574999744,1.477374997184,0.9375009279999986
5.293e-06,24.531246592000002,0.56949999808,1.478624997056,1.2500008959999995
5.2935e-06,23.749996544,0.57574999744,1.476124997312,0.9375009279999986
5.2940000000000005e-06,23.749996544,0.56949999808,1.472374997696,0.9375009279999986
5.294500000000001e-06,23.749996544,0.56949999808,1.47487499744,0.9375009279999986
5.295e-06,23.749996544,0.57574999744,1.476124997312,0.9375009279999986
5.2955e-06,22.968746496,0.56949999808,1.477374997184,0.6250009599999995
5.296000000000001e-06,23.749996544,0.57574999744,1.476124997312,0.9375009279999986
5.2965e-06,23.749996544,0.56949999808,1.478624997056,0.9375009279999986
5.297e-06,23.749996544,0.56949999808,1.477374997184,0.9375009279999986
5.2975000000000005e-06,23.749996544,0.56949999808,1.47487499744,1.2500008959999995
5.298e-06,23.749996544,0.56949999808,1.476124997312,0.9375009279999986
5.2985e-06,22.968746496,0.57574999744,1.476124997312,0.9375009279999986
5.2990000000000004e-06,23.749996544,0.56949999808,1.477374997184,1.2500008959999995
5.299500000000001e-06,22.968746496,0.56949999808,1.478624997056,1.2500008959999995
5.3e-06,22.968746496,0.56949999808,1.476124997312,1.2500008959999995
5.3005e-06,22.968746496,0.57574999744,1.476124997312,0.9375009279999986
5.3010000000000006e-06,23.749996544,0.56949999808,1.47487499744,1.2500008959999995
5.3015e-06,22.968746496,0.57574999744,1.473624997568,0.9375009279999986
5.302e-06,23.749996544,0.5632499987199999,1.476124997312,1.2500008959999995
5.3025000000000005e-06,23.749996544,0.56949999808,1.478624997056,0.9375009279999986
5.303000000000001e-06,24.531246592000002,0.56949999808,1.476124997312,0.9375009279999986
5.3035e-06,23.749996544,0.56949999808,1.47487499744,1.2500008959999995
5.304e-06,23.749996544,0.56949999808,1.47487499744,0.9375009279999986
5.304500000000001e-06,23.749996544,0.56949999808,1.477374997184,0.9375009279999986
5.305e-06,22.968746496,0.56949999808,1.477374997184,0.9375009279999986
5.3055e-06,23.749996544,0.56949999808,1.47487499744,1.2500008959999995
5.3060000000000005e-06,23.749996544,0.57574999744,1.473624997568,1.2500008959999995
5.3065e-06,23.749996544,0.56949999808,1.47487499744,0.9375009279999986
5.307e-06,23.749996544,0.56949999808,1.477374997184,1.2500008959999995
5.3075000000000004e-06,22.968746496,0.56949999808,1.477374997184,1.2500008959999995
5.308000000000001e-06,22.968746496,0.56949999808,1.473624997568,1.2500008959999995
5.3085e-06,22.968746496,0.56949999808,1.47487499744,1.2500008959999995
5.309e-06,23.749996544,0.56949999808,1.476124997312,1.2500008959999995
5.309500000000001e-06,22.968746496,0.56949999808,1.476124997312,0.9375009279999986
5.31e-06,23.749996544,0.56949999808,1.476124997312,1.2500008959999995
5.3105e-06,23.749996544,0.56949999808,1.478624997056,1.2500008959999995
5.3110000000000005e-06,23.749996544,0.56949999808,1.47487499744,0.9375009279999986
5.311500000000001e-06,23.749996544,0.56949999808,1.476124997312,0.9375009279999986
5.312e-06,23.749996544,0.57574999744,1.476124997312,0.9375009279999986
5.3125e-06,23.749996544,0.56949999808,1.477374997184,0.9375009279999986
5.313000000000001e-06,22.968746496,0.56949999808,1.479874996928,1.2500008959999995
5.3135e-06,23.749996544,0.56949999808,1.477374997184,1.2500008959999995
5.314e-06,23.749996544,0.56949999808,1.473624997568,1.2500008959999995
5.3145000000000005e-06,23.749996544,0.56949999808,1.472374997696,1.2500008959999995
5.315e-06,23.749996544,0.56949999808,1.473624997568,1.2500008959999995
5.3155e-06,22.968746496,0.56949999808,1.47487499744,1.5625008640000004
5.3160000000000004e-06,22.968746496,0.56949999808,1.47487499744,1.2500008959999995
5.316500000000001e-06,22.968746496,0.5632499987199999,1.47487499744,0.9375009279999986
5.317e-06,23.749996544,0.56949999808,1.47487499744,1.2500008959999995
5.3175e-06,23.749996544,0.56949999808,1.473624997568,1.2500008959999995
5.318000000000001e-06,23.749996544,0.56949999808,1.472374997696,1.2500008959999995
5.3185e-06,22.968746496,0.56949999808,1.472374997696,1.2500008959999995
5.319e-06,23.749996544,0.56949999808,1.472374997696,1.2500008959999995
5.3195000000000005e-06,22.968746496,0.5632499987199999,1.472374997696,1.2500008959999995
5.320000000000001e-06,23.749996544,0.57574999744,1.469874997952,1.2500008959999995
5.3205e-06,23.749996544,0.56949999808,1.472374997696,1.2500008959999995
5.321e-06,22.968746496,0.56949999808,1.472374997696,1.2500008959999995
5.321500000000001e-06,23.749996544,0.56949999808,1.472374997696,1.2500008959999995
5.322e-06,23.749996544,0.57574999744,1.472374997696,1.2500008959999995
5.3225e-06,22.968746496,0.56949999808,1.47487499744,1.2500008959999995
5.3230000000000005e-06,23.749996544,0.57574999744,1.477374997184,1.2500008959999995
5.3235e-06,22.968746496,0.56949999808,1.478624997056,1.5625008640000004
5.324e-06,23.749996544,0.56949999808,1.477374997184,1.2500008959999995
5.3245000000000004e-06,23.749996544,0.57574999744,1.477374997184,0.9375009279999986
5.325000000000001e-06,23.749996544,0.56949999808,1.477374997184,1.5625008640000004
5.3255e-06,23.749996544,0.56949999808,1.478624997056,1.2500008959999995
5.326e-06,23.749996544,0.56949999808,1.479874996928,1.2500008959999995
5.326500000000001e-06,23.749996544,0.56949999808,1.477374997184,1.2500008959999995
5.327e-06,22.968746496,0.57574999744,1.473624997568,1.2500008959999995
5.3275e-06,23.749996544,0.56949999808,1.473624997568,0.9375009279999986
5.3280000000000005e-06,23.749996544,0.57574999744,1.473624997568,1.2500008959999995
5.328500000000001e-06,23.749996544,0.56949999808,1.476124997312,1.2500008959999995
5.329e-06,23.749996544,0.56949999808,1.477374997184,1.2500008959999995
5.3295e-06,23.749996544,0.57574999744,1.478624997056,1.2500008959999995
5.330000000000001e-06,23.749996544,0.56949999808,1.478624997056,1.2500008959999995
5.3305e-06,23.749996544,0.56949999808,1.476124997312,1.2500008959999995
5.331e-06,23.749996544,0.5819999967999999,1.476124997312,1.2500008959999995
5.3315000000000005e-06,23.749996544,0.5819999967999999,1.473624997568,1.2500008959999995
5.332e-06,23.749996544,0.57574999744,1.47487499744,1.2500008959999995
5.3325e-06,23.749996544,0.57574999744,1.47487499744,0.9375009279999986
5.3330000000000004e-06,23.749996544,0.56949999808,1.473624997568,1.2500008959999995
5.333500000000001e-06,22.968746496,0.56949999808,1.473624997568,1.2500008959999995
5.334e-06,23.749996544,0.56949999808,1.476124997312,0.9375009279999986
5.3345e-06,23.749996544,0.56949999808,1.476124997312,0.9375009279999986
5.335000000000001e-06,22.968746496,0.57574999744,1.47487499744,1.2500008959999995
5.3355e-06,22.968746496,0.56949999808,1.47487499744,1.2500008959999995
5.336e-06,23.749996544,0.56949999808,1.473624997568,1.2500008959999995
5.3365000000000005e-06,23.749996544,0.56949999808,1.476124997312,1.2500008959999995
5.337000000000001e-06,22.968746496,0.56949999808,1.47487499744,1.2500008959999995
5.3375e-06,23.749996544,0.57574999744,1.473624997568,1.2500008959999995
5.338e-06,23.749996544,0.56949999808,1.473624997568,1.2500008959999995
5.338500000000001e-06,23.749996544,0.56949999808,1.473624997568,0.9375009279999986
5.339e-06,23.749996544,0.56949999808,1.473624997568,1.2500008959999995
5.3395e-06,23.749996544,0.57574999744,1.47487499744,1.2500008959999995
5.3400000000000005e-06,23.749996544,0.57574999744,1.47487499744,1.2500008959999995
5.3405e-06,23.749996544,0.57574999744,1.47487499744,1.2500008959999995
5.341e-06,23.749996544,0.57574999744,1.47487499744,1.2500008959999995
5.3415000000000004e-06,23.749996544,0.56949999808,1.473624997568,1.2500008959999995
5.342000000000001e-06,23.749996544,0.5632499987199999,1.47487499744,1.2500008959999995
5.3425e-06,23.749996544,0.56949999808,1.477374997184,1.2500008959999995
5.343e-06,23.749996544,0.57574999744,1.47487499744,0.9375009279999986
5.343500000000001e-06,23.749996544,0.57574999744,1.47487499744,1.2500008959999995
5.344e-06,23.749996544,0.57574999744,1.473624997568,1.2500008959999995
5.3445e-06,23.749996544,0.56949999808,1.477374997184,1.2500008959999995
5.3450000000000005e-06,22.968746496,0.56949999808,1.477374997184,1.2500008959999995
5.345500000000001e-06,23.749996544,0.56949999808,1.476124997312,1.2500008959999995
5.346e-06,24.531246592000002,0.57574999744,1.476124997312,1.2500008959999995
5.3465e-06,23.749996544,0.57574999744,1.47487499744,1.2500008959999995
5.347000000000001e-06,23.749996544,0.5819999967999999,1.473624997568,1.2500008959999995
5.3475e-06,23.749996544,0.56949999808,1.473624997568,1.2500008959999995
5.348e-06,23.749996544,0.56949999808,1.472374997696,1.2500008959999995
5.3485000000000005e-06,23.749996544,0.5819999967999999,1.473624997568,0.9375009279999986
5.349e-06,23.749996544,0.57574999744,1.473624997568,1.5625008640000004
5.3495e-06,22.968746496,0.57574999744,1.472374997696,1.2500008959999995
5.3500000000000004e-06,23.749996544,0.56949999808,1.472374997696,1.5625008640000004
5.350500000000001e-06,23.749996544,0.56949999808,1.473624997568,1.5625008640000004
5.351e-06,23.749996544,0.56949999808,1.47487499744,1.2500008959999995
5.3515e-06,23.749996544,0.56949999808,1.476124997312,1.2500008959999995
5.352000000000001e-06,24.531246592000002,0.5632499987199999,1.47487499744,1.2500008959999995
5.3525e-06,24.531246592000002,0.56949999808,1.47487499744,1.2500008959999995
5.353e-06,23.749996544,0.57574999744,1.473624997568,1.5625008640000004
5.3535000000000005e-06,23.749996544,0.57574999744,1.47487499744,1.5625008640000004
5.354000000000001e-06,23.749996544,0.56949999808,1.47487499744,1.2500008959999995
5.3545e-06,22.968746496,0.56949999808,1.476124997312,1.2500008959999995
5.355e-06,23.749996544,0.56949999808,1.476124997312,1.5625008640000004
5.355500000000001e-06,23.749996544,0.56949999808,1.47487499744,1.5625008640000004
5.356e-06,23.749996544,0.56949999808,1.473624997568,1.5625008640000004
5.3565e-06,23.749996544,0.57574999744,1.47487499744,1.2500008959999995
5.3570000000000005e-06,23.749996544,0.57574999744,1.476124997312,1.5625008640000004
5.3575e-06,23.749996544,0.56949999808,1.47487499744,1.2500008959999995
5.358e-06,24.531246592000002,0.5632499987199999,1.473624997568,1.2500008959999995
5.3585000000000004e-06,23.749996544,0.57574999744,1.47487499744,1.5625008640000004
5.359000000000001e-06,22.968746496,0.56949999808,1.47487499744,1.2500008959999995
5.3595e-06,22.968746496,0.56949999808,1.476124997312,1.2500008959999995
5.36e-06,24.531246592000002,0.56949999808,1.473624997568,1.2500008959999995
5.360500000000001e-06,23.749996544,0.56949999808,1.473624997568,1.2500008959999995
5.361e-06,22.968746496,0.56949999808,1.473624997568,1.2500008959999995
5.3615e-06,23.749996544,0.56949999808,1.476124997312,1.2500008959999995
5.3620000000000005e-06,23.749996544,0.56949999808,1.476124997312,1.5625008640000004
5.362500000000001e-06,22.968746496,0.57574999744,1.47487499744,1.2500008959999995
5.363e-06,22.968746496,0.56949999808,1.47487499744,1.2500008959999995
5.3635e-06,23.749996544,0.56949999808,1.47487499744,1.2500008959999995
5.364000000000001e-06,23.749996544,0.56949999808,1.47487499744,1.2500008959999995
5.3645e-06,23.749996544,0.56949999808,1.476124997312,1.2500008959999995
5.365e-06,23.749996544,0.56949999808,1.476124997312,1.2500008959999995
5.3655000000000006e-06,23.749996544,0.56949999808,1.476124997312,0.9375009279999986
5.366e-06,23.749996544,0.56949999808,1.476124997312,1.2500008959999995
5.3665e-06,23.749996544,0.56949999808,1.476124997312,1.2500008959999995
5.3670000000000005e-06,23.749996544,0.56949999808,1.476124997312,1.2500008959999995
5.367500000000001e-06,23.749996544,0.57574999744,1.477374997184,0.9375009279999986
5.368e-06,23.749996544,0.57574999744,1.47487499744,1.2500008959999995
5.3685e-06,23.749996544,0.57574999744,1.476124997312,1.2500008959999995
5.369000000000001e-06,22.968746496,0.56949999808,1.476124997312,1.2500008959999995
5.3695e-06,22.968746496,0.57574999744,1.47487499744,1.5625008640000004
5.37e-06,23.749996544,0.57574999744,1.476124997312,1.5625008640000004
5.3705000000000005e-06,23.749996544,0.57574999744,1.477374997184,1.2500008959999995
5.371000000000001e-06,22.968746496,0.57574999744,1.477374997184,1.5625008640000004
5.3715e-06,22.968746496,0.56949999808,1.476124997312,1.5625008640000004
5.372e-06,23.749996544,0.57574999744,1.47487499744,1.5625008640000004
5.372500000000001e-06,23.749996544,0.57574999744,1.476124997312,1.5625008640000004
5.373e-06,23.749996544,0.57574999744,1.472374997696,1.5625008640000004
5.3735e-06,23.749996544,0.56949999808,1.471124997824,0.9375009279999986
5.3740000000000006e-06,23.749996544,0.57574999744,1.472374997696,1.5625008640000004
5.3745e-06,23.749996544,0.57574999744,1.473624997568,1.8750008319999996
5.375e-06,22.968746496,0.56949999808,1.47487499744,1.2500008959999995
5.3755000000000005e-06,23.749996544,0.56949999808,1.47487499744,1.2500008959999995
5.376000000000001e-06,23.749996544,0.57574999744,1.473624997568,1.2500008959999995
5.3765e-06,23.749996544,0.5632499987199999,1.473624997568,1.2500008959999995
5.377e-06,22.968746496,0.56949999808,1.472374997696,1.2500008959999995
5.377500000000001e-06,22.968746496,0.56949999808,1.47487499744,1.2500008959999995
5.378e-06,23.749996544,0.56949999808,1.476124997312,1.2500008959999995
5.3785e-06,23.749996544,0.5632499987199999,1.473624997568,0.9375009279999986
5.3790000000000005e-06,23.749996544,0.56949999808,1.471124997824,1.5625008640000004
5.379500000000001e-06,23.749996544,0.56949999808,1.471124997824,1.5625008640000004
5.38e-06,22.968746496,0.56949999808,1.472374997696,1.5625008640000004
5.3805e-06,23.749996544,0.57574999744,1.473624997568,1.5625008640000004
5.381000000000001e-06,23.749996544,0.56949999808,1.473624997568,1.2500008959999995
5.3815e-06,23.749996544,0.57574999744,1.471124997824,1.2500008959999995
5.382e-06,22.968746496,0.56949999808,1.471124997824,1.5625008640000004
5.3825000000000006e-06,23.749996544,0.56949999808,1.473624997568,1.5625008640000004
5.383e-06,23.749996544,0.56949999808,1.47487499744,1.5625008640000004
5.3835e-06,23.749996544,0.56949999808,1.47487499744,1.2500008959999995
5.3840000000000005e-06,23.749996544,0.57574999744,1.47487499744,1.5625008640000004
5.384500000000001e-06,23.749996544,0.57574999744,1.473624997568,1.2500008959999995
5.385e-06,22.968746496,0.56949999808,1.473624997568,1.5625008640000004
5.3855e-06,23.749996544,0.56949999808,1.473624997568,1.2500008959999995
5.386000000000001e-06,23.749996544,0.57574999744,1.47487499744,1.2500008959999995
5.3865e-06,22.968746496,0.57574999744,1.473624997568,1.2500008959999995
5.387e-06,23.749996544,0.5819999967999999,1.473624997568,1.5625008640000004
5.3875000000000005e-06,23.749996544,0.5632499987199999,1.471124997824,1.5625008640000004
5.388e-06,22.968746496,0.57574999744,1.4686249980800001,1.5625008640000004
5.3885e-06,23.749996544,0.57574999744,1.472374997696,0.9375009279999986
5.389e-06,23.749996544,0.57574999744,1.47487499744,1.2500008959999995
5.389500000000001e-06,23.749996544,0.57574999744,1.473624997568,1.2500008959999995
5.39e-06,23.749996544,0.56949999808,1.476124997312,1.5625008640000004
5.3905e-06,23.749996544,0.57574999744,1.477374997184,1.5625008640000004
5.3910000000000006e-06,23.749996544,0.57574999744,1.473624997568,1.5625008640000004
5.3915e-06,24.531246592000002,0.57574999744,1.473624997568,1.2500008959999995
5.392e-06,23.749996544,0.57574999744,1.472374997696,1.2500008959999995
5.3925000000000005e-06,23.749996544,0.57574999744,1.472374997696,1.2500008959999995
5.393000000000001e-06,22.968746496,0.56949999808,1.471124997824,1.2500008959999995
5.3935e-06,23.749996544,0.57574999744,1.469874997952,1.2500008959999995
5.394e-06,23.749996544,0.57574999744,1.471124997824,0.9375009279999986
5.394500000000001e-06,23.749996544,0.57574999744,1.473624997568,1.2500008959999995
5.395e-06,23.749996544,0.57574999744,1.473624997568,1.5625008640000004
5.3955e-06,23.749996544,0.56949999808,1.47487499744,1.5625008640000004
5.3960000000000005e-06,23.749996544,0.56949999808,1.47487499744,1.5625008640000004
5.3965e-06,23.749996544,0.57574999744,1.476124997312,1.2500008959999995
5.397e-06,23.749996544,0.5819999967999999,1.476124997312,1.2500008959999995
5.3975e-06,23.749996544,0.57574999744,1.47487499744,1.2500008959999995
5.398000000000001e-06,22.968746496,0.56949999808,1.47487499744,1.5625008640000004
5.3985e-06,23.749996544,0.56949999808,1.476124997312,1.5625008640000004
5.399e-06,23.749996544,0.56949999808,1.47487499744,1.5625008640000004
5.3995000000000006e-06,23.749996544,0.56949999808,1.476124997312,0.9375009279999986
5.4e-06,23.749996544,0.57574999744,1.47487499744,1.5625008640000004
5.4005e-06,23.749996544,0.56949999808,1.476124997312,1.2500008959999995
5.4010000000000005e-06,22.968746496,0.56949999808,1.47487499744,1.2500008959999995
5.401500000000001e-06,22.968746496,0.56949999808,1.473624997568,1.5625008640000004
5.402e-06,23.749996544,0.56949999808,1.473624997568,1.2500008959999995
5.4025e-06,22.968746496,0.56949999808,1.476124997312,1.2500008959999995
5.403000000000001e-06,22.968746496,0.56949999808,1.476124997312,1.2500008959999995
5.4035e-06,23.749996544,0.56949999808,1.47487499744,1.5625008640000004
5.404e-06,23.749996544,0.57574999744,1.473624997568,1.5625008640000004
5.4045000000000005e-06,23.749996544,0.57574999744,1.477374997184,1.5625008640000004
5.405e-06,23.749996544,0.57574999744,1.476124997312,1.5625008640000004
5.4055e-06,23.749996544,0.57574999744,1.473624997568,1.2500008959999995
5.406e-06,23.749996544,0.56949999808,1.472374997696,1.5625008640000004
5.406500000000001e-06,23.749996544,0.56949999808,1.472374997696,1.5625008640000004
5.407e-06,23.749996544,0.56949999808,1.472374997696,1.5625008640000004
5.4075e-06,22.968746496,0.56949999808,1.473624997568,1.2500008959999995
5.4080000000000006e-06,24.531246592000002,0.56949999808,1.472374997696,1.2500008959999995
5.4085e-06,23.749996544,0.56949999808,1.473624997568,1.2500008959999995
5.409e-06,23.749996544,0.56949999808,1.473624997568,1.5625008640000004
5.4095000000000005e-06,23.749996544,0.56949999808,1.473624997568,1.5625008640000004
5.410000000000001e-06,23.749996544,0.56949999808,1.47487499744,1.2500008959999995
5.4105e-06,22.968746496,0.56949999808,1.47487499744,1.2500008959999995
5.411e-06,23.749996544,0.57574999744,1.47487499744,1.5625008640000004
5.411500000000001e-06,23.749996544,0.56949999808,1.477374997184,1.5625008640000004
5.412e-06,23.749996544,0.56949999808,1.477374997184,1.5625008640000004
5.4125e-06,23.749996544,0.56949999808,1.477374997184,0.9375009279999986
5.4130000000000005e-06,23.749996544,0.56949999808,1.476124997312,1.2500008959999995
5.4135e-06,23.749996544,0.56949999808,1.476124997312,1.2500008959999995
5.414e-06,22.968746496,0.56949999808,1.476124997312,1.5625008640000004
5.4145e-06,23.749996544,0.56949999808,1.473624997568,1.5625008640000004
5.415000000000001e-06,23.749996544,0.56949999808,1.472374997696,1.5625008640000004
5.4155e-06,23.749996544,0.56949999808,1.471124997824,1.2500008959999995
5.416e-06,23.749996544,0.56949999808,1.469874997952,1.5625008640000004
5.4165000000000006e-06,23.749996544,0.5632499987199999,1.473624997568,1.2500008959999995
5.417e-06,22.968746496,0.56949999808,1.473624997568,1.5625008640000004
5.4175e-06,22.968746496,0.56949999808,1.477374997184,1.5625008640000004
5.4180000000000005e-06,23.749996544,0.57574999744,1.477374997184,1.5625008640000004
5.418500000000001e-06,22.968746496,0.57574999744,1.479874996928,1.2500008959999995
5.419e-06,23.749996544,0.56949999808,1.4811249968,1.5625008640000004
5.4195e-06,22.968746496,0.56949999808,1.478624997056,1.5625008640000004
5.420000000000001e-06,23.749996544,0.57574999744,1.477374997184,1.5625008640000004
5.4205e-06,23.749996544,0.57574999744,1.479874996928,1.5625008640000004
5.421e-06,23.749996544,0.56949999808,1.478624997056,1.5625008640000004
5.4215000000000005e-06,22.968746496,0.56949999808,1.47487499744,1.2500008959999995
5.422e-06,23.749996544,0.56949999808,1.476124997312,1.2500008959999995
5.4225e-06,23.749996544,0.56949999808,1.478624997056,1.5625008640000004
5.4230000000000004e-06,22.968746496,0.56949999808,1.478624997056,1.5625008640000004
5.423500000000001e-06,23.749996544,0.56949999808,1.478624997056,1.2500008959999995
5.424e-06,23.749996544,0.57574999744,1.476124997312,1.2500008959999995
5.4245e-06,23.749996544,0.56949999808,1.477374997184,0.9375009279999986
5.4250000000000006e-06,23.749996544,0.56949999808,1.477374997184,1.2500008959999995
5.4255e-06,23.749996544,0.57574999744,1.476124997312,1.2500008959999995
5.426e-06,23.749996544,0.57574999744,1.47487499744,1.2500008959999995
5.4265000000000005e-06,23.749996544,0.57574999744,1.47487499744,1.2500008959999995
5.427000000000001e-06,23.749996544,0.57574999744,1.476124997312,1.5625008640000004
5.4275e-06,22.968746496,0.56949999808,1.476124997312,1.5625008640000004
5.428e-06,22.187496448000005,0.57574999744,1.47487499744,1.5625008640000004
5.428500000000001e-06,22.968746496,0.57574999744,1.479874996928,1.5625008640000004
5.429e-06,23.749996544,0.56949999808,1.478624997056,1.5625008640000004
5.4295e-06,22.968746496,0.56949999808,1.477374997184,1.2500008959999995
5.4300000000000005e-06,23.749996544,0.56949999808,1.476124997312,1.5625008640000004
5.4305e-06,23.749996544,0.56949999808,1.476124997312,1.5625008640000004
5.431e-06,22.968746496,0.56949999808,1.47487499744,1.5625008640000004
5.4315000000000004e-06,22.968746496,0.5632499987199999,1.476124997312,1.5625008640000004
5.432000000000001e-06,22.968746496,0.5632499987199999,1.47487499744,1.2500008959999995
5.4325e-06,23.749996544,0.5632499987199999,1.476124997312,1.2500008959999995
5.433e-06,22.968746496,0.5632499987199999,1.476124997312,1.2500008959999995
5.433500000000001e-06,23.749996544,0.56949999808,1.476124997312,1.2500008959999995
5.434e-06,23.749996544,0.56949999808,1.477374997184,1.2500008959999995
5.4345e-06,23.749996544,0.57574999744,1.477374997184,1.5625008640000004
5.4350000000000005e-06,23.749996544,0.57574999744,1.478624997056,1.5625008640000004
5.435500000000001e-06,22.968746496,0.56949999808,1.479874996928,1.5625008640000004
5.436e-06,22.187496448000005,0.56949999808,1.476124997312,1.5625008640000004
5.4365e-06,23.749996544,0.56949999808,1.47487499744,1.5625008640000004
5.437000000000001e-06,23.749996544,0.56949999808,1.47487499744,1.2500008959999995
5.4375e-06,22.968746496,0.57574999744,1.476124997312,1.2500008959999995
5.438e-06,22.968746496,0.56949999808,1.477374997184,1.5625008640000004
5.4385000000000005e-06,22.968746496,0.57574999744,1.478624997056,1.8750008319999996
5.439e-06,23.749996544,0.57574999744,1.476124997312,1.5625008640000004
5.4395e-06,22.968746496,0.56949999808,1.476124997312,1.2500008959999995
5.4400000000000004e-06,23.749996544,0.56949999808,1.476124997312,1.2500008959999995
5.440500000000001e-06,23.749996544,0.57574999744,1.477374997184,1.2500008959999995
5.441e-06,22.968746496,0.56949999808,1.47487499744,1.5625008640000004
5.4415e-06,23.749996544,0.56949999808,1.473624997568,1.2500008959999995
5.442000000000001e-06,24.531246592000002,0.56949999808,1.47487499744,1.2500008959999995
5.4425e-06,22.968746496,0.5632499987199999,1.476124997312,1.2500008959999995
5.443e-06,22.968746496,0.57574999744,1.477374997184,1.5625008640000004
5.4435000000000005e-06,22.968746496,0.56949999808,1.477374997184,1.2500008959999995
5.444000000000001e-06,22.968746496,0.57574999744,1.472374997696,1.5625008640000004
5.4445e-06,23.749996544,0.56949999808,1.471124997824,1.5625008640000004
5.445e-06,24.531246592000002,0.57574999744,1.472374997696,1.5625008640000004
5.445500000000001e-06,22.968746496,0.56949999808,1.473624997568,1.2500008959999995
5.446e-06,23.749996544,0.56949999808,1.473624997568,1.5625008640000004
5.4465e-06,23.749996544,0.5632499987199999,1.47487499744,1.5625008640000004
5.4470000000000005e-06,23.749996544,0.56949999808,1.476124997312,1.5625008640000004
5.4475e-06,23.749996544,0.5632499987199999,1.476124997312,1.2500008959999995
5.448e-06,23.749996544,0.56949999808,1.47487499744,1.2500008959999995
5.4485000000000004e-06,23.749996544,0.5632499987199999,1.476124997312,1.2500008959999995
5.449000000000001e-06,22.968746496,0.56949999808,1.473624997568,1.2500008959999995
5.4495e-06,23.749996544,0.56949999808,1.473624997568,1.5625008640000004
5.45e-06,23.749996544,0.56949999808,1.47487499744,1.2500008959999995
5.450500000000001e-06,23.749996544,0.56949999808,1.47487499744,1.5625008640000004
5.451e-06,23.749996544,0.56949999808,1.47487499744,1.5625008640000004
5.4515e-06,22.968746496,0.56949999808,1.47487499744,1.5625008640000004
5.4520000000000005e-06,23.749996544,0.56949999808,1.473624997568,1.5625008640000004
5.452500000000001e-06,23.749996544,0.57574999744,1.476124997312,1.5625008640000004
5.453e-06,23.749996544,0.56949999808,1.476124997312,1.5625008640000004
5.4535e-06,22.968746496,0.56949999808,1.476124997312,1.2500008959999995
5.454000000000001e-06,23.749996544,0.57574999744,1.476124997312,1.5625008640000004
5.4545e-06,23.749996544,0.57574999744,1.47487499744,1.5625008640000004
5.455e-06,23.749996544,0.57574999744,1.472374997696,1.5625008640000004
5.4555000000000005e-06,22.968746496,0.56949999808,1.471124997824,1.2500008959999995
5.456e-06,22.968746496,0.56949999808,1.471124997824,1.5625008640000004
5.4565e-06,23.749996544,0.56949999808,1.473624997568,1.2500008959999995
5.4570000000000004e-06,23.749996544,0.56949999808,1.472374997696,1.5625008640000004
5.457500000000001e-06,23.749996544,0.57574999744,1.473624997568,1.5625008640000004
5.458e-06,22.968746496,0.56949999808,1.476124997312,1.5625008640000004
5.4585e-06,22.968746496,0.56949999808,1.47487499744,1.2500008959999995
5.459000000000001e-06,23.749996544,0.56949999808,1.47487499744,1.5625008640000004
5.4595e-06,23.749996544,0.57574999744,1.47487499744,1.5625008640000004
5.46e-06,23.749996544,0.57574999744,1.473624997568,1.5625008640000004
5.4605000000000005e-06,23.749996544,0.56949999808,1.47487499744,1.5625008640000004
5.461000000000001e-06,23.749996544,0.57574999744,1.472374997696,1.5625008640000004
5.4615e-06,23.749996544,0.57574999744,1.471124997824,1.2500008959999995
5.462e-06,22.968746496,0.57574999744,1.473624997568,1.5625008640000004
5.462500000000001e-06,22.968746496,0.57574999744,1.47487499744,1.5625008640000004
5.463e-06,22.968746496,0.57574999744,1.473624997568,1.2500008959999995
5.4635e-06,23.749996544,0.57574999744,1.476124997312,1.2500008959999995
5.4640000000000005e-06,23.749996544,0.57574999744,1.47487499744,1.5625008640000004
5.4645e-06,23.749996544,0.56949999808,1.477374997184,1.2500008959999995
5.465e-06,23.749996544,0.56949999808,1.476124997312,1.2500008959999995
5.4655000000000004e-06,23.749996544,0.56949999808,1.47487499744,1.2500008959999995
5.466000000000001e-06,24.531246592000002,0.56949999808,1.473624997568,1.2500008959999995
5.4665e-06,23.749996544,0.56949999808,1.472374997696,1.2500008959999995
5.467e-06,23.749996544,0.57574999744,1.472374997696,1.2500008959999995
5.467500000000001e-06,23.749996544,0.57574999744,1.473624997568,1.2500008959999995
5.468e-06,23.749996544,0.56949999808,1.47487499744,1.5625008640000004
5.4685e-06,23.749996544,0.57574999744,1.473624997568,1.2500008959999995
5.4690000000000005e-06,23.749996544,0.57574999744,1.472374997696,1.5625008640000004
5.469500000000001e-06,23.749996544,0.56949999808,1.47487499744,1.2500008959999995
5.47e-06,23.749996544,0.56949999808,1.476124997312,1.5625008640000004
5.4705e-06,22.968746496,0.56949999808,1.473624997568,1.5625008640000004
5.471000000000001e-06,23.749996544,0.56949999808,1.473624997568,1.5625008640000004
5.4715e-06,23.749996544,0.56949999808,1.47487499744,1.2500008959999995
5.472e-06,22.968746496,0.57574999744,1.472374997696,1.2500008959999995
5.4725000000000005e-06,23.749996544,0.56949999808,1.472374997696,1.2500008959999995
5.473e-06,22.968746496,0.56949999808,1.472374997696,1.5625008640000004
5.4735e-06,22.968746496,0.57574999744,1.472374997696,1.5625008640000004
5.4740000000000004e-06,23.749996544,0.56949999808,1.472374997696,1.8750008319999996
5.474500000000001e-06,23.749996544,0.56949999808,1.473624997568,1.2500008959999995
5.475e-06,22.968746496,0.56949999808,1.47487499744,1.5625008640000004
5.4755e-06,22.968746496,0.56949999808,1.477374997184,1.5625008640000004
5.476000000000001e-06,23.749996544,0.56949999808,1.476124997312,1.8750008319999996
5.4765e-06,23.749996544,0.56949999808,1.477374997184,1.5625008640000004
5.477e-06,24.531246592000002,0.56949999808,1.478624997056,1.5625008640000004
5.4775000000000005e-06,23.749996544,0.57574999744,1.477374997184,1.2500008959999995
5.478000000000001e-06,23.749996544,0.56949999808,1.476124997312,1.5625008640000004
5.4785e-06,23.749996544,0.57574999744,1.476124997312,1.5625008640000004
5.479e-06,23.749996544,0.57574999744,1.473624997568,1.5625008640000004
5.479500000000001e-06,23.749996544,0.56949999808,1.477374997184,1.2500008959999995
5.48e-06,22.968746496,0.57574999744,1.477374997184,1.2500008959999995
5.4805e-06,23.749996544,0.56949999808,1.479874996928,1.2500008959999995
5.4810000000000005e-06,23.749996544,0.56949999808,1.476124997312,1.5625008640000004
5.4815e-06,23.749996544,0.57574999744,1.478624997056,1.5625008640000004
5.482e-06,23.749996544,0.56949999808,1.479874996928,1.5625008640000004
5.4825000000000004e-06,24.531246592000002,0.5632499987199999,1.478624997056,1.2500008959999995
5.483000000000001e-06,23.749996544,0.56949999808,1.478624997056,1.8750008319999996
5.4835e-06,23.749996544,0.57574999744,1.478624997056,1.5625008640000004
5.484e-06,23.749996544,0.56949999808,1.476124997312,1.2500008959999995
5.484500000000001e-06,23.749996544,0.57574999744,1.476124997312,1.2500008959999995
5.485e-06,23.749996544,0.56949999808,1.476124997312,1.2500008959999995
5.4855e-06,23.749996544,0.57574999744,1.47487499744,1.2500008959999995
5.4860000000000005e-06,23.749996544,0.56949999808,1.476124997312,1.5625008640000004
5.486500000000001e-06,23.749996544,0.56949999808,1.479874996928,1.8750008319999996
5.487e-06,23.749996544,0.57574999744,1.476124997312,1.5625008640000004
5.4875e-06,23.749996544,0.57574999744,1.47487499744,1.2500008959999995
5.488000000000001e-06,23.749996544,0.57574999744,1.476124997312,1.5625008640000004
5.4885e-06,23.749996544,0.56949999808,1.477374997184,1.2500008959999995
5.489e-06,22.968746496,0.56949999808,1.473624997568,1.2500008959999995
5.4895000000000006e-06,23.749996544,0.56949999808,1.476124997312,1.8750008319999996
5.49e-06,23.749996544,0.5632499987199999,1.476124997312,1.8750008319999996
5.4905e-06,23.749996544,0.57574999744,1.476124997312,1.2500008959999995
5.4910000000000005e-06,22.968746496,0.57574999744,1.478624997056,1.5625008640000004
5.491500000000001e-06,23.749996544,0.57574999744,1.477374997184,1.8750008319999996
5.492e-06,22.968746496,0.57574999744,1.47487499744,1.8750008319999996
5.4925e-06,23.749996544,0.57574999744,1.47487499744,1.5625008640000004
5.493000000000001e-06,23.749996544,0.56949999808,1.47487499744,1.5625008640000004
5.4935e-06,22.968746496,0.57574999744,1.47487499744,1.5625008640000004
5.494e-06,23.749996544,0.56949999808,1.473624997568,1.5625008640000004
5.4945000000000005e-06,22.968746496,0.57574999744,1.47487499744,1.5625008640000004
5.495000000000001e-06,22.968746496,0.57574999744,1.47487499744,1.5625008640000004
5.4955e-06,23.749996544,0.57574999744,1.476124997312,1.5625008640000004
5.496e-06,23.749996544,0.57574999744,1.47487499744,1.2500008959999995
5.496500000000001e-06,23.749996544,0.5632499987199999,1.476124997312,1.2500008959999995
5.497e-06,23.749996544,0.57574999744,1.476124997312,1.5625008640000004
5.4975e-06,23.749996544,0.57574999744,1.477374997184,1.8750008319999996
5.4980000000000006e-06,23.749996544,0.56949999808,1.47487499744,1.8750008319999996
5.4985e-06,23.749996544,0.56949999808,1.473624997568,1.5625008640000004
5.499e-06,23.749996544,0.56949999808,1.473624997568,1.8750008319999996
5.4995000000000005e-06,22.968746496,0.56949999808,1.476124997312,1.5625008640000004
5.500000000000001e-06,23.749996544,0.57574999744,1.476124997312,1.8750008319999996
5.5005e-06,23.749996544,0.57574999744,1.477374997184,1.5625008640000004
5.501e-06,24.531246592000002,0.56949999808,1.476124997312,1.5625008640000004
5.501500000000001e-06,23.749996544,0.56949999808,1.47487499744,1.2500008959999995
5.502e-06,22.968746496,0.56949999808,1.476124997312,1.8750008319999996
5.5025e-06,22.968746496,0.56949999808,1.477374997184,1.8750008319999996
5.5030000000000005e-06,22.968746496,0.57574999744,1.47487499744,1.5625008640000004
5.503500000000001e-06,22.968746496,0.56949999808,1.473624997568,1.2500008959999995
5.504e-06,22.968746496,0.57574999744,1.47487499744,1.5625008640000004
5.5045e-06,22.187496448000005,0.56949999808,1.47487499744,1.2500008959999995
5.505000000000001e-06,22.968746496,0.57574999744,1.473624997568,1.5625008640000004
5.5055e-06,22.968746496,0.57574999744,1.473624997568,1.8750008319999996
5.506e-06,23.749996544,0.57574999744,1.47487499744,1.8750008319999996
5.5065000000000006e-06,22.968746496,0.56949999808,1.47487499744,1.5625008640000004
5.507e-06,23.749996544,0.5819999967999999,1.47487499744,1.5625008640000004
5.5075e-06,22.968746496,0.56949999808,1.47487499744,1.5625008640000004
5.5080000000000005e-06,22.968746496,0.56949999808,1.47487499744,1.5625008640000004
5.508500000000001e-06,22.187496448000005,0.57574999744,1.476124997312,1.5625008640000004
5.509e-06,23.749996544,0.57574999744,1.47487499744,2.1875007999999996
5.5095e-06,22.968746496,0.57574999744,1.473624997568,1.8750008319999996
5.510000000000001e-06,22.968746496,0.56949999808,1.476124997312,1.5625008640000004
5.5105e-06,22.968746496,0.56949999808,1.473624997568,1.8750008319999996
5.511e-06,22.968746496,0.56949999808,1.473624997568,1.5625008640000004
5.5115000000000005e-06,23.749996544,0.56949999808,1.473624997568,1.5625008640000004
5.512000000000001e-06,23.749996544,0.57574999744,1.47487499744,1.5625008640000004
5.5125e-06,23.749996544,0.57574999744,1.476124997312,1.2500008959999995
5.513e-06,22.968746496,0.56949999808,1.477374997184,1.5625008640000004
5.513500000000001e-06,23.749996544,0.56949999808,1.477374997184,1.5625008640000004
5.514e-06,23.749996544,0.56949999808,1.476124997312,1.2500008959999995
5.5145e-06,23.749996544,0.57574999744,1.47487499744,1.5625008640000004
5.5150000000000006e-06,22.968746496,0.56949999808,1.47487499744,1.8750008319999996
5.5155e-06,23.749996544,0.57574999744,1.47487499744,1.8750008319999996
5.516e-06,23.749996544,0.57574999744,1.47487499744,1.8750008319999996
5.5165000000000005e-06,23.749996544,0.57574999744,1.477374997184,1.5625008640000004
5.517000000000001e-06,23.749996544,0.57574999744,1.476124997312,1.5625008640000004
5.5175e-06,22.968746496,0.57574999744,1.476124997312,1.2500008959999995
5.518e-06,22.968746496,0.56949999808,1.476124997312,1.5625008640000004
5.518500000000001e-06,22.968746496,0.56949999808,1.476124997312,1.5625008640000004
5.519e-06,22.968746496,0.56949999808,1.47487499744,1.8750008319999996
5.5195e-06,23.749996544,0.56949999808,1.47487499744,1.5625008640000004
5.5200000000000005e-06,22.968746496,0.57574999744,1.47487499744,1.5625008640000004
5.520500000000001e-06,23.749996544,0.56949999808,1.477374997184,1.2500008959999995
5.521e-06,22.968746496,0.56949999808,1.476124997312,1.5625008640000004
5.5215e-06,23.749996544,0.57574999744,1.476124997312,1.8750008319999996
5.522000000000001e-06,23.749996544,0.57574999744,1.476124997312,1.5625008640000004
5.5225e-06,23.749996544,0.57574999744,1.47487499744,1.5625008640000004
5.523e-06,23.749996544,0.56949999808,1.47487499744,1.5625008640000004
5.5235000000000006e-06,22.968746496,0.57574999744,1.473624997568,1.5625008640000004
5.524e-06,22.968746496,0.56949999808,1.47487499744,1.8750008319999996
5.5245e-06,22.968746496,0.56949999808,1.478624997056,1.8750008319999996
5.5250000000000005e-06,23.749996544,0.57574999744,1.479874996928,1.8750008319999996
5.525500000000001e-06,22.968746496,0.57574999744,1.479874996928,1.5625008640000004
5.526e-06,23.749996544,0.56949999808,1.478624997056,1.5625008640000004
5.5265e-06,23.749996544,0.56949999808,1.477374997184,1.8750008319999996
5.527000000000001e-06,23.749996544,0.56949999808,1.473624997568,1.5625008640000004
5.5275e-06,23.749996544,0.57574999744,1.47487499744,1.5625008640000004
5.528e-06,23.749996544,0.57574999744,1.47487499744,1.5625008640000004
5.5285000000000005e-06,23.749996544,0.56949999808,1.477374997184,1.5625008640000004
5.529000000000001e-06,23.749996544,0.57574999744,1.476124997312,1.5625008640000004
5.5295e-06,23.749996544,0.57574999744,1.476124997312,1.8750008319999996
5.53e-06,23.749996544,0.5632499987199999,1.477374997184,1.8750008319999996
5.530500000000001e-06,23.749996544,0.5632499987199999,1.477374997184,1.5625008640000004
5.531e-06,23.749996544,0.56949999808,1.477374997184,1.5625008640000004
5.5315e-06,23.749996544,0.56949999808,1.47487499744,1.5625008640000004
5.5320000000000006e-06,23.749996544,0.56949999808,1.473624997568,1.5625008640000004
5.5325e-06,23.749996544,0.57574999744,1.476124997312,1.5625008640000004
5.533e-06,23.749996544,0.56949999808,1.476124997312,1.5625008640000004
5.5335000000000005e-06,23.749996544,0.56949999808,1.476124997312,1.2500008959999995
5.534000000000001e-06,23.749996544,0.5632499987199999,1.476124997312,1.5625008640000004
5.5345e-06,23.749996544,0.5632499987199999,1.477374997184,1.5625008640000004
5.535e-06,23.749996544,0.56949999808,1.47487499744,1.5625008640000004
5.535500000000001e-06,22.968746496,0.56949999808,1.47487499744,1.2500008959999995
5.536e-06,23.749996544,0.57574999744,1.471124997824,1.5625008640000004
5.5365e-06,24.531246592000002,0.56949999808,1.473624997568,1.2500008959999995
5.5370000000000005e-06,22.968746496,0.56949999808,1.47487499744,1.5625008640000004
5.5375e-06,23.749996544,0.56949999808,1.476124997312,1.8750008319999996
5.538e-06,23.749996544,0.57574999744,1.476124997312,1.8750008319999996
5.5385e-06,22.968746496,0.57574999744,1.478624997056,1.5625008640000004
5.539000000000001e-06,23.749996544,0.57574999744,1.479874996928,1.8750008319999996
5.5395e-06,22.968746496,0.56949999808,1.478624997056,1.5625008640000004
5.54e-06,23.749996544,0.56949999808,1.476124997312,1.5625008640000004
5.5405000000000006e-06,23.749996544,0.56949999808,1.477374997184,1.5625008640000004
5.541e-06,23.749996544,0.56949999808,1.478624997056,1.8750008319999996
5.5415e-06,23.749996544,0.56949999808,1.476124997312,1.5625008640000004
5.5420000000000005e-06,23.749996544,0.56949999808,1.476124997312,1.8750008319999996
5.542500000000001e-06,23.749996544,0.56949999808,1.477374997184,1.5625008640000004
5.543e-06,22.968746496,0.57574999744,1.477374997184,1.5625008640000004
5.5435e-06,23.749996544,0.56949999808,1.476124997312,1.5625008640000004
5.544000000000001e-06,23.749996544,0.57574999744,1.47487499744,1.5625008640000004
5.5445e-06,23.749996544,0.57574999744,1.479874996928,1.2500008959999995
5.545e-06,22.968746496,0.57574999744,1.478624997056,1.5625008640000004
5.5455000000000005e-06,22.968746496,0.56949999808,1.477374997184,1.5625008640000004
5.546e-06,23.749996544,0.56949999808,1.477374997184,1.8750008319999996
5.5465e-06,22.968746496,0.57574999744,1.477374997184,1.2500008959999995
5.547e-06,22.968746496,0.5819999967999999,1.477374997184,1.5625008640000004
5.547500000000001e-06,22.968746496,0.57574999744,1.477374997184,1.5625008640000004
5.548e-06,23.749996544,0.57574999744,1.477374997184,1.5625008640000004
5.5485e-06,22.968746496,0.57574999744,1.479874996928,1.5625008640000004
5.5490000000000006e-06,23.749996544,0.56949999808,1.478624997056,1.5625008640000004
5.5495e-06,22.968746496,0.56949999808,1.476124997312,1.5625008640000004
5.55e-06,22.968746496,0.5632499987199999,1.47487499744,1.8750008319999996
5.5505000000000005e-06,22.968746496,0.56949999808,1.47487499744,1.5625008640000004
5.551000000000001e-06,22.968746496,0.56949999808,1.473624997568,1.5625008640000004
5.5515e-06,22.968746496,0.56949999808,1.473624997568,1.2500008959999995
5.552e-06,23.749996544,0.57574999744,1.47487499744,1.5625008640000004
5.552500000000001e-06,23.749996544,0.56949999808,1.476124997312,1.5625008640000004
5.553e-06,22.968746496,0.56949999808,1.472374997696,1.5625008640000004
5.5535e-06,23.749996544,0.56949999808,1.473624997568,1.8750008319999996
5.5540000000000005e-06,23.749996544,0.56949999808,1.476124997312,1.8750008319999996
5.5545e-06,22.968746496,0.57574999744,1.47487499744,1.8750008319999996
5.555e-06,23.749996544,0.56949999808,1.471124997824,1.5625008640000004
5.5555000000000004e-06,23.749996544,0.56949999808,1.471124997824,1.5625008640000004
5.556000000000001e-06,23.749996544,0.56949999808,1.472374997696,1.8750008319999996
5.5565e-06,23.749996544,0.56949999808,1.476124997312,1.5625008640000004
5.557e-06,23.749996544,0.5632499987199999,1.476124997312,1.5625008640000004
5.557500000000001e-06,23.749996544,0.57574999744,1.47487499744,1.8750008319999996
5.558e-06,23.749996544,0.56949999808,1.476124997312,1.8750008319999996
5.5585e-06,23.749996544,0.56949999808,1.477374997184,1.8750008319999996
5.5590000000000005e-06,22.968746496,0.57574999744,1.476124997312,1.5625008640000004
5.559500000000001e-06,22.968746496,0.56949999808,1.476124997312,1.2500008959999995
5.56e-06,22.968746496,0.57574999744,1.476124997312,1.8750008319999996
5.5605e-06,23.749996544,0.56949999808,1.476124997312,1.5625008640000004
5.561000000000001e-06,22.968746496,0.57574999744,1.476124997312,1.5625008640000004
5.5615e-06,23.749996544,0.57574999744,1.473624997568,1.5625008640000004
5.562e-06,23.749996544,0.57574999744,1.472374997696,1.5625008640000004
5.5625000000000005e-06,23.749996544,0.57574999744,1.472374997696,1.5625008640000004
5.563e-06,22.968746496,0.56949999808,1.476124997312,1.5625008640000004
5.5635e-06,23.749996544,0.57574999744,1.476124997312,1.5625008640000004
5.5640000000000004e-06,23.749996544,0.56949999808,1.47487499744,1.5625008640000004
5.564500000000001e-06,23.749996544,0.56949999808,1.476124997312,1.5625008640000004
5.565e-06,24.531246592000002,0.56949999808,1.47487499744,1.8750008319999996
5.5655e-06,23.749996544,0.56949999808,1.473624997568,1.8750008319999996
5.566000000000001e-06,23.749996544,0.56949999808,1.473624997568,1.5625008640000004
5.5665e-06,23.749996544,0.56949999808,1.473624997568,1.5625008640000004
5.567e-06,22.968746496,0.56949999808,1.473624997568,1.8750008319999996
5.5675000000000005e-06,22.968746496,0.56949999808,1.473624997568,1.8750008319999996
5.568000000000001e-06,24.531246592000002,0.57574999744,1.472374997696,1.5625008640000004
5.5685e-06,23.749996544,0.56949999808,1.47487499744,1.2500008959999995
5.569e-06,23.749996544,0.56949999808,1.476124997312,1.5625008640000004
5.569500000000001e-06,23.749996544,0.57574999744,1.476124997312,1.5625008640000004
5.57e-06,23.749996544,0.57574999744,1.47487499744,1.8750008319999996
5.5705e-06,23.749996544,0.57574999744,1.473624997568,1.5625008640000004
5.5710000000000005e-06,23.749996544,0.57574999744,1.472374997696,1.5625008640000004
5.5715e-06,23.749996544,0.5632499987199999,1.47487499744,1.8750008319999996
5.572e-06,22.968746496,0.56949999808,1.47487499744,1.8750008319999996
5.5725000000000004e-06,23.749996544,0.57574999744,1.477374997184,1.8750008319999996
5.573000000000001e-06,23.749996544,0.57574999744,1.476124997312,1.8750008319999996
5.5735e-06,23.749996544,0.57574999744,1.473624997568,1.8750008319999996
5.574e-06,23.749996544,0.56949999808,1.472374997696,1.8750008319999996
5.574500000000001e-06,23.749996544,0.56949999808,1.476124997312,1.8750008319999996
5.575e-06,22.968746496,0.56949999808,1.473624997568,1.5625008640000004
5.5755e-06,23.749996544,0.56949999808,1.471124997824,1.2500008959999995
5.5760000000000005e-06,23.749996544,0.57574999744,1.472374997696,1.8750008319999996
5.576500000000001e-06,23.749996544,0.56949999808,1.478624997056,1.2500008959999995
5.577e-06,22.968746496,0.56949999808,1.478624997056,1.5625008640000004
5.5775e-06,23.749996544,0.57574999744,1.477374997184,1.5625008640000004
5.578000000000001e-06,23.749996544,0.56949999808,1.476124997312,1.5625008640000004
5.5785e-06,22.968746496,0.57574999744,1.47487499744,1.8750008319999996
5.579e-06,23.749996544,0.5819999967999999,1.47487499744,1.8750008319999996
5.5795000000000005e-06,22.968746496,0.57574999744,1.476124997312,1.5625008640000004
5.58e-06,22.968746496,0.56949999808,1.476124997312,1.5625008640000004
5.5805e-06,23.749996544,0.57574999744,1.478624997056,1.5625008640000004
5.5810000000000004e-06,24.531246592000002,0.57574999744,1.476124997312,1.2500008959999995
5.581500000000001e-06,23.749996544,0.57574999744,1.477374997184,1.8750008319999996
5.582e-06,23.749996544,0.57574999744,1.479874996928,1.8750008319999996
5.5825e-06,23.749996544,0.56949999808,1.478624997056,1.8750008319999996
5.583000000000001e-06,23.749996544,0.57574999744,1.476124997312,1.5625008640000004
5.5835e-06,23.749996544,0.57574999744,1.477374997184,1.2500008959999995
5.584e-06,24.531246592000002,0.57574999744,1.476124997312,1.5625008640000004
5.5845000000000005e-06,23.749996544,0.57574999744,1.477374997184,1.5625008640000004
5.585000000000001e-06,23.749996544,0.57574999744,1.47487499744,1.5625008640000004
5.5855e-06,23.749996544,0.57574999744,1.473624997568,1.8750008319999996
5.586e-06,24.531246592000002,0.56949999808,1.473624997568,1.8750008319999996
5.586500000000001e-06,23.749996544,0.56949999808,1.47487499744,1.5625008640000004
5.587e-06,23.749996544,0.56949999808,1.477374997184,1.5625008640000004
5.5875e-06,22.968746496,0.56949999808,1.477374997184,1.5625008640000004
5.5880000000000005e-06,23.749996544,0.56949999808,1.47487499744,1.5625008640000004
5.5885e-06,23.749996544,0.57574999744,1.477374997184,1.5625008640000004
5.589e-06,23.749996544,0.57574999744,1.478624997056,1.5625008640000004
5.5895000000000004e-06,23.749996544,0.56949999808,1.476124997312,1.8750008319999996
5.590000000000001e-06,23.749996544,0.56949999808,1.477374997184,1.8750008319999996
5.5905e-06,23.749996544,0.56949999808,1.478624997056,1.5625008640000004
5.591e-06,23.749996544,0.56949999808,1.476124997312,1.8750008319999996
5.591500000000001e-06,23.749996544,0.56949999808,1.476124997312,1.2500008959999995
5.592e-06,23.749996544,0.57574999744,1.476124997312,1.8750008319999996
5.5925e-06,23.749996544,0.56949999808,1.477374997184,1.2500008959999995
5.5930000000000005e-06,22.968746496,0.56949999808,1.476124997312,1.5625008640000004
5.593500000000001e-06,22.968746496,0.57574999744,1.476124997312,1.8750008319999996
5.594e-06,23.749996544,0.57574999744,1.476124997312,1.2500008959999995
5.5945e-06,22.968746496,0.57574999744,1.477374997184,1.5625008640000004
5.595000000000001e-06,23.749996544,0.5819999967999999,1.476124997312,1.5625008640000004
5.5955e-06,22.968746496,0.56949999808,1.476124997312,1.5625008640000004
5.596e-06,23.749996544,0.56949999808,1.477374997184,1.5625008640000004
5.5965000000000005e-06,23.749996544,0.56949999808,1.478624997056,1.5625008640000004
5.597e-06,23.749996544,0.56949999808,1.477374997184,1.5625008640000004
5.5975e-06,23.749996544,0.56949999808,1.477374997184,1.8750008319999996
5.5980000000000004e-06,23.749996544,0.56949999808,1.476124997312,1.8750008319999996
5.598500000000001e-06,23.749996544,0.56949999808,1.478624997056,1.8750008319999996
5.599e-06,23.749996544,0.56949999808,1.476124997312,1.8750008319999996
5.5995e-06,23.749996544,0.56949999808,1.476124997312,1.5625008640000004
5.600000000000001e-06,23.749996544,0.57574999744,1.47487499744,1.8750008319999996
5.6005e-06,23.749996544,0.56949999808,1.47487499744,1.5625008640000004
5.601e-06,22.968746496,0.56949999808,1.473624997568,1.5625008640000004
5.6015000000000005e-06,23.749996544,0.56949999808,1.473624997568,1.5625008640000004
5.602000000000001e-06,23.749996544,0.57574999744,1.47487499744,1.5625008640000004
5.6025e-06,22.968746496,0.56949999808,1.47487499744,1.5625008640000004
5.603e-06,23.749996544,0.56949999808,1.473624997568,1.8750008319999996
5.603500000000001e-06,22.968746496,0.57574999744,1.473624997568,1.8750008319999996
5.604e-06,22.968746496,0.56949999808,1.47487499744,1.5625008640000004
5.6045e-06,23.749996544,0.56949999808,1.477374997184,1.5625008640000004
5.6050000000000005e-06,24.531246592000002,0.5632499987199999,1.477374997184,1.5625008640000004
5.6055e-06,23.749996544,0.56949999808,1.477374997184,1.8750008319999996
5.606e-06,23.749996544,0.56949999808,1.47487499744,1.5625008640000004
5.6065000000000004e-06,23.749996544,0.56949999808,1.47487499744,1.8750008319999996
5.607000000000001e-06,23.749996544,0.5632499987199999,1.473624997568,1.8750008319999996
5.6075e-06,23.749996544,0.56949999808,1.47487499744,1.5625008640000004
5.608e-06,22.968746496,0.57574999744,1.47487499744,1.5625008640000004
5.608500000000001e-06,23.749996544,0.56949999808,1.476124997312,1.5625008640000004
5.609e-06,22.968746496,0.57574999744,1.476124997312,1.5625008640000004
5.6095e-06,23.749996544,0.56949999808,1.478624997056,1.5625008640000004
5.6100000000000005e-06,23.749996544,0.56949999808,1.476124997312,1.5625008640000004
5.610500000000001e-06,23.749996544,0.56949999808,1.473624997568,1.5625008640000004
5.611e-06,22.968746496,0.56949999808,1.473624997568,1.8750008319999996
5.6115e-06,23.749996544,0.56949999808,1.473624997568,1.8750008319999996
5.612000000000001e-06,23.749996544,0.56949999808,1.473624997568,1.8750008319999996
5.6125e-06,23.749996544,0.56949999808,1.47487499744,1.5625008640000004
5.613e-06,23.749996544,0.56949999808,1.473624997568,1.8750008319999996
5.6135000000000005e-06,22.968746496,0.56949999808,1.473624997568,1.5625008640000004
5.614e-06,24.531246592000002,0.57574999744,1.472374997696,1.8750008319999996
5.6145e-06,23.749996544,0.56949999808,1.473624997568,1.8750008319999996
5.6150000000000005e-06,22.968746496,0.56949999808,1.473624997568,1.5625008640000004
5.615500000000001e-06,22.968746496,0.5632499987199999,1.47487499744,1.2500008959999995
5.616e-06,22.968746496,0.57574999744,1.47487499744,1.2500008959999995
5.6165e-06,23.749996544,0.56949999808,1.478624997056,1.5625008640000004
5.617000000000001e-06,22.968746496,0.56949999808,1.477374997184,1.5625008640000004
5.6175e-06,22.968746496,0.56949999808,1.477374997184,1.8750008319999996
5.618e-06,23.749996544,0.57574999744,1.477374997184,1.5625008640000004
5.6185000000000005e-06,22.968746496,0.57574999744,1.476124997312,1.5625008640000004
5.619000000000001e-06,22.968746496,0.56949999808,1.476124997312,1.8750008319999996
5.6195e-06,22.968746496,0.57574999744,1.47487499744,1.8750008319999996
5.62e-06,23.749996544,0.56949999808,1.47487499744,1.5625008640000004
5.620500000000001e-06,23.749996544,0.56949999808,1.473624997568,1.5625008640000004
5.621e-06,24.531246592000002,0.56949999808,1.47487499744,1.8750008319999996
5.6215e-06,23.749996544,0.56949999808,1.476124997312,1.5625008640000004
5.6220000000000006e-06,23.749996544,0.5632499987199999,1.478624997056,1.5625008640000004
5.6225e-06,23.749996544,0.56949999808,1.478624997056,1.5625008640000004
5.623e-06,23.749996544,0.57574999744,1.476124997312,1.5625008640000004
5.6235000000000005e-06,22.968746496,0.56949999808,1.47487499744,1.5625008640000004
5.624000000000001e-06,23.749996544,0.56949999808,1.476124997312,1.8750008319999996
5.6245e-06,23.749996544,0.56949999808,1.478624997056,1.5625008640000004
5.625e-06,22.968746496,0.57574999744,1.47487499744,1.8750008319999996
5.625500000000001e-06,23.749996544,0.56949999808,1.473624997568,1.8750008319999996
5.626e-06,23.749996544,0.56949999808,1.473624997568,1.8750008319999996
5.6265e-06,23.749996544,0.56949999808,1.47487499744,1.5625008640000004
5.6270000000000005e-06,23.749996544,0.57574999744,1.476124997312,1.8750008319999996
5.627500000000001e-06,23.749996544,0.56949999808,1.47487499744,1.5625008640000004
5.628e-06,23.749996544,0.57574999744,1.47487499744,1.8750008319999996
5.6285e-06,23.749996544,0.56949999808,1.478624997056,1.5625008640000004
5.629000000000001e-06,23.749996544,0.57574999744,1.477374997184,1.8750008319999996
5.6295e-06,23.749996544,0.57574999744,1.477374997184,1.8750008319999996
5.63e-06,23.749996544,0.57574999744,1.477374997184,1.8750008319999996
5.6305000000000006e-06,23.749996544,0.57574999744,1.476124997312,1.8750008319999996
5.631e-06,22.968746496,0.57574999744,1.47487499744,1.5625008640000004
5.6315e-06,23.749996544,0.56949999808,1.473624997568,1.5625008640000004
5.6320000000000005e-06,22.968746496,0.56949999808,1.473624997568,1.5625008640000004
5.632500000000001e-06,22.968746496,0.5632499987199999,1.47487499744,1.2500008959999995
5.633e-06,23.749996544,0.56949999808,1.472374997696,1.5625008640000004
5.6335e-06,23.749996544,0.57574999744,1.476124997312,1.8750008319999996
5.634000000000001e-06,23.749996544,0.57574999744,1.476124997312,1.8750008319999996
5.6345e-06,23.749996544,0.56949999808,1.47487499744,1.5625008640000004
5.635e-06,22.968746496,0.56949999808,1.476124997312,1.8750008319999996
5.6355000000000005e-06,23.749996544,0.57574999744,1.476124997312,1.8750008319999996
5.636000000000001e-06,23.749996544,0.57574999744,1.47487499744,1.5625008640000004
5.6365e-06,23.749996544,0.57574999744,1.478624997056,1.5625008640000004
5.637e-06,23.749996544,0.57574999744,1.478624997056,1.5625008640000004
5.637500000000001e-06,22.968746496,0.5819999967999999,1.477374997184,1.8750008319999996
5.638e-06,22.968746496,0.57574999744,1.478624997056,1.8750008319999996
5.6385e-06,23.749996544,0.56949999808,1.478624997056,1.8750008319999996
5.6390000000000006e-06,23.749996544,0.56949999808,1.476124997312,1.8750008319999996
5.6395e-06,22.968746496,0.56949999808,1.47487499744,1.8750008319999996
5.64e-06,23.749996544,0.57574999744,1.47487499744,1.5625008640000004
5.6405000000000005e-06,24.531246592000002,0.56949999808,1.476124997312,1.5625008640000004
5.641000000000001e-06,22.968746496,0.56949999808,1.477374997184,1.8750008319999996
5.6415e-06,22.968746496,0.57574999744,1.477374997184,1.8750008319999996
5.642e-06,24.531246592000002,0.57574999744,1.476124997312,2.1875007999999996
5.642500000000001e-06,23.749996544,0.57574999744,1.47487499744,1.8750008319999996
5.643e-06,23.749996544,0.56949999808,1.473624997568,1.5625008640000004
5.6435e-06,23.749996544,0.57574999744,1.473624997568,1.8750008319999996
5.6440000000000005e-06,22.968746496,0.57574999744,1.47487499744,1.5625008640000004
5.644500000000001e-06,23.749996544,0.56949999808,1.477374997184,1.8750008319999996
5.645e-06,23.749996544,0.56949999808,1.47487499744,1.8750008319999996
5.6455e-06,23.749996544,0.57574999744,1.472374997696,1.8750008319999996
5.646000000000001e-06,23.749996544,0.56949999808,1.473624997568,1.8750008319999996
5.6465e-06,22.968746496,0.56949999808,1.47487499744,1.8750008319999996
5.647e-06,23.749996544,0.56949999808,1.476124997312,1.5625008640000004
5.6475000000000006e-06,23.749996544,0.56949999808,1.477374997184,1.5625008640000004
5.648e-06,23.749996544,0.57574999744,1.476124997312,1.8750008319999996
5.6485e-06,23.749996544,0.56949999808,1.477374997184,1.5625008640000004
5.6490000000000005e-06,23.749996544,0.57574999744,1.47487499744,1.8750008319999996
5.649500000000001e-06,22.968746496,0.57574999744,1.47487499744,1.8750008319999996
5.65e-06,23.749996544,0.56949999808,1.476124997312,1.8750008319999996
5.6505e-06,22.968746496,0.56949999808,1.476124997312,1.5625008640000004
5.651000000000001e-06,23.749996544,0.56949999808,1.477374997184,1.8750008319999996
5.6515e-06,22.968746496,0.57574999744,1.478624997056,1.8750008319999996
5.652e-06,23.749996544,0.56949999808,1.476124997312,1.5625008640000004
5.6525000000000005e-06,23.749996544,0.57574999744,1.477374997184,1.5625008640000004
5.653000000000001e-06,23.749996544,0.56949999808,1.47487499744,1.8750008319999996
5.6535e-06,22.968746496,0.56949999808,1.47487499744,1.5625008640000004
5.654e-06,23.749996544,0.57574999744,1.477374997184,1.8750008319999996
5.654500000000001e-06,22.187496448000005,0.57574999744,1.479874996928,1.8750008319999996
5.655e-06,22.968746496,0.57574999744,1.478624997056,1.5625008640000004
5.6555e-06,22.968746496,0.56949999808,1.477374997184,1.2500008959999995
5.6560000000000006e-06,22.968746496,0.57574999744,1.47487499744,1.5625008640000004
5.6565e-06,23.749996544,0.56949999808,1.47487499744,1.2500008959999995
5.657e-06,22.968746496,0.57574999744,1.476124997312,1.5625008640000004
5.6575000000000005e-06,22.968746496,0.57574999744,1.476124997312,1.8750008319999996
5.658000000000001e-06,23.749996544,0.56949999808,1.476124997312,1.8750008319999996
5.6585e-06,23.749996544,0.56949999808,1.47487499744,1.8750008319999996
5.659e-06,23.749996544,0.56949999808,1.476124997312,1.8750008319999996
5.659500000000001e-06,22.968746496,0.57574999744,1.477374997184,1.8750008319999996
5.66e-06,23.749996544,0.57574999744,1.47487499744,1.5625008640000004
5.6605e-06,23.749996544,0.56949999808,1.47487499744,1.5625008640000004
5.6610000000000005e-06,23.749996544,0.57574999744,1.47487499744,1.8750008319999996
5.661500000000001e-06,22.968746496,0.56949999808,1.473624997568,1.8750008319999996
5.662e-06,23.749996544,0.56949999808,1.472374997696,1.8750008319999996
5.6625e-06,22.968746496,0.56949999808,1.471124997824,1.8750008319999996
5.663000000000001e-06,23.749996544,0.56949999808,1.472374997696,1.8750008319999996
5.6635e-06,22.968746496,0.56949999808,1.47487499744,1.8750008319999996
5.664e-06,22.968746496,0.57574999744,1.47487499744,1.5625008640000004
5.6645000000000006e-06,23.749996544,0.56949999808,1.476124997312,1.5625008640000004
5.665e-06,22.968746496,0.57574999744,1.47487499744,1.8750008319999996
5.6655e-06,23.749996544,0.56949999808,1.476124997312,2.1875007999999996
5.6660000000000005e-06,23.749996544,0.56949999808,1.477374997184,1.8750008319999996
5.666500000000001e-06,23.749996544,0.56949999808,1.477374997184,1.8750008319999996
5.667e-06,23.749996544,0.57574999744,1.476124997312,1.8750008319999996
5.6675e-06,23.749996544,0.56949999808,1.476124997312,1.8750008319999996
5.668000000000001e-06,23.749996544,0.56949999808,1.47487499744,1.8750008319999996
5.6685e-06,22.968746496,0.57574999744,1.472374997696,1.5625008640000004
5.669e-06,23.749996544,0.57574999744,1.472374997696,1.8750008319999996
5.6695000000000005e-06,22.968746496,0.57574999744,1.476124997312,1.8750008319999996
5.670000000000001e-06,22.968746496,0.56949999808,1.477374997184,1.8750008319999996
5.6705e-06,23.749996544,0.56949999808,1.477374997184,1.8750008319999996
5.671e-06,22.968746496,0.57574999744,1.477374997184,1.5625008640000004
5.671500000000001e-06,22.968746496,0.56949999808,1.477374997184,1.5625008640000004
5.672e-06,23.749996544,0.57574999744,1.477374997184,2.1875007999999996
5.6725e-06,23.749996544,0.57574999744,1.478624997056,1.5625008640000004
5.6730000000000006e-06,22.968746496,0.5819999967999999,1.477374997184,1.8750008319999996
5.6735e-06,23.749996544,0.57574999744,1.476124997312,1.8750008319999996
5.674e-06,22.968746496,0.56949999808,1.476124997312,1.8750008319999996
5.6745000000000005e-06,23.749996544,0.57574999744,1.476124997312,1.8750008319999996
5.675000000000001e-06,23.749996544,0.56949999808,1.476124997312,1.8750008319999996
5.6755e-06,23.749996544,0.56949999808,1.477374997184,1.8750008319999996
5.676e-06,23.749996544,0.56949999808,1.477374997184,1.8750008319999996
5.676500000000001e-06,23.749996544,0.57574999744,1.478624997056,1.5625008640000004
5.677e-06,23.749996544,0.57574999744,1.477374997184,1.8750008319999996
5.6775e-06,23.749996544,0.57574999744,1.476124997312,1.8750008319999996
5.6780000000000005e-06,23.749996544,0.56949999808,1.476124997312,1.8750008319999996
5.678500000000001e-06,22.968746496,0.5632499987199999,1.477374997184,2.1875007999999996
5.679e-06,22.968746496,0.56949999808,1.476124997312,1.8750008319999996
5.6795000000000004e-06,22.187496448000005,0.57574999744,1.478624997056,1.2500008959999995
5.680000000000001e-06,22.968746496,0.57574999744,1.476124997312,1.8750008319999996
5.6805e-06,23.749996544,0.56949999808,1.477374997184,1.5625008640000004
5.681e-06,23.749996544,0.57574999744,1.477374997184,1.8750008319999996
5.6815000000000006e-06,23.749996544,0.57574999744,1.477374997184,1.8750008319999996
5.682e-06,24.531246592000002,0.57574999744,1.476124997312,1.8750008319999996
5.6825e-06,23.749996544,0.57574999744,1.473624997568,1.5625008640000004
5.6830000000000005e-06,23.749996544,0.57574999744,1.473624997568,1.8750008319999996
5.683500000000001e-06,23.749996544,0.57574999744,1.47487499744,1.8750008319999996
5.684e-06,23.749996544,0.57574999744,1.47487499744,1.8750008319999996
5.6845e-06,22.968746496,0.56949999808,1.478624997056,1.5625008640000004
5.685000000000001e-06,23.749996544,0.56949999808,1.476124997312,1.8750008319999996
5.6855e-06,23.749996544,0.56949999808,1.473624997568,1.5625008640000004
5.686e-06,23.749996544,0.56949999808,1.473624997568,1.5625008640000004
5.6865000000000005e-06,22.968746496,0.56949999808,1.473624997568,1.5625008640000004
5.687000000000001e-06,23.749996544,0.56949999808,1.47487499744,1.5625008640000004
5.6875e-06,23.749996544,0.56949999808,1.476124997312,1.5625008640000004
5.6880000000000004e-06,23.749996544,0.57574999744,1.472374997696,1.8750008319999996
5.688500000000001e-06,23.749996544,0.56949999808,1.473624997568,1.5625008640000004
5.689e-06,22.968746496,0.56949999808,1.47487499744,1.8750008319999996
5.6895e-06,23.749996544,0.57574999744,1.473624997568,1.5625008640000004
5.690000000000001e-06,23.749996544,0.56949999808,1.471124997824,1.5625008640000004
5.6905e-06,23.749996544,0.56949999808,1.472374997696,1.5625008640000004
5.691e-06,23.749996544,0.57574999744,1.473624997568,1.8750008319999996
5.6915000000000005e-06,23.749996544,0.56949999808,1.473624997568,1.8750008319999996
5.692000000000001e-06,23.749996544,0.56949999808,1.47487499744,1.8750008319999996
5.6925e-06,23.749996544,0.57574999744,1.476124997312,1.5625008640000004
5.693e-06,25.31249664,0.56949999808,1.47487499744,1.8750008319999996
5.693500000000001e-06,24.531246592000002,0.57574999744,1.47487499744,1.2500008959999995
5.694e-06,23.749996544,0.56949999808,1.473624997568,1.8750008319999996
5.6945e-06,23.749996544,0.5632499987199999,1.473624997568,2.1875007999999996
5.6950000000000005e-06,22.968746496,0.56949999808,1.473624997568,1.8750008319999996
5.6955e-06,23.749996544,0.57574999744,1.473624997568,1.5625008640000004
5.696e-06,23.749996544,0.57574999744,1.47487499744,1.5625008640000004
5.6965000000000004e-06,23.749996544,0.56949999808,1.476124997312,1.2500008959999995
5.697000000000001e-06,22.968746496,0.56949999808,1.476124997312,1.8750008319999996
5.6975e-06,23.749996544,0.56949999808,1.476124997312,1.8750008319999996
5.698e-06,24.531246592000002,0.5632499987199999,1.476124997312,1.5625008640000004
5.698500000000001e-06,23.749996544,0.56949999808,1.477374997184,1.8750008319999996
5.699e-06,22.968746496,0.57574999744,1.47487499744,1.8750008319999996
5.6995e-06,22.968746496,0.56949999808,1.47487499744,1.8750008319999996
5.7000000000000005e-06,23.749996544,0.56949999808,1.472374997696,2.1875007999999996
5.700500000000001e-06,23.749996544,0.56949999808,1.473624997568,1.8750008319999996
5.701e-06,23.749996544,0.56949999808,1.47487499744,1.8750008319999996
5.7015e-06,23.749996544,0.57574999744,1.47487499744,1.8750008319999996
5.702000000000001e-06,23.749996544,0.56949999808,1.476124997312,1.8750008319999996
5.7025e-06,22.968746496,0.56949999808,1.478624997056,1.8750008319999996
5.703e-06,22.968746496,0.56949999808,1.477374997184,1.8750008319999996
5.7035000000000005e-06,22.968746496,0.56949999808,1.47487499744,1.8750008319999996
5.704e-06,22.968746496,0.56949999808,1.472374997696,1.5625008640000004
5.7045e-06,22.968746496,0.57574999744,1.47487499744,1.5625008640000004
5.7050000000000004e-06,22.968746496,0.57574999744,1.473624997568,1.8750008319999996
5.705500000000001e-06,22.968746496,0.56949999808,1.47487499744,1.8750008319999996
5.706e-06,23.749996544,0.57574999744,1.476124997312,1.5625008640000004
5.7065e-06,22.968746496,0.56949999808,1.47487499744,1.5625008640000004
5.707000000000001e-06,23.749996544,0.57574999744,1.47487499744,1.8750008319999996
5.7075e-06,23.749996544,0.56949999808,1.47487499744,1.8750008319999996
5.708e-06,23.749996544,0.56949999808,1.473624997568,1.8750008319999996
5.7085000000000005e-06,23.749996544,0.56949999808,1.47487499744,1.8750008319999996
5.709000000000001e-06,24.531246592000002,0.56949999808,1.47487499744,1.8750008319999996
5.7095e-06,23.749996544,0.57574999744,1.47487499744,1.5625008640000004
5.71e-06,23.749996544,0.57574999744,1.47487499744,1.8750008319999996
5.710500000000001e-06,23.749996544,0.57574999744,1.477374997184,1.8750008319999996
5.711e-06,23.749996544,0.57574999744,1.476124997312,1.8750008319999996
5.7115e-06,22.968746496,0.56949999808,1.476124997312,1.8750008319999996
5.7120000000000005e-06,22.968746496,0.57574999744,1.47487499744,1.8750008319999996
5.7125e-06,23.749996544,0.56949999808,1.47487499744,1.5625008640000004
5.713e-06,22.968746496,0.56949999808,1.476124997312,1.5625008640000004
5.7135000000000004e-06,22.968746496,0.56949999808,1.47487499744,1.8750008319999996
5.714000000000001e-06,23.749996544,0.56949999808,1.47487499744,1.5625008640000004
5.7145e-06,23.749996544,0.57574999744,1.47487499744,1.5625008640000004
5.715e-06,22.968746496,0.57574999744,1.47487499744,1.8750008319999996
5.715500000000001e-06,22.968746496,0.57574999744,1.476124997312,1.8750008319999996
5.716e-06,23.749996544,0.57574999744,1.476124997312,1.8750008319999996
5.7165e-06,23.749996544,0.57574999744,1.477374997184,1.5625008640000004
5.7170000000000005e-06,23.749996544,0.56949999808,1.476124997312,1.5625008640000004
5.717500000000001e-06,22.968746496,0.57574999744,1.477374997184,1.5625008640000004
5.718e-06,22.968746496,0.56949999808,1.476124997312,1.8750008319999996
5.7185e-06,23.749996544,0.57574999744,1.477374997184,1.8750008319999996
5.719000000000001e-06,22.968746496,0.56949999808,1.477374997184,1.8750008319999996
5.7195e-06,22.968746496,0.56949999808,1.478624997056,1.8750008319999996
5.72e-06,22.968746496,0.57574999744,1.47487499744,1.8750008319999996
5.7205000000000005e-06,23.749996544,0.56949999808,1.47487499744,1.5625008640000004
5.721e-06,23.749996544,0.56949999808,1.47487499744,1.8750008319999996
5.7215e-06,22.968746496,0.56949999808,1.476124997312,1.8750008319999996
5.7220000000000004e-06,23.749996544,0.56949999808,1.477374997184,1.8750008319999996
5.722500000000001e-06,22.968746496,0.57574999744,1.478624997056,1.5625008640000004
5.723e-06,23.749996544,0.57574999744,1.478624997056,1.8750008319999996
5.7235e-06,22.968746496,0.56949999808,1.477374997184,1.8750008319999996
5.724000000000001e-06,23.749996544,0.56949999808,1.473624997568,1.5625008640000004
5.7245e-06,22.968746496,0.57574999744,1.47487499744,1.5625008640000004
5.725e-06,23.749996544,0.56949999808,1.47487499744,1.8750008319999996
5.7255000000000005e-06,22.968746496,0.57574999744,1.473624997568,1.8750008319999996
5.726000000000001e-06,23.749996544,0.56949999808,1.473624997568,2.1875007999999996
5.7265e-06,23.749996544,0.56949999808,1.473624997568,2.1875007999999996
5.727e-06,23.749996544,0.56949999808,1.473624997568,1.8750008319999996
5.727500000000001e-06,22.968746496,0.56949999808,1.47487499744,1.5625008640000004
5.728e-06,23.749996544,0.57574999744,1.47487499744,1.5625008640000004
5.7285e-06,23.749996544,0.56949999808,1.47487499744,1.5625008640000004
5.7290000000000005e-06,23.749996544,0.57574999744,1.473624997568,1.8750008319999996
5.7295e-06,22.968746496,0.57574999744,1.473624997568,2.1875007999999996
5.73e-06,23.749996544,0.56949999808,1.472374997696,1.8750008319999996
5.7305000000000004e-06,22.968746496,0.57574999744,1.47487499744,1.5625008640000004
5.731000000000001e-06,23.749996544,0.5819999967999999,1.476124997312,1.8750008319999996
5.7315e-06,23.749996544,0.57574999744,1.47487499744,1.8750008319999996
5.732e-06,23.749996544,0.5819999967999999,1.47487499744,1.8750008319999996
5.732500000000001e-06,23.749996544,0.57574999744,1.477374997184,1.8750008319999996
5.733e-06,23.749996544,0.57574999744,1.476124997312,2.5000007679999996
5.7335e-06,22.968746496,0.57574999744,1.47487499744,2.1875007999999996
5.7340000000000005e-06,23.749996544,0.57574999744,1.477374997184,2.1875007999999996
5.734500000000001e-06,23.749996544,0.56949999808,1.477374997184,1.8750008319999996
5.735e-06,22.968746496,0.57574999744,1.476124997312,1.8750008319999996
5.7355e-06,23.749996544,0.56949999808,1.476124997312,1.8750008319999996
5.736000000000001e-06,23.749996544,0.57574999744,1.47487499744,1.8750008319999996
5.7365e-06,23.749996544,0.5632499987199999,1.47487499744,1.5625008640000004
5.737e-06,22.968746496,0.56949999808,1.47487499744,1.5625008640000004
5.7375000000000005e-06,22.968746496,0.56949999808,1.473624997568,1.8750008319999996
5.738e-06,24.531246592000002,0.56949999808,1.47487499744,2.1875007999999996
5.7385e-06,23.749996544,0.5632499987199999,1.476124997312,1.8750008319999996
5.7390000000000004e-06,23.749996544,0.56949999808,1.476124997312,2.1875007999999996
5.739500000000001e-06,23.749996544,0.56949999808,1.477374997184,1.8750008319999996
5.74e-06,23.749996544,0.56949999808,1.476124997312,1.8750008319999996
5.7405e-06,23.749996544,0.57574999744,1.477374997184,1.8750008319999996
5.741000000000001e-06,24.531246592000002,0.56949999808,1.476124997312,2.1875007999999996
5.7415e-06,24.531246592000002,0.57574999744,1.473624997568,2.1875007999999996
5.742e-06,23.749996544,0.56949999808,1.473624997568,2.1875007999999996
5.7425000000000005e-06,23.749996544,0.56949999808,1.47487499744,1.8750008319999996
5.743000000000001e-06,23.749996544,0.56949999808,1.473624997568,1.8750008319999996
5.7435e-06,22.968746496,0.5632499987199999,1.476124997312,1.8750008319999996
5.744e-06,23.749996544,0.56949999808,1.476124997312,1.8750008319999996
5.744500000000001e-06,23.749996544,0.56949999808,1.478624997056,1.5625008640000004
5.745e-06,22.968746496,0.56949999808,1.477374997184,1.8750008319999996
5.7455e-06,23.749996544,0.56949999808,1.476124997312,1.8750008319999996
5.7460000000000006e-06,22.968746496,0.56949999808,1.477374997184,2.1875007999999996
5.7465e-06,22.968746496,0.56949999808,1.478624997056,1.8750008319999996
5.747e-06,23.749996544,0.56949999808,1.478624997056,2.1875007999999996
5.7475000000000005e-06,22.968746496,0.56949999808,1.477374997184,1.8750008319999996
5.748000000000001e-06,23.749996544,0.57574999744,1.477374997184,1.8750008319999996
5.7485e-06,23.749996544,0.57574999744,1.477374997184,1.8750008319999996
5.749e-06,23.749996544,0.56949999808,1.478624997056,1.8750008319999996
5.749500000000001e-06,23.749996544,0.56949999808,1.477374997184,1.8750008319999996
5.75e-06,24.531246592000002,0.56949999808,1.477374997184,1.8750008319999996
5.7505e-06,23.749996544,0.56949999808,1.477374997184,1.8750008319999996
5.7510000000000005e-06,23.749996544,0.56949999808,1.476124997312,1.8750008319999996
5.751500000000001e-06,23.749996544,0.56949999808,1.473624997568,1.8750008319999996
5.752e-06,23.749996544,0.56949999808,1.473624997568,1.5625008640000004
5.7525e-06,23.749996544,0.56949999808,1.476124997312,1.8750008319999996
5.753000000000001e-06,24.531246592000002,0.56949999808,1.47487499744,1.8750008319999996
5.7535e-06,23.749996544,0.57574999744,1.476124997312,1.8750008319999996
5.754e-06,23.749996544,0.56949999808,1.47487499744,2.1875007999999996
5.7545000000000006e-06,24.531246592000002,0.5632499987199999,1.473624997568,1.8750008319999996
5.755e-06,23.749996544,0.56949999808,1.47487499744,1.8750008319999996
5.7555e-06,23.749996544,0.5632499987199999,1.476124997312,1.8750008319999996
5.7560000000000005e-06,23.749996544,0.56949999808,1.476124997312,1.8750008319999996
5.756500000000001e-06,22.968746496,0.57574999744,1.477374997184,1.8750008319999996
5.757e-06,23.749996544,0.56949999808,1.476124997312,1.8750008319999996
5.7575e-06,23.749996544,0.56949999808,1.476124997312,1.8750008319999996
5.758000000000001e-06,23.749996544,0.5632499987199999,1.476124997312,1.8750008319999996
5.7585e-06,22.968746496,0.56949999808,1.477374997184,1.8750008319999996
5.759e-06,23.749996544,0.56949999808,1.476124997312,1.5625008640000004
5.7595000000000005e-06,22.968746496,0.56949999808,1.476124997312,1.8750008319999996
5.760000000000001e-06,22.968746496,0.57574999744,1.47487499744,1.8750008319999996
5.7605e-06,23.749996544,0.56949999808,1.47487499744,1.5625008640000004
5.761e-06,22.968746496,0.56949999808,1.473624997568,1.5625008640000004
5.761500000000001e-06,23.749996544,0.56949999808,1.473624997568,2.1875007999999996
5.762e-06,22.968746496,0.56949999808,1.472374997696,1.8750008319999996
5.7625e-06,22.968746496,0.5632499987199999,1.473624997568,1.5625008640000004
5.7630000000000006e-06,23.749996544,0.56949999808,1.47487499744,1.8750008319999996
5.7635e-06,23.749996544,0.56949999808,1.476124997312,1.8750008319999996
5.764e-06,23.749996544,0.56949999808,1.47487499744,1.8750008319999996
5.7645000000000005e-06,23.749996544,0.57574999744,1.479874996928,1.8750008319999996
5.765000000000001e-06,23.749996544,0.5819999967999999,1.479874996928,1.5625008640000004
5.7655e-06,23.749996544,0.57574999744,1.476124997312,1.8750008319999996
5.766e-06,22.968746496,0.56949999808,1.473624997568,2.1875007999999996
5.766500000000001e-06,22.968746496,0.56949999808,1.473624997568,1.8750008319999996
5.767e-06,22.968746496,0.57574999744,1.47487499744,1.8750008319999996
5.7675e-06,22.968746496,0.56949999808,1.47487499744,1.8750008319999996
5.7680000000000005e-06,23.749996544,0.56949999808,1.472374997696,2.1875007999999996
5.768500000000001e-06,23.749996544,0.56949999808,1.473624997568,1.5625008640000004
5.769e-06,22.968746496,0.56949999808,1.472374997696,1.5625008640000004
5.7695e-06,23.749996544,0.56949999808,1.472374997696,1.8750008319999996
5.770000000000001e-06,23.749996544,0.56949999808,1.472374997696,1.8750008319999996
5.7705e-06,23.749996544,0.5632499987199999,1.47487499744,1.5625008640000004
5.771e-06,23.749996544,0.56949999808,1.47487499744,1.8750008319999996
5.7715000000000006e-06,22.968746496,0.57574999744,1.473624997568,1.8750008319999996
5.772e-06,23.749996544,0.5819999967999999,1.47487499744,1.8750008319999996
5.7725e-06,22.187496448000005,0.57574999744,1.479874996928,1.8750008319999996
5.7730000000000005e-06,23.749996544,0.57574999744,1.476124997312,1.8750008319999996
5.773500000000001e-06,22.187496448000005,0.57574999744,1.476124997312,1.5625008640000004
5.774e-06,22.968746496,0.57574999744,1.477374997184,1.8750008319999996
5.7745e-06,22.968746496,0.56949999808,1.476124997312,1.8750008319999996
5.775000000000001e-06,22.968746496,0.57574999744,1.473624997568,1.5625008640000004
5.7755e-06,23.749996544,0.57574999744,1.473624997568,1.5625008640000004
5.776e-06,23.749996544,0.57574999744,1.473624997568,1.8750008319999996
5.7765000000000005e-06,23.749996544,0.56949999808,1.47487499744,1.5625008640000004
5.777000000000001e-06,22.968746496,0.56949999808,1.472374997696,2.1875007999999996
5.7775e-06,22.968746496,0.56949999808,1.473624997568,1.8750008319999996
5.778e-06,22.968746496,0.56949999808,1.472374997696,1.8750008319999996
5.778500000000001e-06,23.749996544,0.57574999744,1.473624997568,1.5625008640000004
5.779e-06,23.749996544,0.56949999808,1.472374997696,1.8750008319999996
5.7795e-06,22.968746496,0.56949999808,1.472374997696,2.1875007999999996
5.7800000000000006e-06,22.968746496,0.57574999744,1.473624997568,1.8750008319999996
5.7805e-06,22.968746496,0.57574999744,1.476124997312,1.8750008319999996
5.781e-06,23.749996544,0.57574999744,1.478624997056,1.8750008319999996
5.7815000000000005e-06,23.749996544,0.56949999808,1.476124997312,2.1875007999999996
5.782000000000001e-06,22.968746496,0.56949999808,1.473624997568,1.8750008319999996
5.7825e-06,23.749996544,0.57574999744,1.472374997696,1.8750008319999996
5.783e-06,23.749996544,0.57574999744,1.472374997696,1.8750008319999996
5.783500000000001e-06,22.968746496,0.56949999808,1.473624997568,1.5625008640000004
5.784e-06,23.749996544,0.57574999744,1.473624997568,1.8750008319999996
5.7845e-06,23.749996544,0.56949999808,1.47487499744,1.5625008640000004
5.7850000000000005e-06,22.968746496,0.56949999808,1.472374997696,1.8750008319999996
5.785500000000001e-06,23.749996544,0.57574999744,1.473624997568,1.8750008319999996
5.786e-06,23.749996544,0.57574999744,1.472374997696,1.8750008319999996
5.7865e-06,23.749996544,0.56949999808,1.473624997568,1.8750008319999996
5.787000000000001e-06,23.749996544,0.57574999744,1.477374997184,1.8750008319999996
5.7875e-06,23.749996544,0.57574999744,1.477374997184,1.8750008319999996
5.788e-06,23.749996544,0.5632499987199999,1.476124997312,1.5625008640000004
5.7885000000000006e-06,23.749996544,0.57574999744,1.477374997184,1.8750008319999996
5.789e-06,23.749996544,0.57574999744,1.476124997312,1.8750008319999996
5.7895e-06,22.968746496,0.57574999744,1.473624997568,1.8750008319999996
5.7900000000000005e-06,22.968746496,0.56949999808,1.473624997568,1.8750008319999996
5.790500000000001e-06,23.749996544,0.56949999808,1.47487499744,1.8750008319999996
5.791e-06,23.749996544,0.57574999744,1.47487499744,1.8750008319999996
5.7915e-06,22.968746496,0.56949999808,1.476124997312,1.5625008640000004
5.792000000000001e-06,23.749996544,0.57574999744,1.47487499744,1.8750008319999996
5.7925e-06,23.749996544,0.57574999744,1.476124997312,1.5625008640000004
5.793e-06,24.531246592000002,0.57574999744,1.477374997184,1.5625008640000004
5.7935000000000005e-06,22.968746496,0.57574999744,1.477374997184,2.1875007999999996
5.794000000000001e-06,22.968746496,0.57574999744,1.477374997184,2.1875007999999996
5.7945e-06,23.749996544,0.56949999808,1.477374997184,1.8750008319999996
5.795e-06,23.749996544,0.56949999808,1.477374997184,1.8750008319999996
5.795500000000001e-06,22.187496448000005,0.57574999744,1.478624997056,1.8750008319999996
5.796e-06,23.749996544,0.57574999744,1.47487499744,1.8750008319999996
5.7965e-06,23.749996544,0.57574999744,1.477374997184,1.5625008640000004
5.7970000000000006e-06,23.749996544,0.57574999744,1.477374997184,1.8750008319999996
5.7975e-06,23.749996544,0.57574999744,1.477374997184,1.8750008319999996
5.798e-06,23.749996544,0.57574999744,1.477374997184,1.8750008319999996
5.7985000000000005e-06,23.749996544,0.56949999808,1.479874996928,2.1875007999999996
5.799000000000001e-06,22.968746496,0.56949999808,1.477374997184,1.8750008319999996
5.7995e-06,22.968746496,0.56949999808,1.477374997184,1.5625008640000004
5.8e-06,22.968746496,0.57574999744,1.476124997312,1.8750008319999996
5.800500000000001e-06,23.749996544,0.56949999808,1.477374997184,1.5625008640000004
5.801e-06,22.968746496,0.57574999744,1.476124997312,1.8750008319999996
5.8015e-06,22.968746496,0.57574999744,1.477374997184,1.8750008319999996
5.8020000000000005e-06,23.749996544,0.57574999744,1.47487499744,1.8750008319999996
5.802500000000001e-06,23.749996544,0.57574999744,1.47487499744,1.8750008319999996
5.803e-06,23.749996544,0.56949999808,1.477374997184,1.8750008319999996
5.8035000000000004e-06,23.749996544,0.57574999744,1.479874996928,1.8750008319999996
5.804000000000001e-06,23.749996544,0.57574999744,1.477374997184,1.8750008319999996
5.8045e-06,22.968746496,0.57574999744,1.478624997056,1.8750008319999996
5.805e-06,23.749996544,0.5819999967999999,1.476124997312,2.1875007999999996
5.8055000000000006e-06,22.968746496,0.57574999744,1.47487499744,1.8750008319999996
5.806e-06,23.749996544,0.56949999808,1.476124997312,2.1875007999999996
5.8065e-06,23.749996544,0.56949999808,1.477374997184,2.1875007999999996
5.8070000000000005e-06,23.749996544,0.56949999808,1.477374997184,1.5625008640000004
5.807500000000001e-06,23.749996544,0.56949999808,1.477374997184,1.8750008319999996
5.808e-06,23.749996544,0.56949999808,1.477374997184,1.8750008319999996
5.8085e-06,23.749996544,0.56949999808,1.479874996928,1.5625008640000004
5.809000000000001e-06,22.968746496,0.57574999744,1.477374997184,1.5625008640000004
5.8095e-06,22.968746496,0.57574999744,1.476124997312,1.8750008319999996
5.81e-06,23.749996544,0.57574999744,1.476124997312,2.1875007999999996
5.8105000000000005e-06,22.968746496,0.57574999744,1.476124997312,1.5625008640000004
5.811000000000001e-06,23.749996544,0.57574999744,1.477374997184,1.8750008319999996
5.8115e-06,23.749996544,0.56949999808,1.477374997184,1.8750008319999996
5.8120000000000004e-06,23.749996544,0.57574999744,1.476124997312,1.5625008640000004
5.812500000000001e-06,23.749996544,0.5819999967999999,1.478624997056,1.5625008640000004
5.813e-06,24.531246592000002,0.57574999744,1.477374997184,1.8750008319999996
5.8135e-06,23.749996544,0.57574999744,1.476124997312,1.8750008319999996
5.814000000000001e-06,22.968746496,0.57574999744,1.47487499744,2.1875007999999996
5.8145e-06,22.968746496,0.57574999744,1.477374997184,2.1875007999999996
5.815e-06,23.749996544,0.57574999744,1.478624997056,1.8750008319999996
5.8155000000000005e-06,23.749996544,0.57574999744,1.477374997184,1.5625008640000004
5.816000000000001e-06,23.749996544,0.57574999744,1.47487499744,1.8750008319999996
5.8165e-06,23.749996544,0.57574999744,1.476124997312,1.8750008319999996
5.817e-06,22.968746496,0.57574999744,1.476124997312,1.8750008319999996
5.817500000000001e-06,23.749996544,0.57574999744,1.477374997184,1.8750008319999996
5.818e-06,23.749996544,0.56949999808,1.477374997184,1.8750008319999996
5.8185e-06,23.749996544,0.57574999744,1.477374997184,1.5625008640000004
5.8190000000000005e-06,23.749996544,0.56949999808,1.477374997184,1.8750008319999996
5.819500000000001e-06,22.968746496,0.57574999744,1.478624997056,2.1875007999999996
5.82e-06,23.749996544,0.56949999808,1.477374997184,1.8750008319999996
5.8205000000000004e-06,23.749996544,0.57574999744,1.477374997184,1.8750008319999996
5.821000000000001e-06,24.531246592000002,0.56949999808,1.477374997184,1.8750008319999996
5.8215e-06,23.749996544,0.57574999744,1.478624997056,1.8750008319999996
5.822e-06,22.968746496,0.57574999744,1.478624997056,1.8750008319999996
5.822500000000001e-06,23.749996544,0.57574999744,1.478624997056,1.8750008319999996
5.823e-06,22.968746496,0.57574999744,1.477374997184,1.8750008319999996
5.8235e-06,23.749996544,0.56949999808,1.478624997056,2.1875007999999996
5.8240000000000005e-06,23.749996544,0.56949999808,1.477374997184,2.1875007999999996
5.824500000000001e-06,23.749996544,0.56949999808,1.478624997056,1.8750008319999996
5.825e-06,23.749996544,0.57574999744,1.477374997184,1.8750008319999996
5.8255e-06,23.749996544,0.57574999744,1.476124997312,1.8750008319999996
5.826000000000001e-06,24.531246592000002,0.56949999808,1.476124997312,2.1875007999999996
5.8265e-06,22.968746496,0.56949999808,1.476124997312,1.8750008319999996
5.827e-06,22.968746496,0.57574999744,1.47487499744,1.8750008319999996
5.8275000000000005e-06,22.968746496,0.57574999744,1.473624997568,1.8750008319999996
5.828000000000001e-06,22.968746496,0.56949999808,1.473624997568,1.8750008319999996
5.8285e-06,23.749996544,0.57574999744,1.478624997056,1.8750008319999996
5.8290000000000004e-06,23.749996544,0.56949999808,1.479874996928,1.8750008319999996
5.829500000000001e-06,23.749996544,0.57574999744,1.477374997184,1.8750008319999996
5.83e-06,23.749996544,0.56949999808,1.476124997312,1.8750008319999996
5.8305e-06,23.749996544,0.56949999808,1.476124997312,2.1875007999999996
5.831000000000001e-06,23.749996544,0.56949999808,1.47487499744,1.8750008319999996
5.8315e-06,22.968746496,0.57574999744,1.477374997184,2.1875007999999996
5.832e-06,23.749996544,0.57574999744,1.476124997312,1.8750008319999996
5.8325000000000005e-06,23.749996544,0.57574999744,1.476124997312,1.5625008640000004
5.833000000000001e-06,22.968746496,0.56949999808,1.477374997184,2.1875007999999996
5.8335e-06,22.968746496,0.56949999808,1.476124997312,2.1875007999999996
5.834e-06,23.749996544,0.56949999808,1.47487499744,2.1875007999999996
5.834500000000001e-06,22.968746496,0.57574999744,1.47487499744,1.8750008319999996
5.835e-06,22.968746496,0.57574999744,1.476124997312,2.1875007999999996
5.8355e-06,22.968746496,0.57574999744,1.476124997312,1.8750008319999996
5.8360000000000005e-06,23.749996544,0.57574999744,1.476124997312,1.8750008319999996
5.836500000000001e-06,22.968746496,0.57574999744,1.477374997184,1.8750008319999996
5.837e-06,24.531246592000002,0.57574999744,1.476124997312,2.1875007999999996
5.8375000000000004e-06,22.968746496,0.57574999744,1.477374997184,1.8750008319999996
5.838000000000001e-06,23.749996544,0.57574999744,1.478624997056,1.8750008319999996
5.8385e-06,22.968746496,0.56949999808,1.4811249968,2.1875007999999996
5.839e-06,23.749996544,0.56949999808,1.479874996928,1.8750008319999996
5.839500000000001e-06,23.749996544,0.57574999744,1.478624997056,1.8750008319999996
5.84e-06,22.968746496,0.57574999744,1.47487499744,1.8750008319999996
5.8405e-06,23.749996544,0.56949999808,1.478624997056,1.8750008319999996
5.8410000000000005e-06,22.968746496,0.57574999744,1.479874996928,2.1875007999999996
5.841500000000001e-06,23.749996544,0.57574999744,1.477374997184,1.8750008319999996
5.842e-06,24.531246592000002,0.57574999744,1.473624997568,2.1875007999999996
5.8425e-06,22.968746496,0.57574999744,1.47487499744,1.8750008319999996
5.843000000000001e-06,22.968746496,0.5819999967999999,1.478624997056,1.8750008319999996
5.8435e-06,22.968746496,0.57574999744,1.478624997056,1.8750008319999996
5.844e-06,23.749996544,0.56949999808,1.478624997056,2.1875007999999996
5.8445000000000005e-06,23.749996544,0.57574999744,1.477374997184,1.8750008319999996
5.845e-06,23.749996544,0.57574999744,1.47487499744,2.1875007999999996
5.8455e-06,22.968746496,0.56949999808,1.476124997312,2.1875007999999996
5.8460000000000004e-06,23.749996544,0.56949999808,1.476124997312,2.1875007999999996
5.846500000000001e-06,22.968746496,0.57574999744,1.477374997184,2.1875007999999996
5.847e-06,22.968746496,0.56949999808,1.476124997312,1.8750008319999996
5.8475e-06,22.968746496,0.56949999808,1.477374997184,1.8750008319999996
5.848000000000001e-06,23.749996544,0.57574999744,1.47487499744,1.5625008640000004
5.8485e-06,23.749996544,0.56949999808,1.477374997184,1.8750008319999996
5.849e-06,22.968746496,0.56949999808,1.477374997184,2.1875007999999996
5.8495000000000005e-06,23.749996544,0.56949999808,1.477374997184,1.8750008319999996
5.850000000000001e-06,23.749996544,0.56949999808,1.477374997184,1.8750008319999996
5.8505e-06,22.968746496,0.57574999744,1.47487499744,1.8750008319999996
5.851e-06,23.749996544,0.57574999744,1.47487499744,1.8750008319999996
5.851500000000001e-06,23.749996544,0.56949999808,1.476124997312,2.1875007999999996
5.852e-06,22.968746496,0.56949999808,1.47487499744,2.1875007999999996
5.8525e-06,22.968746496,0.57574999744,1.472374997696,1.8750008319999996
5.8530000000000005e-06,23.749996544,0.56949999808,1.47487499744,1.8750008319999996
5.8535e-06,22.968746496,0.56949999808,1.476124997312,1.8750008319999996
5.854e-06,22.968746496,0.57574999744,1.476124997312,1.8750008319999996
5.8545000000000004e-06,22.968746496,0.57574999744,1.476124997312,2.1875007999999996
5.855000000000001e-06,22.968746496,0.56949999808,1.473624997568,1.8750008319999996
5.8555e-06,22.968746496,0.56949999808,1.472374997696,1.5625008640000004
5.856e-06,22.968746496,0.57574999744,1.47487499744,1.8750008319999996
5.856500000000001e-06,23.749996544,0.56949999808,1.476124997312,1.5625008640000004
5.857e-06,22.968746496,0.56949999808,1.473624997568,1.8750008319999996
5.8575e-06,23.749996544,0.56949999808,1.473624997568,2.1875007999999996
5.8580000000000005e-06,23.749996544,0.56949999808,1.472374997696,1.8750008319999996
5.858500000000001e-06,23.749996544,0.57574999744,1.473624997568,1.5625008640000004
5.859e-06,23.749996544,0.5819999967999999,1.476124997312,1.8750008319999996
5.8595e-06,22.968746496,0.56949999808,1.477374997184,1.8750008319999996
5.860000000000001e-06,22.968746496,0.57574999744,1.47487499744,1.8750008319999996
5.8605e-06,22.968746496,0.57574999744,1.472374997696,1.8750008319999996
5.861e-06,23.749996544,0.57574999744,1.472374997696,2.1875007999999996
5.8615000000000005e-06,23.749996544,0.56949999808,1.472374997696,1.8750008319999996
5.862e-06,23.749996544,0.56949999808,1.473624997568,1.8750008319999996
5.8625e-06,23.749996544,0.56949999808,1.47487499744,1.8750008319999996
5.8630000000000004e-06,23.749996544,0.56949999808,1.47487499744,1.8750008319999996
5.863500000000001e-06,23.749996544,0.56949999808,1.477374997184,1.8750008319999996
5.864e-06,23.749996544,0.57574999744,1.47487499744,2.1875007999999996
5.8645e-06,23.749996544,0.56949999808,1.476124997312,1.8750008319999996
5.865000000000001e-06,23.749996544,0.57574999744,1.473624997568,1.8750008319999996
5.8655e-06,22.968746496,0.5819999967999999,1.473624997568,2.1875007999999996
5.866e-06,23.749996544,0.57574999744,1.473624997568,2.1875007999999996
5.8665000000000005e-06,22.968746496,0.5819999967999999,1.473624997568,1.5625008640000004
5.867000000000001e-06,22.968746496,0.57574999744,1.47487499744,1.8750008319999996
5.8675e-06,22.968746496,0.56949999808,1.47487499744,2.5000007679999996
5.868e-06,23.749996544,0.56949999808,1.473624997568,1.8750008319999996
5.868500000000001e-06,23.749996544,0.57574999744,1.472374997696,1.8750008319999996
5.869e-06,23.749996544,0.57574999744,1.471124997824,1.8750008319999996
5.8695e-06,23.749996544,0.57574999744,1.471124997824,2.1875007999999996
5.8700000000000005e-06,23.749996544,0.56949999808,1.473624997568,2.1875007999999996
5.8705e-06,23.749996544,0.57574999744,1.476124997312,1.8750008319999996
5.871e-06,23.749996544,0.57574999744,1.476124997312,1.8750008319999996
5.8715000000000005e-06,22.968746496,0.56949999808,1.477374997184,1.8750008319999996
5.872000000000001e-06,23.749996544,0.56949999808,1.47487499744,2.1875007999999996
5.8725e-06,23.749996544,0.56949999808,1.473624997568,1.8750008319999996
5.873e-06,22.968746496,0.56949999808,1.473624997568,1.8750008319999996
5.873500000000001e-06,22.968746496,0.57574999744,1.47487499744,1.8750008319999996
5.874e-06,23.749996544,0.57574999744,1.477374997184,2.1875007999999996
5.8745e-06,23.749996544,0.57574999744,1.476124997312,1.8750008319999996
5.8750000000000005e-06,23.749996544,0.57574999744,1.47487499744,1.8750008319999996
5.875500000000001e-06,22.968746496,0.57574999744,1.473624997568,1.8750008319999996
5.876e-06,22.968746496,0.56949999808,1.472374997696,1.8750008319999996
5.8765e-06,23.749996544,0.57574999744,1.47487499744,1.8750008319999996
5.877000000000001e-06,23.749996544,0.57574999744,1.476124997312,1.8750008319999996
5.8775e-06,23.749996544,0.57574999744,1.477374997184,1.8750008319999996
5.878e-06,23.749996544,0.57574999744,1.476124997312,2.1875007999999996
5.8785000000000006e-06,23.749996544,0.56949999808,1.473624997568,2.1875007999999996
5.879e-06,22.968746496,0.56949999808,1.471124997824,1.8750008319999996
5.8795e-06,23.749996544,0.56949999808,1.471124997824,1.8750008319999996
5.8800000000000005e-06,23.749996544,0.57574999744,1.472374997696,1.8750008319999996
5.880500000000001e-06,22.968746496,0.57574999744,1.47487499744,1.8750008319999996
5.881e-06,22.968746496,0.57574999744,1.472374997696,1.8750008319999996
5.8815e-06,22.968746496,0.57574999744,1.47487499744,1.8750008319999996
5.882000000000001e-06,23.749996544,0.57574999744,1.476124997312,2.1875007999999996
5.8825e-06,22.968746496,0.56949999808,1.47487499744,1.8750008319999996
5.883e-06,23.749996544,0.57574999744,1.472374997696,2.1875007999999996
5.8835000000000005e-06,22.968746496,0.57574999744,1.472374997696,2.5000007679999996
5.884000000000001e-06,22.187496448000005,0.57574999744,1.471124997824,2.1875007999999996
5.8845e-06,23.749996544,0.56949999808,1.47487499744,1.8750008319999996
5.885e-06,23.749996544,0.57574999744,1.476124997312,2.1875007999999996
5.885500000000001e-06,23.749996544,0.57574999744,1.473624997568,2.1875007999999996
5.886e-06,22.968746496,0.56949999808,1.476124997312,2.1875007999999996
5.8865e-06,22.968746496,0.56949999808,1.476124997312,2.1875007999999996
5.8870000000000006e-06,22.968746496,0.57574999744,1.47487499744,1.8750008319999996
5.8875e-06,22.968746496,0.56949999808,1.473624997568,1.8750008319999996
5.888e-06,22.968746496,0.57574999744,1.47487499744,2.1875007999999996
5.8885000000000005e-06,23.749996544,0.56949999808,1.476124997312,1.5625008640000004
5.889000000000001e-06,22.968746496,0.57574999744,1.473624997568,2.1875007999999996
5.8895e-06,22.968746496,0.56949999808,1.473624997568,2.5000007679999996
5.89e-06,23.749996544,0.57574999744,1.473624997568,2.1875007999999996
5.890500000000001e-06,23.749996544,0.57574999744,1.473624997568,2.1875007999999996
5.891e-06,23.749996544,0.57574999744,1.47487499744,2.1875007999999996
5.8915e-06,22.968746496,0.57574999744,1.476124997312,1.8750008319999996
5.8920000000000005e-06,22.968746496,0.56949999808,1.47487499744,2.1875007999999996
5.892500000000001e-06,22.968746496,0.57574999744,1.47487499744,2.1875007999999996
5.893e-06,23.749996544,0.57574999744,1.476124997312,2.1875007999999996
5.8935e-06,22.968746496,0.57574999744,1.473624997568,2.1875007999999996
5.894000000000001e-06,22.968746496,0.57574999744,1.47487499744,2.5000007679999996
5.8945e-06,23.749996544,0.56949999808,1.477374997184,2.1875007999999996
5.895e-06,22.968746496,0.56949999808,1.47487499744,2.1875007999999996
5.8955000000000006e-06,23.749996544,0.56949999808,1.476124997312,1.8750008319999996
5.896e-06,22.968746496,0.57574999744,1.47487499744,2.1875007999999996
5.8965e-06,23.749996544,0.56949999808,1.473624997568,2.1875007999999996
5.8970000000000005e-06,22.968746496,0.56949999808,1.473624997568,1.8750008319999996
5.897500000000001e-06,22.968746496,0.56949999808,1.473624997568,1.8750008319999996
5.898e-06,23.749996544,0.56949999808,1.47487499744,2.1875007999999996
5.8985e-06,22.968746496,0.57574999744,1.47487499744,2.1875007999999996
5.899000000000001e-06,22.968746496,0.56949999808,1.476124997312,2.1875007999999996
5.8995e-06,22.968746496,0.56949999808,1.476124997312,1.8750008319999996
5.9e-06,22.968746496,0.57574999744,1.476124997312,2.1875007999999996
5.9005000000000005e-06,23.749996544,0.57574999744,1.478624997056,2.1875007999999996
5.901000000000001e-06,23.749996544,0.5819999967999999,1.478624997056,2.1875007999999996
5.9015e-06,22.968746496,0.57574999744,1.476124997312,2.1875007999999996
5.902e-06,23.749996544,0.56949999808,1.47487499744,2.1875007999999996
5.902500000000001e-06,22.968746496,0.56949999808,1.477374997184,2.1875007999999996
5.903e-06,22.968746496,0.57574999744,1.477374997184,1.8750008319999996
5.9035e-06,22.968746496,0.56949999808,1.477374997184,2.1875007999999996
5.9040000000000006e-06,22.968746496,0.57574999744,1.47487499744,2.1875007999999996
5.9045e-06,23.749996544,0.57574999744,1.477374997184,1.8750008319999996
5.905e-06,22.968746496,0.56949999808,1.47487499744,2.1875007999999996
5.9055000000000005e-06,23.749996544,0.56949999808,1.473624997568,1.8750008319999996
5.906000000000001e-06,23.749996544,0.57574999744,1.473624997568,2.1875007999999996
5.9065e-06,22.968746496,0.57574999744,1.473624997568,2.1875007999999996
5.907e-06,22.968746496,0.57574999744,1.47487499744,1.8750008319999996
5.907500000000001e-06,22.968746496,0.57574999744,1.47487499744,2.1875007999999996
5.908e-06,23.749996544,0.57574999744,1.47487499744,1.8750008319999996
5.9085e-06,23.749996544,0.57574999744,1.478624997056,2.1875007999999996
5.9090000000000005e-06,23.749996544,0.56949999808,1.476124997312,2.1875007999999996
5.909500000000001e-06,22.968746496,0.56949999808,1.47487499744,2.1875007999999996
5.91e-06,22.968746496,0.57574999744,1.476124997312,1.8750008319999996
5.9105e-06,22.968746496,0.57574999744,1.476124997312,2.1875007999999996
5.911000000000001e-06,23.749996544,0.56949999808,1.47487499744,1.8750008319999996
5.9115e-06,22.968746496,0.57574999744,1.473624997568,2.1875007999999996
5.912e-06,23.749996544,0.57574999744,1.472374997696,2.1875007999999996
5.9125000000000006e-06,23.749996544,0.56949999808,1.47487499744,1.8750008319999996
5.913e-06,22.968746496,0.56949999808,1.477374997184,2.1875007999999996
5.9135e-06,23.749996544,0.56949999808,1.478624997056,2.1875007999999996
5.9140000000000005e-06,23.749996544,0.56949999808,1.478624997056,2.1875007999999996
5.914500000000001e-06,22.968746496,0.57574999744,1.477374997184,2.1875007999999996
5.915e-06,22.968746496,0.56949999808,1.477374997184,2.1875007999999996
5.9155e-06,22.968746496,0.5632499987199999,1.477374997184,2.1875007999999996
5.916000000000001e-06,22.968746496,0.56949999808,1.47487499744,1.8750008319999996
5.9165e-06,22.968746496,0.57574999744,1.478624997056,2.1875007999999996
5.917e-06,22.968746496,0.57574999744,1.478624997056,2.1875007999999996
5.9175000000000005e-06,22.187496448000005,0.57574999744,1.477374997184,2.1875007999999996
5.918000000000001e-06,22.968746496,0.57574999744,1.476124997312,2.1875007999999996
5.9185e-06,22.968746496,0.57574999744,1.477374997184,2.1875007999999996
5.919e-06,22.968746496,0.57574999744,1.476124997312,1.8750008319999996
5.919500000000001e-06,22.968746496,0.57574999744,1.477374997184,1.8750008319999996
5.92e-06,22.968746496,0.57574999744,1.47487499744,1.8750008319999996
5.9205e-06,23.749996544,0.56949999808,1.477374997184,1.8750008319999996
5.9210000000000006e-06,22.968746496,0.56949999808,1.476124997312,2.1875007999999996
5.9215e-06,22.968746496,0.57574999744,1.476124997312,2.1875007999999996
5.922e-06,23.749996544,0.56949999808,1.476124997312,2.1875007999999996
5.9225000000000005e-06,22.968746496,0.57574999744,1.477374997184,2.1875007999999996
5.923000000000001e-06,23.749996544,0.5819999967999999,1.478624997056,2.1875007999999996
5.9235e-06,22.968746496,0.57574999744,1.479874996928,1.8750008319999996
5.924e-06,23.749996544,0.57574999744,1.479874996928,2.1875007999999996
5.924500000000001e-06,23.749996544,0.57574999744,1.479874996928,1.8750008319999996
5.925e-06,24.531246592000002,0.57574999744,1.477374997184,2.1875007999999996
5.9255e-06,23.749996544,0.57574999744,1.476124997312,2.1875007999999996
5.9260000000000005e-06,22.968746496,0.57574999744,1.476124997312,2.1875007999999996
5.926500000000001e-06,22.968746496,0.56949999808,1.47487499744,2.1875007999999996
5.927e-06,22.968746496,0.57574999744,1.47487499744,2.1875007999999996
5.9275e-06,22.968746496,0.57574999744,1.47487499744,1.8750008319999996
5.928000000000001e-06,22.968746496,0.57574999744,1.473624997568,1.8750008319999996
5.9285e-06,23.749996544,0.56949999808,1.478624997056,1.8750008319999996
5.929e-06,22.968746496,0.56949999808,1.478624997056,1.8750008319999996
5.9295000000000006e-06,22.968746496,0.57574999744,1.476124997312,1.8750008319999996
5.93e-06,23.749996544,0.56949999808,1.47487499744,2.1875007999999996
5.9305e-06,22.968746496,0.57574999744,1.473624997568,2.1875007999999996
5.9310000000000005e-06,22.968746496,0.57574999744,1.47487499744,2.1875007999999996
5.931500000000001e-06,22.968746496,0.57574999744,1.477374997184,2.1875007999999996
5.932e-06,22.968746496,0.57574999744,1.477374997184,2.1875007999999996
5.9325e-06,23.749996544,0.56949999808,1.477374997184,1.8750008319999996
5.933000000000001e-06,23.749996544,0.57574999744,1.477374997184,2.1875007999999996
5.9335e-06,23.749996544,0.57574999744,1.478624997056,2.1875007999999996
5.934e-06,22.968746496,0.57574999744,1.478624997056,2.1875007999999996
5.9345000000000005e-06,23.749996544,0.56949999808,1.476124997312,2.1875007999999996
5.935000000000001e-06,22.968746496,0.57574999744,1.47487499744,1.8750008319999996
5.9355e-06,22.968746496,0.57574999744,1.47487499744,2.1875007999999996
5.9360000000000004e-06,22.968746496,0.56949999808,1.47487499744,2.1875007999999996
5.936500000000001e-06,23.749996544,0.56949999808,1.476124997312,1.8750008319999996
5.937e-06,22.968746496,0.57574999744,1.473624997568,2.1875007999999996
5.9375e-06,22.187496448000005,0.5819999967999999,1.473624997568,2.5000007679999996
5.9380000000000006e-06,23.749996544,0.5819999967999999,1.47487499744,2.1875007999999996
5.9385e-06,22.968746496,0.57574999744,1.476124997312,2.1875007999999996
5.939e-06,23.749996544,0.58824999616,1.476124997312,2.1875007999999996
5.9395000000000005e-06,22.968746496,0.57574999744,1.476124997312,2.1875007999999996
5.940000000000001e-06,22.968746496,0.57574999744,1.476124997312,2.1875007999999996
5.9405e-06,23.749996544,0.5819999967999999,1.476124997312,1.8750008319999996
5.941e-06,23.749996544,0.5819999967999999,1.47487499744,1.8750008319999996
5.941500000000001e-06,23.749996544,0.57574999744,1.476124997312,2.1875007999999996
5.942e-06,23.749996544,0.57574999744,1.476124997312,2.1875007999999996
5.9425e-06,22.968746496,0.56949999808,1.478624997056,2.1875007999999996
5.9430000000000005e-06,23.749996544,0.57574999744,1.477374997184,1.8750008319999996
5.943500000000001e-06,22.968746496,0.57574999744,1.476124997312,1.8750008319999996
5.944e-06,22.968746496,0.57574999744,1.469874997952,1.8750008319999996
5.9445000000000004e-06,23.749996544,0.57574999744,1.473624997568,1.5625008640000004
5.945000000000001e-06,22.968746496,0.57574999744,1.473624997568,1.8750008319999996
5.9455e-06,23.749996544,0.57574999744,1.47487499744,2.1875007999999996
5.946e-06,23.749996544,0.57574999744,1.473624997568,2.1875007999999996
5.946500000000001e-06,23.749996544,0.57574999744,1.47487499744,1.8750008319999996
5.947e-06,24.531246592000002,0.57574999744,1.477374997184,2.1875007999999996
5.9475e-06,23.749996544,0.57574999744,1.47487499744,2.5000007679999996
5.9480000000000005e-06,23.749996544,0.57574999744,1.476124997312,2.5000007679999996
5.948500000000001e-06,23.749996544,0.57574999744,1.477374997184,1.5625008640000004
5.949e-06,23.749996544,0.5819999967999999,1.476124997312,1.8750008319999996
5.9495e-06,23.749996544,0.57574999744,1.478624997056,1.8750008319999996
5.950000000000001e-06,22.968746496,0.57574999744,1.479874996928,2.1875007999999996
5.9505e-06,23.749996544,0.57574999744,1.478624997056,2.1875007999999996
5.951e-06,22.968746496,0.57574999744,1.473624997568,1.8750008319999996
5.9515000000000005e-06,22.968746496,0.57574999744,1.473624997568,1.8750008319999996
5.952000000000001e-06,22.968746496,0.57574999744,1.47487499744,1.8750008319999996
5.9525e-06,23.749996544,0.56949999808,1.477374997184,1.8750008319999996
5.9530000000000004e-06,22.968746496,0.56949999808,1.47487499744,2.1875007999999996
5.953500000000001e-06,22.968746496,0.56949999808,1.476124997312,2.1875007999999996
5.954e-06,23.749996544,0.56949999808,1.47487499744,2.1875007999999996
5.9545e-06,22.968746496,0.57574999744,1.47487499744,1.8750008319999996
5.955000000000001e-06,22.968746496,0.57574999744,1.47487499744,1.8750008319999996
5.9555e-06,22.968746496,0.57574999744,1.47487499744,1.8750008319999996
5.956e-06,22.187496448000005,0.56949999808,1.47487499744,1.8750008319999996
5.9565000000000005e-06,22.968746496,0.57574999744,1.477374997184,1.8750008319999996
5.957000000000001e-06,23.749996544,0.56949999808,1.477374997184,2.1875007999999996
5.9575e-06,22.187496448000005,0.57574999744,1.476124997312,2.1875007999999996
5.958e-06,22.968746496,0.57574999744,1.476124997312,2.1875007999999996
5.958500000000001e-06,22.968746496,0.56949999808,1.476124997312,2.1875007999999996
5.959e-06,22.968746496,0.56949999808,1.476124997312,1.8750008319999996
5.9595e-06,22.968746496,0.57574999744,1.47487499744,1.8750008319999996
5.9600000000000005e-06,22.968746496,0.57574999744,1.473624997568,2.1875007999999996
5.960500000000001e-06,23.749996544,0.57574999744,1.478624997056,1.8750008319999996
5.961e-06,22.968746496,0.57574999744,1.477374997184,2.1875007999999996
5.9615000000000004e-06,22.968746496,0.57574999744,1.476124997312,2.1875007999999996
5.962000000000001e-06,23.749996544,0.5819999967999999,1.47487499744,2.1875007999999996
5.9625e-06,22.968746496,0.5819999967999999,1.473624997568,1.8750008319999996
5.963e-06,22.968746496,0.56949999808,1.476124997312,1.8750008319999996
5.963500000000001e-06,23.749996544,0.57574999744,1.478624997056,1.8750008319999996
5.964e-06,22.968746496,0.57574999744,1.478624997056,1.8750008319999996
5.9645e-06,22.968746496,0.57574999744,1.478624997056,2.1875007999999996
5.9650000000000005e-06,23.749996544,0.5819999967999999,1.479874996928,2.1875007999999996
5.965500000000001e-06,23.749996544,0.57574999744,1.479874996928,2.1875007999999996
5.966e-06,23.749996544,0.57574999744,1.478624997056,2.1875007999999996
5.9665e-06,22.968746496,0.57574999744,1.477374997184,2.5000007679999996
5.967000000000001e-06,22.968746496,0.57574999744,1.47487499744,2.1875007999999996
5.9675e-06,22.968746496,0.57574999744,1.477374997184,2.1875007999999996
5.968e-06,23.749996544,0.57574999744,1.476124997312,2.1875007999999996
5.9685000000000005e-06,23.749996544,0.57574999744,1.476124997312,1.8750008319999996
5.969000000000001e-06,22.968746496,0.57574999744,1.476124997312,2.1875007999999996
5.9695e-06,23.749996544,0.57574999744,1.477374997184,2.1875007999999996
5.9700000000000004e-06,23.749996544,0.57574999744,1.477374997184,2.1875007999999996
5.970500000000001e-06,22.968746496,0.57574999744,1.477374997184,2.1875007999999996
5.971e-06,22.968746496,0.5819999967999999,1.47487499744,2.1875007999999996
5.9715e-06,22.968746496,0.57574999744,1.47487499744,2.5000007679999996
5.972000000000001e-06,22.968746496,0.57574999744,1.476124997312,2.5000007679999996
5.9725e-06,22.968746496,0.57574999744,1.478624997056,2.1875007999999996
5.973e-06,23.749996544,0.57574999744,1.476124997312,2.1875007999999996
5.9735000000000005e-06,22.968746496,0.57574999744,1.476124997312,2.1875007999999996
5.974000000000001e-06,23.749996544,0.57574999744,1.477374997184,2.5000007679999996
5.9745e-06,22.968746496,0.5819999967999999,1.476124997312,2.5000007679999996
5.975e-06,23.749996544,0.57574999744,1.473624997568,2.1875007999999996
5.975500000000001e-06,22.968746496,0.56949999808,1.473624997568,1.8750008319999996
5.976e-06,22.968746496,0.57574999744,1.47487499744,2.1875007999999996
5.9765e-06,23.749996544,0.57574999744,1.479874996928,1.8750008319999996
5.9770000000000005e-06,22.968746496,0.57574999744,1.478624997056,1.8750008319999996
5.977500000000001e-06,22.968746496,0.5819999967999999,1.477374997184,2.1875007999999996
5.978e-06,23.749996544,0.57574999744,1.476124997312,2.1875007999999996
5.9785000000000004e-06,22.968746496,0.57574999744,1.477374997184,2.1875007999999996
5.979000000000001e-06,23.749996544,0.5819999967999999,1.479874996928,2.1875007999999996
5.9795e-06,22.968746496,0.56949999808,1.478624997056,2.1875007999999996
5.98e-06,23.749996544,0.57574999744,1.47487499744,2.1875007999999996
5.980500000000001e-06,23.749996544,0.56949999808,1.47487499744,1.8750008319999996
5.981e-06,23.749996544,0.56949999808,1.47487499744,1.8750008319999996
5.9815e-06,23.749996544,0.57574999744,1.476124997312,1.8750008319999996
5.9820000000000005e-06,22.968746496,0.56949999808,1.477374997184,2.1875007999999996
5.982500000000001e-06,22.968746496,0.57574999744,1.47487499744,2.1875007999999996
5.983e-06,23.749996544,0.57574999744,1.473624997568,1.8750008319999996
5.9835e-06,22.968746496,0.56949999808,1.476124997312,1.8750008319999996
5.984000000000001e-06,23.749996544,0.57574999744,1.47487499744,1.8750008319999996
5.9845e-06,23.749996544,0.56949999808,1.477374997184,2.1875007999999996
5.985e-06,22.968746496,0.56949999808,1.477374997184,2.1875007999999996
5.9855000000000005e-06,23.749996544,0.57574999744,1.477374997184,2.1875007999999996
5.986000000000001e-06,23.749996544,0.57574999744,1.477374997184,2.5000007679999996
5.9865e-06,22.968746496,0.57574999744,1.477374997184,2.1875007999999996
5.9870000000000004e-06,23.749996544,0.5819999967999999,1.479874996928,1.8750008319999996
5.987500000000001e-06,23.749996544,0.57574999744,1.478624997056,2.1875007999999996
5.988e-06,23.749996544,0.57574999744,1.47487499744,2.5000007679999996
5.9885e-06,23.749996544,0.57574999744,1.476124997312,2.1875007999999996
5.989000000000001e-06,23.749996544,0.5819999967999999,1.476124997312,2.1875007999999996
5.9895e-06,22.968746496,0.57574999744,1.47487499744,2.1875007999999996
5.99e-06,23.749996544,0.57574999744,1.473624997568,2.5000007679999996
5.9905000000000005e-06,23.749996544,0.57574999744,1.47487499744,2.1875007999999996
5.991000000000001e-06,23.749996544,0.57574999744,1.472374997696,1.8750008319999996
5.9915e-06,23.749996544,0.56949999808,1.471124997824,1.8750008319999996
5.992e-06,23.749996544,0.57574999744,1.471124997824,2.1875007999999996
5.992500000000001e-06,22.968746496,0.56949999808,1.473624997568,1.8750008319999996
5.993e-06,23.749996544,0.57574999744,1.473624997568,2.1875007999999996
5.9935e-06,23.749996544,0.5819999967999999,1.47487499744,2.1875007999999996
5.9940000000000005e-06,24.531246592000002,0.57574999744,1.47487499744,2.1875007999999996
5.9945e-06,23.749996544,0.57574999744,1.476124997312,2.1875007999999996
5.995e-06,22.968746496,0.56949999808,1.47487499744,2.5000007679999996
5.9955000000000004e-06,23.749996544,0.56949999808,1.47487499744,2.5000007679999996
5.996000000000001e-06,23.749996544,0.57574999744,1.47487499744,2.1875007999999996
5.9965e-06,23.749996544,0.5819999967999999,1.478624997056,1.8750008319999996
5.997e-06,23.749996544,0.5819999967999999,1.476124997312,2.1875007999999996
5.997500000000001e-06,23.749996544,0.57574999744,1.47487499744,2.1875007999999996
5.998e-06,23.749996544,0.57574999744,1.472374997696,2.5000007679999996
5.9985e-06,23.749996544,0.57574999744,1.47487499744,2.1875007999999996
5.9990000000000005e-06,22.968746496,0.57574999744,1.476124997312,2.1875007999999996
5.999500000000001e-06,22.968746496,0.57574999744,1.478624997056,1.8750008319999996
6e-06,22.968746496,0.57574999744,1.478624997056,2.1875007999999996
6.0005e-06,23.749996544,0.57574999744,1.479874996928,2.1875007999999996
6.001000000000001e-06,22.968746496,0.57574999744,1.478624997056,2.1875007999999996
6.0015e-06,23.749996544,0.57574999744,1.477374997184,2.1875007999999996
6.002e-06,23.749996544,0.57574999744,1.477374997184,2.1875007999999996
6.0025000000000006e-06,22.968746496,0.5819999967999999,1.476124997312,1.8750008319999996
6.003e-06,23.749996544,0.5819999967999999,1.476124997312,2.5000007679999996
6.0035e-06,22.968746496,0.57574999744,1.47487499744,2.1875007999999996
6.0040000000000005e-06,22.968746496,0.57574999744,1.473624997568,2.1875007999999996
6.004500000000001e-06,23.749996544,0.57574999744,1.472374997696,2.1875007999999996
6.005e-06,23.749996544,0.57574999744,1.473624997568,2.5000007679999996
6.0055e-06,22.968746496,0.56949999808,1.476124997312,2.5000007679999996
6.006000000000001e-06,22.968746496,0.56949999808,1.477374997184,2.1875007999999996
6.0065e-06,22.968746496,0.56949999808,1.477374997184,2.1875007999999996
6.007e-06,22.968746496,0.57574999744,1.473624997568,1.8750008319999996
6.0075000000000005e-06,23.749996544,0.57574999744,1.477374997184,2.1875007999999996
6.008000000000001e-06,23.749996544,0.57574999744,1.477374997184,1.8750008319999996
6.0085e-06,23.749996544,0.5819999967999999,1.479874996928,1.5625008640000004
6.009e-06,22.968746496,0.5819999967999999,1.476124997312,1.8750008319999996
6.009500000000001e-06,22.968746496,0.57574999744,1.47487499744,2.1875007999999996
6.01e-06,24.531246592000002,0.57574999744,1.476124997312,2.1875007999999996
6.0105e-06,23.749996544,0.57574999744,1.477374997184,2.1875007999999996
6.0110000000000006e-06,22.968746496,0.57574999744,1.476124997312,2.5000007679999996
6.0115e-06,22.968746496,0.57574999744,1.473624997568,2.5000007679999996
6.012e-06,23.749996544,0.57574999744,1.472374997696,2.1875007999999996
6.0125000000000005e-06,23.749996544,0.57574999744,1.47487499744,1.8750008319999996
6.013000000000001e-06,23.749996544,0.57574999744,1.47487499744,2.1875007999999996
6.0135e-06,22.968746496,0.5819999967999999,1.47487499744,2.1875007999999996
6.014e-06,23.749996544,0.57574999744,1.476124997312,2.5000007679999996
6.014500000000001e-06,23.749996544,0.56949999808,1.476124997312,2.5000007679999996
6.015e-06,23.749996544,0.57574999744,1.476124997312,1.8750008319999996
6.0155e-06,22.968746496,0.57574999744,1.478624997056,2.1875007999999996
6.0160000000000005e-06,23.749996544,0.57574999744,1.47487499744,2.5000007679999996
6.016500000000001e-06,22.968746496,0.57574999744,1.476124997312,2.1875007999999996
6.017e-06,22.968746496,0.57574999744,1.47487499744,2.1875007999999996
6.0175e-06,23.749996544,0.5819999967999999,1.473624997568,2.1875007999999996
6.018000000000001e-06,23.749996544,0.57574999744,1.476124997312,2.1875007999999996
6.0185e-06,22.968746496,0.57574999744,1.476124997312,2.1875007999999996
6.019e-06,23.749996544,0.56949999808,1.47487499744,2.5000007679999996
6.0195000000000006e-06,22.968746496,0.57574999744,1.473624997568,2.1875007999999996
6.02e-06,23.749996544,0.57574999744,1.47487499744,2.1875007999999996
6.0205e-06,23.749996544,0.5819999967999999,1.477374997184,1.8750008319999996
6.0210000000000005e-06,23.749996544,0.57574999744,1.476124997312,2.1875007999999996
6.021500000000001e-06,22.968746496,0.57574999744,1.472374997696,2.1875007999999996
6.022e-06,22.968746496,0.56949999808,1.473624997568,2.5000007679999996
6.0225e-06,23.749996544,0.56949999808,1.476124997312,2.1875007999999996
6.023000000000001e-06,22.968746496,0.57574999744,1.476124997312,2.1875007999999996
6.0235e-06,23.749996544,0.57574999744,1.47487499744,1.8750008319999996
6.024e-06,23.749996544,0.57574999744,1.47487499744,2.1875007999999996
6.0245000000000005e-06,22.968746496,0.56949999808,1.47487499744,1.8750008319999996
6.025000000000001e-06,22.968746496,0.56949999808,1.473624997568,2.1875007999999996
6.0255e-06,22.187496448000005,0.57574999744,1.47487499744,2.1875007999999996
6.026e-06,23.749996544,0.5819999967999999,1.476124997312,2.1875007999999996
6.026500000000001e-06,22.968746496,0.57574999744,1.47487499744,2.1875007999999996
6.027e-06,22.968746496,0.57574999744,1.47487499744,2.1875007999999996
6.0275e-06,22.968746496,0.56949999808,1.47487499744,2.1875007999999996
6.0280000000000006e-06,23.749996544,0.57574999744,1.47487499744,2.1875007999999996
6.0285e-06,23.749996544,0.57574999744,1.477374997184,2.1875007999999996
6.029e-06,23.749996544,0.5819999967999999,1.476124997312,2.1875007999999996
6.0295000000000005e-06,22.968746496,0.5819999967999999,1.476124997312,1.8750008319999996
6.030000000000001e-06,22.968746496,0.57574999744,1.477374997184,2.5000007679999996
6.0305e-06,22.187496448000005,0.57574999744,1.477374997184,2.5000007679999996
6.031e-06,23.749996544,0.57574999744,1.47487499744,1.8750008319999996
6.031500000000001e-06,22.968746496,0.57574999744,1.476124997312,1.8750008319999996
6.032e-06,22.968746496,0.57574999744,1.476124997312,2.1875007999999996
6.0325e-06,23.749996544,0.57574999744,1.479874996928,1.8750008319999996
6.0330000000000005e-06,22.968746496,0.57574999744,1.477374997184,2.1875007999999996
6.033500000000001e-06,22.968746496,0.5819999967999999,1.47487499744,2.1875007999999996
6.034e-06,23.749996544,0.57574999744,1.473624997568,2.5000007679999996
6.0345e-06,22.968746496,0.57574999744,1.47487499744,1.8750008319999996
6.035000000000001e-06,23.749996544,0.5819999967999999,1.476124997312,2.5000007679999996
6.0355e-06,23.749996544,0.57574999744,1.478624997056,2.5000007679999996
6.036e-06,23.749996544,0.5819999967999999,1.478624997056,2.5000007679999996
6.0365000000000006e-06,22.968746496,0.5819999967999999,1.478624997056,2.1875007999999996
6.037e-06,22.187496448000005,0.5819999967999999,1.477374997184,2.1875007999999996
6.0375e-06,22.968746496,0.5819999967999999,1.477374997184,1.8750008319999996
6.0380000000000005e-06,22.968746496,0.57574999744,1.477374997184,2.1875007999999996
6.038500000000001e-06,23.749996544,0.57574999744,1.477374997184,2.1875007999999996
6.039e-06,22.968746496,0.57574999744,1.476124997312,2.1875007999999996
6.0395e-06,23.749996544,0.5819999967999999,1.477374997184,2.1875007999999996
6.040000000000001e-06,23.749996544,0.5819999967999999,1.47487499744,2.1875007999999996
6.0405e-06,22.968746496,0.5819999967999999,1.476124997312,2.1875007999999996
6.041e-06,22.968746496,0.57574999744,1.476124997312,2.1875007999999996
6.0415000000000005e-06,22.968746496,0.57574999744,1.47487499744,2.1875007999999996
6.042000000000001e-06,23.749996544,0.57574999744,1.47487499744,2.1875007999999996
6.0425e-06,22.187496448000005,0.5819999967999999,1.47487499744,1.8750008319999996
6.043e-06,22.968746496,0.5819999967999999,1.476124997312,2.1875007999999996
6.043500000000001e-06,23.749996544,0.57574999744,1.477374997184,2.1875007999999996
6.044e-06,23.749996544,0.57574999744,1.476124997312,2.1875007999999996
6.0445e-06,23.749996544,0.57574999744,1.477374997184,1.8750008319999996
6.0450000000000006e-06,23.749996544,0.5819999967999999,1.476124997312,2.1875007999999996
6.0455e-06,22.968746496,0.57574999744,1.478624997056,1.8750008319999996
6.046e-06,22.968746496,0.57574999744,1.4811249968,2.5000007679999996
6.0465000000000005e-06,23.749996544,0.56949999808,1.4811249968,2.1875007999999996
6.047000000000001e-06,22.968746496,0.57574999744,1.477374997184,2.1875007999999996
6.0475e-06,22.968746496,0.57574999744,1.476124997312,1.8750008319999996
6.048e-06,22.968746496,0.57574999744,1.47487499744,1.8750008319999996
6.048500000000001e-06,23.749996544,0.5819999967999999,1.476124997312,1.8750008319999996
6.049e-06,22.968746496,0.5819999967999999,1.476124997312,2.1875007999999996
6.0495e-06,22.968746496,0.57574999744,1.476124997312,2.1875007999999996
6.0500000000000005e-06,23.749996544,0.57574999744,1.477374997184,2.1875007999999996
6.050500000000001e-06,22.968746496,0.57574999744,1.47487499744,1.8750008319999996
6.051e-06,22.968746496,0.5819999967999999,1.47487499744,1.8750008319999996
6.0515e-06,22.187496448000005,0.57574999744,1.473624997568,2.1875007999999996
6.052000000000001e-06,22.968746496,0.57574999744,1.473624997568,1.8750008319999996
6.0525e-06,22.968746496,0.57574999744,1.47487499744,1.8750008319999996
6.053e-06,23.749996544,0.5819999967999999,1.476124997312,1.8750008319999996
6.0535000000000006e-06,22.968746496,0.56949999808,1.478624997056,2.1875007999999996
6.054e-06,22.968746496,0.56949999808,1.477374997184,2.5000007679999996
6.0545e-06,23.749996544,0.56949999808,1.473624997568,2.5000007679999996
6.0550000000000005e-06,22.968746496,0.56949999808,1.47487499744,2.1875007999999996
6.055500000000001e-06,22.968746496,0.57574999744,1.479874996928,2.1875007999999996
6.056e-06,22.968746496,0.5819999967999999,1.478624997056,2.1875007999999996
6.0565e-06,22.187496448000005,0.57574999744,1.477374997184,1.8750008319999996
6.057000000000001e-06,22.968746496,0.57574999744,1.476124997312,2.1875007999999996
6.0575e-06,22.968746496,0.5819999967999999,1.477374997184,2.5000007679999996
6.058e-06,22.968746496,0.5819999967999999,1.476124997312,2.1875007999999996
6.0585000000000005e-06,22.187496448000005,0.5819999967999999,1.47487499744,1.8750008319999996
6.059000000000001e-06,22.968746496,0.5819999967999999,1.47487499744,2.5000007679999996
6.0595e-06,22.187496448000005,0.57574999744,1.47487499744,2.5000007679999996
6.0600000000000004e-06,22.187496448000005,0.57574999744,1.47487499744,2.1875007999999996
6.060500000000001e-06,22.968746496,0.57574999744,1.476124997312,1.8750008319999996
6.061e-06,22.968746496,0.5819999967999999,1.476124997312,2.1875007999999996
6.0615e-06,23.749996544,0.57574999744,1.478624997056,2.1875007999999996
6.0620000000000006e-06,23.749996544,0.57574999744,1.477374997184,2.5000007679999996
6.0625e-06,22.968746496,0.57574999744,1.476124997312,2.5000007679999996
6.063e-06,23.749996544,0.5819999967999999,1.47487499744,2.1875007999999996
6.0635000000000005e-06,22.968746496,0.5819999967999999,1.476124997312,1.8750008319999996
6.064000000000001e-06,22.968746496,0.57574999744,1.47487499744,2.1875007999999996
6.0645e-06,23.749996544,0.57574999744,1.476124997312,1.8750008319999996
6.065e-06,22.968746496,0.57574999744,1.47487499744,2.1875007999999996
6.065500000000001e-06,22.968746496,0.5819999967999999,1.476124997312,2.1875007999999996
6.066e-06,23.749996544,0.5819999967999999,1.47487499744,2.1875007999999996
6.0665e-06,23.749996544,0.57574999744,1.476124997312,1.8750008319999996
6.0670000000000005e-06,23.749996544,0.5819999967999999,1.47487499744,1.8750008319999996
6.067500000000001e-06,23.749996544,0.57574999744,1.477374997184,2.1875007999999996
6.068e-06,23.749996544,0.57574999744,1.476124997312,2.1875007999999996
6.0685000000000004e-06,22.968746496,0.5819999967999999,1.476124997312,1.8750008319999996
6.069000000000001e-06,23.749996544,0.5819999967999999,1.476124997312,2.1875007999999996
6.0695e-06,22.968746496,0.57574999744,1.473624997568,2.1875007999999996
6.07e-06,22.968746496,0.57574999744,1.47487499744,2.5000007679999996
6.070500000000001e-06,22.968746496,0.57574999744,1.476124997312,2.5000007679999996
6.071e-06,22.187496448000005,0.57574999744,1.47487499744,1.8750008319999996
6.0715e-06,22.187496448000005,0.57574999744,1.47487499744,1.8750008319999996
6.0720000000000005e-06,22.968746496,0.57574999744,1.476124997312,2.1875007999999996
6.072500000000001e-06,22.968746496,0.57574999744,1.4823749966720001,1.8750008319999996
6.073e-06,22.968746496,0.57574999744,1.4823749966720001,1.8750008319999996
6.0735e-06,22.968746496,0.57574999744,1.478624997056,2.5000007679999996
6.074000000000001e-06,23.749996544,0.5819999967999999,1.478624997056,2.1875007999999996
6.0745e-06,22.968746496,0.5819999967999999,1.479874996928,2.1875007999999996
6.075e-06,23.749996544,0.5819999967999999,1.479874996928,2.1875007999999996
6.0755000000000005e-06,23.749996544,0.57574999744,1.478624997056,2.1875007999999996
6.076000000000001e-06,23.749996544,0.5819999967999999,1.478624997056,2.1875007999999996
6.0765e-06,22.968746496,0.5819999967999999,1.4811249968,2.1875007999999996
6.0770000000000004e-06,23.749996544,0.58824999616,1.4823749966720001,2.1875007999999996
6.077500000000001e-06,23.749996544,0.57574999744,1.479874996928,2.1875007999999996
6.078e-06,22.968746496,0.57574999744,1.478624997056,2.5000007679999996
6.0785e-06,22.968746496,0.57574999744,1.4811249968,2.5000007679999996
6.079000000000001e-06,23.749996544,0.5819999967999999,1.479874996928,1.8750008319999996
6.0795e-06,23.749996544,0.5819999967999999,1.478624997056,1.8750008319999996
6.08e-06,23.749996544,0.5819999967999999,1.47487499744,2.1875007999999996
6.0805000000000005e-06,22.968746496,0.5819999967999999,1.477374997184,2.1875007999999996
6.081000000000001e-06,22.968746496,0.57574999744,1.477374997184,2.1875007999999996
6.0815e-06,23.749996544,0.57574999744,1.477374997184,2.5000007679999996
6.082e-06,23.749996544,0.57574999744,1.476124997312,2.1875007999999996
6.082500000000001e-06,22.968746496,0.5819999967999999,1.47487499744,1.8750008319999996
6.083e-06,22.968746496,0.5819999967999999,1.47487499744,2.1875007999999996
6.0835e-06,22.968746496,0.57574999744,1.476124997312,1.8750008319999996
6.0840000000000005e-06,22.968746496,0.57574999744,1.476124997312,2.5000007679999996
6.084500000000001e-06,22.968746496,0.5819999967999999,1.476124997312,2.1875007999999996
6.085e-06,23.749996544,0.57574999744,1.476124997312,2.1875007999999996
6.0855000000000004e-06,22.968746496,0.5819999967999999,1.47487499744,1.8750008319999996
6.086000000000001e-06,23.749996544,0.57574999744,1.476124997312,2.1875007999999996
6.0865e-06,23.749996544,0.56949999808,1.478624997056,2.5000007679999996
6.087e-06,23.749996544,0.57574999744,1.477374997184,2.5000007679999996
6.087500000000001e-06,23.749996544,0.57574999744,1.477374997184,1.8750008319999996
6.088e-06,23.749996544,0.57574999744,1.47487499744,2.1875007999999996
6.0885e-06,22.968746496,0.57574999744,1.47487499744,2.1875007999999996
6.0890000000000005e-06,22.968746496,0.57574999744,1.476124997312,2.1875007999999996
6.089500000000001e-06,23.749996544,0.5819999967999999,1.476124997312,2.1875007999999996
6.09e-06,23.749996544,0.57574999744,1.47487499744,2.1875007999999996
6.0905e-06,22.968746496,0.57574999744,1.47487499744,2.1875007999999996
6.091000000000001e-06,22.968746496,0.5819999967999999,1.47487499744,2.1875007999999996
6.0915e-06,22.968746496,0.57574999744,1.47487499744,2.1875007999999996
6.092e-06,22.968746496,0.57574999744,1.477374997184,2.1875007999999996
6.0925000000000005e-06,22.968746496,0.5819999967999999,1.479874996928,2.1875007999999996
6.093000000000001e-06,23.749996544,0.5819999967999999,1.479874996928,2.1875007999999996
6.0935e-06,22.968746496,0.5819999967999999,1.4811249968,2.5000007679999996
6.0940000000000004e-06,22.968746496,0.57574999744,1.4823749966720001,2.1875007999999996
6.094500000000001e-06,23.749996544,0.57574999744,1.4811249968,2.5000007679999996
6.095e-06,22.968746496,0.57574999744,1.478624997056,1.8750008319999996
6.0955e-06,23.749996544,0.56949999808,1.478624997056,2.1875007999999996
6.096000000000001e-06,23.749996544,0.57574999744,1.477374997184,2.5000007679999996
6.0965e-06,23.749996544,0.57574999744,1.477374997184,1.8750008319999996
6.097e-06,22.968746496,0.57574999744,1.47487499744,2.1875007999999996
6.0975000000000005e-06,22.968746496,0.5819999967999999,1.47487499744,2.5000007679999996
6.098000000000001e-06,23.749996544,0.5819999967999999,1.476124997312,2.1875007999999996
6.0985e-06,22.968746496,0.5819999967999999,1.476124997312,1.8750008319999996
6.099e-06,23.749996544,0.5819999967999999,1.476124997312,2.1875007999999996
6.099500000000001e-06,22.968746496,0.57574999744,1.47487499744,2.5000007679999996
6.1e-06,23.749996544,0.56949999808,1.47487499744,2.5000007679999996
6.1005e-06,23.749996544,0.57574999744,1.47487499744,2.1875007999999996
6.1010000000000005e-06,23.749996544,0.57574999744,1.473624997568,2.5000007679999996
6.101500000000001e-06,23.749996544,0.57574999744,1.471124997824,2.1875007999999996
6.102e-06,23.749996544,0.5819999967999999,1.47487499744,2.1875007999999996
6.1025000000000004e-06,22.968746496,0.57574999744,1.477374997184,2.5000007679999996
6.103000000000001e-06,22.968746496,0.57574999744,1.478624997056,2.5000007679999996
6.1035e-06,22.968746496,0.57574999744,1.479874996928,2.1875007999999996
6.104e-06,22.968746496,0.5819999967999999,1.477374997184,2.5000007679999996
6.104500000000001e-06,23.749996544,0.57574999744,1.478624997056,2.1875007999999996
6.105e-06,22.968746496,0.57574999744,1.476124997312,2.1875007999999996
6.1055e-06,22.968746496,0.57574999744,1.47487499744,2.1875007999999996
6.1060000000000005e-06,23.749996544,0.57574999744,1.47487499744,2.1875007999999996
6.106500000000001e-06,22.968746496,0.5819999967999999,1.476124997312,1.8750008319999996
6.107e-06,23.749996544,0.5819999967999999,1.477374997184,2.1875007999999996
6.1075e-06,22.968746496,0.57574999744,1.477374997184,2.1875007999999996
6.108000000000001e-06,22.187496448000005,0.57574999744,1.478624997056,2.5000007679999996
6.1085e-06,23.749996544,0.5819999967999999,1.479874996928,2.1875007999999996
6.109e-06,23.749996544,0.5819999967999999,1.476124997312,2.1875007999999996
6.1095000000000005e-06,22.968746496,0.57574999744,1.47487499744,2.1875007999999996
6.110000000000001e-06,22.968746496,0.57574999744,1.476124997312,2.1875007999999996
6.1105e-06,22.968746496,0.57574999744,1.479874996928,2.1875007999999996
6.1110000000000004e-06,23.749996544,0.57574999744,1.478624997056,2.1875007999999996
6.111500000000001e-06,23.749996544,0.57574999744,1.477374997184,1.8750008319999996
6.112e-06,23.749996544,0.57574999744,1.476124997312,2.1875007999999996
6.1125e-06,22.968746496,0.57574999744,1.477374997184,2.1875007999999996
6.113000000000001e-06,22.968746496,0.57574999744,1.476124997312,2.1875007999999996
6.1135e-06,22.968746496,0.5819999967999999,1.476124997312,2.1875007999999996
6.114e-06,22.968746496,0.57574999744,1.476124997312,2.1875007999999996
6.1145000000000005e-06,22.968746496,0.57574999744,1.477374997184,1.8750008319999996
6.115000000000001e-06,22.968746496,0.5819999967999999,1.476124997312,2.1875007999999996
6.1155e-06,22.968746496,0.57574999744,1.477374997184,2.1875007999999996
6.116e-06,22.968746496,0.57574999744,1.478624997056,2.5000007679999996
6.116500000000001e-06,22.968746496,0.57574999744,1.477374997184,2.1875007999999996
6.117e-06,23.749996544,0.57574999744,1.47487499744,2.1875007999999996
6.1175e-06,23.749996544,0.57574999744,1.47487499744,2.1875007999999996
6.1180000000000005e-06,23.749996544,0.57574999744,1.477374997184,2.1875007999999996
6.118500000000001e-06,22.968746496,0.57574999744,1.476124997312,2.5000007679999996
6.119e-06,23.749996544,0.57574999744,1.47487499744,2.1875007999999996
6.1195000000000004e-06,23.749996544,0.5819999967999999,1.477374997184,2.1875007999999996
6.120000000000001e-06,22.968746496,0.57574999744,1.477374997184,2.1875007999999996
6.1205e-06,22.968746496,0.57574999744,1.477374997184,1.8750008319999996
6.121e-06,22.968746496,0.57574999744,1.476124997312,1.8750008319999996
6.121500000000001e-06,22.968746496,0.5819999967999999,1.47487499744,2.1875007999999996
6.122e-06,23.749996544,0.57574999744,1.473624997568,2.1875007999999996
6.1225e-06,22.968746496,0.5819999967999999,1.47487499744,1.8750008319999996
6.1230000000000005e-06,22.968746496,0.5819999967999999,1.476124997312,2.5000007679999996
6.123500000000001e-06,23.749996544,0.57574999744,1.477374997184,1.8750008319999996
6.124e-06,22.968746496,0.57574999744,1.478624997056,2.5000007679999996
6.1245e-06,22.968746496,0.57574999744,1.479874996928,2.1875007999999996
6.125000000000001e-06,23.749996544,0.5819999967999999,1.478624997056,2.1875007999999996
6.1255e-06,22.968746496,0.57574999744,1.477374997184,2.1875007999999996
6.126e-06,23.749996544,0.57574999744,1.478624997056,2.8125007359999996
6.1265000000000006e-06,22.968746496,0.57574999744,1.4811249968,2.5000007679999996
6.127000000000001e-06,23.749996544,0.57574999744,1.478624997056,2.1875007999999996
6.1275e-06,23.749996544,0.5819999967999999,1.478624997056,2.1875007999999996
6.1280000000000005e-06,22.968746496,0.57574999744,1.476124997312,2.1875007999999996
6.128500000000001e-06,23.749996544,0.57574999744,1.476124997312,2.1875007999999996
6.129e-06,22.968746496,0.57574999744,1.47487499744,2.1875007999999996
6.1295e-06,22.968746496,0.57574999744,1.477374997184,2.1875007999999996
6.130000000000001e-06,23.749996544,0.5819999967999999,1.479874996928,2.1875007999999996
6.1305e-06,23.749996544,0.5819999967999999,1.478624997056,1.8750008319999996
6.131e-06,23.749996544,0.5819999967999999,1.478624997056,2.1875007999999996
6.1315000000000005e-06,23.749996544,0.5819999967999999,1.477374997184,2.1875007999999996
6.132000000000001e-06,23.749996544,0.57574999744,1.477374997184,2.1875007999999996
6.1325e-06,23.749996544,0.57574999744,1.477374997184,1.8750008319999996
6.133e-06,24.531246592000002,0.5819999967999999,1.476124997312,2.1875007999999996
6.133500000000001e-06,23.749996544,0.57574999744,1.477374997184,2.5000007679999996
6.134e-06,23.749996544,0.57574999744,1.478624997056,2.1875007999999996
6.1345e-06,22.968746496,0.5819999967999999,1.476124997312,2.1875007999999996
6.1350000000000006e-06,23.749996544,0.57574999744,1.473624997568,1.8750008319999996
6.135500000000001e-06,23.749996544,0.5819999967999999,1.476124997312,1.8750008319999996
6.136e-06,23.749996544,0.57574999744,1.477374997184,2.1875007999999996
6.1365000000000005e-06,23.749996544,0.57574999744,1.479874996928,1.8750008319999996
6.137000000000001e-06,23.749996544,0.57574999744,1.478624997056,2.1875007999999996
6.1375e-06,22.968746496,0.5819999967999999,1.477374997184,2.1875007999999996
6.138e-06,23.749996544,0.57574999744,1.476124997312,2.1875007999999996
6.138500000000001e-06,22.968746496,0.5819999967999999,1.477374997184,2.1875007999999996
6.139e-06,23.749996544,0.5819999967999999,1.478624997056,2.1875007999999996
6.1395e-06,23.749996544,0.5819999967999999,1.478624997056,2.5000007679999996
6.1400000000000005e-06,22.968746496,0.57574999744,1.476124997312,2.5000007679999996
6.140500000000001e-06,23.749996544,0.57574999744,1.477374997184,2.1875007999999996
6.141e-06,23.749996544,0.57574999744,1.477374997184,2.1875007999999996
6.1415e-06,23.749996544,0.57574999744,1.477374997184,2.1875007999999996
6.142000000000001e-06,23.749996544,0.56949999808,1.476124997312,2.5000007679999996
6.1425e-06,22.968746496,0.57574999744,1.47487499744,2.5000007679999996
6.143e-06,22.968746496,0.57574999744,1.476124997312,2.1875007999999996
6.1435000000000006e-06,22.968746496,0.57574999744,1.477374997184,2.1875007999999996
6.144000000000001e-06,23.749996544,0.5819999967999999,1.47487499744,2.1875007999999996
6.1445e-06,23.749996544,0.5819999967999999,1.477374997184,1.8750008319999996
6.1450000000000005e-06,22.968746496,0.57574999744,1.476124997312,1.8750008319999996
6.145500000000001e-06,22.968746496,0.57574999744,1.477374997184,2.1875007999999996
6.146e-06,23.749996544,0.57574999744,1.478624997056,2.5000007679999996
6.1465e-06,23.749996544,0.57574999744,1.478624997056,2.1875007999999996
6.147000000000001e-06,23.749996544,0.5819999967999999,1.477374997184,2.1875007999999996
6.1475e-06,22.968746496,0.57574999744,1.478624997056,1.8750008319999996
6.148e-06,23.749996544,0.5819999967999999,1.477374997184,2.1875007999999996
6.1485000000000005e-06,23.749996544,0.5819999967999999,1.479874996928,2.1875007999999996
6.149000000000001e-06,23.749996544,0.5819999967999999,1.478624997056,2.1875007999999996
6.1495e-06,23.749996544,0.57574999744,1.477374997184,2.1875007999999996
6.15e-06,23.749996544,0.5819999967999999,1.477374997184,2.5000007679999996
6.150500000000001e-06,23.749996544,0.5819999967999999,1.478624997056,2.5000007679999996
6.151e-06,23.749996544,0.5819999967999999,1.476124997312,2.1875007999999996
6.1515e-06,23.749996544,0.57574999744,1.476124997312,2.1875007999999996
6.1520000000000006e-06,22.968746496,0.5819999967999999,1.476124997312,2.5000007679999996
6.1525e-06,23.749996544,0.5819999967999999,1.479874996928,2.1875007999999996
6.153e-06,22.968746496,0.5819999967999999,1.477374997184,2.1875007999999996
6.1535000000000005e-06,23.749996544,0.57574999744,1.47487499744,2.5000007679999996
6.154000000000001e-06,23.749996544,0.57574999744,1.476124997312,2.5000007679999996
6.1545e-06,23.749996544,0.57574999744,1.476124997312,2.1875007999999996
6.155e-06,22.968746496,0.5819999967999999,1.473624997568,2.1875007999999996
6.155500000000001e-06,23.749996544,0.57574999744,1.473624997568,2.1875007999999996
6.156e-06,23.749996544,0.57574999744,1.47487499744,1.8750008319999996
6.1565e-06,23.749996544,0.5819999967999999,1.478624997056,2.1875007999999996
6.1570000000000005e-06,23.749996544,0.58824999616,1.476124997312,2.1875007999999996
6.157500000000001e-06,23.749996544,0.57574999744,1.476124997312,2.1875007999999996
6.158e-06,23.749996544,0.57574999744,1.477374997184,2.5000007679999996
6.1585e-06,23.749996544,0.57574999744,1.476124997312,2.5000007679999996
6.159000000000001e-06,23.749996544,0.57574999744,1.47487499744,2.1875007999999996
6.1595e-06,22.968746496,0.57574999744,1.477374997184,1.8750008319999996
6.16e-06,23.749996544,0.5819999967999999,1.476124997312,2.1875007999999996
6.1605000000000006e-06,23.749996544,0.5819999967999999,1.476124997312,2.1875007999999996
6.161e-06,22.968746496,0.5819999967999999,1.476124997312,1.8750008319999996
6.1615e-06,22.968746496,0.57574999744,1.477374997184,2.5000007679999996
6.1620000000000005e-06,23.749996544,0.5819999967999999,1.476124997312,2.1875007999999996
6.162500000000001e-06,22.968746496,0.58824999616,1.476124997312,2.1875007999999996
6.163e-06,22.968746496,0.59449999552,1.476124997312,2.1875007999999996
6.1635e-06,22.968746496,0.5819999967999999,1.476124997312,2.5000007679999996
6.164000000000001e-06,23.749996544,0.5819999967999999,1.476124997312,2.5000007679999996
6.1645e-06,23.749996544,0.5819999967999999,1.478624997056,2.1875007999999996
6.165e-06,23.749996544,0.58824999616,1.479874996928,2.1875007999999996
6.1655000000000005e-06,22.968746496,0.5819999967999999,1.477374997184,2.1875007999999996
6.166000000000001e-06,22.968746496,0.57574999744,1.476124997312,2.1875007999999996
6.1665e-06,22.968746496,0.58824999616,1.478624997056,2.1875007999999996
6.167e-06,22.968746496,0.5819999967999999,1.477374997184,2.1875007999999996
6.167500000000001e-06,22.968746496,0.5819999967999999,1.478624997056,1.8750008319999996
6.168e-06,22.968746496,0.5819999967999999,1.476124997312,1.8750008319999996
6.1685e-06,23.749996544,0.5819999967999999,1.476124997312,1.8750008319999996
6.1690000000000006e-06,22.968746496,0.5819999967999999,1.47487499744,2.1875007999999996
6.1695e-06,23.749996544,0.5819999967999999,1.476124997312,2.1875007999999996
6.17e-06,23.749996544,0.57574999744,1.47487499744,2.1875007999999996
6.1705000000000005e-06,22.968746496,0.57574999744,1.47487499744,2.1875007999999996
6.171000000000001e-06,23.749996544,0.5819999967999999,1.473624997568,2.1875007999999996
6.1715e-06,23.749996544,0.5819999967999999,1.473624997568,2.1875007999999996
6.172e-06,22.968746496,0.5819999967999999,1.472374997696,2.5000007679999996
6.172500000000001e-06,22.968746496,0.5819999967999999,1.473624997568,2.1875007999999996
6.173e-06,24.531246592000002,0.5819999967999999,1.473624997568,1.8750008319999996
6.1735e-06,24.531246592000002,0.5819999967999999,1.473624997568,2.1875007999999996
6.1740000000000005e-06,23.749996544,0.57574999744,1.47487499744,2.1875007999999996
6.174500000000001e-06,23.749996544,0.57574999744,1.47487499744,2.5000007679999996
6.175e-06,23.749996544,0.57574999744,1.473624997568,2.1875007999999996
6.1755e-06,23.749996544,0.57574999744,1.47487499744,2.1875007999999996
6.176000000000001e-06,23.749996544,0.57574999744,1.47487499744,2.1875007999999996
6.1765e-06,23.749996544,0.57574999744,1.47487499744,1.8750008319999996
6.177e-06,22.968746496,0.57574999744,1.473624997568,2.1875007999999996
6.1775000000000006e-06,23.749996544,0.57574999744,1.473624997568,2.5000007679999996
6.178e-06,24.531246592000002,0.57574999744,1.477374997184,2.1875007999999996
6.1785e-06,23.749996544,0.5819999967999999,1.477374997184,2.1875007999999996
6.1790000000000005e-06,23.749996544,0.5819999967999999,1.478624997056,2.1875007999999996
6.179500000000001e-06,23.749996544,0.57574999744,1.478624997056,2.5000007679999996
6.18e-06,22.968746496,0.57574999744,1.473624997568,2.1875007999999996
6.1805e-06,22.968746496,0.57574999744,1.47487499744,2.1875007999999996
6.181000000000001e-06,23.749996544,0.5819999967999999,1.477374997184,2.1875007999999996
6.1815e-06,23.749996544,0.57574999744,1.478624997056,2.1875007999999996
6.182e-06,23.749996544,0.5819999967999999,1.476124997312,2.1875007999999996
6.1825000000000005e-06,23.749996544,0.5819999967999999,1.47487499744,2.5000007679999996
6.183000000000001e-06,23.749996544,0.57574999744,1.47487499744,2.1875007999999996
6.1835e-06,23.749996544,0.5819999967999999,1.477374997184,2.1875007999999996
6.184e-06,22.968746496,0.57574999744,1.47487499744,2.1875007999999996
6.184500000000001e-06,23.749996544,0.57574999744,1.477374997184,2.5000007679999996
6.185e-06,23.749996544,0.5819999967999999,1.476124997312,2.1875007999999996
6.1855e-06,22.968746496,0.5819999967999999,1.477374997184,2.5000007679999996
6.1860000000000006e-06,23.749996544,0.5819999967999999,1.476124997312,2.1875007999999996
6.1865e-06,22.968746496,0.5819999967999999,1.476124997312,2.1875007999999996
6.187e-06,23.749996544,0.58824999616,1.473624997568,2.5000007679999996
6.1875000000000005e-06,23.749996544,0.57574999744,1.473624997568,2.5000007679999996
6.188000000000001e-06,23.749996544,0.57574999744,1.473624997568,2.5000007679999996
6.1885e-06,23.749996544,0.5819999967999999,1.477374997184,2.1875007999999996
6.189e-06,23.749996544,0.5819999967999999,1.478624997056,2.5000007679999996
6.189500000000001e-06,22.968746496,0.5819999967999999,1.479874996928,2.1875007999999996
6.19e-06,23.749996544,0.57574999744,1.479874996928,2.5000007679999996
6.1905e-06,22.968746496,0.58824999616,1.479874996928,2.5000007679999996
6.1910000000000005e-06,23.749996544,0.5819999967999999,1.47487499744,1.8750008319999996
6.191500000000001e-06,22.968746496,0.5819999967999999,1.47487499744,2.1875007999999996
6.192e-06,23.749996544,0.5819999967999999,1.47487499744,2.5000007679999996
6.1925000000000004e-06,23.749996544,0.5819999967999999,1.476124997312,1.8750008319999996
6.193000000000001e-06,22.968746496,0.57574999744,1.477374997184,2.5000007679999996
6.1935e-06,23.749996544,0.57574999744,1.477374997184,2.1875007999999996
6.194e-06,23.749996544,0.57574999744,1.476124997312,2.5000007679999996
6.194500000000001e-06,22.968746496,0.5819999967999999,1.47487499744,2.5000007679999996
6.195e-06,23.749996544,0.5819999967999999,1.476124997312,2.5000007679999996
6.1955e-06,22.968746496,0.5819999967999999,1.476124997312,2.8125007359999996
6.1960000000000005e-06,22.968746496,0.57574999744,1.473624997568,2.5000007679999996
6.196500000000001e-06,23.749996544,0.5819999967999999,1.473624997568,2.1875007999999996
6.197e-06,23.749996544,0.5819999967999999,1.47487499744,2.1875007999999996
6.1975e-06,23.749996544,0.5819999967999999,1.47487499744,2.1875007999999996
6.198000000000001e-06,23.749996544,0.57574999744,1.47487499744,2.5000007679999996
6.1985e-06,23.749996544,0.57574999744,1.47487499744,2.1875007999999996
6.199e-06,22.968746496,0.57574999744,1.476124997312,2.1875007999999996
6.1995000000000005e-06,22.968746496,0.57574999744,1.477374997184,1.8750008319999996
6.200000000000001e-06,22.968746496,0.5819999967999999,1.47487499744,2.1875007999999996
6.2005e-06,22.968746496,0.57574999744,1.47487499744,2.1875007999999996
6.2010000000000004e-06,22.968746496,0.57574999744,1.476124997312,2.1875007999999996
6.201500000000001e-06,23.749996544,0.5819999967999999,1.476124997312,2.5000007679999996
6.202e-06,23.749996544,0.5819999967999999,1.473624997568,2.1875007999999996
6.2025e-06,22.968746496,0.5819999967999999,1.473624997568,2.1875007999999996
6.203000000000001e-06,22.968746496,0.5819999967999999,1.476124997312,2.5000007679999996
6.2035e-06,22.968746496,0.57574999744,1.478624997056,2.5000007679999996
6.204e-06,23.749996544,0.57574999744,1.477374997184,2.1875007999999996
6.2045000000000005e-06,23.749996544,0.5819999967999999,1.476124997312,2.1875007999999996
6.205000000000001e-06,24.531246592000002,0.5819999967999999,1.473624997568,2.1875007999999996
6.2055e-06,23.749996544,0.57574999744,1.473624997568,2.1875007999999996
6.206e-06,22.968746496,0.56949999808,1.473624997568,2.8125007359999996
6.206500000000001e-06,23.749996544,0.5819999967999999,1.47487499744,2.1875007999999996
6.207e-06,23.749996544,0.57574999744,1.47487499744,2.1875007999999996
6.2075e-06,23.749996544,0.57574999744,1.477374997184,2.1875007999999996
6.2080000000000005e-06,23.749996544,0.5819999967999999,1.47487499744,2.1875007999999996
6.208500000000001e-06,23.749996544,0.57574999744,1.47487499744,2.5000007679999996
6.209e-06,23.749996544,0.57574999744,1.473624997568,2.1875007999999996
6.2095000000000004e-06,22.968746496,0.5819999967999999,1.47487499744,1.8750008319999996
6.210000000000001e-06,23.749996544,0.57574999744,1.476124997312,2.1875007999999996
6.2105e-06,23.749996544,0.5819999967999999,1.473624997568,2.1875007999999996
6.211e-06,23.749996544,0.5819999967999999,1.47487499744,2.1875007999999996
6.211500000000001e-06,23.749996544,0.5819999967999999,1.477374997184,2.5000007679999996
6.212e-06,23.749996544,0.5819999967999999,1.476124997312,2.1875007999999996
6.2125e-06,23.749996544,0.5819999967999999,1.477374997184,1.8750008319999996
6.2130000000000005e-06,23.749996544,0.5819999967999999,1.476124997312,2.1875007999999996
6.213500000000001e-06,23.749996544,0.5819999967999999,1.477374997184,2.1875007999999996
6.214e-06,22.968746496,0.5819999967999999,1.477374997184,1.8750008319999996
6.2145e-06,22.968746496,0.57574999744,1.478624997056,2.1875007999999996
6.215000000000001e-06,23.749996544,0.5819999967999999,1.477374997184,1.8750008319999996
6.2155e-06,22.968746496,0.57574999744,1.476124997312,1.8750008319999996
6.216e-06,22.968746496,0.5819999967999999,1.47487499744,2.1875007999999996
6.2165000000000005e-06,23.749996544,0.5819999967999999,1.476124997312,2.1875007999999996
6.217000000000001e-06,22.968746496,0.5819999967999999,1.47487499744,2.5000007679999996
6.2175e-06,22.968746496,0.57574999744,1.473624997568,2.1875007999999996
6.2180000000000004e-06,22.968746496,0.5819999967999999,1.476124997312,2.1875007999999996
6.218500000000001e-06,22.187496448000005,0.5819999967999999,1.477374997184,2.1875007999999996
6.219e-06,22.968746496,0.5819999967999999,1.476124997312,2.1875007999999996
6.2195e-06,23.749996544,0.5819999967999999,1.47487499744,1.8750008319999996
6.220000000000001e-06,23.749996544,0.5819999967999999,1.476124997312,1.8750008319999996
6.2205e-06,22.968746496,0.5819999967999999,1.478624997056,2.1875007999999996
6.221e-06,23.749996544,0.5819999967999999,1.478624997056,2.1875007999999996
6.2215000000000005e-06,22.968746496,0.57574999744,1.476124997312,2.1875007999999996
6.222000000000001e-06,22.968746496,0.57574999744,1.476124997312,2.1875007999999996
6.2225e-06,22.187496448000005,0.57574999744,1.477374997184,2.5000007679999996
6.223e-06,22.968746496,0.57574999744,1.47487499744,2.1875007999999996
6.223500000000001e-06,22.968746496,0.57574999744,1.47487499744,2.1875007999999996
6.224e-06,23.749996544,0.5819999967999999,1.47487499744,2.1875007999999996
6.2245e-06,23.749996544,0.5819999967999999,1.478624997056,1.8750008319999996
6.2250000000000005e-06,22.968746496,0.57574999744,1.478624997056,2.1875007999999996
6.225500000000001e-06,22.968746496,0.5819999967999999,1.477374997184,2.5000007679999996
6.226e-06,22.968746496,0.5819999967999999,1.477374997184,2.1875007999999996
6.2265000000000004e-06,23.749996544,0.5819999967999999,1.47487499744,2.1875007999999996
6.227000000000001e-06,23.749996544,0.5819999967999999,1.47487499744,2.5000007679999996
6.2275e-06,22.968746496,0.57574999744,1.477374997184,2.5000007679999996
6.228e-06,22.968746496,0.5819999967999999,1.478624997056,2.5000007679999996
6.228500000000001e-06,22.968746496,0.5819999967999999,1.478624997056,2.1875007999999996
6.229e-06,24.531246592000002,0.5819999967999999,1.47487499744,2.1875007999999996
6.2295e-06,22.968746496,0.5819999967999999,1.472374997696,2.1875007999999996
6.2300000000000005e-06,22.968746496,0.57574999744,1.47487499744,2.5000007679999996
6.230500000000001e-06,22.968746496,0.5819999967999999,1.478624997056,2.5000007679999996
6.231e-06,22.968746496,0.57574999744,1.476124997312,2.1875007999999996
6.2315e-06,23.749996544,0.57574999744,1.477374997184,2.1875007999999996
6.232000000000001e-06,22.968746496,0.58824999616,1.476124997312,2.1875007999999996
6.2325e-06,22.968746496,0.57574999744,1.47487499744,1.8750008319999996
6.233e-06,22.968746496,0.5819999967999999,1.471124997824,2.1875007999999996
6.2335000000000005e-06,22.968746496,0.5819999967999999,1.472374997696,2.5000007679999996
6.234000000000001e-06,23.749996544,0.5819999967999999,1.476124997312,2.1875007999999996
6.2345e-06,23.749996544,0.58824999616,1.47487499744,2.1875007999999996
6.2350000000000004e-06,23.749996544,0.5819999967999999,1.476124997312,2.5000007679999996
6.235500000000001e-06,22.968746496,0.5819999967999999,1.476124997312,2.1875007999999996
6.236e-06,22.968746496,0.5819999967999999,1.47487499744,2.1875007999999996
6.2365e-06,22.968746496,0.5819999967999999,1.477374997184,2.1875007999999996
6.237000000000001e-06,23.749996544,0.5819999967999999,1.476124997312,2.1875007999999996
6.2375e-06,23.749996544,0.5819999967999999,1.473624997568,1.8750008319999996
6.238e-06,22.968746496,0.5819999967999999,1.47487499744,2.1875007999999996
6.2385000000000005e-06,22.968746496,0.5819999967999999,1.477374997184,2.1875007999999996
6.239000000000001e-06,22.968746496,0.5819999967999999,1.477374997184,2.1875007999999996
6.2395e-06,22.968746496,0.5819999967999999,1.476124997312,2.1875007999999996
6.24e-06,22.968746496,0.5819999967999999,1.47487499744,2.1875007999999996
6.240500000000001e-06,22.968746496,0.57574999744,1.479874996928,1.8750008319999996
6.241e-06,22.968746496,0.5819999967999999,1.478624997056,2.1875007999999996
6.2415e-06,22.968746496,0.5819999967999999,1.477374997184,2.1875007999999996
6.2420000000000005e-06,23.749996544,0.5819999967999999,1.47487499744,2.1875007999999996
6.242500000000001e-06,22.968746496,0.5819999967999999,1.476124997312,1.8750008319999996
6.243e-06,22.968746496,0.58824999616,1.477374997184,2.1875007999999996
6.2435000000000004e-06,22.968746496,0.5819999967999999,1.47487499744,2.1875007999999996
6.244000000000001e-06,22.187496448000005,0.5819999967999999,1.472374997696,2.5000007679999996
6.2445e-06,22.187496448000005,0.5819999967999999,1.476124997312,2.1875007999999996
6.245e-06,22.968746496,0.58824999616,1.477374997184,2.5000007679999996
6.245500000000001e-06,22.968746496,0.58824999616,1.477374997184,2.1875007999999996
6.246e-06,22.968746496,0.5819999967999999,1.476124997312,2.1875007999999996
6.2465e-06,22.187496448000005,0.58824999616,1.477374997184,2.1875007999999996
6.2470000000000005e-06,22.968746496,0.58824999616,1.476124997312,2.1875007999999996
6.247500000000001e-06,23.749996544,0.5819999967999999,1.476124997312,2.1875007999999996
6.248e-06,22.968746496,0.5819999967999999,1.476124997312,1.8750008319999996
6.2485e-06,22.968746496,0.58824999616,1.478624997056,1.5625008640000004
6.249000000000001e-06,22.968746496,0.58824999616,1.478624997056,2.1875007999999996
6.2495e-06,22.968746496,0.58824999616,1.477374997184,2.1875007999999996
6.25e-06,23.749996544,0.5819999967999999,1.476124997312,2.1875007999999996
6.2505000000000005e-06,23.749996544,0.57574999744,1.477374997184,2.1875007999999996
6.251000000000001e-06,23.749996544,0.5819999967999999,1.478624997056,1.8750008319999996
6.2515e-06,22.968746496,0.5819999967999999,1.478624997056,2.5000007679999996
6.2520000000000004e-06,22.187496448000005,0.58824999616,1.476124997312,2.5000007679999996
6.252500000000001e-06,23.749996544,0.58824999616,1.47487499744,2.1875007999999996
6.253e-06,23.749996544,0.5819999967999999,1.47487499744,2.1875007999999996
6.2535e-06,23.749996544,0.5819999967999999,1.47487499744,2.1875007999999996
6.254000000000001e-06,22.968746496,0.58824999616,1.476124997312,2.1875007999999996
6.2545e-06,22.187496448000005,0.58824999616,1.473624997568,2.5000007679999996
6.255e-06,22.968746496,0.5819999967999999,1.47487499744,2.1875007999999996
6.2555000000000005e-06,22.968746496,0.5819999967999999,1.477374997184,2.5000007679999996
6.256000000000001e-06,23.749996544,0.58824999616,1.476124997312,2.1875007999999996
6.2565e-06,23.749996544,0.5819999967999999,1.476124997312,2.1875007999999996
6.257e-06,22.968746496,0.58824999616,1.476124997312,2.1875007999999996
6.257500000000001e-06,23.749996544,0.58824999616,1.476124997312,2.1875007999999996
6.258e-06,23.749996544,0.58824999616,1.476124997312,2.5000007679999996
6.2585e-06,22.968746496,0.58824999616,1.477374997184,2.1875007999999996
6.2590000000000006e-06,22.968746496,0.58824999616,1.478624997056,2.1875007999999996
6.259500000000001e-06,22.968746496,0.5819999967999999,1.477374997184,2.5000007679999996
6.26e-06,22.968746496,0.5819999967999999,1.47487499744,2.5000007679999996
6.2605000000000005e-06,22.968746496,0.5819999967999999,1.477374997184,2.1875007999999996
6.261000000000001e-06,24.531246592000002,0.5819999967999999,1.476124997312,2.1875007999999996
6.2615e-06,22.968746496,0.5819999967999999,1.476124997312,2.1875007999999996
6.262e-06,23.749996544,0.58824999616,1.478624997056,2.1875007999999996
6.262500000000001e-06,23.749996544,0.5819999967999999,1.477374997184,2.1875007999999996
6.263e-06,23.749996544,0.5819999967999999,1.476124997312,2.1875007999999996
6.2635e-06,22.968746496,0.5819999967999999,1.47487499744,2.1875007999999996
6.2640000000000005e-06,23.749996544,0.58824999616,1.47487499744,2.1875007999999996
6.264500000000001e-06,23.749996544,0.5819999967999999,1.477374997184,2.1875007999999996
6.265e-06,22.968746496,0.5819999967999999,1.478624997056,2.1875007999999996
6.2655e-06,22.968746496,0.5819999967999999,1.478624997056,2.1875007999999996
6.266000000000001e-06,22.968746496,0.58824999616,1.478624997056,2.1875007999999996
6.2665e-06,23.749996544,0.58824999616,1.478624997056,2.1875007999999996
6.267e-06,23.749996544,0.5819999967999999,1.478624997056,2.5000007679999996
6.2675000000000006e-06,22.968746496,0.5819999967999999,1.478624997056,2.1875007999999996
6.268000000000001e-06,23.749996544,0.5819999967999999,1.478624997056,2.1875007999999996
6.2685e-06,23.749996544,0.58824999616,1.479874996928,1.8750008319999996
6.2690000000000005e-06,24.531246592000002,0.58824999616,1.477374997184,2.1875007999999996
6.269500000000001e-06,23.749996544,0.5819999967999999,1.477374997184,2.1875007999999996
6.27e-06,23.749996544,0.5819999967999999,1.478624997056,2.5000007679999996
6.2705e-06,23.749996544,0.5819999967999999,1.479874996928,2.5000007679999996
6.271000000000001e-06,22.968746496,0.5819999967999999,1.477374997184,2.1875007999999996
6.2715e-06,23.749996544,0.5819999967999999,1.4811249968,1.8750008319999996
6.272e-06,23.749996544,0.5819999967999999,1.479874996928,2.5000007679999996
6.2725000000000005e-06,22.968746496,0.57574999744,1.4811249968,1.8750008319999996
6.273000000000001e-06,22.968746496,0.5819999967999999,1.4811249968,2.1875007999999996
6.2735e-06,22.968746496,0.5819999967999999,1.4811249968,2.1875007999999996
6.274e-06,23.749996544,0.5819999967999999,1.4811249968,2.1875007999999996
6.274500000000001e-06,22.968746496,0.5819999967999999,1.4811249968,2.5000007679999996
6.275e-06,23.749996544,0.5819999967999999,1.479874996928,2.5000007679999996
6.2755e-06,22.968746496,0.5819999967999999,1.477374997184,2.5000007679999996
6.2760000000000006e-06,22.968746496,0.57574999744,1.477374997184,2.5000007679999996
6.276500000000001e-06,22.968746496,0.5819999967999999,1.4811249968,2.1875007999999996
6.277e-06,23.749996544,0.5819999967999999,1.4823749966720001,2.1875007999999996
6.2775000000000005e-06,22.968746496,0.5819999967999999,1.4823749966720001,2.1875007999999996
6.278000000000001e-06,23.749996544,0.5819999967999999,1.479874996928,2.1875007999999996
6.2785e-06,22.968746496,0.5819999967999999,1.478624997056,2.5000007679999996
6.279e-06,23.749996544,0.57574999744,1.476124997312,2.5000007679999996
6.279500000000001e-06,23.749996544,0.57574999744,1.478624997056,2.1875007999999996
6.28e-06,22.968746496,0.5819999967999999,1.477374997184,2.1875007999999996
6.2805e-06,22.968746496,0.57574999744,1.4811249968,1.8750008319999996
6.2810000000000005e-06,22.968746496,0.5819999967999999,1.479874996928,2.1875007999999996
6.281500000000001e-06,23.749996544,0.5819999967999999,1.4811249968,2.5000007679999996
6.282e-06,23.749996544,0.5819999967999999,1.4811249968,2.1875007999999996
6.2825e-06,22.968746496,0.58824999616,1.479874996928,2.1875007999999996
6.283000000000001e-06,22.968746496,0.58824999616,1.477374997184,2.1875007999999996
6.2835e-06,22.968746496,0.58824999616,1.477374997184,2.5000007679999996
6.284e-06,23.749996544,0.5819999967999999,1.477374997184,2.5000007679999996
6.2845000000000006e-06,23.749996544,0.58824999616,1.478624997056,2.1875007999999996
6.285000000000001e-06,23.749996544,0.58824999616,1.4811249968,2.1875007999999996
6.2855e-06,22.968746496,0.5819999967999999,1.479874996928,1.8750008319999996
6.2860000000000005e-06,23.749996544,0.5819999967999999,1.4811249968,2.1875007999999996
6.286500000000001e-06,23.749996544,0.5819999967999999,1.4811249968,2.5000007679999996
6.287e-06,22.968746496,0.5819999967999999,1.478624997056,2.1875007999999996
6.2875e-06,22.968746496,0.5819999967999999,1.477374997184,2.1875007999999996
6.288000000000001e-06,22.968746496,0.58824999616,1.476124997312,2.1875007999999996
6.2885e-06,22.968746496,0.5819999967999999,1.478624997056,1.8750008319999996
6.289e-06,22.968746496,0.5819999967999999,1.478624997056,2.5000007679999996
6.2895000000000005e-06,22.968746496,0.5819999967999999,1.477374997184,2.5000007679999996
6.290000000000001e-06,22.968746496,0.5819999967999999,1.477374997184,2.1875007999999996
6.2905e-06,22.968746496,0.5819999967999999,1.478624997056,2.1875007999999996
6.291e-06,23.749996544,0.58824999616,1.478624997056,2.5000007679999996
6.291500000000001e-06,22.968746496,0.5819999967999999,1.477374997184,2.5000007679999996
6.292e-06,22.187496448000005,0.5819999967999999,1.47487499744,2.5000007679999996
6.2925e-06,22.968746496,0.5819999967999999,1.476124997312,2.1875007999999996
6.2930000000000006e-06,22.968746496,0.58824999616,1.47487499744,2.1875007999999996
6.293500000000001e-06,22.968746496,0.5819999967999999,1.476124997312,2.5000007679999996
6.294e-06,22.968746496,0.5819999967999999,1.478624997056,2.1875007999999996
6.2945000000000005e-06,22.968746496,0.58824999616,1.479874996928,2.5000007679999996
6.295000000000001e-06,22.968746496,0.58824999616,1.477374997184,1.8750008319999996
6.2955e-06,22.968746496,0.5819999967999999,1.478624997056,2.1875007999999996
6.296e-06,22.968746496,0.5819999967999999,1.479874996928,2.5000007679999996
6.296500000000001e-06,22.968746496,0.58824999616,1.4811249968,1.8750008319999996
6.297e-06,22.968746496,0.58824999616,1.478624997056,2.1875007999999996
6.2975e-06,23.749996544,0.58824999616,1.479874996928,2.1875007999999996
6.2980000000000005e-06,22.968746496,0.58824999616,1.477374997184,2.1875007999999996
6.298500000000001e-06,22.968746496,0.58824999616,1.477374997184,2.1875007999999996
6.299e-06,22.968746496,0.58824999616,1.479874996928,2.5000007679999996
6.2995e-06,22.968746496,0.5819999967999999,1.4823749966720001,2.5000007679999996
6.300000000000001e-06,22.187496448000005,0.58824999616,1.478624997056,2.5000007679999996
6.3005e-06,22.968746496,0.5819999967999999,1.479874996928,2.1875007999999996
6.301e-06,22.968746496,0.5819999967999999,1.478624997056,2.1875007999999996
6.3015000000000006e-06,22.968746496,0.5819999967999999,1.478624997056,1.8750008319999996
6.302e-06,22.968746496,0.58824999616,1.477374997184,2.5000007679999996
6.3025e-06,22.968746496,0.58824999616,1.477374997184,2.5000007679999996
6.3030000000000005e-06,22.968746496,0.5819999967999999,1.477374997184,2.1875007999999996
6.303500000000001e-06,22.187496448000005,0.5819999967999999,1.477374997184,1.8750008319999996
6.304e-06,23.749996544,0.58824999616,1.47487499744,1.8750008319999996
6.3045e-06,22.968746496,0.58824999616,1.479874996928,2.1875007999999996
6.305000000000001e-06,22.968746496,0.5819999967999999,1.4811249968,2.1875007999999996
6.3055e-06,23.749996544,0.58824999616,1.478624997056,1.8750008319999996
6.306e-06,23.749996544,0.5819999967999999,1.47487499744,2.1875007999999996
6.3065000000000005e-06,22.968746496,0.58824999616,1.47487499744,2.1875007999999996
6.307000000000001e-06,22.968746496,0.58824999616,1.476124997312,2.1875007999999996
6.3075e-06,22.968746496,0.58824999616,1.476124997312,2.1875007999999996
6.308e-06,22.968746496,0.5819999967999999,1.477374997184,1.8750008319999996
6.308500000000001e-06,22.968746496,0.58824999616,1.478624997056,1.8750008319999996
6.309e-06,22.968746496,0.5819999967999999,1.4823749966720001,2.5000007679999996
6.3095e-06,22.968746496,0.5819999967999999,1.4811249968,2.1875007999999996
6.3100000000000006e-06,22.968746496,0.5819999967999999,1.478624997056,2.1875007999999996
6.3105e-06,22.187496448000005,0.58824999616,1.478624997056,2.5000007679999996
6.311e-06,22.968746496,0.58824999616,1.476124997312,1.8750008319999996
6.3115000000000005e-06,22.968746496,0.57574999744,1.47487499744,2.1875007999999996
6.312000000000001e-06,22.968746496,0.5819999967999999,1.476124997312,2.1875007999999996
6.3125e-06,23.749996544,0.5819999967999999,1.479874996928,1.8750008319999996
6.313e-06,22.968746496,0.5819999967999999,1.479874996928,2.1875007999999996
6.313500000000001e-06,22.968746496,0.5819999967999999,1.477374997184,2.1875007999999996
6.314e-06,22.968746496,0.5819999967999999,1.476124997312,2.1875007999999996
6.3145e-06,22.968746496,0.5819999967999999,1.476124997312,2.1875007999999996
6.3150000000000005e-06,22.968746496,0.58824999616,1.477374997184,2.5000007679999996
6.315500000000001e-06,22.968746496,0.5819999967999999,1.477374997184,2.5000007679999996
6.316e-06,22.187496448000005,0.5819999967999999,1.476124997312,2.1875007999999996
6.3165000000000004e-06,22.968746496,0.5819999967999999,1.476124997312,2.1875007999999996
6.317000000000001e-06,23.749996544,0.57574999744,1.476124997312,2.5000007679999996
6.3175e-06,22.968746496,0.5819999967999999,1.477374997184,2.5000007679999996
6.318e-06,23.749996544,0.58824999616,1.478624997056,2.5000007679999996
6.3185000000000006e-06,22.968746496,0.58824999616,1.478624997056,2.5000007679999996
6.319e-06,23.749996544,0.5819999967999999,1.478624997056,2.5000007679999996
6.3195e-06,22.968746496,0.5819999967999999,1.477374997184,2.1875007999999996
6.3200000000000005e-06,23.749996544,0.58824999616,1.476124997312,2.1875007999999996
6.320500000000001e-06,23.749996544,0.58824999616,1.477374997184,1.8750008319999996
6.321e-06,22.968746496,0.58824999616,1.477374997184,2.1875007999999996
6.3215e-06,22.968746496,0.5819999967999999,1.478624997056,2.5000007679999996
6.322000000000001e-06,23.749996544,0.58824999616,1.479874996928,2.1875007999999996
6.3225e-06,22.968746496,0.58824999616,1.477374997184,2.1875007999999996
6.323e-06,22.968746496,0.58824999616,1.479874996928,2.1875007999999996
6.3235000000000005e-06,22.187496448000005,0.5819999967999999,1.4823749966720001,2.5000007679999996
6.324000000000001e-06,22.187496448000005,0.5819999967999999,1.4811249968,2.5000007679999996
6.3245e-06,22.968746496,0.5819999967999999,1.479874996928,2.1875007999999996
6.3250000000000004e-06,22.968746496,0.5819999967999999,1.476124997312,2.1875007999999996
6.325500000000001e-06,22.968746496,0.5819999967999999,1.47487499744,2.5000007679999996
6.326e-06,22.968746496,0.5819999967999999,1.473624997568,2.5000007679999996
6.3265e-06,22.187496448000005,0.58824999616,1.476124997312,2.5000007679999996
6.327000000000001e-06,22.187496448000005,0.58824999616,1.47487499744,2.1875007999999996
6.3275e-06,22.968746496,0.58824999616,1.476124997312,2.1875007999999996
6.328e-06,22.968746496,0.58824999616,1.476124997312,2.1875007999999996
6.3285000000000005e-06,22.968746496,0.58824999616,1.479874996928,2.5000007679999996
6.329000000000001e-06,22.968746496,0.58824999616,1.478624997056,2.1875007999999996
6.3295e-06,22.968746496,0.58824999616,1.479874996928,2.1875007999999996
6.33e-06,22.968746496,0.5819999967999999,1.479874996928,2.1875007999999996
6.330500000000001e-06,22.968746496,0.5819999967999999,1.476124997312,2.1875007999999996
6.331e-06,23.749996544,0.58824999616,1.476124997312,2.1875007999999996
6.3315e-06,22.968746496,0.5819999967999999,1.47487499744,2.5000007679999996
6.3320000000000005e-06,22.187496448000005,0.5819999967999999,1.47487499744,2.5000007679999996
6.332500000000001e-06,23.749996544,0.5819999967999999,1.47487499744,2.1875007999999996
6.333e-06,23.749996544,0.5819999967999999,1.477374997184,2.1875007999999996
6.3335000000000004e-06,22.968746496,0.5819999967999999,1.479874996928,2.1875007999999996
6.334000000000001e-06,23.749996544,0.58824999616,1.479874996928,2.5000007679999996
6.3345e-06,22.968746496,0.5819999967999999,1.479874996928,2.5000007679999996
6.335e-06,22.968746496,0.58824999616,1.478624997056,1.8750008319999996
6.335500000000001e-06,22.968746496,0.57574999744,1.479874996928,2.1875007999999996
6.336e-06,22.968746496,0.5819999967999999,1.477374997184,2.1875007999999996
6.3365e-06,22.968746496,0.5819999967999999,1.479874996928,1.8750008319999996
6.3370000000000005e-06,22.968746496,0.5819999967999999,1.477374997184,1.8750008319999996
6.337500000000001e-06,23.749996544,0.5819999967999999,1.476124997312,2.1875007999999996
6.338e-06,23.749996544,0.5819999967999999,1.47487499744,2.1875007999999996
6.3385e-06,22.968746496,0.58824999616,1.476124997312,1.8750008319999996
6.339000000000001e-06,23.749996544,0.58824999616,1.478624997056,2.5000007679999996
6.3395e-06,22.968746496,0.5819999967999999,1.479874996928,2.5000007679999996
6.34e-06,22.968746496,0.5819999967999999,1.479874996928,2.1875007999999996
6.3405000000000005e-06,23.749996544,0.5819999967999999,1.478624997056,2.1875007999999996
6.341000000000001e-06,23.749996544,0.58824999616,1.478624997056,2.5000007679999996
6.3415e-06,22.968746496,0.58824999616,1.478624997056,2.1875007999999996
6.3420000000000004e-06,23.749996544,0.5819999967999999,1.479874996928,2.5000007679999996
6.342500000000001e-06,22.968746496,0.57574999744,1.478624997056,2.5000007679999996
6.343e-06,22.968746496,0.5819999967999999,1.476124997312,2.5000007679999996
6.3435e-06,22.968746496,0.5819999967999999,1.477374997184,2.1875007999999996
6.344000000000001e-06,23.749996544,0.5819999967999999,1.476124997312,2.5000007679999996
6.3445e-06,23.749996544,0.58824999616,1.477374997184,2.1875007999999996
6.345e-06,22.968746496,0.58824999616,1.477374997184,2.1875007999999996
6.3455000000000005e-06,23.749996544,0.58824999616,1.476124997312,2.5000007679999996
6.346000000000001e-06,23.749996544,0.5819999967999999,1.477374997184,2.1875007999999996
6.3465e-06,23.749996544,0.58824999616,1.477374997184,2.5000007679999996
6.347e-06,22.968746496,0.58824999616,1.477374997184,2.1875007999999996
6.347500000000001e-06,22.968746496,0.5819999967999999,1.476124997312,2.5000007679999996
6.348e-06,23.749996544,0.5819999967999999,1.47487499744,2.5000007679999996
6.3485e-06,23.749996544,0.5819999967999999,1.477374997184,2.1875007999999996
6.3490000000000005e-06,23.749996544,0.5819999967999999,1.476124997312,2.1875007999999996
6.349500000000001e-06,22.968746496,0.5819999967999999,1.477374997184,2.1875007999999996
6.35e-06,22.968746496,0.58824999616,1.476124997312,2.5000007679999996
6.3505000000000004e-06,22.968746496,0.58824999616,1.477374997184,2.1875007999999996
6.351000000000001e-06,23.749996544,0.58824999616,1.476124997312,1.8750008319999996
6.3515e-06,22.968746496,0.5819999967999999,1.477374997184,1.8750008319999996
6.352e-06,22.968746496,0.58824999616,1.476124997312,2.1875007999999996
6.352500000000001e-06,23.749996544,0.57574999744,1.477374997184,1.8750008319999996
6.353e-06,22.968746496,0.5819999967999999,1.47487499744,2.1875007999999996
6.3535e-06,23.749996544,0.5819999967999999,1.47487499744,2.1875007999999996
6.3540000000000005e-06,22.968746496,0.5819999967999999,1.476124997312,2.1875007999999996
6.354500000000001e-06,22.968746496,0.58824999616,1.478624997056,2.1875007999999996
6.355e-06,22.968746496,0.58824999616,1.477374997184,2.5000007679999996
6.3555e-06,22.968746496,0.58824999616,1.476124997312,2.5000007679999996
6.356000000000001e-06,23.749996544,0.58824999616,1.476124997312,2.5000007679999996
6.3565e-06,23.749996544,0.58824999616,1.477374997184,2.5000007679999996
6.357e-06,23.749996544,0.59449999552,1.4811249968,2.1875007999999996
6.3575000000000005e-06,22.968746496,0.59449999552,1.479874996928,2.5000007679999996
6.358000000000001e-06,23.749996544,0.58824999616,1.476124997312,2.5000007679999996
6.3585e-06,22.968746496,0.59449999552,1.476124997312,2.1875007999999996
6.3590000000000004e-06,22.968746496,0.58824999616,1.476124997312,2.1875007999999996
6.359500000000001e-06,22.968746496,0.5819999967999999,1.479874996928,1.8750008319999996
6.36e-06,22.968746496,0.5819999967999999,1.477374997184,2.5000007679999996
6.3605e-06,22.968746496,0.58824999616,1.478624997056,2.1875007999999996
6.361000000000001e-06,22.968746496,0.58824999616,1.478624997056,2.1875007999999996
6.3615e-06,23.749996544,0.58824999616,1.478624997056,2.1875007999999996
6.362e-06,23.749996544,0.5819999967999999,1.477374997184,2.1875007999999996
6.3625000000000005e-06,23.749996544,0.58824999616,1.476124997312,2.1875007999999996
6.363000000000001e-06,23.749996544,0.58824999616,1.476124997312,2.5000007679999996
6.3635e-06,22.968746496,0.5819999967999999,1.477374997184,2.5000007679999996
6.364e-06,22.968746496,0.5819999967999999,1.478624997056,2.5000007679999996
6.364500000000001e-06,23.749996544,0.59449999552,1.479874996928,2.1875007999999996
6.365e-06,24.531246592000002,0.58824999616,1.478624997056,2.1875007999999996
6.3655e-06,23.749996544,0.59449999552,1.478624997056,2.1875007999999996
6.3660000000000005e-06,23.749996544,0.58824999616,1.478624997056,2.5000007679999996
6.366500000000001e-06,23.749996544,0.58824999616,1.478624997056,2.5000007679999996
6.367e-06,23.749996544,0.58824999616,1.476124997312,2.1875007999999996
6.3675000000000004e-06,23.749996544,0.5819999967999999,1.47487499744,2.1875007999999996
6.368000000000001e-06,23.749996544,0.5819999967999999,1.47487499744,2.5000007679999996
6.3685e-06,23.749996544,0.57574999744,1.476124997312,2.5000007679999996
6.369e-06,23.749996544,0.58824999616,1.477374997184,2.5000007679999996
6.369500000000001e-06,22.968746496,0.5819999967999999,1.478624997056,2.5000007679999996
6.37e-06,23.749996544,0.58824999616,1.4811249968,2.5000007679999996
6.3705e-06,23.749996544,0.58824999616,1.478624997056,2.1875007999999996
6.3710000000000005e-06,22.968746496,0.58824999616,1.477374997184,2.1875007999999996
6.371500000000001e-06,22.187496448000005,0.58824999616,1.477374997184,2.5000007679999996
6.372e-06,22.968746496,0.5819999967999999,1.476124997312,2.5000007679999996
6.3725e-06,22.968746496,0.58824999616,1.476124997312,2.1875007999999996
6.373000000000001e-06,23.749996544,0.58824999616,1.478624997056,2.5000007679999996
6.3735e-06,22.968746496,0.5819999967999999,1.479874996928,2.1875007999999996
6.374e-06,23.749996544,0.58824999616,1.476124997312,2.5000007679999996
6.3745000000000005e-06,23.749996544,0.58824999616,1.476124997312,2.5000007679999996
6.375000000000001e-06,23.749996544,0.58824999616,1.478624997056,2.1875007999999996
6.3755e-06,23.749996544,0.58824999616,1.477374997184,1.8750008319999996
6.3760000000000004e-06,23.749996544,0.5819999967999999,1.47487499744,2.5000007679999996
6.376500000000001e-06,23.749996544,0.5819999967999999,1.476124997312,1.8750008319999996
6.377e-06,22.968746496,0.5819999967999999,1.476124997312,2.1875007999999996
6.3775e-06,22.968746496,0.5819999967999999,1.47487499744,2.5000007679999996
6.378000000000001e-06,23.749996544,0.5819999967999999,1.47487499744,2.1875007999999996
6.3785e-06,23.749996544,0.58824999616,1.476124997312,2.1875007999999996
6.379e-06,23.749996544,0.5819999967999999,1.477374997184,2.5000007679999996
6.3795000000000005e-06,22.968746496,0.5819999967999999,1.477374997184,2.1875007999999996
6.380000000000001e-06,22.968746496,0.5819999967999999,1.476124997312,2.1875007999999996
6.3805e-06,24.531246592000002,0.5819999967999999,1.478624997056,2.1875007999999996
6.381e-06,24.531246592000002,0.58824999616,1.476124997312,2.1875007999999996
6.381500000000001e-06,22.968746496,0.58824999616,1.478624997056,2.1875007999999996
6.382e-06,22.968746496,0.5819999967999999,1.477374997184,2.5000007679999996
6.3825e-06,22.968746496,0.58824999616,1.477374997184,2.1875007999999996
6.3830000000000006e-06,23.749996544,0.5819999967999999,1.476124997312,2.1875007999999996
6.383500000000001e-06,22.968746496,0.5819999967999999,1.478624997056,2.1875007999999996
6.384e-06,23.749996544,0.58824999616,1.478624997056,2.1875007999999996
6.3845000000000005e-06,23.749996544,0.58824999616,1.478624997056,2.1875007999999996
6.385000000000001e-06,22.968746496,0.5819999967999999,1.47487499744,2.1875007999999996
6.3855e-06,22.968746496,0.5819999967999999,1.47487499744,2.1875007999999996
6.386e-06,22.968746496,0.5819999967999999,1.476124997312,2.1875007999999996
6.386500000000001e-06,22.968746496,0.58824999616,1.477374997184,1.8750008319999996
6.387e-06,23.749996544,0.58824999616,1.479874996928,2.1875007999999996
6.3875e-06,23.749996544,0.58824999616,1.477374997184,2.5000007679999996
6.3880000000000005e-06,23.749996544,0.58824999616,1.478624997056,2.5000007679999996
6.388500000000001e-06,23.749996544,0.58824999616,1.4811249968,2.1875007999999996
6.389e-06,23.749996544,0.59449999552,1.479874996928,2.1875007999999996
6.3895e-06,23.749996544,0.58824999616,1.478624997056,2.5000007679999996
6.390000000000001e-06,23.749996544,0.5819999967999999,1.477374997184,2.5000007679999996
6.3905e-06,23.749996544,0.58824999616,1.478624997056,2.5000007679999996
6.391e-06,22.968746496,0.59449999552,1.476124997312,2.1875007999999996
6.3915000000000006e-06,22.968746496,0.58824999616,1.477374997184,2.1875007999999996
6.392000000000001e-06,23.749996544,0.59449999552,1.476124997312,2.1875007999999996
6.3925e-06,23.749996544,0.58824999616,1.47487499744,2.5000007679999996
6.3930000000000005e-06,22.968746496,0.58824999616,1.47487499744,2.1875007999999996
6.393500000000001e-06,22.968746496,0.5819999967999999,1.47487499744,2.5000007679999996
6.394e-06,23.749996544,0.5819999967999999,1.47487499744,2.5000007679999996
6.3945e-06,22.968746496,0.59449999552,1.476124997312,2.1875007999999996
6.395000000000001e-06,22.187496448000005,0.58824999616,1.476124997312,2.1875007999999996
6.3955e-06,22.968746496,0.58824999616,1.47487499744,2.1875007999999996
6.396e-06,22.968746496,0.58824999616,1.47487499744,2.5000007679999996
6.3965000000000005e-06,22.968746496,0.5819999967999999,1.476124997312,2.1875007999999996
6.397000000000001e-06,23.749996544,0.58824999616,1.476124997312,2.1875007999999996
6.3975e-06,22.968746496,0.58824999616,1.47487499744,2.1875007999999996
6.398e-06,22.968746496,0.58824999616,1.476124997312,2.5000007679999996
6.398500000000001e-06,22.968746496,0.58824999616,1.47487499744,2.5000007679999996
6.399e-06,23.749996544,0.58824999616,1.473624997568,2.5000007679999996
6.3995e-06,23.749996544,0.58824999616,1.47487499744,2.1875007999999996
6.4000000000000006e-06,23.749996544,0.58824999616,1.47487499744,2.5000007679999996
6.400500000000001e-06,22.187496448000005,0.58824999616,1.476124997312,2.1875007999999996
6.401e-06,22.968746496,0.58824999616,1.47487499744,2.1875007999999996
6.4015000000000005e-06,22.968746496,0.5819999967999999,1.476124997312,2.5000007679999996
6.402000000000001e-06,23.749996544,0.58824999616,1.477374997184,2.5000007679999996
6.4025e-06,22.968746496,0.58824999616,1.477374997184,1.8750008319999996
6.403e-06,23.749996544,0.58824999616,1.478624997056,2.1875007999999996
6.403500000000001e-06,22.968746496,0.5819999967999999,1.478624997056,2.1875007999999996
6.404e-06,23.749996544,0.58824999616,1.47487499744,2.1875007999999996
6.4045e-06,22.968746496,0.59449999552,1.473624997568,2.1875007999999996
6.4050000000000005e-06,23.749996544,0.58824999616,1.47487499744,2.1875007999999996
6.405500000000001e-06,23.749996544,0.58824999616,1.47487499744,2.1875007999999996
6.406e-06,23.749996544,0.58824999616,1.47487499744,2.1875007999999996
6.4065e-06,22.968746496,0.5819999967999999,1.478624997056,2.1875007999999996
6.407000000000001e-06,22.968746496,0.58824999616,1.478624997056,2.1875007999999996
6.4075e-06,22.968746496,0.5819999967999999,1.477374997184,1.8750008319999996
6.408e-06,22.968746496,0.59449999552,1.477374997184,2.1875007999999996
6.4085000000000006e-06,22.968746496,0.5819999967999999,1.4811249968,2.1875007999999996
6.409000000000001e-06,22.968746496,0.58824999616,1.478624997056,2.1875007999999996
6.4095e-06,23.749996544,0.58824999616,1.477374997184,2.1875007999999996
6.4100000000000005e-06,23.749996544,0.58824999616,1.478624997056,2.1875007999999996
6.410500000000001e-06,23.749996544,0.58824999616,1.478624997056,2.1875007999999996
6.411e-06,23.749996544,0.58824999616,1.477374997184,2.5000007679999996
6.4115e-06,22.968746496,0.5819999967999999,1.477374997184,2.1875007999999996
6.412000000000001e-06,23.749996544,0.58824999616,1.478624997056,2.5000007679999996
6.4125e-06,22.968746496,0.58824999616,1.479874996928,2.1875007999999996
6.413e-06,23.749996544,0.58824999616,1.478624997056,2.1875007999999996
6.4135000000000005e-06,22.968746496,0.58824999616,1.476124997312,2.1875007999999996
6.414000000000001e-06,22.968746496,0.58824999616,1.476124997312,2.1875007999999996
6.4145e-06,22.968746496,0.58824999616,1.477374997184,2.1875007999999996
6.415e-06,22.968746496,0.58824999616,1.476124997312,2.1875007999999996
6.415500000000001e-06,22.968746496,0.5819999967999999,1.476124997312,1.8750008319999996
6.416e-06,23.749996544,0.58824999616,1.47487499744,2.1875007999999996
6.4165e-06,22.968746496,0.58824999616,1.476124997312,2.1875007999999996
6.4170000000000006e-06,22.968746496,0.58824999616,1.476124997312,2.1875007999999996
6.417500000000001e-06,22.968746496,0.5819999967999999,1.476124997312,1.8750008319999996
6.418e-06,22.968746496,0.58824999616,1.476124997312,2.1875007999999996
6.4185000000000005e-06,22.968746496,0.58824999616,1.479874996928,2.1875007999999996
6.419000000000001e-06,23.749996544,0.58824999616,1.479874996928,2.1875007999999996
6.4195e-06,23.749996544,0.59449999552,1.477374997184,2.1875007999999996
6.42e-06,23.749996544,0.58824999616,1.47487499744,2.1875007999999996
6.420500000000001e-06,22.968746496,0.59449999552,1.476124997312,1.8750008319999996
6.421e-06,23.749996544,0.58824999616,1.477374997184,1.8750008319999996
6.4215e-06,23.749996544,0.58824999616,1.476124997312,2.1875007999999996
6.4220000000000005e-06,22.968746496,0.58824999616,1.477374997184,2.5000007679999996
6.422500000000001e-06,22.968746496,0.59449999552,1.477374997184,2.5000007679999996
6.423e-06,23.749996544,0.59449999552,1.477374997184,2.5000007679999996
6.4235e-06,22.968746496,0.58824999616,1.477374997184,2.1875007999999996
6.424000000000001e-06,22.968746496,0.58824999616,1.476124997312,2.1875007999999996
6.4245e-06,22.968746496,0.58824999616,1.479874996928,1.8750008319999996
6.425e-06,22.968746496,0.58824999616,1.479874996928,2.1875007999999996
6.4255000000000006e-06,23.749996544,0.58824999616,1.478624997056,2.5000007679999996
6.426000000000001e-06,23.749996544,0.58824999616,1.477374997184,2.1875007999999996
6.4265e-06,23.749996544,0.58824999616,1.476124997312,2.1875007999999996
6.4270000000000005e-06,23.749996544,0.58824999616,1.477374997184,2.1875007999999996
6.427500000000001e-06,22.968746496,0.5819999967999999,1.477374997184,2.1875007999999996
6.428e-06,22.968746496,0.58824999616,1.476124997312,2.5000007679999996
6.4285e-06,22.968746496,0.5819999967999999,1.478624997056,2.1875007999999996
6.429000000000001e-06,23.749996544,0.58824999616,1.479874996928,2.1875007999999996
6.4295e-06,23.749996544,0.59449999552,1.478624997056,2.5000007679999996
6.43e-06,23.749996544,0.58824999616,1.476124997312,2.5000007679999996
6.4305000000000005e-06,22.968746496,0.58824999616,1.478624997056,2.5000007679999996
6.431000000000001e-06,22.968746496,0.58824999616,1.479874996928,2.1875007999999996
6.4315e-06,23.749996544,0.5819999967999999,1.4811249968,1.8750008319999996
6.432e-06,23.749996544,0.5819999967999999,1.477374997184,2.1875007999999996
6.432500000000001e-06,23.749996544,0.58824999616,1.479874996928,1.8750008319999996
6.433e-06,22.968746496,0.58824999616,1.477374997184,2.1875007999999996
6.4335e-06,22.968746496,0.58824999616,1.478624997056,2.5000007679999996
6.4340000000000006e-06,22.968746496,0.58824999616,1.478624997056,2.5000007679999996
6.434500000000001e-06,22.968746496,0.58824999616,1.476124997312,2.1875007999999996
6.435e-06,23.749996544,0.59449999552,1.476124997312,2.1875007999999996
6.4355000000000005e-06,22.968746496,0.58824999616,1.476124997312,2.1875007999999996
6.436000000000001e-06,23.749996544,0.59449999552,1.477374997184,2.1875007999999996
6.4365e-06,23.749996544,0.59449999552,1.479874996928,2.1875007999999996
6.437e-06,23.749996544,0.58824999616,1.479874996928,2.1875007999999996
6.437500000000001e-06,22.968746496,0.58824999616,1.479874996928,2.5000007679999996
6.438e-06,22.968746496,0.58824999616,1.479874996928,2.5000007679999996
6.4385e-06,23.749996544,0.5819999967999999,1.4811249968,2.1875007999999996
6.4390000000000005e-06,22.968746496,0.5819999967999999,1.478624997056,2.1875007999999996
6.439500000000001e-06,23.749996544,0.5819999967999999,1.4823749966720001,2.1875007999999996
6.44e-06,23.749996544,0.58824999616,1.479874996928,2.1875007999999996
6.4405000000000004e-06,23.749996544,0.58824999616,1.477374997184,2.1875007999999996
6.441000000000001e-06,22.968746496,0.58824999616,1.476124997312,2.1875007999999996
6.4415e-06,22.968746496,0.58824999616,1.477374997184,2.5000007679999996
6.442e-06,23.749996544,0.58824999616,1.478624997056,2.5000007679999996
6.4425000000000006e-06,23.749996544,0.58824999616,1.478624997056,2.1875007999999996
6.443000000000001e-06,22.968746496,0.58824999616,1.478624997056,2.1875007999999996
6.4435e-06,22.968746496,0.5819999967999999,1.477374997184,2.1875007999999996
6.4440000000000005e-06,22.968746496,0.59449999552,1.478624997056,2.1875007999999996
6.444500000000001e-06,22.187496448000005,0.58824999616,1.4811249968,2.1875007999999996
6.445e-06,22.968746496,0.59449999552,1.478624997056,2.5000007679999996
6.4455e-06,22.968746496,0.59449999552,1.478624997056,2.1875007999999996
6.446000000000001e-06,23.749996544,0.58824999616,1.478624997056,2.5000007679999996
6.4465e-06,22.968746496,0.58824999616,1.478624997056,2.5000007679999996
6.447e-06,23.749996544,0.5819999967999999,1.478624997056,2.1875007999999996
6.4475000000000005e-06,22.968746496,0.5819999967999999,1.479874996928,2.1875007999999996
6.448000000000001e-06,22.968746496,0.58824999616,1.477374997184,2.1875007999999996
6.4485e-06,23.749996544,0.5819999967999999,1.478624997056,2.5000007679999996
6.4490000000000004e-06,22.968746496,0.5819999967999999,1.477374997184,2.5000007679999996
6.449500000000001e-06,23.749996544,0.58824999616,1.477374997184,2.1875007999999996
6.45e-06,22.968746496,0.58824999616,1.47487499744,2.1875007999999996
6.4505e-06,22.968746496,0.58824999616,1.476124997312,2.1875007999999996
6.451000000000001e-06,23.749996544,0.58824999616,1.477374997184,2.5000007679999996
6.4515e-06,23.749996544,0.5819999967999999,1.476124997312,2.5000007679999996
6.452e-06,23.749996544,0.58824999616,1.47487499744,2.5000007679999996
6.4525000000000005e-06,22.968746496,0.58824999616,1.477374997184,2.1875007999999996
6.453000000000001e-06,23.749996544,0.58824999616,1.476124997312,2.1875007999999996
6.4535e-06,22.968746496,0.58824999616,1.476124997312,2.1875007999999996
6.454e-06,22.968746496,0.58824999616,1.473624997568,2.5000007679999996
6.454500000000001e-06,22.968746496,0.58824999616,1.477374997184,2.5000007679999996
6.455e-06,23.749996544,0.59449999552,1.477374997184,2.1875007999999996
6.4555e-06,22.968746496,0.5819999967999999,1.478624997056,1.8750008319999996
6.4560000000000005e-06,23.749996544,0.58824999616,1.476124997312,2.1875007999999996
6.456500000000001e-06,23.749996544,0.58824999616,1.476124997312,1.8750008319999996
6.457e-06,22.968746496,0.5819999967999999,1.473624997568,2.1875007999999996
6.4575000000000004e-06,22.968746496,0.58824999616,1.476124997312,2.1875007999999996
6.458000000000001e-06,23.749996544,0.58824999616,1.476124997312,2.1875007999999996
6.4585e-06,22.968746496,0.59449999552,1.476124997312,1.8750008319999996
6.459e-06,22.968746496,0.59449999552,1.473624997568,2.1875007999999996
6.459500000000001e-06,22.187496448000005,0.58824999616,1.47487499744,2.5000007679999996
6.46e-06,22.968746496,0.58824999616,1.476124997312,2.1875007999999996
6.4605e-06,22.968746496,0.59449999552,1.479874996928,2.1875007999999996
6.4610000000000005e-06,23.749996544,0.58824999616,1.47487499744,2.1875007999999996
6.461500000000001e-06,22.968746496,0.59449999552,1.473624997568,2.1875007999999996
6.462e-06,23.749996544,0.58824999616,1.473624997568,2.1875007999999996
6.4625e-06,23.749996544,0.59449999552,1.478624997056,2.1875007999999996
6.463000000000001e-06,22.968746496,0.59449999552,1.479874996928,1.8750008319999996
6.4635e-06,23.749996544,0.58824999616,1.478624997056,2.1875007999999996
6.464e-06,24.531246592000002,0.59449999552,1.47487499744,2.5000007679999996
6.4645000000000005e-06,23.749996544,0.58824999616,1.476124997312,1.8750008319999996
6.465000000000001e-06,23.749996544,0.58824999616,1.476124997312,2.1875007999999996
6.4655e-06,23.749996544,0.58824999616,1.47487499744,2.5000007679999996
6.4660000000000004e-06,23.749996544,0.58824999616,1.47487499744,2.5000007679999996
6.466500000000001e-06,22.187496448000005,0.58824999616,1.47487499744,2.1875007999999996
6.467e-06,22.968746496,0.59449999552,1.476124997312,2.1875007999999996
6.4675e-06,23.749996544,0.5819999967999999,1.47487499744,2.5000007679999996
6.468000000000001e-06,22.968746496,0.59449999552,1.476124997312,2.5000007679999996
6.4685e-06,22.968746496,0.58824999616,1.478624997056,2.1875007999999996
6.469e-06,23.749996544,0.58824999616,1.479874996928,2.5000007679999996
6.4695000000000005e-06,23.749996544,0.58824999616,1.479874996928,2.1875007999999996
6.470000000000001e-06,22.968746496,0.58824999616,1.478624997056,2.5000007679999996
6.4705e-06,22.968746496,0.58824999616,1.478624997056,2.5000007679999996
6.471e-06,22.968746496,0.58824999616,1.477374997184,2.1875007999999996
6.471500000000001e-06,22.968746496,0.5819999967999999,1.476124997312,2.1875007999999996
6.472e-06,22.968746496,0.5819999967999999,1.47487499744,2.1875007999999996
6.4725e-06,23.749996544,0.58824999616,1.476124997312,1.8750008319999996
6.4730000000000005e-06,22.968746496,0.58824999616,1.47487499744,2.1875007999999996
6.473500000000001e-06,23.749996544,0.58824999616,1.476124997312,2.1875007999999996
6.474e-06,22.968746496,0.58824999616,1.476124997312,2.1875007999999996
6.4745000000000004e-06,23.749996544,0.59449999552,1.477374997184,1.8750008319999996
6.475000000000001e-06,22.968746496,0.59449999552,1.477374997184,2.1875007999999996
6.4755e-06,22.968746496,0.5819999967999999,1.476124997312,2.5000007679999996
6.476e-06,22.968746496,0.59449999552,1.478624997056,2.5000007679999996
6.476500000000001e-06,23.749996544,0.58824999616,1.479874996928,2.1875007999999996
6.477e-06,23.749996544,0.58824999616,1.478624997056,2.1875007999999996
6.4775e-06,22.968746496,0.59449999552,1.47487499744,2.1875007999999996
6.4780000000000005e-06,23.749996544,0.58824999616,1.473624997568,2.5000007679999996
6.478500000000001e-06,22.968746496,0.59449999552,1.476124997312,2.1875007999999996
6.479e-06,22.968746496,0.59449999552,1.478624997056,2.1875007999999996
6.4795e-06,23.749996544,0.58824999616,1.4811249968,2.1875007999999996
6.480000000000001e-06,22.968746496,0.58824999616,1.478624997056,2.1875007999999996
6.4805e-06,23.749996544,0.5819999967999999,1.477374997184,2.1875007999999996
6.481e-06,22.968746496,0.5819999967999999,1.47487499744,2.1875007999999996
6.4815000000000005e-06,23.749996544,0.59449999552,1.476124997312,2.5000007679999996
6.482000000000001e-06,22.968746496,0.58824999616,1.477374997184,2.1875007999999996
6.4825e-06,23.749996544,0.58824999616,1.476124997312,1.8750008319999996
6.4830000000000004e-06,22.968746496,0.59449999552,1.477374997184,2.5000007679999996
6.483500000000001e-06,22.968746496,0.58824999616,1.476124997312,2.5000007679999996
6.484e-06,22.968746496,0.59449999552,1.47487499744,2.5000007679999996
6.4845e-06,23.749996544,0.59449999552,1.477374997184,2.1875007999999996
6.485000000000001e-06,23.749996544,0.59449999552,1.478624997056,2.8125007359999996
6.4855e-06,23.749996544,0.58824999616,1.478624997056,2.1875007999999996
6.486e-06,22.968746496,0.58824999616,1.477374997184,2.1875007999999996
6.4865000000000005e-06,22.968746496,0.58824999616,1.478624997056,2.5000007679999996
6.487000000000001e-06,23.749996544,0.58824999616,1.476124997312,1.8750008319999996
6.4875e-06,22.968746496,0.58824999616,1.477374997184,2.1875007999999996
6.488e-06,23.749996544,0.58824999616,1.477374997184,2.1875007999999996
6.488500000000001e-06,23.749996544,0.58824999616,1.479874996928,1.8750008319999996
6.489e-06,22.968746496,0.58824999616,1.478624997056,2.1875007999999996
6.4895e-06,22.968746496,0.58824999616,1.478624997056,2.1875007999999996
6.4900000000000005e-06,23.749996544,0.58824999616,1.477374997184,2.1875007999999996
6.490500000000001e-06,23.749996544,0.58824999616,1.476124997312,2.1875007999999996
6.491e-06,23.749996544,0.58824999616,1.477374997184,2.1875007999999996
6.4915000000000004e-06,23.749996544,0.5819999967999999,1.478624997056,2.5000007679999996
6.492000000000001e-06,23.749996544,0.58824999616,1.478624997056,2.5000007679999996
6.4925e-06,22.968746496,0.58824999616,1.479874996928,2.1875007999999996
6.493e-06,23.749996544,0.59449999552,1.477374997184,2.1875007999999996
6.493500000000001e-06,22.968746496,0.58824999616,1.476124997312,1.8750008319999996
6.494e-06,22.968746496,0.58824999616,1.476124997312,2.1875007999999996
6.4945e-06,23.749996544,0.58824999616,1.477374997184,1.8750008319999996
6.4950000000000005e-06,22.968746496,0.58824999616,1.478624997056,2.1875007999999996
6.495500000000001e-06,23.749996544,0.58824999616,1.4811249968,1.8750008319999996
6.496e-06,23.749996544,0.58824999616,1.478624997056,2.1875007999999996
6.4965e-06,23.749996544,0.58824999616,1.478624997056,1.8750008319999996
6.497000000000001e-06,22.968746496,0.59449999552,1.477374997184,2.1875007999999996
6.4975e-06,23.749996544,0.58824999616,1.476124997312,2.1875007999999996
6.498e-06,23.749996544,0.58824999616,1.476124997312,2.1875007999999996
6.4985000000000005e-06,23.749996544,0.58824999616,1.476124997312,2.1875007999999996
6.499000000000001e-06,22.968746496,0.59449999552,1.478624997056,2.1875007999999996
6.4995e-06,22.968746496,0.58824999616,1.479874996928,2.5000007679999996
6.5000000000000004e-06,22.968746496,0.58824999616,1.479874996928,2.5000007679999996
6.500500000000001e-06,23.749996544,0.58824999616,1.479874996928,2.5000007679999996
6.501e-06,23.749996544,0.59449999552,1.477374997184,2.1875007999999996
6.5015e-06,23.749996544,0.58824999616,1.476124997312,2.1875007999999996
6.502000000000001e-06,22.968746496,0.58824999616,1.476124997312,2.5000007679999996
6.5025e-06,22.968746496,0.59449999552,1.476124997312,2.5000007679999996
6.503e-06,22.968746496,0.59449999552,1.47487499744,2.1875007999999996
6.5035000000000005e-06,22.968746496,0.58824999616,1.477374997184,1.8750008319999996
6.504000000000001e-06,23.749996544,0.58824999616,1.479874996928,1.8750008319999996
6.5045e-06,23.749996544,0.58824999616,1.479874996928,1.8750008319999996
6.505e-06,22.968746496,0.58824999616,1.478624997056,2.1875007999999996
6.505500000000001e-06,22.968746496,0.58824999616,1.478624997056,2.1875007999999996
6.506e-06,23.749996544,0.58824999616,1.478624997056,2.1875007999999996
6.5065e-06,23.749996544,0.59449999552,1.477374997184,2.1875007999999996
6.5070000000000005e-06,22.968746496,0.6007499948799999,1.476124997312,2.1875007999999996
6.507500000000001e-06,22.968746496,0.59449999552,1.47487499744,2.5000007679999996
6.508e-06,23.749996544,0.59449999552,1.472374997696,2.5000007679999996
6.5085000000000005e-06,22.968746496,0.59449999552,1.473624997568,2.1875007999999996
6.509000000000001e-06,23.749996544,0.58824999616,1.47487499744,2.1875007999999996
6.5095e-06,22.968746496,0.58824999616,1.476124997312,2.5000007679999996
6.51e-06,22.968746496,0.58824999616,1.47487499744,2.5000007679999996
6.510500000000001e-06,23.749996544,0.58824999616,1.476124997312,2.5000007679999996
6.511e-06,22.968746496,0.59449999552,1.477374997184,1.8750008319999996
6.5115e-06,22.968746496,0.58824999616,1.477374997184,1.8750008319999996
6.5120000000000005e-06,22.968746496,0.58824999616,1.476124997312,2.1875007999999996
6.512500000000001e-06,23.749996544,0.58824999616,1.477374997184,2.1875007999999996
6.513e-06,22.968746496,0.58824999616,1.476124997312,2.1875007999999996
6.5135e-06,22.968746496,0.58824999616,1.47487499744,2.5000007679999996
6.514000000000001e-06,23.749996544,0.58824999616,1.476124997312,2.1875007999999996
6.5145e-06,22.968746496,0.59449999552,1.476124997312,1.8750008319999996
6.515e-06,22.968746496,0.58824999616,1.476124997312,2.1875007999999996
6.5155000000000006e-06,23.749996544,0.5819999967999999,1.477374997184,2.5000007679999996
6.516000000000001e-06,22.968746496,0.58824999616,1.476124997312,2.5000007679999996
6.5165e-06,22.968746496,0.59449999552,1.477374997184,2.1875007999999996
6.5170000000000005e-06,23.749996544,0.59449999552,1.477374997184,2.1875007999999996
6.517500000000001e-06,23.749996544,0.59449999552,1.478624997056,2.1875007999999996
6.518e-06,22.968746496,0.58824999616,1.476124997312,2.1875007999999996
6.5185e-06,22.968746496,0.58824999616,1.476124997312,2.5000007679999996
6.519000000000001e-06,22.968746496,0.5819999967999999,1.476124997312,2.1875007999999996
6.5195e-06,22.968746496,0.58824999616,1.477374997184,2.1875007999999996
6.52e-06,22.968746496,0.59449999552,1.47487499744,2.1875007999999996
6.5205000000000005e-06,23.749996544,0.59449999552,1.476124997312,1.8750008319999996
6.521000000000001e-06,23.749996544,0.59449999552,1.47487499744,2.1875007999999996
6.5215e-06,23.749996544,0.59449999552,1.476124997312,2.5000007679999996
6.522e-06,24.531246592000002,0.59449999552,1.476124997312,2.1875007999999996
6.522500000000001e-06,23.749996544,0.59449999552,1.477374997184,2.1875007999999996
6.523e-06,22.968746496,0.59449999552,1.477374997184,2.1875007999999996
6.5235e-06,22.968746496,0.58824999616,1.477374997184,2.1875007999999996
6.5240000000000006e-06,23.749996544,0.58824999616,1.478624997056,2.1875007999999996
6.524500000000001e-06,23.749996544,0.59449999552,1.479874996928,2.1875007999999996
6.525e-06,23.749996544,0.58824999616,1.479874996928,2.1875007999999996
6.5255000000000005e-06,23.749996544,0.58824999616,1.477374997184,2.1875007999999996
6.526000000000001e-06,23.749996544,0.58824999616,1.477374997184,2.1875007999999996
6.5265e-06,22.968746496,0.58824999616,1.479874996928,2.1875007999999996
6.527e-06,23.749996544,0.59449999552,1.477374997184,1.8750008319999996
6.527500000000001e-06,22.968746496,0.5819999967999999,1.477374997184,2.1875007999999996
6.528e-06,23.749996544,0.58824999616,1.477374997184,2.1875007999999996
6.5285e-06,23.749996544,0.58824999616,1.478624997056,2.5000007679999996
6.5290000000000005e-06,22.968746496,0.59449999552,1.477374997184,2.1875007999999996
6.529500000000001e-06,22.968746496,0.59449999552,1.476124997312,2.1875007999999996
6.53e-06,23.749996544,0.59449999552,1.47487499744,2.1875007999999996
6.5305e-06,22.968746496,0.59449999552,1.477374997184,1.8750008319999996
6.531000000000001e-06,22.968746496,0.58824999616,1.479874996928,2.1875007999999996
6.5315e-06,23.749996544,0.58824999616,1.478624997056,2.5000007679999996
6.532e-06,22.968746496,0.59449999552,1.477374997184,2.5000007679999996
6.5325000000000006e-06,23.749996544,0.59449999552,1.479874996928,2.5000007679999996
6.533000000000001e-06,23.749996544,0.59449999552,1.479874996928,2.1875007999999996
6.5335e-06,22.968746496,0.59449999552,1.477374997184,2.1875007999999996
6.5340000000000005e-06,22.968746496,0.59449999552,1.477374997184,2.1875007999999996
6.534500000000001e-06,22.187496448000005,0.59449999552,1.477374997184,2.5000007679999996
6.535e-06,22.968746496,0.59449999552,1.47487499744,2.1875007999999996
6.5355e-06,23.749996544,0.5819999967999999,1.477374997184,2.1875007999999996
6.536000000000001e-06,23.749996544,0.59449999552,1.477374997184,1.8750008319999996
6.5365e-06,23.749996544,0.59449999552,1.479874996928,2.1875007999999996
6.537e-06,22.968746496,0.59449999552,1.478624997056,2.1875007999999996
6.5375000000000005e-06,22.968746496,0.59449999552,1.479874996928,2.1875007999999996
6.538000000000001e-06,23.749996544,0.59449999552,1.4811249968,2.1875007999999996
6.5385e-06,23.749996544,0.58824999616,1.479874996928,2.1875007999999996
6.539e-06,22.968746496,0.58824999616,1.479874996928,2.5000007679999996
6.539500000000001e-06,22.968746496,0.59449999552,1.479874996928,2.5000007679999996
6.54e-06,23.749996544,0.6007499948799999,1.477374997184,2.1875007999999996
6.5405e-06,22.968746496,0.58824999616,1.476124997312,1.8750008319999996
6.5410000000000006e-06,23.749996544,0.59449999552,1.47487499744,2.1875007999999996
6.541500000000001e-06,23.749996544,0.58824999616,1.477374997184,2.1875007999999996
6.542e-06,23.749996544,0.58824999616,1.478624997056,2.1875007999999996
6.5425000000000005e-06,22.968746496,0.58824999616,1.479874996928,2.5000007679999996
6.543000000000001e-06,23.749996544,0.59449999552,1.477374997184,2.1875007999999996
6.5435e-06,23.749996544,0.59449999552,1.478624997056,2.1875007999999996
6.544e-06,22.968746496,0.59449999552,1.477374997184,2.1875007999999996
6.544500000000001e-06,23.749996544,0.59449999552,1.4811249968,1.8750008319999996
6.545e-06,22.968746496,0.59449999552,1.479874996928,2.1875007999999996
6.5455e-06,22.968746496,0.59449999552,1.477374997184,2.1875007999999996
6.5460000000000005e-06,23.749996544,0.58824999616,1.479874996928,2.1875007999999996
6.546500000000001e-06,22.968746496,0.58824999616,1.4823749966720001,1.8750008319999996
6.547e-06,22.968746496,0.58824999616,1.478624997056,2.1875007999999996
6.5475e-06,23.749996544,0.58824999616,1.476124997312,2.1875007999999996
6.548000000000001e-06,23.749996544,0.58824999616,1.47487499744,2.5000007679999996
6.5485e-06,23.749996544,0.59449999552,1.476124997312,2.1875007999999996
6.549e-06,24.531246592000002,0.58824999616,1.476124997312,2.5000007679999996
6.5495000000000006e-06,22.968746496,0.59449999552,1.47487499744,2.1875007999999996
6.550000000000001e-06,23.749996544,0.58824999616,1.473624997568,2.5000007679999996
6.5505e-06,23.749996544,0.59449999552,1.476124997312,2.5000007679999996
6.5510000000000005e-06,22.968746496,0.59449999552,1.476124997312,1.8750008319999996
6.551500000000001e-06,22.968746496,0.58824999616,1.478624997056,2.1875007999999996
6.552e-06,23.749996544,0.58824999616,1.476124997312,2.5000007679999996
6.5525e-06,23.749996544,0.58824999616,1.478624997056,2.1875007999999996
6.553000000000001e-06,22.968746496,0.58824999616,1.477374997184,2.5000007679999996
6.5535e-06,22.968746496,0.59449999552,1.477374997184,2.1875007999999996
6.554e-06,23.749996544,0.59449999552,1.477374997184,2.1875007999999996
6.5545000000000005e-06,23.749996544,0.59449999552,1.477374997184,2.1875007999999996
6.555000000000001e-06,22.968746496,0.59449999552,1.477374997184,2.1875007999999996
6.5555e-06,22.968746496,0.59449999552,1.47487499744,2.1875007999999996
6.556e-06,22.968746496,0.59449999552,1.47487499744,2.5000007679999996
6.556500000000001e-06,22.968746496,0.59449999552,1.479874996928,2.1875007999999996
6.557e-06,23.749996544,0.58824999616,1.479874996928,2.5000007679999996
6.5575e-06,22.968746496,0.58824999616,1.477374997184,2.1875007999999996
6.5580000000000006e-06,23.749996544,0.58824999616,1.476124997312,2.5000007679999996
6.558500000000001e-06,23.749996544,0.59449999552,1.477374997184,2.5000007679999996
6.559e-06,23.749996544,0.59449999552,1.476124997312,2.1875007999999996
6.5595000000000005e-06,22.968746496,0.58824999616,1.476124997312,1.8750008319999996
6.560000000000001e-06,23.749996544,0.58824999616,1.47487499744,2.1875007999999996
6.5605e-06,23.749996544,0.58824999616,1.476124997312,2.1875007999999996
6.561e-06,23.749996544,0.59449999552,1.476124997312,2.1875007999999996
6.561500000000001e-06,22.968746496,0.59449999552,1.476124997312,2.1875007999999996
6.562e-06,23.749996544,0.59449999552,1.476124997312,2.1875007999999996
6.5625e-06,23.749996544,0.59449999552,1.47487499744,1.8750008319999996
6.5630000000000005e-06,23.749996544,0.58824999616,1.477374997184,2.1875007999999996
6.563500000000001e-06,23.749996544,0.59449999552,1.477374997184,2.1875007999999996
6.564e-06,23.749996544,0.59449999552,1.477374997184,2.1875007999999996
6.5645e-06,23.749996544,0.6007499948799999,1.479874996928,2.1875007999999996
6.565000000000001e-06,23.749996544,0.59449999552,1.479874996928,2.1875007999999996
6.5655e-06,22.968746496,0.59449999552,1.477374997184,2.1875007999999996
6.566e-06,22.968746496,0.59449999552,1.478624997056,2.1875007999999996
6.5665000000000006e-06,23.749996544,0.59449999552,1.479874996928,2.1875007999999996
6.567000000000001e-06,23.749996544,0.59449999552,1.476124997312,2.1875007999999996
6.5675e-06,23.749996544,0.58824999616,1.476124997312,1.8750008319999996
6.5680000000000005e-06,22.968746496,0.59449999552,1.47487499744,2.1875007999999996
6.568500000000001e-06,23.749996544,0.59449999552,1.476124997312,1.8750008319999996
6.569e-06,22.968746496,0.59449999552,1.477374997184,2.1875007999999996
6.5695e-06,22.968746496,0.59449999552,1.477374997184,2.1875007999999996
6.570000000000001e-06,23.749996544,0.59449999552,1.477374997184,2.1875007999999996
6.5705e-06,23.749996544,0.59449999552,1.479874996928,2.1875007999999996
6.571e-06,23.749996544,0.6007499948799999,1.479874996928,2.1875007999999996
6.5715000000000005e-06,22.968746496,0.58824999616,1.479874996928,2.1875007999999996
6.572000000000001e-06,22.187496448000005,0.59449999552,1.478624997056,2.5000007679999996
6.5725e-06,22.968746496,0.59449999552,1.479874996928,1.8750008319999996
6.5730000000000004e-06,23.749996544,0.59449999552,1.478624997056,2.1875007999999996
6.573500000000001e-06,23.749996544,0.58824999616,1.479874996928,2.1875007999999996
6.574e-06,22.968746496,0.58824999616,1.478624997056,2.1875007999999996
6.5745e-06,22.968746496,0.59449999552,1.478624997056,2.5000007679999996
6.5750000000000006e-06,22.187496448000005,0.59449999552,1.477374997184,1.8750008319999996
6.575500000000001e-06,22.187496448000005,0.59449999552,1.478624997056,1.8750008319999996
6.576e-06,23.749996544,0.59449999552,1.477374997184,2.1875007999999996
6.5765000000000005e-06,23.749996544,0.58824999616,1.479874996928,2.1875007999999996
6.577000000000001e-06,22.968746496,0.59449999552,1.478624997056,2.1875007999999996
6.5775e-06,22.968746496,0.59449999552,1.477374997184,2.1875007999999996
6.578e-06,24.531246592000002,0.59449999552,1.476124997312,2.1875007999999996
6.578500000000001e-06,23.749996544,0.59449999552,1.477374997184,1.8750008319999996
6.579e-06,23.749996544,0.59449999552,1.478624997056,2.1875007999999996
6.5795e-06,23.749996544,0.58824999616,1.478624997056,2.1875007999999996
6.5800000000000005e-06,23.749996544,0.59449999552,1.478624997056,2.5000007679999996
6.580500000000001e-06,23.749996544,0.59449999552,1.479874996928,2.1875007999999996
6.581e-06,24.531246592000002,0.59449999552,1.4811249968,2.1875007999999996
6.5815000000000004e-06,22.968746496,0.59449999552,1.4811249968,2.1875007999999996
6.582000000000001e-06,22.968746496,0.59449999552,1.479874996928,2.1875007999999996
6.5825e-06,23.749996544,0.6007499948799999,1.478624997056,2.1875007999999996
6.583e-06,23.749996544,0.59449999552,1.47487499744,2.1875007999999996
6.583500000000001e-06,23.749996544,0.58824999616,1.477374997184,2.1875007999999996
6.584000000000001e-06,23.749996544,0.58824999616,1.47487499744,2.1875007999999996
6.5845e-06,23.749996544,0.58824999616,1.477374997184,2.1875007999999996
6.5850000000000005e-06,22.968746496,0.59449999552,1.478624997056,2.1875007999999996
6.585500000000001e-06,23.749996544,0.58824999616,1.476124997312,2.1875007999999996
6.586e-06,23.749996544,0.59449999552,1.47487499744,2.1875007999999996
6.5865e-06,23.749996544,0.6007499948799999,1.476124997312,1.8750008319999996
6.587000000000001e-06,23.749996544,0.6007499948799999,1.478624997056,2.1875007999999996
6.5875e-06,23.749996544,0.58824999616,1.478624997056,2.1875007999999996
6.588e-06,23.749996544,0.59449999552,1.476124997312,2.1875007999999996
6.5885000000000005e-06,23.749996544,0.59449999552,1.478624997056,2.1875007999999996
6.589000000000001e-06,23.749996544,0.6007499948799999,1.479874996928,2.1875007999999996
6.5895e-06,23.749996544,0.59449999552,1.478624997056,1.8750008319999996
6.5900000000000004e-06,22.968746496,0.59449999552,1.477374997184,2.1875007999999996
6.590500000000001e-06,23.749996544,0.6007499948799999,1.478624997056,2.5000007679999996
6.591e-06,22.968746496,0.59449999552,1.477374997184,1.8750008319999996
6.5915e-06,23.749996544,0.58824999616,1.478624997056,1.8750008319999996
6.592000000000001e-06,22.968746496,0.59449999552,1.477374997184,1.8750008319999996
6.592500000000001e-06,22.968746496,0.59449999552,1.4811249968,1.8750008319999996
6.593e-06,22.968746496,0.59449999552,1.4811249968,2.1875007999999996
6.5935000000000005e-06,22.968746496,0.59449999552,1.479874996928,2.1875007999999996
6.594000000000001e-06,23.749996544,0.59449999552,1.479874996928,2.1875007999999996
6.5945e-06,22.968746496,0.59449999552,1.4811249968,2.1875007999999996
6.595e-06,22.968746496,0.6007499948799999,1.479874996928,2.1875007999999996
6.595500000000001e-06,23.749996544,0.59449999552,1.479874996928,2.1875007999999996
6.596e-06,23.749996544,0.59449999552,1.478624997056,2.1875007999999996
6.5965e-06,22.968746496,0.59449999552,1.479874996928,2.1875007999999996
6.5970000000000005e-06,23.749996544,0.59449999552,1.478624997056,2.1875007999999996
6.597500000000001e-06,22.968746496,0.59449999552,1.477374997184,2.1875007999999996
6.598e-06,23.749996544,0.59449999552,1.477374997184,2.1875007999999996
6.5985000000000004e-06,23.749996544,0.59449999552,1.478624997056,2.1875007999999996
6.599000000000001e-06,22.968746496,0.59449999552,1.478624997056,1.8750008319999996
6.5995e-06,22.968746496,0.59449999552,1.477374997184,2.1875007999999996
6.6e-06,22.968746496,0.6007499948799999,1.476124997312,2.1875007999999996
6.600500000000001e-06,23.749996544,0.59449999552,1.477374997184,1.8750008319999996
6.601e-06,22.968746496,0.59449999552,1.478624997056,1.8750008319999996
6.6015e-06,22.968746496,0.6007499948799999,1.477374997184,2.1875007999999996
6.6020000000000005e-06,23.749996544,0.59449999552,1.47487499744,2.1875007999999996
6.602500000000001e-06,23.749996544,0.59449999552,1.47487499744,2.1875007999999996
6.603e-06,23.749996544,0.6007499948799999,1.478624997056,2.1875007999999996
6.6035e-06,22.968746496,0.6007499948799999,1.478624997056,2.5000007679999996
6.604000000000001e-06,23.749996544,0.59449999552,1.477374997184,2.1875007999999996
6.6045e-06,23.749996544,0.6007499948799999,1.478624997056,2.1875007999999996
6.605e-06,24.531246592000002,0.6007499948799999,1.478624997056,2.1875007999999996
6.6055000000000005e-06,23.749996544,0.6007499948799999,1.479874996928,2.1875007999999996
6.606000000000001e-06,23.749996544,0.59449999552,1.477374997184,2.1875007999999996
6.6065e-06,22.968746496,0.59449999552,1.478624997056,2.5000007679999996
6.6070000000000004e-06,22.968746496,0.6007499948799999,1.478624997056,2.1875007999999996
6.607500000000001e-06,22.968746496,0.59449999552,1.479874996928,2.1875007999999996
6.608e-06,22.968746496,0.6007499948799999,1.478624997056,2.5000007679999996
6.6085e-06,23.749996544,0.59449999552,1.478624997056,2.1875007999999996
6.609000000000001e-06,22.968746496,0.59449999552,1.479874996928,2.1875007999999996
6.6095e-06,23.749996544,0.6007499948799999,1.4823749966720001,2.1875007999999996
6.61e-06,23.749996544,0.59449999552,1.483624996544,2.1875007999999996
6.6105000000000005e-06,23.749996544,0.59449999552,1.4823749966720001,1.8750008319999996
6.611000000000001e-06,22.968746496,0.6007499948799999,1.479874996928,2.1875007999999996
6.6115e-06,22.968746496,0.59449999552,1.478624997056,2.5000007679999996
6.612e-06,22.968746496,0.6007499948799999,1.478624997056,1.8750008319999996
6.612500000000001e-06,22.968746496,0.6007499948799999,1.478624997056,1.8750008319999996
6.613e-06,23.749996544,0.6007499948799999,1.476124997312,2.1875007999999996
6.6135e-06,22.968746496,0.6007499948799999,1.476124997312,2.1875007999999996
6.6140000000000005e-06,22.968746496,0.58824999616,1.476124997312,2.1875007999999996
6.614500000000001e-06,23.749996544,0.6007499948799999,1.478624997056,2.5000007679999996
6.615e-06,22.968746496,0.59449999552,1.478624997056,2.1875007999999996
6.6155000000000004e-06,23.749996544,0.59449999552,1.479874996928,2.1875007999999996
6.616000000000001e-06,23.749996544,0.59449999552,1.478624997056,2.1875007999999996
6.6165e-06,24.531246592000002,0.59449999552,1.479874996928,1.8750008319999996
6.617e-06,22.968746496,0.6007499948799999,1.478624997056,1.8750008319999996
6.617500000000001e-06,22.968746496,0.6007499948799999,1.476124997312,2.1875007999999996
6.618e-06,23.749996544,0.59449999552,1.477374997184,2.1875007999999996
6.6185e-06,23.749996544,0.59449999552,1.477374997184,1.8750008319999996
6.6190000000000005e-06,23.749996544,0.6007499948799999,1.477374997184,1.8750008319999996
6.619500000000001e-06,22.968746496,0.6007499948799999,1.479874996928,1.8750008319999996
6.62e-06,23.749996544,0.59449999552,1.4811249968,2.1875007999999996
6.6205e-06,23.749996544,0.59449999552,1.4811249968,1.8750008319999996
6.621000000000001e-06,23.749996544,0.6007499948799999,1.4811249968,2.1875007999999996
6.6215e-06,22.968746496,0.6007499948799999,1.4811249968,1.8750008319999996
6.622e-06,23.749996544,0.6007499948799999,1.479874996928,2.1875007999999996
6.6225000000000005e-06,22.968746496,0.59449999552,1.478624997056,2.1875007999999996
6.623000000000001e-06,22.968746496,0.6007499948799999,1.478624997056,2.1875007999999996
6.6235e-06,22.968746496,0.59449999552,1.479874996928,1.8750008319999996
6.6240000000000004e-06,22.968746496,0.6007499948799999,1.477374997184,2.1875007999999996
6.624500000000001e-06,23.749996544,0.59449999552,1.479874996928,1.8750008319999996
6.625e-06,22.968746496,0.59449999552,1.477374997184,1.8750008319999996
6.6255e-06,23.749996544,0.59449999552,1.477374997184,2.1875007999999996
6.626000000000001e-06,23.749996544,0.59449999552,1.479874996928,2.1875007999999996
6.6265e-06,22.968746496,0.59449999552,1.479874996928,1.8750008319999996
6.627e-06,23.749996544,0.6007499948799999,1.478624997056,2.5000007679999996
6.6275000000000005e-06,22.968746496,0.58824999616,1.478624997056,1.8750008319999996
6.628000000000001e-06,22.968746496,0.59449999552,1.479874996928,2.1875007999999996
6.6285e-06,22.968746496,0.59449999552,1.478624997056,2.1875007999999996
6.629e-06,23.749996544,0.6007499948799999,1.477374997184,2.1875007999999996
6.629500000000001e-06,22.968746496,0.59449999552,1.478624997056,1.8750008319999996
6.63e-06,23.749996544,0.59449999552,1.479874996928,2.1875007999999996
6.6305e-06,22.968746496,0.59449999552,1.4811249968,2.1875007999999996
6.6310000000000005e-06,22.968746496,0.6007499948799999,1.478624997056,1.8750008319999996
6.631500000000001e-06,22.968746496,0.6007499948799999,1.477374997184,2.1875007999999996
6.632e-06,23.749996544,0.6007499948799999,1.476124997312,1.8750008319999996
6.6325000000000004e-06,23.749996544,0.6007499948799999,1.478624997056,1.8750008319999996
6.633000000000001e-06,22.968746496,0.59449999552,1.478624997056,2.1875007999999996
6.6335e-06,22.968746496,0.59449999552,1.479874996928,1.8750008319999996
6.634e-06,23.749996544,0.59449999552,1.4811249968,2.1875007999999996
6.634500000000001e-06,22.968746496,0.59449999552,1.479874996928,1.8750008319999996
6.635e-06,22.968746496,0.6007499948799999,1.477374997184,1.8750008319999996
6.6355e-06,22.968746496,0.59449999552,1.476124997312,2.1875007999999996
6.6360000000000005e-06,23.749996544,0.59449999552,1.477374997184,2.5000007679999996
6.636500000000001e-06,22.968746496,0.6007499948799999,1.479874996928,2.1875007999999996
6.637e-06,23.749996544,0.6007499948799999,1.4811249968,2.1875007999999996
6.6375e-06,23.749996544,0.59449999552,1.478624997056,2.1875007999999996
6.638000000000001e-06,23.749996544,0.58824999616,1.477374997184,2.5000007679999996
6.6385e-06,22.968746496,0.6007499948799999,1.478624997056,2.1875007999999996
6.639e-06,22.968746496,0.6007499948799999,1.47487499744,1.8750008319999996
6.6395000000000006e-06,22.968746496,0.59449999552,1.477374997184,1.8750008319999996
6.640000000000001e-06,23.749996544,0.59449999552,1.476124997312,2.1875007999999996
6.6405e-06,23.749996544,0.58824999616,1.479874996928,1.8750008319999996
6.6410000000000005e-06,23.749996544,0.59449999552,1.477374997184,2.1875007999999996
6.641500000000001e-06,23.749996544,0.59449999552,1.476124997312,2.1875007999999996
6.642e-06,23.749996544,0.59449999552,1.477374997184,2.1875007999999996
6.6425e-06,22.968746496,0.59449999552,1.478624997056,2.1875007999999996
6.643000000000001e-06,23.749996544,0.6007499948799999,1.478624997056,2.1875007999999996
6.6435e-06,22.968746496,0.59449999552,1.478624997056,2.1875007999999996
6.644e-06,23.749996544,0.59449999552,1.479874996928,2.1875007999999996
6.6445000000000005e-06,23.749996544,0.59449999552,1.4811249968,2.1875007999999996
6.645000000000001e-06,23.749996544,0.59449999552,1.4811249968,1.8750008319999996
6.6455e-06,23.749996544,0.59449999552,1.479874996928,1.8750008319999996
6.646e-06,23.749996544,0.59449999552,1.477374997184,2.1875007999999996
6.646500000000001e-06,22.968746496,0.6007499948799999,1.477374997184,2.1875007999999996
6.647e-06,22.968746496,0.6007499948799999,1.478624997056,2.1875007999999996
6.6475e-06,23.749996544,0.59449999552,1.4811249968,1.8750008319999996
6.6480000000000006e-06,23.749996544,0.59449999552,1.476124997312,1.8750008319999996
6.648500000000001e-06,23.749996544,0.59449999552,1.478624997056,1.8750008319999996
6.649e-06,23.749996544,0.59449999552,1.478624997056,1.8750008319999996
6.6495000000000005e-06,22.968746496,0.59449999552,1.479874996928,1.8750008319999996
6.650000000000001e-06,23.749996544,0.59449999552,1.479874996928,2.1875007999999996
6.6505e-06,22.968746496,0.6007499948799999,1.479874996928,1.8750008319999996
6.651e-06,22.968746496,0.6007499948799999,1.479874996928,2.1875007999999996
6.651500000000001e-06,22.968746496,0.59449999552,1.4811249968,1.8750008319999996
6.652e-06,22.968746496,0.59449999552,1.4811249968,1.8750008319999996
6.6525e-06,23.749996544,0.59449999552,1.4823749966720001,1.8750008319999996
6.6530000000000005e-06,23.749996544,0.6007499948799999,1.479874996928,2.1875007999999996
6.653500000000001e-06,23.749996544,0.59449999552,1.478624997056,2.1875007999999996
6.654e-06,22.968746496,0.59449999552,1.478624997056,2.5000007679999996
6.6545e-06,22.968746496,0.6007499948799999,1.479874996928,2.1875007999999996
6.655000000000001e-06,22.968746496,0.6007499948799999,1.479874996928,2.1875007999999996
6.6555e-06,22.968746496,0.59449999552,1.478624997056,2.1875007999999996
6.656e-06,23.749996544,0.59449999552,1.47487499744,2.1875007999999996
6.6565000000000006e-06,23.749996544,0.59449999552,1.476124997312,1.8750008319999996
6.657000000000001e-06,22.968746496,0.59449999552,1.477374997184,2.1875007999999996
6.6575e-06,23.749996544,0.59449999552,1.478624997056,1.8750008319999996
6.6580000000000005e-06,23.749996544,0.59449999552,1.477374997184,2.1875007999999996
6.658500000000001e-06,22.968746496,0.58824999616,1.478624997056,1.8750008319999996
6.659e-06,22.968746496,0.59449999552,1.478624997056,2.1875007999999996
6.6595e-06,22.968746496,0.59449999552,1.477374997184,1.8750008319999996
6.660000000000001e-06,22.968746496,0.59449999552,1.476124997312,2.1875007999999996
6.6605e-06,23.749996544,0.6007499948799999,1.479874996928,1.8750008319999996
6.661e-06,23.749996544,0.59449999552,1.479874996928,1.8750008319999996
6.6615000000000005e-06,22.968746496,0.6007499948799999,1.476124997312,1.8750008319999996
6.662000000000001e-06,23.749996544,0.59449999552,1.477374997184,2.1875007999999996
6.6625e-06,23.749996544,0.59449999552,1.478624997056,2.1875007999999996
6.663e-06,22.968746496,0.6007499948799999,1.478624997056,2.1875007999999996
6.663500000000001e-06,22.968746496,0.59449999552,1.478624997056,1.8750008319999996
6.664e-06,22.968746496,0.59449999552,1.476124997312,2.1875007999999996
6.6645e-06,23.749996544,0.59449999552,1.476124997312,1.8750008319999996
6.6650000000000006e-06,23.749996544,0.6007499948799999,1.473624997568,2.1875007999999996
6.665500000000001e-06,23.749996544,0.59449999552,1.477374997184,2.5000007679999996
6.666e-06,23.749996544,0.59449999552,1.479874996928,2.1875007999999996
6.6665000000000005e-06,22.968746496,0.59449999552,1.4823749966720001,2.1875007999999996
6.667000000000001e-06,23.749996544,0.6007499948799999,1.478624997056,2.5000007679999996
6.6675e-06,22.968746496,0.59449999552,1.478624997056,2.5000007679999996
6.668e-06,23.749996544,0.6007499948799999,1.478624997056,2.5000007679999996
6.668500000000001e-06,23.749996544,0.6007499948799999,1.479874996928,2.5000007679999996
6.669e-06,23.749996544,0.6007499948799999,1.478624997056,2.1875007999999996
6.6695e-06,22.968746496,0.59449999552,1.478624997056,2.1875007999999996
6.6700000000000005e-06,22.968746496,0.59449999552,1.478624997056,2.1875007999999996
6.670500000000001e-06,22.968746496,0.6007499948799999,1.479874996928,2.5000007679999996
6.671e-06,22.968746496,0.6007499948799999,1.478624997056,2.1875007999999996
6.6715e-06,23.749996544,0.59449999552,1.4811249968,1.8750008319999996
6.672000000000001e-06,23.749996544,0.59449999552,1.4811249968,1.8750008319999996
6.6725e-06,23.749996544,0.59449999552,1.4823749966720001,1.8750008319999996
6.673e-06,23.749996544,0.59449999552,1.4811249968,2.1875007999999996
6.6735000000000006e-06,23.749996544,0.59449999552,1.478624997056,2.1875007999999996
6.674000000000001e-06,22.968746496,0.59449999552,1.478624997056,2.1875007999999996
6.6745e-06,22.968746496,0.59449999552,1.479874996928,1.8750008319999996
6.6750000000000005e-06,23.749996544,0.6007499948799999,1.4811249968,1.8750008319999996
6.675500000000001e-06,23.749996544,0.59449999552,1.4811249968,1.8750008319999996
6.676e-06,22.968746496,0.59449999552,1.479874996928,1.8750008319999996
6.6765e-06,23.749996544,0.6007499948799999,1.479874996928,1.8750008319999996
6.677000000000001e-06,23.749996544,0.59449999552,1.4811249968,2.1875007999999996
6.6775e-06,23.749996544,0.59449999552,1.4811249968,1.8750008319999996
6.678e-06,23.749996544,0.59449999552,1.479874996928,2.1875007999999996
6.6785000000000005e-06,23.749996544,0.6007499948799999,1.478624997056,2.1875007999999996
6.679000000000001e-06,23.749996544,0.6007499948799999,1.476124997312,1.8750008319999996
6.6795e-06,23.749996544,0.59449999552,1.477374997184,1.8750008319999996
6.68e-06,23.749996544,0.59449999552,1.477374997184,1.8750008319999996
6.680500000000001e-06,23.749996544,0.59449999552,1.479874996928,1.8750008319999996
6.681e-06,23.749996544,0.59449999552,1.477374997184,1.8750008319999996
6.6815e-06,22.968746496,0.6007499948799999,1.477374997184,2.1875007999999996
6.6820000000000006e-06,22.968746496,0.59449999552,1.477374997184,2.1875007999999996
6.682500000000001e-06,22.968746496,0.59449999552,1.477374997184,2.1875007999999996
6.683e-06,23.749996544,0.60699999424,1.477374997184,2.5000007679999996
6.6835000000000005e-06,22.968746496,0.6007499948799999,1.47487499744,2.1875007999999996
6.684000000000001e-06,22.968746496,0.6007499948799999,1.473624997568,2.1875007999999996
6.6845e-06,23.749996544,0.6007499948799999,1.477374997184,1.8750008319999996
6.685e-06,23.749996544,0.6007499948799999,1.478624997056,1.8750008319999996
6.685500000000001e-06,22.968746496,0.6007499948799999,1.477374997184,2.1875007999999996
6.686e-06,23.749996544,0.6007499948799999,1.476124997312,1.8750008319999996
6.6865e-06,23.749996544,0.6007499948799999,1.476124997312,2.1875007999999996
6.6870000000000005e-06,23.749996544,0.6007499948799999,1.476124997312,1.8750008319999996
6.687500000000001e-06,23.749996544,0.59449999552,1.477374997184,1.8750008319999996
6.688e-06,22.968746496,0.59449999552,1.47487499744,1.8750008319999996
6.6885e-06,23.749996544,0.59449999552,1.477374997184,1.8750008319999996
6.689000000000001e-06,22.968746496,0.6007499948799999,1.478624997056,2.1875007999999996
6.6895e-06,22.968746496,0.6007499948799999,1.478624997056,2.1875007999999996
6.69e-06,23.749996544,0.59449999552,1.479874996928,2.1875007999999996
6.6905000000000006e-06,22.968746496,0.6007499948799999,1.4811249968,1.8750008319999996
6.691000000000001e-06,23.749996544,0.6007499948799999,1.479874996928,2.1875007999999996
6.6915e-06,23.749996544,0.6007499948799999,1.477374997184,1.8750008319999996
6.6920000000000005e-06,23.749996544,0.59449999552,1.476124997312,1.8750008319999996
6.692500000000001e-06,23.749996544,0.6007499948799999,1.477374997184,1.8750008319999996
6.693e-06,23.749996544,0.6007499948799999,1.476124997312,2.1875007999999996
6.6935e-06,23.749996544,0.6007499948799999,1.477374997184,2.1875007999999996
6.694000000000001e-06,23.749996544,0.6007499948799999,1.478624997056,2.5000007679999996
6.6945e-06,23.749996544,0.6007499948799999,1.479874996928,2.5000007679999996
6.695e-06,23.749996544,0.59449999552,1.477374997184,2.1875007999999996
6.6955000000000005e-06,22.968746496,0.6007499948799999,1.477374997184,2.1875007999999996
6.696000000000001e-06,23.749996544,0.60699999424,1.476124997312,2.1875007999999996
6.6965e-06,22.968746496,0.6007499948799999,1.477374997184,1.8750008319999996
6.6970000000000004e-06,22.968746496,0.6007499948799999,1.47487499744,2.1875007999999996
6.697500000000001e-06,22.968746496,0.6007499948799999,1.476124997312,2.1875007999999996
6.698e-06,22.968746496,0.59449999552,1.476124997312,2.1875007999999996
6.6985e-06,22.968746496,0.59449999552,1.477374997184,2.1875007999999996
6.6990000000000006e-06,22.968746496,0.6007499948799999,1.478624997056,2.1875007999999996
6.699500000000001e-06,22.968746496,0.59449999552,1.479874996928,2.1875007999999996
6.7e-06,22.968746496,0.6007499948799999,1.478624997056,2.1875007999999996
6.7005000000000005e-06,23.749996544,0.59449999552,1.479874996928,1.8750008319999996
6.701000000000001e-06,23.749996544,0.6007499948799999,1.4811249968,2.1875007999999996
6.7015e-06,22.968746496,0.6007499948799999,1.479874996928,1.8750008319999996
6.702e-06,22.968746496,0.59449999552,1.479874996928,2.5000007679999996
6.702500000000001e-06,22.968746496,0.59449999552,1.4811249968,2.5000007679999996
6.703e-06,22.968746496,0.6007499948799999,1.4811249968,2.1875007999999996
6.7035e-06,22.968746496,0.59449999552,1.4811249968,1.8750008319999996
6.7040000000000005e-06,22.968746496,0.60699999424,1.477374997184,1.8750008319999996
6.704500000000001e-06,23.749996544,0.59449999552,1.479874996928,1.8750008319999996
6.705e-06,22.968746496,0.59449999552,1.477374997184,1.8750008319999996
6.7055000000000004e-06,23.749996544,0.59449999552,1.476124997312,2.1875007999999996
6.706000000000001e-06,23.749996544,0.6007499948799999,1.476124997312,2.1875007999999996
6.7065e-06,22.968746496,0.59449999552,1.476124997312,1.8750008319999996
6.707e-06,22.968746496,0.6007499948799999,1.477374997184,2.1875007999999996
6.707500000000001e-06,22.968746496,0.6007499948799999,1.478624997056,2.1875007999999996
6.708000000000001e-06,23.749996544,0.6007499948799999,1.477374997184,2.1875007999999996
6.7085e-06,23.749996544,0.6007499948799999,1.478624997056,1.8750008319999996
6.7090000000000005e-06,23.749996544,0.6007499948799999,1.477374997184,1.8750008319999996
6.709500000000001e-06,22.968746496,0.6007499948799999,1.477374997184,1.8750008319999996
6.71e-06,22.968746496,0.6007499948799999,1.478624997056,2.1875007999999996
6.7105e-06,23.749996544,0.6007499948799999,1.479874996928,2.1875007999999996
6.711000000000001e-06,23.749996544,0.6007499948799999,1.478624997056,1.8750008319999996
6.7115e-06,23.749996544,0.6007499948799999,1.478624997056,1.8750008319999996
6.712e-06,22.968746496,0.60699999424,1.477374997184,2.1875007999999996
6.7125000000000005e-06,22.968746496,0.60699999424,1.479874996928,1.8750008319999996
6.713000000000001e-06,22.968746496,0.6007499948799999,1.477374997184,1.8750008319999996
6.7135e-06,22.968746496,0.6007499948799999,1.476124997312,2.1875007999999996
6.7140000000000004e-06,22.968746496,0.59449999552,1.47487499744,2.1875007999999996
6.714500000000001e-06,22.968746496,0.59449999552,1.473624997568,2.1875007999999996
6.715e-06,22.968746496,0.60699999424,1.476124997312,2.1875007999999996
6.7155e-06,22.968746496,0.59449999552,1.477374997184,2.1875007999999996
6.716000000000001e-06,22.968746496,0.6007499948799999,1.478624997056,2.5000007679999996
6.716500000000001e-06,22.968746496,0.6007499948799999,1.479874996928,2.1875007999999996
6.717e-06,22.968746496,0.6007499948799999,1.477374997184,2.1875007999999996
6.7175000000000005e-06,22.968746496,0.6007499948799999,1.478624997056,2.1875007999999996
6.718000000000001e-06,22.968746496,0.6007499948799999,1.478624997056,2.5000007679999996
6.7185e-06,22.968746496,0.6007499948799999,1.479874996928,2.5000007679999996
6.719e-06,22.968746496,0.6007499948799999,1.477374997184,2.1875007999999996
6.719500000000001e-06,22.968746496,0.6007499948799999,1.477374997184,2.1875007999999996
6.72e-06,23.749996544,0.60699999424,1.476124997312,2.1875007999999996
6.7205e-06,23.749996544,0.60699999424,1.478624997056,2.1875007999999996
6.7210000000000005e-06,22.968746496,0.6007499948799999,1.478624997056,2.1875007999999996
6.721500000000001e-06,23.749996544,0.6007499948799999,1.477374997184,2.5000007679999996
6.722e-06,23.749996544,0.6007499948799999,1.477374997184,2.1875007999999996
6.7225000000000004e-06,23.749996544,0.60699999424,1.477374997184,2.1875007999999996
6.723000000000001e-06,22.968746496,0.6007499948799999,1.476124997312,2.1875007999999996
6.7235e-06,22.968746496,0.6007499948799999,1.476124997312,2.1875007999999996
6.724e-06,22.187496448000005,0.6007499948799999,1.477374997184,2.5000007679999996
6.724500000000001e-06,22.968746496,0.6007499948799999,1.479874996928,2.1875007999999996
6.725000000000001e-06,23.749996544,0.6007499948799999,1.479874996928,2.1875007999999996
6.7255e-06,23.749996544,0.6007499948799999,1.4811249968,2.1875007999999996
6.7260000000000005e-06,22.968746496,0.6007499948799999,1.478624997056,2.1875007999999996
6.726500000000001e-06,22.968746496,0.6007499948799999,1.478624997056,2.5000007679999996
6.727e-06,22.968746496,0.6007499948799999,1.478624997056,2.1875007999999996
6.7275e-06,22.968746496,0.6007499948799999,1.479874996928,2.1875007999999996
6.728000000000001e-06,23.749996544,0.6007499948799999,1.476124997312,2.1875007999999996
6.7285e-06,23.749996544,0.6007499948799999,1.476124997312,1.8750008319999996
6.729e-06,22.968746496,0.6007499948799999,1.477374997184,1.8750008319999996
6.7295000000000005e-06,22.968746496,0.6007499948799999,1.477374997184,2.1875007999999996
6.730000000000001e-06,22.968746496,0.6007499948799999,1.477374997184,2.1875007999999996
6.7305e-06,22.968746496,0.6007499948799999,1.477374997184,2.1875007999999996
6.7310000000000004e-06,23.749996544,0.60699999424,1.478624997056,2.1875007999999996
6.731500000000001e-06,22.968746496,0.6007499948799999,1.478624997056,2.1875007999999996
6.732e-06,22.187496448000005,0.59449999552,1.478624997056,2.1875007999999996
6.7325e-06,22.968746496,0.59449999552,1.478624997056,2.1875007999999996
6.733000000000001e-06,23.749996544,0.59449999552,1.478624997056,2.5000007679999996
6.733500000000001e-06,23.749996544,0.6007499948799999,1.477374997184,2.1875007999999996
6.734e-06,23.749996544,0.59449999552,1.477374997184,2.1875007999999996
6.7345000000000005e-06,23.749996544,0.6007499948799999,1.479874996928,2.1875007999999996
6.735000000000001e-06,22.968746496,0.6007499948799999,1.479874996928,2.1875007999999996
6.7355e-06,22.968746496,0.6007499948799999,1.478624997056,1.8750008319999996
6.736e-06,23.749996544,0.6007499948799999,1.477374997184,2.1875007999999996
6.736500000000001e-06,22.968746496,0.6007499948799999,1.476124997312,2.1875007999999996
6.737e-06,22.968746496,0.6007499948799999,1.473624997568,2.1875007999999996
6.7375e-06,22.968746496,0.6007499948799999,1.47487499744,2.1875007999999996
6.7380000000000005e-06,23.749996544,0.6007499948799999,1.476124997312,2.1875007999999996
6.738500000000001e-06,23.749996544,0.6007499948799999,1.47487499744,1.8750008319999996
6.739e-06,22.968746496,0.6007499948799999,1.476124997312,2.5000007679999996
6.7395000000000004e-06,22.968746496,0.6007499948799999,1.476124997312,2.1875007999999996
6.740000000000001e-06,23.749996544,0.6007499948799999,1.476124997312,1.8750008319999996
6.7405e-06,23.749996544,0.6007499948799999,1.478624997056,2.1875007999999996
6.741e-06,22.968746496,0.6007499948799999,1.476124997312,1.8750008319999996
6.741500000000001e-06,23.749996544,0.6007499948799999,1.477374997184,1.8750008319999996
6.742000000000001e-06,23.749996544,0.59449999552,1.478624997056,2.1875007999999996
6.7425e-06,23.749996544,0.6007499948799999,1.478624997056,2.5000007679999996
6.7430000000000005e-06,22.968746496,0.6007499948799999,1.476124997312,2.1875007999999996
6.743500000000001e-06,23.749996544,0.59449999552,1.478624997056,2.1875007999999996
6.744e-06,22.968746496,0.6007499948799999,1.477374997184,2.1875007999999996
6.7445e-06,23.749996544,0.59449999552,1.477374997184,1.8750008319999996
6.745000000000001e-06,22.968746496,0.6007499948799999,1.477374997184,2.1875007999999996
6.7455e-06,22.968746496,0.59449999552,1.4811249968,2.5000007679999996
6.746e-06,23.749996544,0.59449999552,1.478624997056,2.5000007679999996
6.7465000000000005e-06,23.749996544,0.6007499948799999,1.478624997056,2.1875007999999996
6.747000000000001e-06,23.749996544,0.6007499948799999,1.478624997056,2.1875007999999996
6.7475e-06,22.968746496,0.59449999552,1.479874996928,1.8750008319999996
6.7480000000000004e-06,22.968746496,0.6007499948799999,1.4811249968,2.1875007999999996
6.748500000000001e-06,23.749996544,0.6007499948799999,1.4811249968,2.1875007999999996
6.749e-06,22.968746496,0.6007499948799999,1.477374997184,2.1875007999999996
6.7495e-06,22.968746496,0.6007499948799999,1.476124997312,2.1875007999999996
6.750000000000001e-06,23.749996544,0.59449999552,1.479874996928,2.1875007999999996
6.750500000000001e-06,23.749996544,0.6007499948799999,1.4811249968,2.5000007679999996
6.751e-06,23.749996544,0.6007499948799999,1.477374997184,2.1875007999999996
6.7515000000000005e-06,22.968746496,0.59449999552,1.478624997056,2.5000007679999996
6.752000000000001e-06,22.968746496,0.59449999552,1.476124997312,2.1875007999999996
6.7525e-06,23.749996544,0.59449999552,1.476124997312,1.8750008319999996
6.753e-06,22.968746496,0.6007499948799999,1.473624997568,2.1875007999999996
6.753500000000001e-06,22.968746496,0.6007499948799999,1.476124997312,2.1875007999999996
6.754e-06,23.749996544,0.59449999552,1.479874996928,2.1875007999999996
6.7545e-06,23.749996544,0.59449999552,1.478624997056,1.8750008319999996
6.7550000000000005e-06,23.749996544,0.6007499948799999,1.477374997184,2.1875007999999996
6.755500000000001e-06,22.968746496,0.59449999552,1.478624997056,2.5000007679999996
6.756e-06,22.968746496,0.59449999552,1.478624997056,2.1875007999999996
6.7565000000000004e-06,23.749996544,0.6007499948799999,1.479874996928,2.1875007999999996
6.757000000000001e-06,23.749996544,0.6007499948799999,1.479874996928,2.1875007999999996
6.7575e-06,23.749996544,0.6007499948799999,1.4811249968,2.5000007679999996
6.758e-06,22.968746496,0.59449999552,1.4811249968,2.1875007999999996
6.758500000000001e-06,23.749996544,0.59449999552,1.4811249968,2.5000007679999996
6.759e-06,23.749996544,0.6007499948799999,1.479874996928,2.1875007999999996
6.7595e-06,22.968746496,0.6007499948799999,1.4823749966720001,2.1875007999999996
6.7600000000000005e-06,23.749996544,0.6007499948799999,1.479874996928,2.1875007999999996
6.760500000000001e-06,22.968746496,0.60699999424,1.4811249968,1.8750008319999996
6.761e-06,22.968746496,0.6007499948799999,1.477374997184,2.1875007999999996
6.7615e-06,22.968746496,0.59449999552,1.476124997312,2.1875007999999996
6.762000000000001e-06,23.749996544,0.59449999552,1.478624997056,2.1875007999999996
6.7625e-06,22.968746496,0.6007499948799999,1.477374997184,2.1875007999999996
6.763e-06,23.749996544,0.6007499948799999,1.479874996928,2.5000007679999996
6.7635000000000005e-06,22.968746496,0.6007499948799999,1.479874996928,2.1875007999999996
6.764000000000001e-06,23.749996544,0.6007499948799999,1.479874996928,1.8750008319999996
6.7645e-06,23.749996544,0.6007499948799999,1.4823749966720001,2.1875007999999996
6.7650000000000005e-06,24.531246592000002,0.6007499948799999,1.4811249968,1.8750008319999996
6.765500000000001e-06,23.749996544,0.6007499948799999,1.478624997056,1.8750008319999996
6.766e-06,23.749996544,0.59449999552,1.477374997184,2.1875007999999996
6.7665e-06,22.968746496,0.60699999424,1.478624997056,2.1875007999999996
6.767000000000001e-06,22.968746496,0.6007499948799999,1.478624997056,2.1875007999999996
6.7675e-06,23.749996544,0.59449999552,1.4811249968,2.1875007999999996
6.768e-06,22.968746496,0.60699999424,1.478624997056,2.1875007999999996
6.7685000000000005e-06,23.749996544,0.60699999424,1.478624997056,1.8750008319999996
6.769000000000001e-06,22.968746496,0.6007499948799999,1.477374997184,2.1875007999999996
6.7695e-06,23.749996544,0.6007499948799999,1.478624997056,2.1875007999999996
6.77e-06,22.968746496,0.6007499948799999,1.476124997312,1.8750008319999996
6.770500000000001e-06,22.968746496,0.6007499948799999,1.477374997184,2.1875007999999996
6.771e-06,23.749996544,0.60699999424,1.479874996928,2.1875007999999996
6.7715e-06,23.749996544,0.6007499948799999,1.478624997056,1.8750008319999996
6.7720000000000006e-06,23.749996544,0.60699999424,1.477374997184,2.1875007999999996
6.772500000000001e-06,23.749996544,0.6007499948799999,1.478624997056,2.1875007999999996
6.773e-06,23.749996544,0.6007499948799999,1.4811249968,1.8750008319999996
6.7735000000000005e-06,23.749996544,0.6007499948799999,1.4823749966720001,2.1875007999999996
6.774000000000001e-06,23.749996544,0.6007499948799999,1.478624997056,1.8750008319999996
6.7745e-06,22.968746496,0.60699999424,1.476124997312,2.5000007679999996
6.775e-06,23.749996544,0.60699999424,1.473624997568,2.1875007999999996
6.775500000000001e-06,23.749996544,0.6007499948799999,1.476124997312,2.1875007999999996
6.776e-06,22.968746496,0.6007499948799999,1.476124997312,2.1875007999999996
6.7765e-06,23.749996544,0.6007499948799999,1.478624997056,1.8750008319999996
6.7770000000000005e-06,22.968746496,0.6007499948799999,1.478624997056,2.1875007999999996
6.777500000000001e-06,23.749996544,0.6007499948799999,1.478624997056,2.1875007999999996
6.778e-06,23.749996544,0.59449999552,1.478624997056,2.1875007999999996
6.7785e-06,22.968746496,0.59449999552,1.4811249968,1.8750008319999996
6.779000000000001e-06,23.749996544,0.60699999424,1.479874996928,2.1875007999999996
6.7795e-06,22.968746496,0.6007499948799999,1.479874996928,2.1875007999999996
6.78e-06,22.968746496,0.60699999424,1.479874996928,2.1875007999999996
6.7805000000000006e-06,23.749996544,0.6007499948799999,1.479874996928,1.8750008319999996
6.781000000000001e-06,23.749996544,0.60699999424,1.479874996928,2.1875007999999996
6.7815e-06,23.749996544,0.60699999424,1.478624997056,2.1875007999999996
6.7820000000000005e-06,23.749996544,0.6007499948799999,1.478624997056,2.1875007999999996
6.782500000000001e-06,22.968746496,0.6007499948799999,1.477374997184,2.1875007999999996
6.783e-06,22.968746496,0.6007499948799999,1.478624997056,2.1875007999999996
6.7835e-06,22.968746496,0.59449999552,1.4811249968,1.8750008319999996
6.784000000000001e-06,23.749996544,0.6007499948799999,1.479874996928,1.8750008319999996
6.7845e-06,23.749996544,0.60699999424,1.479874996928,1.5625008640000004
6.785e-06,22.968746496,0.60699999424,1.477374997184,1.8750008319999996
6.7855000000000005e-06,23.749996544,0.6007499948799999,1.477374997184,1.8750008319999996
6.786000000000001e-06,23.749996544,0.6007499948799999,1.478624997056,2.1875007999999996
6.7865e-06,23.749996544,0.59449999552,1.479874996928,1.8750008319999996
6.787e-06,22.968746496,0.6007499948799999,1.478624997056,2.1875007999999996
6.787500000000001e-06,23.749996544,0.6007499948799999,1.477374997184,2.1875007999999996
6.788e-06,23.749996544,0.60699999424,1.477374997184,1.8750008319999996
6.7885e-06,23.749996544,0.6007499948799999,1.479874996928,2.1875007999999996
6.7890000000000006e-06,23.749996544,0.60699999424,1.4811249968,2.1875007999999996
6.789500000000001e-06,22.968746496,0.6007499948799999,1.4811249968,1.8750008319999996
6.79e-06,23.749996544,0.59449999552,1.479874996928,2.1875007999999996
6.7905000000000005e-06,23.749996544,0.6007499948799999,1.479874996928,2.1875007999999996
6.791000000000001e-06,23.749996544,0.6007499948799999,1.478624997056,1.8750008319999996
6.7915e-06,22.968746496,0.6007499948799999,1.4823749966720001,1.8750008319999996
6.792e-06,22.968746496,0.60699999424,1.4811249968,1.8750008319999996
6.792500000000001e-06,23.749996544,0.6007499948799999,1.4823749966720001,1.5625008640000004
6.793e-06,22.968746496,0.6007499948799999,1.4811249968,1.8750008319999996
6.7935e-06,22.968746496,0.6007499948799999,1.478624997056,2.1875007999999996
6.7940000000000005e-06,23.749996544,0.59449999552,1.477374997184,2.1875007999999996
6.794500000000001e-06,22.968746496,0.6007499948799999,1.478624997056,1.8750008319999996
6.795e-06,22.187496448000005,0.60699999424,1.479874996928,1.8750008319999996
6.7955e-06,23.749996544,0.6007499948799999,1.479874996928,1.8750008319999996
6.796000000000001e-06,23.749996544,0.6007499948799999,1.477374997184,1.8750008319999996
6.7965e-06,22.968746496,0.6007499948799999,1.477374997184,1.8750008319999996
6.797e-06,23.749996544,0.6007499948799999,1.477374997184,2.1875007999999996
6.7975000000000006e-06,22.968746496,0.6007499948799999,1.477374997184,1.8750008319999996
6.798000000000001e-06,23.749996544,0.59449999552,1.476124997312,1.8750008319999996
6.7985e-06,22.968746496,0.6007499948799999,1.478624997056,1.8750008319999996
6.7990000000000005e-06,22.187496448000005,0.6007499948799999,1.478624997056,1.8750008319999996
6.799500000000001e-06,22.187496448000005,0.6007499948799999,1.479874996928,2.1875007999999996
6.8e-06,22.187496448000005,0.59449999552,1.479874996928,2.1875007999999996
6.8005e-06,21.4062464,0.59449999552,1.4811249968,1.8750008319999996
6.801000000000001e-06,21.4062464,0.6007499948799999,1.478624997056,1.8750008319999996
6.8015e-06,21.4062464,0.6007499948799999,1.478624997056,2.1875007999999996
6.802e-06,21.4062464,0.59449999552,1.478624997056,2.1875007999999996
6.8025000000000005e-06,19.843746304,0.6007499948799999,1.478624997056,1.8750008319999996
6.803000000000001e-06,19.062496256000003,0.60699999424,1.477374997184,2.1875007999999996
6.8035e-06,17.499996160000002,0.6007499948799999,1.47487499744,1.8750008319999996
6.804e-06,17.499996160000002,0.6007499948799999,1.476124997312,1.8750008319999996
6.804500000000001e-06,16.718746112000005,0.6007499948799999,1.479874996928,1.8750008319999996
6.805e-06,15.937496064000001,0.6007499948799999,1.476124997312,2.1875007999999996
6.8055e-06,13.593745920000003,0.60699999424,1.47487499744,1.8750008319999996
6.8060000000000006e-06,13.593745920000003,0.60699999424,1.477374997184,2.1875007999999996
6.806500000000001e-06,12.031245823999996,0.6007499948799999,1.477374997184,2.1875007999999996
6.807e-06,10.468745728000002,0.6007499948799999,1.477374997184,1.8750008319999996
6.8075000000000005e-06,8.906245632000008,0.6007499948799999,1.477374997184,1.8750008319999996
6.808000000000001e-06,8.124995584000004,0.60699999424,1.47487499744,1.8750008319999996
6.8085e-06,8.124995584000004,0.60699999424,1.476124997312,1.5625008640000004
6.809e-06,6.562495487999996,0.6007499948799999,1.477374997184,1.8750008319999996
6.809500000000001e-06,6.562495487999996,0.6007499948799999,1.477374997184,1.8750008319999996
6.81e-06,4.999995392000002,0.6007499948799999,1.476124997312,1.8750008319999996
6.8105e-06,3.4374952960000087,0.6007499948799999,1.477374997184,1.8750008319999996
6.8110000000000005e-06,2.6562452480000047,0.60699999424,1.478624997056,2.1875007999999996
6.811500000000001e-06,1.8749952000000008,0.6007499948799999,1.478624997056,2.1875007999999996
6.812e-06,1.0937451519999968,0.6007499948799999,1.479874996928,2.1875007999999996
6.8125e-06,-0.46875494399999695,0.6007499948799999,1.4811249968,2.1875007999999996
6.813000000000001e-06,-1.250004992000001,0.60699999424,1.477374997184,1.8750008319999996
6.8135e-06,-2.0312550399999907,0.60699999424,1.476124997312,2.1875007999999996
6.814e-06,-2.8125050879999947,0.59449999552,1.478624997056,1.8750008319999996
6.8145000000000006e-06,-4.375005184000003,0.6007499948799999,1.4811249968,1.8750008319999996
6.815000000000001e-06,-5.156255231999992,0.60699999424,1.476124997312,1.8750008319999996
6.8155e-06,-5.156255231999992,0.6007499948799999,1.476124997312,1.8750008319999996
6.8160000000000005e-06,-5.156255231999992,0.6007499948799999,1.47487499744,1.8750008319999996
6.816500000000001e-06,-4.375005184000003,0.6007499948799999,1.478624997056,1.5625008640000004
6.817e-06,-5.156255231999992,0.6007499948799999,1.478624997056,1.8750008319999996
6.8175e-06,-3.5937551359999986,0.6007499948799999,1.478624997056,1.8750008319999996
6.818000000000001e-06,-2.8125050879999947,0.59449999552,1.476124997312,2.5000007679999996
6.8185e-06,-2.0312550399999907,0.59449999552,1.476124997312,1.8750008319999996
6.819e-06,-1.250004992000001,0.6007499948799999,1.477374997184,2.1875007999999996
6.8195000000000005e-06,0.312495104000007,0.59449999552,1.476124997312,2.1875007999999996
6.820000000000001e-06,0.312495104000007,0.6007499948799999,1.476124997312,2.1875007999999996
6.8205e-06,0.312495104000007,0.6007499948799999,1.478624997056,2.1875007999999996
6.821e-06,1.0937451519999968,0.6007499948799999,1.478624997056,1.8750008319999996
6.821500000000001e-06,0.312495104000007,0.59449999552,1.477374997184,1.8750008319999996
6.822e-06,0.312495104000007,0.59449999552,1.476124997312,2.1875007999999996
6.8225e-06,-0.46875494399999695,0.59449999552,1.47487499744,2.1875007999999996
6.8230000000000006e-06,-1.250004992000001,0.59449999552,1.473624997568,1.8750008319999996
6.823500000000001e-06,-2.0312550399999907,0.59449999552,1.472374997696,1.8750008319999996
6.824e-06,-2.8125050879999947,0.60699999424,1.471124997824,1.8750008319999996
6.8245000000000005e-06,-2.8125050879999947,0.6007499948799999,1.473624997568,1.5625008640000004
6.825000000000001e-06,-2.8125050879999947,0.6007499948799999,1.473624997568,1.8750008319999996
6.8255e-06,-2.8125050879999947,0.6007499948799999,1.473624997568,2.1875007999999996
6.826e-06,-2.0312550399999907,0.59449999552,1.472374997696,2.1875007999999996
6.826500000000001e-06,-1.250004992000001,0.60699999424,1.473624997568,1.8750008319999996
6.827e-06,-0.46875494399999695,0.60699999424,1.47487499744,2.1875007999999996
6.8275e-06,-0.46875494399999695,0.6007499948799999,1.472374997696,2.1875007999999996
6.8280000000000005e-06,0.312495104000007,0.6007499948799999,1.472374997696,2.1875007999999996
6.828500000000001e-06,0.312495104000007,0.6007499948799999,1.473624997568,2.1875007999999996
6.829e-06,1.0937451519999968,0.60699999424,1.473624997568,2.1875007999999996
6.8295000000000004e-06,0.312495104000007,0.6007499948799999,1.472374997696,1.8750008319999996
6.830000000000001e-06,0.312495104000007,0.6007499948799999,1.469874997952,2.1875007999999996
6.8305e-06,-0.46875494399999695,0.6007499948799999,1.469874997952,2.5000007679999996
6.831e-06,-1.250004992000001,0.60699999424,1.469874997952,2.1875007999999996
6.831500000000001e-06,-1.250004992000001,0.6007499948799999,1.4686249980800001,1.8750008319999996
6.832000000000001e-06,-0.46875494399999695,0.6007499948799999,1.469874997952,1.8750008319999996
6.8325e-06,-1.250004992000001,0.60699999424,1.473624997568,1.5625008640000004
6.8330000000000005e-06,-1.250004992000001,0.60699999424,1.472374997696,1.8750008319999996
6.833500000000001e-06,-1.250004992000001,0.60699999424,1.472374997696,2.1875007999999996
6.834e-06,-1.250004992000001,0.6007499948799999,1.472374997696,2.1875007999999996
6.8345e-06,-0.46875494399999695,0.60699999424,1.471124997824,2.1875007999999996
6.835000000000001e-06,-0.46875494399999695,0.60699999424,1.469874997952,2.1875007999999996
6.8355e-06,-0.46875494399999695,0.60699999424,1.473624997568,1.8750008319999996
6.836e-06,-0.46875494399999695,0.60699999424,1.47487499744,2.1875007999999996
6.8365000000000005e-06,0.312495104000007,0.6132499936,1.476124997312,1.8750008319999996
6.837000000000001e-06,1.0937451519999968,0.60699999424,1.47487499744,2.1875007999999996
6.8375e-06,1.0937451519999968,0.6007499948799999,1.47487499744,1.8750008319999996
6.8380000000000004e-06,0.312495104000007,0.6007499948799999,1.476124997312,1.8750008319999996
6.838500000000001e-06,-0.46875494399999695,0.60699999424,1.476124997312,2.1875007999999996
6.839e-06,-0.46875494399999695,0.6132499936,1.47487499744,1.5625008640000004
6.8395e-06,-0.46875494399999695,0.60699999424,1.477374997184,1.5625008640000004
6.840000000000001e-06,0.312495104000007,0.60699999424,1.478624997056,2.1875007999999996
6.840500000000001e-06,-0.46875494399999695,0.6007499948799999,1.4811249968,1.5625008640000004
6.841e-06,-1.250004992000001,0.6007499948799999,1.477374997184,2.1875007999999996
6.8415000000000005e-06,-1.250004992000001,0.60699999424,1.478624997056,2.1875007999999996
6.842000000000001e-06,-0.46875494399999695,0.59449999552,1.478624997056,2.1875007999999996
6.8425e-06,-1.250004992000001,0.60699999424,1.477374997184,1.8750008319999996
6.843e-06,-0.46875494399999695,0.6007499948799999,1.478624997056,1.8750008319999996
6.843500000000001e-06,-0.46875494399999695,0.6007499948799999,1.478624997056,1.8750008319999996
6.844e-06,-0.46875494399999695,0.60699999424,1.478624997056,1.8750008319999996
6.8445e-06,-0.46875494399999695,0.60699999424,1.4811249968,1.5625008640000004
6.8450000000000005e-06,1.0937451519999968,0.60699999424,1.4823749966720001,1.8750008319999996
6.845500000000001e-06,0.312495104000007,0.60699999424,1.479874996928,1.8750008319999996
6.846e-06,-0.46875494399999695,0.60699999424,1.478624997056,1.8750008319999996
6.8465000000000004e-06,0.312495104000007,0.60699999424,1.477374997184,1.8750008319999996
6.847000000000001e-06,0.312495104000007,0.60699999424,1.473624997568,1.5625008640000004
6.8475e-06,-0.46875494399999695,0.60699999424,1.476124997312,1.5625008640000004
6.848e-06,-1.250004992000001,0.60699999424,1.477374997184,1.8750008319999996
6.848500000000001e-06,-0.46875494399999695,0.60699999424,1.479874996928,1.5625008640000004
6.849000000000001e-06,-0.46875494399999695,0.6007499948799999,1.4811249968,2.1875007999999996
6.8495e-06,-0.46875494399999695,0.60699999424,1.4823749966720001,1.8750008319999996
6.8500000000000005e-06,1.0937451519999968,0.60699999424,1.4823749966720001,1.8750008319999996
6.850500000000001e-06,-0.46875494399999695,0.60699999424,1.4811249968,1.8750008319999996
6.851e-06,-0.46875494399999695,0.60699999424,1.4823749966720001,1.8750008319999996
6.8515e-06,-0.46875494399999695,0.60699999424,1.483624996544,1.8750008319999996
6.852000000000001e-06,0.312495104000007,0.60699999424,1.4823749966720001,1.8750008319999996
6.8525e-06,0.312495104000007,0.60699999424,1.4811249968,1.5625008640000004
6.853e-06,0.312495104000007,0.60699999424,1.483624996544,1.8750008319999996
6.8535000000000005e-06,0.312495104000007,0.60699999424,1.4823749966720001,1.8750008319999996
6.854000000000001e-06,0.312495104000007,0.6007499948799999,1.4811249968,2.1875007999999996
6.8545e-06,0.312495104000007,0.60699999424,1.479874996928,2.1875007999999996
6.8550000000000004e-06,0.312495104000007,0.60699999424,1.479874996928,1.8750008319999996
6.855500000000001e-06,-0.46875494399999695,0.60699999424,1.477374997184,1.8750008319999996
6.856e-06,0.312495104000007,0.60699999424,1.476124997312,1.8750008319999996
6.8565e-06,0.312495104000007,0.6007499948799999,1.479874996928,1.5625008640000004
6.857000000000001e-06,-0.46875494399999695,0.6007499948799999,1.4811249968,1.5625008640000004
6.857500000000001e-06,-0.46875494399999695,0.6007499948799999,1.4823749966720001,1.8750008319999996
6.858e-06,-0.46875494399999695,0.6007499948799999,1.4811249968,1.8750008319999996
6.8585000000000005e-06,-0.46875494399999695,0.6007499948799999,1.4811249968,1.8750008319999996
6.859000000000001e-06,-0.46875494399999695,0.60699999424,1.483624996544,1.8750008319999996
6.8595e-06,-0.46875494399999695,0.6007499948799999,1.484874996416,1.8750008319999996
6.86e-06,-0.46875494399999695,0.6007499948799999,1.484874996416,1.8750008319999996
6.860500000000001e-06,-0.46875494399999695,0.6007499948799999,1.48737499616,1.8750008319999996
6.861e-06,-0.46875494399999695,0.60699999424,1.48737499616,1.8750008319999996
6.8615e-06,-0.46875494399999695,0.6007499948799999,1.484874996416,1.8750008319999996
6.8620000000000005e-06,-0.46875494399999695,0.6007499948799999,1.486124996288,2.1875007999999996
6.862500000000001e-06,-0.46875494399999695,0.6007499948799999,1.488624996032,2.1875007999999996
6.863e-06,-1.250004992000001,0.6007499948799999,1.486124996288,1.8750008319999996
6.8635000000000004e-06,-0.46875494399999695,0.6007499948799999,1.4823749966720001,1.8750008319999996
6.864000000000001e-06,-1.250004992000001,0.60699999424,1.4811249968,1.8750008319999996
6.8645e-06,-0.46875494399999695,0.60699999424,1.484874996416,1.2500008959999995
6.865e-06,-1.250004992000001,0.60699999424,1.483624996544,1.5625008640000004
6.865500000000001e-06,-0.46875494399999695,0.6007499948799999,1.4823749966720001,1.8750008319999996
6.866000000000001e-06,0.312495104000007,0.59449999552,1.4823749966720001,1.8750008319999996
6.8665e-06,-0.46875494399999695,0.6007499948799999,1.4823749966720001,1.5625008640000004
6.8670000000000005e-06,-0.46875494399999695,0.60699999424,1.4811249968,1.8750008319999996
6.867500000000001e-06,-0.46875494399999695,0.6007499948799999,1.4811249968,1.8750008319999996
6.868e-06,0.312495104000007,0.6007499948799999,1.4811249968,1.8750008319999996
6.8685e-06,0.312495104000007,0.60699999424,1.4811249968,1.5625008640000004
6.869000000000001e-06,0.312495104000007,0.60699999424,1.4811249968,1.8750008319999996
6.8695e-06,-0.46875494399999695,0.6007499948799999,1.478624997056,1.8750008319999996
6.87e-06,-0.46875494399999695,0.6007499948799999,1.479874996928,1.8750008319999996
6.8705000000000005e-06,0.312495104000007,0.60699999424,1.4811249968,2.1875007999999996
6.871000000000001e-06,-0.46875494399999695,0.60699999424,1.478624997056,1.8750008319999996
6.8715e-06,0.312495104000007,0.60699999424,1.478624997056,1.8750008319999996
6.8720000000000004e-06,-0.46875494399999695,0.6132499936,1.478624997056,1.8750008319999996
6.872500000000001e-06,-0.46875494399999695,0.6132499936,1.4823749966720001,1.5625008640000004
6.873e-06,-1.250004992000001,0.60699999424,1.478624997056,1.8750008319999996
6.8735e-06,-0.46875494399999695,0.60699999424,1.479874996928,2.1875007999999996
6.874000000000001e-06,0.312495104000007,0.6007499948799999,1.4811249968,1.8750008319999996
6.874500000000001e-06,-0.46875494399999695,0.60699999424,1.4811249968,1.8750008319999996
6.875e-06,-0.46875494399999695,0.60699999424,1.478624997056,1.8750008319999996
6.8755000000000005e-06,-0.46875494399999695,0.6007499948799999,1.479874996928,1.8750008319999996
6.876000000000001e-06,-0.46875494399999695,0.6007499948799999,1.479874996928,1.8750008319999996
6.8765e-06,0.312495104000007,0.60699999424,1.478624997056,1.8750008319999996
6.877e-06,-0.46875494399999695,0.6132499936,1.477374997184,1.8750008319999996
6.877500000000001e-06,-0.46875494399999695,0.6007499948799999,1.478624997056,1.8750008319999996
6.878e-06,-0.46875494399999695,0.6007499948799999,1.478624997056,1.8750008319999996
6.8785e-06,-0.46875494399999695,0.60699999424,1.477374997184,1.8750008319999996
6.8790000000000005e-06,-0.46875494399999695,0.6132499936,1.476124997312,1.8750008319999996
6.879500000000001e-06,-0.46875494399999695,0.6007499948799999,1.477374997184,1.8750008319999996
6.88e-06,-1.250004992000001,0.6007499948799999,1.476124997312,1.8750008319999996
6.8805000000000004e-06,0.312495104000007,0.59449999552,1.477374997184,1.5625008640000004
6.881000000000001e-06,-0.46875494399999695,0.6007499948799999,1.478624997056,1.5625008640000004
6.8815e-06,0.312495104000007,0.6007499948799999,1.47487499744,1.8750008319999996
6.882e-06,-0.46875494399999695,0.6007499948799999,1.473624997568,1.8750008319999996
6.882500000000001e-06,-0.46875494399999695,0.6007499948799999,1.47487499744,1.5625008640000004
6.883000000000001e-06,-0.46875494399999695,0.6007499948799999,1.47487499744,1.8750008319999996
6.8835e-06,0.312495104000007,0.6007499948799999,1.47487499744,1.8750008319999996
6.8840000000000005e-06,-0.46875494399999695,0.60699999424,1.476124997312,1.5625008640000004
6.884500000000001e-06,-0.46875494399999695,0.6007499948799999,1.477374997184,1.5625008640000004
6.885e-06,0.312495104000007,0.60699999424,1.476124997312,1.8750008319999996
6.8855e-06,0.312495104000007,0.59449999552,1.476124997312,1.5625008640000004
6.886000000000001e-06,0.312495104000007,0.58824999616,1.473624997568,1.8750008319999996
6.8865e-06,-0.46875494399999695,0.6007499948799999,1.473624997568,2.1875007999999996
6.887e-06,-0.46875494399999695,0.6007499948799999,1.473624997568,1.5625008640000004
6.8875000000000005e-06,-0.46875494399999695,0.6007499948799999,1.476124997312,1.8750008319999996
6.888000000000001e-06,-1.250004992000001,0.6132499936,1.47487499744,1.8750008319999996
6.8885e-06,-0.46875494399999695,0.59449999552,1.476124997312,1.8750008319999996
6.8890000000000004e-06,-1.250004992000001,0.6007499948799999,1.472374997696,1.8750008319999996
6.889500000000001e-06,-0.46875494399999695,0.6007499948799999,1.472374997696,2.1875007999999996
6.89e-06,-0.46875494399999695,0.60699999424,1.47487499744,1.8750008319999996
6.8905e-06,-0.46875494399999695,0.6007499948799999,1.476124997312,1.8750008319999996
6.891000000000001e-06,-0.46875494399999695,0.60699999424,1.476124997312,1.8750008319999996
6.891500000000001e-06,-0.46875494399999695,0.6007499948799999,1.472374997696,1.8750008319999996
6.892e-06,-0.46875494399999695,0.6007499948799999,1.472374997696,1.8750008319999996
6.8925000000000005e-06,-0.46875494399999695,0.6007499948799999,1.476124997312,1.8750008319999996
6.893000000000001e-06,-0.46875494399999695,0.60699999424,1.47487499744,1.8750008319999996
6.8935e-06,-0.46875494399999695,0.60699999424,1.47487499744,2.1875007999999996
6.894e-06,-0.46875494399999695,0.6007499948799999,1.476124997312,1.8750008319999996
6.894500000000001e-06,-0.46875494399999695,0.6007499948799999,1.477374997184,1.8750008319999996
6.895e-06,0.312495104000007,0.6007499948799999,1.477374997184,1.5625008640000004
6.8955e-06,0.312495104000007,0.6007499948799999,1.479874996928,1.8750008319999996
6.8960000000000006e-06,-0.46875494399999695,0.6007499948799999,1.478624997056,1.8750008319999996
6.896500000000001e-06,0.312495104000007,0.59449999552,1.4823749966720001,1.8750008319999996
6.897e-06,0.312495104000007,0.6007499948799999,1.4823749966720001,2.1875007999999996
6.8975000000000005e-06,0.312495104000007,0.6007499948799999,1.479874996928,1.8750008319999996
6.898000000000001e-06,0.312495104000007,0.60699999424,1.477374997184,1.8750008319999996
6.8985e-06,-0.46875494399999695,0.60699999424,1.47487499744,1.8750008319999996
6.899e-06,-0.46875494399999695,0.60699999424,1.476124997312,1.8750008319999996
6.899500000000001e-06,0.312495104000007,0.6007499948799999,1.477374997184,2.1875007999999996
6.900000000000001e-06,0.312495104000007,0.6007499948799999,1.476124997312,2.1875007999999996
6.9005e-06,-0.46875494399999695,0.60699999424,1.479874996928,1.8750008319999996
6.9010000000000005e-06,0.312495104000007,0.60699999424,1.4811249968,1.8750008319999996
6.901500000000001e-06,-1.250004992000001,0.6007499948799999,1.4811249968,2.1875007999999996
6.902e-06,-0.46875494399999695,0.6007499948799999,1.479874996928,1.8750008319999996
6.9025e-06,0.312495104000007,0.6007499948799999,1.479874996928,2.1875007999999996
6.903000000000001e-06,-1.250004992000001,0.6007499948799999,1.479874996928,1.8750008319999996
6.9035e-06,-1.250004992000001,0.59449999552,1.4811249968,1.8750008319999996
6.904e-06,-1.250004992000001,0.6007499948799999,1.479874996928,1.8750008319999996
6.9045000000000006e-06,-0.46875494399999695,0.6007499948799999,1.4823749966720001,1.5625008640000004
6.905000000000001e-06,-0.46875494399999695,0.6007499948799999,1.4811249968,1.8750008319999996
6.9055e-06,-1.250004992000001,0.6007499948799999,1.477374997184,1.8750008319999996
6.9060000000000005e-06,-0.46875494399999695,0.60699999424,1.478624997056,2.1875007999999996
6.906500000000001e-06,-0.46875494399999695,0.60699999424,1.4823749966720001,1.8750008319999996
6.907e-06,0.312495104000007,0.60699999424,1.484874996416,1.8750008319999996
6.9075e-06,0.312495104000007,0.6007499948799999,1.483624996544,1.8750008319999996
6.908000000000001e-06,-0.46875494399999695,0.6007499948799999,1.4811249968,1.8750008319999996
6.9085e-06,0.312495104000007,0.60699999424,1.479874996928,1.5625008640000004
6.909e-06,0.312495104000007,0.60699999424,1.479874996928,1.8750008319999996
6.9095000000000005e-06,-0.46875494399999695,0.6007499948799999,1.478624997056,1.8750008319999996
6.910000000000001e-06,0.312495104000007,0.6007499948799999,1.477374997184,1.8750008319999996
6.9105e-06,-0.46875494399999695,0.6007499948799999,1.479874996928,1.8750008319999996
6.911e-06,0.312495104000007,0.60699999424,1.4811249968,1.5625008640000004
6.911500000000001e-06,-0.46875494399999695,0.60699999424,1.4823749966720001,1.5625008640000004
6.912e-06,-0.46875494399999695,0.60699999424,1.479874996928,1.5625008640000004
6.9125e-06,0.312495104000007,0.60699999424,1.479874996928,1.5625008640000004
6.9130000000000006e-06,-0.46875494399999695,0.6007499948799999,1.4811249968,1.8750008319999996
6.913500000000001e-06,0.312495104000007,0.60699999424,1.4823749966720001,1.8750008319999996
6.914e-06,0.312495104000007,0.6132499936,1.4823749966720001,2.1875007999999996
6.9145000000000005e-06,-0.46875494399999695,0.60699999424,1.4823749966720001,1.5625008640000004
6.915000000000001e-06,-0.46875494399999695,0.60699999424,1.479874996928,1.8750008319999996
6.9155e-06,-0.46875494399999695,0.6007499948799999,1.479874996928,1.5625008640000004
6.916e-06,-0.46875494399999695,0.6007499948799999,1.4811249968,1.8750008319999996
6.916500000000001e-06,-0.46875494399999695,0.60699999424,1.484874996416,1.8750008319999996
6.917e-06,0.312495104000007,0.60699999424,1.4823749966720001,1.8750008319999996
6.9175e-06,-0.46875494399999695,0.60699999424,1.479874996928,1.2500008959999995
6.9180000000000005e-06,-0.46875494399999695,0.60699999424,1.478624997056,1.8750008319999996
6.918500000000001e-06,-0.46875494399999695,0.6132499936,1.4811249968,1.8750008319999996
6.919e-06,-1.250004992000001,0.60699999424,1.4811249968,1.5625008640000004
6.9195e-06,-1.250004992000001,0.6007499948799999,1.4811249968,1.8750008319999996
6.920000000000001e-06,0.312495104000007,0.60699999424,1.479874996928,1.8750008319999996
6.9205e-06,-0.46875494399999695,0.60699999424,1.4823749966720001,1.2500008959999995
6.921e-06,-0.46875494399999695,0.60699999424,1.4811249968,1.5625008640000004
6.9215000000000006e-06,-0.46875494399999695,0.6007499948799999,1.4811249968,1.5625008640000004
6.922000000000001e-06,0.312495104000007,0.6007499948799999,1.479874996928,2.1875007999999996
6.9225e-06,-0.46875494399999695,0.60699999424,1.479874996928,1.5625008640000004
6.9230000000000005e-06,-0.46875494399999695,0.60699999424,1.478624997056,1.8750008319999996
6.923500000000001e-06,-0.46875494399999695,0.60699999424,1.477374997184,1.8750008319999996
6.924e-06,-0.46875494399999695,0.6007499948799999,1.476124997312,1.8750008319999996
6.9245e-06,0.312495104000007,0.60699999424,1.477374997184,1.5625008640000004
6.925000000000001e-06,0.312495104000007,0.60699999424,1.476124997312,1.8750008319999996
6.9255e-06,-0.46875494399999695,0.60699999424,1.476124997312,1.8750008319999996
6.926e-06,0.312495104000007,0.6007499948799999,1.477374997184,1.8750008319999996
6.9265000000000005e-06,-0.46875494399999695,0.60699999424,1.478624997056,1.8750008319999996
6.927000000000001e-06,0.312495104000007,0.60699999424,1.476124997312,1.5625008640000004
6.9275e-06,0.312495104000007,0.60699999424,1.4811249968,1.5625008640000004
6.928e-06,0.312495104000007,0.60699999424,1.4811249968,1.5625008640000004
6.928500000000001e-06,-0.46875494399999695,0.60699999424,1.479874996928,1.2500008959999995
6.929e-06,0.312495104000007,0.60699999424,1.476124997312,1.5625008640000004
6.9295e-06,0.312495104000007,0.60699999424,1.477374997184,1.8750008319999996
6.9300000000000006e-06,-0.46875494399999695,0.6007499948799999,1.476124997312,2.1875007999999996
6.930500000000001e-06,-0.46875494399999695,0.60699999424,1.478624997056,1.5625008640000004
6.931e-06,0.312495104000007,0.60699999424,1.4823749966720001,1.5625008640000004
6.9315000000000005e-06,0.312495104000007,0.60699999424,1.4823749966720001,1.8750008319999996
6.932000000000001e-06,-0.46875494399999695,0.60699999424,1.4823749966720001,1.8750008319999996
6.9325e-06,-0.46875494399999695,0.60699999424,1.4823749966720001,1.5625008640000004
6.933e-06,0.312495104000007,0.6007499948799999,1.4811249968,1.8750008319999996
6.933500000000001e-06,-0.46875494399999695,0.6007499948799999,1.478624997056,1.5625008640000004
6.934e-06,-0.46875494399999695,0.6007499948799999,1.478624997056,1.8750008319999996
6.9345e-06,-0.46875494399999695,0.60699999424,1.479874996928,1.8750008319999996
6.9350000000000005e-06,-1.250004992000001,0.60699999424,1.478624997056,1.5625008640000004
6.935500000000001e-06,-0.46875494399999695,0.6007499948799999,1.4811249968,1.5625008640000004
6.936e-06,-0.46875494399999695,0.60699999424,1.477374997184,1.5625008640000004
6.9365e-06,-0.46875494399999695,0.6007499948799999,1.479874996928,1.5625008640000004
6.937000000000001e-06,-1.250004992000001,0.6007499948799999,1.477374997184,1.5625008640000004
6.9375e-06,0.312495104000007,0.6007499948799999,1.477374997184,1.8750008319999996
6.938e-06,0.312495104000007,0.60699999424,1.477374997184,1.5625008640000004
6.9385000000000006e-06,-0.46875494399999695,0.60699999424,1.477374997184,1.5625008640000004
6.939000000000001e-06,-0.46875494399999695,0.60699999424,1.478624997056,1.8750008319999996
6.9395e-06,-0.46875494399999695,0.6007499948799999,1.477374997184,1.8750008319999996
6.9400000000000005e-06,-0.46875494399999695,0.60699999424,1.473624997568,1.8750008319999996
6.940500000000001e-06,0.312495104000007,0.6007499948799999,1.472374997696,1.8750008319999996
6.941e-06,-0.46875494399999695,0.60699999424,1.476124997312,1.8750008319999996
6.9415e-06,0.312495104000007,0.60699999424,1.477374997184,1.5625008640000004
6.942000000000001e-06,-0.46875494399999695,0.6007499948799999,1.478624997056,1.5625008640000004
6.9425e-06,-0.46875494399999695,0.60699999424,1.479874996928,1.8750008319999996
6.943e-06,0.312495104000007,0.6132499936,1.478624997056,1.8750008319999996
6.9435000000000005e-06,0.312495104000007,0.6132499936,1.479874996928,1.8750008319999996
6.944000000000001e-06,0.312495104000007,0.6132499936,1.478624997056,1.8750008319999996
6.9445e-06,-0.46875494399999695,0.60699999424,1.478624997056,1.2500008959999995
6.945e-06,-0.46875494399999695,0.6132499936,1.476124997312,1.5625008640000004
6.945500000000001e-06,0.312495104000007,0.60699999424,1.476124997312,1.8750008319999996
6.946e-06,-0.46875494399999695,0.60699999424,1.477374997184,2.1875007999999996
6.9465e-06,-0.46875494399999695,0.60699999424,1.477374997184,1.5625008640000004
6.9470000000000006e-06,0.312495104000007,0.6132499936,1.477374997184,1.5625008640000004
6.947500000000001e-06,0.312495104000007,0.60699999424,1.478624997056,1.8750008319999996
6.948e-06,-0.46875494399999695,0.60699999424,1.477374997184,1.5625008640000004
6.9485000000000005e-06,0.312495104000007,0.60699999424,1.479874996928,1.5625008640000004
6.949000000000001e-06,0.312495104000007,0.60699999424,1.4811249968,1.5625008640000004
6.9495e-06,-0.46875494399999695,0.6007499948799999,1.479874996928,1.8750008319999996
6.95e-06,-0.46875494399999695,0.60699999424,1.479874996928,1.8750008319999996
6.950500000000001e-06,-0.46875494399999695,0.60699999424,1.478624997056,1.8750008319999996
6.951e-06,0.312495104000007,0.6132499936,1.478624997056,1.5625008640000004
6.9515e-06,0.312495104000007,0.60699999424,1.4811249968,1.2500008959999995
6.9520000000000005e-06,0.312495104000007,0.6132499936,1.478624997056,1.5625008640000004
6.952500000000001e-06,-0.46875494399999695,0.6132499936,1.478624997056,1.5625008640000004
6.953e-06,-0.46875494399999695,0.60699999424,1.478624997056,1.5625008640000004
6.9535000000000004e-06,0.312495104000007,0.60699999424,1.478624997056,1.5625008640000004
6.954000000000001e-06,0.312495104000007,0.60699999424,1.477374997184,1.5625008640000004
6.9545e-06,0.312495104000007,0.60699999424,1.477374997184,1.5625008640000004
6.955e-06,0.312495104000007,0.60699999424,1.478624997056,1.8750008319999996
6.9555000000000006e-06,0.312495104000007,0.60699999424,1.478624997056,1.5625008640000004
6.956000000000001e-06,0.312495104000007,0.60699999424,1.477374997184,1.5625008640000004
6.9565e-06,0.312495104000007,0.60699999424,1.478624997056,1.5625008640000004
6.9570000000000005e-06,0.312495104000007,0.60699999424,1.478624997056,1.8750008319999996
6.957500000000001e-06,0.312495104000007,0.60699999424,1.479874996928,1.8750008319999996
6.958e-06,0.312495104000007,0.60699999424,1.479874996928,1.8750008319999996
6.9585e-06,-0.46875494399999695,0.6132499936,1.4811249968,2.1875007999999996
6.959000000000001e-06,-0.46875494399999695,0.60699999424,1.479874996928,1.8750008319999996
6.9595e-06,0.312495104000007,0.60699999424,1.479874996928,1.2500008959999995
6.96e-06,0.312495104000007,0.60699999424,1.477374997184,1.5625008640000004
6.9605000000000005e-06,-0.46875494399999695,0.60699999424,1.479874996928,1.5625008640000004
6.961000000000001e-06,0.312495104000007,0.60699999424,1.479874996928,1.5625008640000004
6.9615e-06,0.312495104000007,0.60699999424,1.479874996928,1.8750008319999996
6.9620000000000004e-06,0.312495104000007,0.6132499936,1.478624997056,1.5625008640000004
6.962500000000001e-06,-0.46875494399999695,0.60699999424,1.478624997056,1.5625008640000004
6.963e-06,0.312495104000007,0.6132499936,1.479874996928,1.5625008640000004
6.9635e-06,-0.46875494399999695,0.60699999424,1.479874996928,1.5625008640000004
6.964000000000001e-06,-1.250004992000001,0.60699999424,1.478624997056,1.5625008640000004
6.964500000000001e-06,-0.46875494399999695,0.60699999424,1.4823749966720001,1.5625008640000004
6.965e-06,0.312495104000007,0.60699999424,1.4823749966720001,1.5625008640000004
6.9655000000000005e-06,-0.46875494399999695,0.60699999424,1.478624997056,1.5625008640000004
6.966000000000001e-06,-0.46875494399999695,0.6007499948799999,1.478624997056,1.8750008319999996
6.9665e-06,-0.46875494399999695,0.60699999424,1.4811249968,1.5625008640000004
6.967e-06,-0.46875494399999695,0.60699999424,1.479874996928,1.5625008640000004
6.967500000000001e-06,-0.46875494399999695,0.60699999424,1.477374997184,1.2500008959999995
6.968e-06,0.312495104000007,0.6132499936,1.477374997184,1.5625008640000004
6.9685e-06,-0.46875494399999695,0.60699999424,1.479874996928,1.5625008640000004
6.9690000000000005e-06,-1.250004992000001,0.60699999424,1.479874996928,1.5625008640000004
6.969500000000001e-06,0.312495104000007,0.6007499948799999,1.479874996928,1.5625008640000004
6.97e-06,-0.46875494399999695,0.60699999424,1.4811249968,1.8750008319999996
6.9705000000000004e-06,-0.46875494399999695,0.60699999424,1.4823749966720001,1.5625008640000004
6.971000000000001e-06,-0.46875494399999695,0.60699999424,1.4823749966720001,1.5625008640000004
6.9715e-06,-0.46875494399999695,0.60699999424,1.483624996544,1.5625008640000004
6.972e-06,-0.46875494399999695,0.60699999424,1.4823749966720001,1.5625008640000004
6.972500000000001e-06,-0.46875494399999695,0.6132499936,1.4823749966720001,1.5625008640000004
6.973000000000001e-06,0.312495104000007,0.60699999424,1.479874996928,1.8750008319999996
6.9735e-06,-0.46875494399999695,0.6132499936,1.478624997056,1.8750008319999996
6.9740000000000005e-06,-0.46875494399999695,0.60699999424,1.4811249968,1.8750008319999996
6.974500000000001e-06,-0.46875494399999695,0.60699999424,1.4811249968,1.8750008319999996
6.975e-06,-0.46875494399999695,0.60699999424,1.477374997184,1.8750008319999996
6.9755e-06,0.312495104000007,0.60699999424,1.477374997184,1.5625008640000004
6.976000000000001e-06,0.312495104000007,0.60699999424,1.47487499744,1.5625008640000004
6.9765e-06,-0.46875494399999695,0.60699999424,1.477374997184,1.2500008959999995
6.977e-06,0.312495104000007,0.60699999424,1.478624997056,1.5625008640000004
6.9775000000000005e-06,-0.46875494399999695,0.60699999424,1.4811249968,1.5625008640000004
6.978000000000001e-06,0.312495104000007,0.60699999424,1.476124997312,1.8750008319999996
6.9785e-06,0.312495104000007,0.60699999424,1.47487499744,1.8750008319999996
6.9790000000000004e-06,-0.46875494399999695,0.60699999424,1.477374997184,1.8750008319999996
6.979500000000001e-06,-0.46875494399999695,0.60699999424,1.477374997184,1.5625008640000004
6.98e-06,0.312495104000007,0.6132499936,1.478624997056,1.5625008640000004
6.9805e-06,-0.46875494399999695,0.6132499936,1.479874996928,1.5625008640000004
6.981000000000001e-06,0.312495104000007,0.6132499936,1.4811249968,1.8750008319999996
6.981500000000001e-06,-0.46875494399999695,0.6132499936,1.479874996928,1.5625008640000004
6.982e-06,-0.46875494399999695,0.60699999424,1.4811249968,1.8750008319999996
6.9825000000000005e-06,0.312495104000007,0.60699999424,1.4811249968,1.8750008319999996
6.983000000000001e-06,0.312495104000007,0.60699999424,1.477374997184,1.5625008640000004
6.9835e-06,-0.46875494399999695,0.60699999424,1.479874996928,1.5625008640000004
6.984e-06,-0.46875494399999695,0.6132499936,1.479874996928,1.5625008640000004
6.984500000000001e-06,-0.46875494399999695,0.60699999424,1.4823749966720001,1.2500008959999995
6.985e-06,-0.46875494399999695,0.60699999424,1.479874996928,1.5625008640000004
6.9855e-06,0.312495104000007,0.60699999424,1.479874996928,1.5625008640000004
6.9860000000000005e-06,0.312495104000007,0.60699999424,1.4811249968,1.5625008640000004
6.986500000000001e-06,-0.46875494399999695,0.60699999424,1.4823749966720001,1.5625008640000004
6.987e-06,-0.46875494399999695,0.60699999424,1.479874996928,1.5625008640000004
6.9875000000000004e-06,-0.46875494399999695,0.6007499948799999,1.479874996928,1.8750008319999996
6.988000000000001e-06,-0.46875494399999695,0.60699999424,1.4811249968,1.8750008319999996
6.9885e-06,-0.46875494399999695,0.60699999424,1.484874996416,1.5625008640000004
6.989e-06,0.312495104000007,0.60699999424,1.484874996416,1.5625008640000004
6.989500000000001e-06,0.312495104000007,0.60699999424,1.4823749966720001,1.2500008959999995
6.990000000000001e-06,-0.46875494399999695,0.60699999424,1.479874996928,1.5625008640000004
6.9905e-06,-0.46875494399999695,0.6007499948799999,1.4811249968,1.5625008640000004
6.9910000000000005e-06,-1.250004992000001,0.60699999424,1.4811249968,1.5625008640000004
6.991500000000001e-06,-1.250004992000001,0.60699999424,1.4811249968,1.2500008959999995
6.992e-06,-1.250004992000001,0.6132499936,1.477374997184,1.2500008959999995
6.9925e-06,-0.46875494399999695,0.60699999424,1.477374997184,1.2500008959999995
6.993000000000001e-06,-1.250004992000001,0.60699999424,1.479874996928,1.5625008640000004
6.9935e-06,0.312495104000007,0.60699999424,1.4811249968,1.8750008319999996
6.994e-06,-0.46875494399999695,0.6007499948799999,1.4811249968,1.5625008640000004
6.9945000000000005e-06,-1.250004992000001,0.60699999424,1.4811249968,1.2500008959999995
6.995000000000001e-06,0.312495104000007,0.60699999424,1.479874996928,1.8750008319999996
6.9955e-06,-1.250004992000001,0.60699999424,1.479874996928,1.5625008640000004
6.9960000000000004e-06,-0.46875494399999695,0.6007499948799999,1.479874996928,1.5625008640000004
6.996500000000001e-06,-0.46875494399999695,0.60699999424,1.479874996928,1.5625008640000004
6.997e-06,0.312495104000007,0.6132499936,1.477374997184,1.5625008640000004
6.9975e-06,-0.46875494399999695,0.6132499936,1.478624997056,1.5625008640000004
6.998000000000001e-06,-0.46875494399999695,0.6007499948799999,1.477374997184,1.8750008319999996
6.998500000000001e-06,0.312495104000007,0.60699999424,1.479874996928,1.5625008640000004
6.999e-06,0.312495104000007,0.60699999424,1.479874996928,1.5625008640000004
6.9995000000000005e-06,-0.46875494399999695,0.60699999424,1.479874996928,1.2500008959999995
7.000000000000001e-06,0.312495104000007,0.60699999424,1.476124997312,1.2500008959999995
7.0005e-06,-0.46875494399999695,0.6007499948799999,1.476124997312,1.2500008959999995
7.001e-06,-0.46875494399999695,0.60699999424,1.477374997184,1.8750008319999996
7.001500000000001e-06,0.312495104000007,0.60699999424,1.479874996928,1.5625008640000004
7.002e-06,0.312495104000007,0.60699999424,1.479874996928,1.8750008319999996
7.0025e-06,-0.46875494399999695,0.60699999424,1.478624997056,1.5625008640000004
7.0030000000000005e-06,-1.250004992000001,0.60699999424,1.479874996928,1.8750008319999996
7.003500000000001e-06,-0.46875494399999695,0.6007499948799999,1.4811249968,1.8750008319999996
7.004e-06,-0.46875494399999695,0.6007499948799999,1.4811249968,1.8750008319999996
7.0045000000000004e-06,0.312495104000007,0.6132499936,1.4811249968,1.5625008640000004
7.005000000000001e-06,0.312495104000007,0.6132499936,1.4811249968,1.5625008640000004
7.0055e-06,-0.46875494399999695,0.6132499936,1.4811249968,1.5625008640000004
7.006e-06,-0.46875494399999695,0.60699999424,1.479874996928,1.5625008640000004
7.006500000000001e-06,-0.46875494399999695,0.60699999424,1.4811249968,1.5625008640000004
7.007000000000001e-06,-0.46875494399999695,0.60699999424,1.4811249968,1.5625008640000004
7.0075e-06,-1.250004992000001,0.60699999424,1.4811249968,1.5625008640000004
7.0080000000000005e-06,-1.250004992000001,0.6132499936,1.477374997184,1.5625008640000004
7.008500000000001e-06,-0.46875494399999695,0.6132499936,1.4823749966720001,1.2500008959999995
7.009e-06,-1.250004992000001,0.60699999424,1.479874996928,1.5625008640000004
7.0095e-06,-1.250004992000001,0.60699999424,1.478624997056,1.5625008640000004
7.010000000000001e-06,-0.46875494399999695,0.60699999424,1.478624997056,1.2500008959999995
7.0105e-06,-0.46875494399999695,0.6132499936,1.4811249968,1.5625008640000004
7.011e-06,-0.46875494399999695,0.6132499936,1.479874996928,1.5625008640000004
7.0115000000000005e-06,-0.46875494399999695,0.60699999424,1.478624997056,1.5625008640000004
7.012000000000001e-06,-0.46875494399999695,0.60699999424,1.479874996928,1.5625008640000004
7.0125e-06,-0.46875494399999695,0.60699999424,1.483624996544,1.5625008640000004
7.0130000000000004e-06,-0.46875494399999695,0.6132499936,1.484874996416,1.5625008640000004
7.013500000000001e-06,-0.46875494399999695,0.60699999424,1.4823749966720001,1.2500008959999995
7.014e-06,-0.46875494399999695,0.60699999424,1.4811249968,1.8750008319999996
7.0145e-06,-0.46875494399999695,0.6132499936,1.4811249968,1.5625008640000004
7.015000000000001e-06,-0.46875494399999695,0.60699999424,1.4823749966720001,1.5625008640000004
7.015500000000001e-06,-1.250004992000001,0.60699999424,1.4823749966720001,1.2500008959999995
7.016e-06,-1.250004992000001,0.60699999424,1.479874996928,1.5625008640000004
7.0165000000000005e-06,-0.46875494399999695,0.60699999424,1.4811249968,1.2500008959999995
7.017000000000001e-06,-1.250004992000001,0.60699999424,1.479874996928,1.2500008959999995
7.0175e-06,-0.46875494399999695,0.6132499936,1.483624996544,1.2500008959999995
7.018e-06,0.312495104000007,0.6132499936,1.4823749966720001,1.5625008640000004
7.018500000000001e-06,-0.46875494399999695,0.6132499936,1.4811249968,1.5625008640000004
7.019e-06,-0.46875494399999695,0.6132499936,1.4823749966720001,1.5625008640000004
7.0195e-06,0.312495104000007,0.60699999424,1.479874996928,1.5625008640000004
7.0200000000000006e-06,-1.250004992000001,0.60699999424,1.478624997056,1.2500008959999995
7.020500000000001e-06,-0.46875494399999695,0.6132499936,1.478624997056,1.5625008640000004
7.021e-06,-0.46875494399999695,0.6132499936,1.4811249968,1.2500008959999995
7.0215000000000005e-06,-1.250004992000001,0.6132499936,1.478624997056,1.2500008959999995
7.022000000000001e-06,-0.46875494399999695,0.6132499936,1.479874996928,1.5625008640000004
7.0225e-06,-0.46875494399999695,0.60699999424,1.4823749966720001,1.5625008640000004
7.023e-06,-0.46875494399999695,0.6132499936,1.4823749966720001,1.5625008640000004
7.023500000000001e-06,-1.250004992000001,0.60699999424,1.4823749966720001,1.2500008959999995
7.024000000000001e-06,-1.250004992000001,0.6132499936,1.478624997056,1.2500008959999995
7.0245e-06,-0.46875494399999695,0.60699999424,1.478624997056,1.2500008959999995
7.0250000000000005e-06,-0.46875494399999695,0.60699999424,1.478624997056,1.5625008640000004
7.025500000000001e-06,0.312495104000007,0.6132499936,1.477374997184,1.5625008640000004
7.026e-06,-0.46875494399999695,0.6132499936,1.479874996928,1.2500008959999995
7.0265e-06,-0.46875494399999695,0.6132499936,1.478624997056,1.2500008959999995
7.027000000000001e-06,-0.46875494399999695,0.6132499936,1.478624997056,1.5625008640000004
7.0275e-06,-0.46875494399999695,0.60699999424,1.479874996928,1.5625008640000004
7.028e-06,-0.46875494399999695,0.60699999424,1.4823749966720001,1.5625008640000004
7.0285000000000006e-06,-0.46875494399999695,0.60699999424,1.484874996416,1.2500008959999995
7.029000000000001e-06,0.312495104000007,0.60699999424,1.483624996544,1.5625008640000004
7.0295e-06,-0.46875494399999695,0.60699999424,1.4823749966720001,1.2500008959999995
7.0300000000000005e-06,-0.46875494399999695,0.60699999424,1.4811249968,1.5625008640000004
7.030500000000001e-06,-0.46875494399999695,0.60699999424,1.4811249968,1.5625008640000004
7.031e-06,-0.46875494399999695,0.60699999424,1.479874996928,1.5625008640000004
7.0315e-06,-0.46875494399999695,0.60699999424,1.479874996928,1.2500008959999995
7.032000000000001e-06,-0.46875494399999695,0.60699999424,1.478624997056,1.2500008959999995
7.032500000000001e-06,-0.46875494399999695,0.60699999424,1.4823749966720001,0.9375009279999986
7.033e-06,-0.46875494399999695,0.60699999424,1.479874996928,1.5625008640000004
7.0335000000000005e-06,-0.46875494399999695,0.60699999424,1.477374997184,1.5625008640000004
7.034000000000001e-06,0.312495104000007,0.60699999424,1.478624997056,1.5625008640000004
7.0345e-06,0.312495104000007,0.6132499936,1.478624997056,1.2500008959999995
7.035e-06,-0.46875494399999695,0.6132499936,1.4811249968,1.5625008640000004
7.035500000000001e-06,-0.46875494399999695,0.6132499936,1.4823749966720001,1.5625008640000004
7.036e-06,-0.46875494399999695,0.60699999424,1.4823749966720001,1.5625008640000004
7.0365e-06,0.312495104000007,0.6132499936,1.4823749966720001,1.2500008959999995
7.0370000000000006e-06,0.312495104000007,0.6132499936,1.483624996544,1.5625008640000004
7.037500000000001e-06,-0.46875494399999695,0.6132499936,1.4823749966720001,1.2500008959999995
7.038e-06,-0.46875494399999695,0.60699999424,1.478624997056,1.5625008640000004
7.0385000000000005e-06,-0.46875494399999695,0.6132499936,1.4811249968,1.5625008640000004
7.039000000000001e-06,-0.46875494399999695,0.60699999424,1.4823749966720001,1.5625008640000004
7.0395e-06,-0.46875494399999695,0.6132499936,1.4823749966720001,1.2500008959999995
7.04e-06,0.312495104000007,0.61949999296,1.4811249968,1.2500008959999995
7.040500000000001e-06,1.0937451519999968,0.60699999424,1.4823749966720001,1.2500008959999995
7.041000000000001e-06,0.312495104000007,0.60699999424,1.4811249968,1.5625008640000004
7.0415e-06,-0.46875494399999695,0.60699999424,1.478624997056,1.2500008959999995
7.0420000000000005e-06,-0.46875494399999695,0.60699999424,1.478624997056,1.8750008319999996
7.042500000000001e-06,-0.46875494399999695,0.6132499936,1.479874996928,1.2500008959999995
7.043e-06,0.312495104000007,0.6132499936,1.479874996928,1.2500008959999995
7.0435e-06,0.312495104000007,0.60699999424,1.478624997056,1.5625008640000004
7.044000000000001e-06,-0.46875494399999695,0.6132499936,1.479874996928,1.5625008640000004
7.0445e-06,0.312495104000007,0.6132499936,1.4811249968,1.5625008640000004
7.045e-06,0.312495104000007,0.6132499936,1.4811249968,1.5625008640000004
7.0455000000000006e-06,0.312495104000007,0.6132499936,1.479874996928,1.5625008640000004
7.046000000000001e-06,-0.46875494399999695,0.6132499936,1.478624997056,1.2500008959999995
7.0465e-06,-0.46875494399999695,0.60699999424,1.4811249968,1.5625008640000004
7.0470000000000005e-06,0.312495104000007,0.60699999424,1.4811249968,1.5625008640000004
7.047500000000001e-06,0.312495104000007,0.60699999424,1.4823749966720001,1.5625008640000004
7.048e-06,-0.46875494399999695,0.60699999424,1.478624997056,1.5625008640000004
7.0485e-06,-0.46875494399999695,0.60699999424,1.478624997056,1.2500008959999995
7.049000000000001e-06,-0.46875494399999695,0.6132499936,1.477374997184,1.2500008959999995
7.049500000000001e-06,0.312495104000007,0.6132499936,1.4811249968,1.2500008959999995
7.05e-06,0.312495104000007,0.6132499936,1.4811249968,1.2500008959999995
7.0505000000000005e-06,-0.46875494399999695,0.6132499936,1.477374997184,1.2500008959999995
7.051000000000001e-06,-0.46875494399999695,0.6132499936,1.478624997056,1.5625008640000004
7.0515e-06,0.312495104000007,0.60699999424,1.479874996928,1.2500008959999995
7.052e-06,-0.46875494399999695,0.6132499936,1.4823749966720001,1.5625008640000004
7.052500000000001e-06,-0.46875494399999695,0.60699999424,1.483624996544,1.5625008640000004
7.053e-06,0.312495104000007,0.60699999424,1.484874996416,1.5625008640000004
7.0535e-06,-0.46875494399999695,0.6132499936,1.484874996416,1.2500008959999995
7.0540000000000006e-06,-0.46875494399999695,0.6132499936,1.483624996544,1.2500008959999995
7.054500000000001e-06,-0.46875494399999695,0.6132499936,1.4823749966720001,1.5625008640000004
7.055e-06,0.312495104000007,0.60699999424,1.479874996928,1.2500008959999995
7.0555000000000005e-06,-0.46875494399999695,0.60699999424,1.479874996928,0.9375009279999986
7.056000000000001e-06,0.312495104000007,0.6132499936,1.479874996928,1.2500008959999995
7.0565e-06,0.312495104000007,0.60699999424,1.484874996416,1.2500008959999995
7.057e-06,-0.46875494399999695,0.60699999424,1.4823749966720001,0.9375009279999986
7.057500000000001e-06,-0.46875494399999695,0.60699999424,1.479874996928,1.2500008959999995
7.058e-06,-0.46875494399999695,0.6132499936,1.478624997056,1.2500008959999995
7.0585e-06,-0.46875494399999695,0.6132499936,1.479874996928,1.2500008959999995
7.0590000000000005e-06,-0.46875494399999695,0.60699999424,1.479874996928,1.2500008959999995
7.059500000000001e-06,-0.46875494399999695,0.60699999424,1.4823749966720001,1.2500008959999995
7.06e-06,-0.46875494399999695,0.60699999424,1.4811249968,1.2500008959999995
7.0605e-06,-0.46875494399999695,0.60699999424,1.483624996544,1.2500008959999995
7.061000000000001e-06,0.312495104000007,0.6132499936,1.4811249968,1.2500008959999995
7.0615e-06,0.312495104000007,0.6132499936,1.478624997056,1.2500008959999995
7.062e-06,0.312495104000007,0.6132499936,1.479874996928,1.2500008959999995
7.0625000000000006e-06,-0.46875494399999695,0.6132499936,1.4811249968,1.5625008640000004
7.063000000000001e-06,0.312495104000007,0.60699999424,1.4823749966720001,1.5625008640000004
7.0635e-06,0.312495104000007,0.60699999424,1.4811249968,1.2500008959999995
7.0640000000000005e-06,-1.250004992000001,0.60699999424,1.478624997056,1.2500008959999995
7.064500000000001e-06,0.312495104000007,0.6132499936,1.479874996928,1.2500008959999995
7.065e-06,-0.46875494399999695,0.60699999424,1.477374997184,1.5625008640000004
7.0655e-06,0.312495104000007,0.60699999424,1.478624997056,1.5625008640000004
7.066000000000001e-06,0.312495104000007,0.6132499936,1.479874996928,0.9375009279999986
7.0665e-06,-0.46875494399999695,0.60699999424,1.4823749966720001,1.2500008959999995
7.067e-06,0.312495104000007,0.60699999424,1.479874996928,1.5625008640000004
7.0675000000000005e-06,-0.46875494399999695,0.60699999424,1.479874996928,1.2500008959999995
7.068000000000001e-06,-0.46875494399999695,0.6132499936,1.479874996928,0.9375009279999986
7.0685e-06,-0.46875494399999695,0.6132499936,1.4811249968,0.9375009279999986
7.069e-06,0.312495104000007,0.60699999424,1.4811249968,1.2500008959999995
7.069500000000001e-06,0.312495104000007,0.60699999424,1.478624997056,0.9375009279999986
7.07e-06,-0.46875494399999695,0.60699999424,1.478624997056,1.2500008959999995
7.0705e-06,-0.46875494399999695,0.60699999424,1.479874996928,1.5625008640000004
7.0710000000000006e-06,-0.46875494399999695,0.60699999424,1.4811249968,1.2500008959999995
7.071500000000001e-06,-0.46875494399999695,0.60699999424,1.4811249968,1.2500008959999995
7.072e-06,0.312495104000007,0.60699999424,1.479874996928,1.5625008640000004
7.0725000000000005e-06,-0.46875494399999695,0.60699999424,1.4823749966720001,1.2500008959999995
7.073000000000001e-06,-1.250004992000001,0.6132499936,1.4823749966720001,1.5625008640000004
7.0735e-06,0.312495104000007,0.60699999424,1.4823749966720001,1.2500008959999995
7.074e-06,0.312495104000007,0.60699999424,1.4823749966720001,1.2500008959999995
7.074500000000001e-06,0.312495104000007,0.6132499936,1.483624996544,0.9375009279999986
7.075e-06,0.312495104000007,0.60699999424,1.4811249968,1.5625008640000004
7.0755e-06,0.312495104000007,0.6132499936,1.479874996928,1.5625008640000004
7.0760000000000005e-06,0.312495104000007,0.6132499936,1.477374997184,1.2500008959999995
7.076500000000001e-06,0.312495104000007,0.61949999296,1.4811249968,1.2500008959999995
7.077e-06,0.312495104000007,0.60699999424,1.4823749966720001,1.2500008959999995
7.0775000000000004e-06,-0.46875494399999695,0.60699999424,1.479874996928,1.2500008959999995
7.078000000000001e-06,-0.46875494399999695,0.6132499936,1.479874996928,1.2500008959999995
7.0785e-06,-0.46875494399999695,0.6132499936,1.4811249968,1.5625008640000004
7.079e-06,-0.46875494399999695,0.60699999424,1.479874996928,1.2500008959999995
7.0795000000000006e-06,-0.46875494399999695,0.60699999424,1.4811249968,1.2500008959999995
7.080000000000001e-06,0.312495104000007,0.60699999424,1.477374997184,1.2500008959999995
7.0805e-06,-0.46875494399999695,0.6132499936,1.479874996928,1.2500008959999995
7.0810000000000005e-06,0.312495104000007,0.60699999424,1.4823749966720001,1.5625008640000004
7.081500000000001e-06,0.312495104000007,0.6132499936,1.4823749966720001,1.2500008959999995
7.082e-06,0.312495104000007,0.6132499936,1.4811249968,1.5625008640000004
7.0825e-06,-1.250004992000001,0.6132499936,1.479874996928,1.2500008959999995
7.083000000000001e-06,-0.46875494399999695,0.60699999424,1.479874996928,1.2500008959999995
7.0835e-06,0.312495104000007,0.60699999424,1.479874996928,1.5625008640000004
7.084e-06,-0.46875494399999695,0.60699999424,1.479874996928,1.2500008959999995
7.0845000000000005e-06,-0.46875494399999695,0.6132499936,1.4811249968,1.5625008640000004
7.085000000000001e-06,0.312495104000007,0.60699999424,1.479874996928,1.5625008640000004
7.0855e-06,-0.46875494399999695,0.60699999424,1.479874996928,0.9375009279999986
7.0860000000000004e-06,-0.46875494399999695,0.60699999424,1.4823749966720001,1.2500008959999995
7.086500000000001e-06,-0.46875494399999695,0.60699999424,1.4823749966720001,1.2500008959999995
7.087e-06,-0.46875494399999695,0.6132499936,1.479874996928,1.5625008640000004
7.0875e-06,-0.46875494399999695,0.60699999424,1.479874996928,1.2500008959999995
7.088000000000001e-06,-0.46875494399999695,0.60699999424,1.478624997056,1.5625008640000004
7.088500000000001e-06,-0.46875494399999695,0.60699999424,1.4811249968,1.2500008959999995
7.089e-06,-1.250004992000001,0.60699999424,1.479874996928,1.5625008640000004
7.0895000000000005e-06,-0.46875494399999695,0.60699999424,1.479874996928,1.2500008959999995
7.090000000000001e-06,-0.46875494399999695,0.6132499936,1.4823749966720001,1.2500008959999995
7.0905e-06,-0.46875494399999695,0.6132499936,1.483624996544,1.2500008959999995
7.091e-06,0.312495104000007,0.60699999424,1.479874996928,1.5625008640000004
7.091500000000001e-06,-0.46875494399999695,0.6007499948799999,1.477374997184,1.5625008640000004
7.092e-06,-0.46875494399999695,0.60699999424,1.478624997056,1.5625008640000004
7.0925e-06,-0.46875494399999695,0.6132499936,1.479874996928,0.9375009279999986
7.0930000000000005e-06,0.312495104000007,0.6132499936,1.479874996928,1.5625008640000004
7.093500000000001e-06,-0.46875494399999695,0.6132499936,1.479874996928,1.2500008959999995
7.094e-06,-0.46875494399999695,0.6132499936,1.479874996928,1.5625008640000004
7.0945000000000004e-06,-0.46875494399999695,0.60699999424,1.4811249968,1.5625008640000004
7.095000000000001e-06,-1.250004992000001,0.60699999424,1.4811249968,1.5625008640000004
7.0955e-06,0.312495104000007,0.6132499936,1.4811249968,0.9375009279999986
7.096e-06,0.312495104000007,0.6132499936,1.478624997056,1.5625008640000004
7.096500000000001e-06,0.312495104000007,0.6132499936,1.479874996928,1.2500008959999995
7.097000000000001e-06,-0.46875494399999695,0.6132499936,1.477374997184,1.2500008959999995
7.0975e-06,0.312495104000007,0.60699999424,1.476124997312,1.5625008640000004
7.0980000000000005e-06,0.312495104000007,0.6007499948799999,1.477374997184,1.2500008959999995
7.098500000000001e-06,0.312495104000007,0.60699999424,1.479874996928,0.9375009279999986
7.099e-06,-0.46875494399999695,0.60699999424,1.479874996928,0.9375009279999986
7.0995e-06,-0.46875494399999695,0.60699999424,1.479874996928,1.2500008959999995
7.100000000000001e-06,-0.46875494399999695,0.60699999424,1.4811249968,1.2500008959999995
7.1005e-06,0.312495104000007,0.60699999424,1.4811249968,1.2500008959999995
7.101e-06,-0.46875494399999695,0.60699999424,1.4811249968,1.2500008959999995
7.1015000000000005e-06,-0.46875494399999695,0.6132499936,1.479874996928,1.2500008959999995
7.102000000000001e-06,-0.46875494399999695,0.60699999424,1.478624997056,1.5625008640000004
7.1025e-06,-0.46875494399999695,0.6132499936,1.479874996928,1.5625008640000004
7.1030000000000004e-06,-0.46875494399999695,0.60699999424,1.479874996928,1.2500008959999995
7.103500000000001e-06,-1.250004992000001,0.60699999424,1.4811249968,0.9375009279999986
7.104e-06,0.312495104000007,0.60699999424,1.479874996928,1.2500008959999995
7.1045e-06,-0.46875494399999695,0.60699999424,1.4823749966720001,1.2500008959999995
7.105000000000001e-06,-0.46875494399999695,0.6132499936,1.479874996928,1.5625008640000004
7.105500000000001e-06,-0.46875494399999695,0.61949999296,1.477374997184,1.2500008959999995
7.106e-06,0.312495104000007,0.6132499936,1.477374997184,1.2500008959999995
7.1065000000000005e-06,0.312495104000007,0.6132499936,1.477374997184,0.9375009279999986
7.107000000000001e-06,0.312495104000007,0.60699999424,1.477374997184,1.2500008959999995
7.1075e-06,-0.46875494399999695,0.60699999424,1.477374997184,1.2500008959999995
7.108e-06,-1.250004992000001,0.6132499936,1.478624997056,0.9375009279999986
7.108500000000001e-06,-0.46875494399999695,0.6132499936,1.4811249968,0.9375009279999986
7.109e-06,0.312495104000007,0.6132499936,1.4811249968,1.2500008959999995
7.1095e-06,-0.46875494399999695,0.6132499936,1.4823749966720001,1.2500008959999995
7.1100000000000005e-06,-0.46875494399999695,0.6132499936,1.4823749966720001,1.2500008959999995
7.110500000000001e-06,-0.46875494399999695,0.6132499936,1.484874996416,1.5625008640000004
7.111e-06,-0.46875494399999695,0.6132499936,1.483624996544,1.5625008640000004
7.1115000000000004e-06,0.312495104000007,0.60699999424,1.483624996544,1.2500008959999995
7.112000000000001e-06,-0.46875494399999695,0.60699999424,1.479874996928,1.2500008959999995
7.1125e-06,0.312495104000007,0.60699999424,1.4811249968,0.9375009279999986
7.113e-06,-1.250004992000001,0.60699999424,1.4811249968,1.5625008640000004
7.113500000000001e-06,-0.46875494399999695,0.6132499936,1.4823749966720001,1.2500008959999995
7.114000000000001e-06,0.312495104000007,0.6132499936,1.4811249968,0.9375009279999986
7.1145e-06,1.0937451519999968,0.6132499936,1.479874996928,0.9375009279999986
7.1150000000000005e-06,0.312495104000007,0.61949999296,1.479874996928,1.2500008959999995
7.115500000000001e-06,0.312495104000007,0.60699999424,1.479874996928,1.5625008640000004
7.116e-06,0.312495104000007,0.6132499936,1.478624997056,1.2500008959999995
7.1165e-06,-0.46875494399999695,0.6132499936,1.479874996928,0.9375009279999986
7.117000000000001e-06,-0.46875494399999695,0.6132499936,1.476124997312,1.2500008959999995
7.1175e-06,-1.250004992000001,0.6132499936,1.476124997312,1.2500008959999995
7.118e-06,0.312495104000007,0.6132499936,1.476124997312,1.2500008959999995
7.1185000000000005e-06,-0.46875494399999695,0.6132499936,1.4811249968,0.9375009279999986
7.119000000000001e-06,-1.250004992000001,0.6132499936,1.4811249968,0.9375009279999986
7.1195e-06,-0.46875494399999695,0.60699999424,1.4823749966720001,1.2500008959999995
7.1200000000000004e-06,0.312495104000007,0.6132499936,1.479874996928,1.2500008959999995
7.120500000000001e-06,0.312495104000007,0.6132499936,1.4823749966720001,1.2500008959999995
7.121e-06,-1.250004992000001,0.6132499936,1.4823749966720001,1.2500008959999995
7.1215e-06,-0.46875494399999695,0.6132499936,1.4811249968,1.2500008959999995
7.122000000000001e-06,-0.46875494399999695,0.60699999424,1.4823749966720001,1.2500008959999995
7.122500000000001e-06,-0.46875494399999695,0.6132499936,1.483624996544,0.9375009279999986
7.123e-06,0.312495104000007,0.6132499936,1.4811249968,1.2500008959999995
7.1235000000000005e-06,0.312495104000007,0.60699999424,1.4811249968,0.9375009279999986
7.124000000000001e-06,-0.46875494399999695,0.6132499936,1.4811249968,1.2500008959999995
7.1245e-06,-0.46875494399999695,0.6132499936,1.479874996928,1.2500008959999995
7.125e-06,-0.46875494399999695,0.6132499936,1.478624997056,1.2500008959999995
7.125500000000001e-06,0.312495104000007,0.61949999296,1.4811249968,1.2500008959999995
7.126e-06,-0.46875494399999695,0.6132499936,1.479874996928,1.2500008959999995
7.1265e-06,-0.46875494399999695,0.6132499936,1.478624997056,0.9375009279999986
7.1270000000000005e-06,0.312495104000007,0.60699999424,1.477374997184,1.2500008959999995
7.127500000000001e-06,-0.46875494399999695,0.6132499936,1.4811249968,0.9375009279999986
7.128e-06,0.312495104000007,0.61949999296,1.4811249968,0.9375009279999986
7.1285000000000004e-06,-0.46875494399999695,0.6132499936,1.4823749966720001,0.9375009279999986
7.129000000000001e-06,-0.46875494399999695,0.6132499936,1.4823749966720001,1.2500008959999995
7.1295e-06,0.312495104000007,0.6132499936,1.4811249968,1.2500008959999995
7.13e-06,0.312495104000007,0.60699999424,1.4811249968,1.2500008959999995
7.130500000000001e-06,0.312495104000007,0.60699999424,1.479874996928,0.9375009279999986
7.131000000000001e-06,-0.46875494399999695,0.6132499936,1.479874996928,0.9375009279999986
7.1315e-06,-0.46875494399999695,0.60699999424,1.4811249968,1.5625008640000004
7.1320000000000005e-06,-0.46875494399999695,0.6132499936,1.479874996928,1.2500008959999995
7.132500000000001e-06,-0.46875494399999695,0.61949999296,1.4811249968,0.9375009279999986
7.133e-06,-0.46875494399999695,0.61949999296,1.4823749966720001,1.2500008959999995
7.1335e-06,-0.46875494399999695,0.6132499936,1.479874996928,0.9375009279999986
7.134000000000001e-06,-0.46875494399999695,0.6132499936,1.478624997056,1.2500008959999995
7.1345e-06,-0.46875494399999695,0.6132499936,1.4811249968,0.9375009279999986
7.135e-06,-0.46875494399999695,0.6132499936,1.4811249968,0.9375009279999986
7.1355000000000005e-06,-0.46875494399999695,0.6132499936,1.479874996928,0.9375009279999986
7.136000000000001e-06,-0.46875494399999695,0.61949999296,1.478624997056,1.2500008959999995
7.1365e-06,-0.46875494399999695,0.6132499936,1.4811249968,0.9375009279999986
7.1370000000000004e-06,-1.250004992000001,0.61949999296,1.4823749966720001,1.2500008959999995
7.137500000000001e-06,-0.46875494399999695,0.6132499936,1.4811249968,1.2500008959999995
7.138e-06,-0.46875494399999695,0.60699999424,1.478624997056,0.9375009279999986
7.1385e-06,-0.46875494399999695,0.60699999424,1.477374997184,0.9375009279999986
7.139000000000001e-06,-0.46875494399999695,0.60699999424,1.478624997056,0.9375009279999986
7.139500000000001e-06,-0.46875494399999695,0.60699999424,1.478624997056,0.9375009279999986
7.14e-06,-0.46875494399999695,0.60699999424,1.477374997184,0.9375009279999986
7.1405000000000005e-06,-0.46875494399999695,0.60699999424,1.479874996928,0.9375009279999986
7.141000000000001e-06,0.312495104000007,0.6132499936,1.479874996928,1.2500008959999995
7.1415e-06,-0.46875494399999695,0.6132499936,1.478624997056,0.9375009279999986
7.142e-06,0.312495104000007,0.6132499936,1.479874996928,1.2500008959999995
7.142500000000001e-06,0.312495104000007,0.6132499936,1.4823749966720001,1.2500008959999995
7.143e-06,0.312495104000007,0.61949999296,1.4811249968,0.9375009279999986
7.1435e-06,0.312495104000007,0.61949999296,1.4811249968,0.6250009599999995
7.1440000000000005e-06,0.312495104000007,0.61949999296,1.4811249968,0.9375009279999986
7.144500000000001e-06,0.312495104000007,0.6132499936,1.483624996544,0.9375009279999986
7.145e-06,-1.250004992000001,0.60699999424,1.4811249968,0.9375009279999986
7.1455000000000005e-06,-0.46875494399999695,0.6132499936,1.477374997184,0.9375009279999986
7.146000000000001e-06,0.312495104000007,0.6132499936,1.478624997056,0.9375009279999986
7.1465e-06,-0.46875494399999695,0.6132499936,1.479874996928,0.9375009279999986
7.147e-06,-0.46875494399999695,0.61949999296,1.479874996928,0.9375009279999986
7.147500000000001e-06,0.312495104000007,0.60699999424,1.477374997184,0.6250009599999995
7.148000000000001e-06,-0.46875494399999695,0.6132499936,1.477374997184,0.9375009279999986
7.1485e-06,-0.46875494399999695,0.61949999296,1.479874996928,0.9375009279999986
7.1490000000000005e-06,0.312495104000007,0.6132499936,1.479874996928,1.2500008959999995
7.149500000000001e-06,-0.46875494399999695,0.6132499936,1.478624997056,0.9375009279999986
7.15e-06,0.312495104000007,0.6132499936,1.477374997184,1.2500008959999995
7.1505e-06,0.312495104000007,0.60699999424,1.478624997056,0.9375009279999986
7.151000000000001e-06,-0.46875494399999695,0.60699999424,1.479874996928,0.9375009279999986
7.1515e-06,-1.250004992000001,0.60699999424,1.479874996928,0.9375009279999986
7.152e-06,-0.46875494399999695,0.6132499936,1.477374997184,0.6250009599999995
7.1525000000000006e-06,-0.46875494399999695,0.6132499936,1.477374997184,0.9375009279999986
7.153000000000001e-06,-0.46875494399999695,0.6132499936,1.478624997056,0.9375009279999986
7.1535e-06,-0.46875494399999695,0.60699999424,1.477374997184,0.9375009279999986
7.1540000000000005e-06,-0.46875494399999695,0.6132499936,1.478624997056,0.9375009279999986
7.154500000000001e-06,-0.46875494399999695,0.6132499936,1.477374997184,0.9375009279999986
7.155e-06,-0.46875494399999695,0.61949999296,1.479874996928,1.5625008640000004
7.1555e-06,-0.46875494399999695,0.6132499936,1.4811249968,1.2500008959999995
7.156000000000001e-06,-0.46875494399999695,0.6132499936,1.479874996928,0.9375009279999986
7.156500000000001e-06,-0.46875494399999695,0.61949999296,1.4811249968,0.9375009279999986
7.157e-06,-0.46875494399999695,0.6132499936,1.4811249968,1.2500008959999995
7.1575000000000005e-06,-0.46875494399999695,0.61949999296,1.479874996928,0.9375009279999986
7.158000000000001e-06,-0.46875494399999695,0.6132499936,1.478624997056,1.2500008959999995
7.1585e-06,-0.46875494399999695,0.61949999296,1.4811249968,1.2500008959999995
7.159e-06,-0.46875494399999695,0.6132499936,1.479874996928,1.2500008959999995
7.159500000000001e-06,0.312495104000007,0.6132499936,1.4811249968,0.9375009279999986
7.16e-06,0.312495104000007,0.61949999296,1.479874996928,1.2500008959999995
7.1605e-06,-0.46875494399999695,0.6132499936,1.4811249968,0.9375009279999986
7.1610000000000006e-06,-1.250004992000001,0.61949999296,1.4811249968,1.2500008959999995
7.161500000000001e-06,-0.46875494399999695,0.6132499936,1.4823749966720001,1.2500008959999995
7.162e-06,-0.46875494399999695,0.6132499936,1.479874996928,1.2500008959999995
7.1625000000000005e-06,-0.46875494399999695,0.6132499936,1.478624997056,0.9375009279999986
7.163000000000001e-06,0.312495104000007,0.60699999424,1.479874996928,1.2500008959999995
7.1635e-06,-0.46875494399999695,0.6132499936,1.479874996928,0.9375009279999986
7.164e-06,0.312495104000007,0.6132499936,1.479874996928,0.9375009279999986
7.164500000000001e-06,-0.46875494399999695,0.6132499936,1.479874996928,0.9375009279999986
7.165000000000001e-06,0.312495104000007,0.61949999296,1.479874996928,1.2500008959999995
7.1655e-06,0.312495104000007,0.61949999296,1.479874996928,0.9375009279999986
7.1660000000000005e-06,-0.46875494399999695,0.61949999296,1.479874996928,1.2500008959999995
7.166500000000001e-06,-0.46875494399999695,0.6132499936,1.4823749966720001,0.9375009279999986
7.167e-06,-1.250004992000001,0.61949999296,1.478624997056,0.9375009279999986
7.1675e-06,-1.250004992000001,0.60699999424,1.4811249968,0.9375009279999986
7.168000000000001e-06,-0.46875494399999695,0.6132499936,1.479874996928,0.9375009279999986
7.1685e-06,-0.46875494399999695,0.6132499936,1.4823749966720001,0.9375009279999986
7.169e-06,-1.250004992000001,0.61949999296,1.4811249968,0.9375009279999986
7.1695000000000006e-06,-0.46875494399999695,0.6132499936,1.4823749966720001,0.9375009279999986
7.170000000000001e-06,-0.46875494399999695,0.6132499936,1.483624996544,0.9375009279999986
7.1705e-06,-0.46875494399999695,0.6132499936,1.483624996544,0.9375009279999986
7.1710000000000005e-06,-0.46875494399999695,0.6132499936,1.4811249968,0.9375009279999986
7.171500000000001e-06,-0.46875494399999695,0.60699999424,1.4823749966720001,0.9375009279999986
7.172e-06,-0.46875494399999695,0.60699999424,1.483624996544,0.9375009279999986
7.1725e-06,-1.250004992000001,0.6132499936,1.483624996544,1.2500008959999995
7.173000000000001e-06,-0.46875494399999695,0.60699999424,1.4811249968,1.2500008959999995
7.173500000000001e-06,-1.250004992000001,0.6132499936,1.479874996928,0.9375009279999986
7.174e-06,-0.46875494399999695,0.60699999424,1.479874996928,1.2500008959999995
7.1745000000000005e-06,-0.46875494399999695,0.6132499936,1.4823749966720001,1.2500008959999995
7.175000000000001e-06,-0.46875494399999695,0.6132499936,1.4823749966720001,0.9375009279999986
7.1755e-06,-0.46875494399999695,0.60699999424,1.4823749966720001,0.6250009599999995
7.176e-06,-1.250004992000001,0.6132499936,1.4811249968,0.9375009279999986
7.176500000000001e-06,-0.46875494399999695,0.60699999424,1.483624996544,0.9375009279999986
7.177e-06,-1.250004992000001,0.6132499936,1.4811249968,0.6250009599999995
7.1775e-06,-0.46875494399999695,0.6132499936,1.4811249968,1.2500008959999995
7.1780000000000006e-06,-0.46875494399999695,0.61949999296,1.479874996928,0.9375009279999986
7.178500000000001e-06,-0.46875494399999695,0.60699999424,1.479874996928,1.2500008959999995
7.179e-06,-0.46875494399999695,0.6132499936,1.479874996928,0.9375009279999986
7.1795000000000005e-06,0.312495104000007,0.6132499936,1.479874996928,1.2500008959999995
7.180000000000001e-06,-1.250004992000001,0.6132499936,1.478624997056,0.9375009279999986
7.1805e-06,-0.46875494399999695,0.6132499936,1.4811249968,0.6250009599999995
7.181e-06,0.312495104000007,0.6132499936,1.484874996416,0.9375009279999986
7.181500000000001e-06,-0.46875494399999695,0.6132499936,1.486124996288,0.9375009279999986
7.182000000000001e-06,-0.46875494399999695,0.6132499936,1.484874996416,0.9375009279999986
7.1825e-06,-0.46875494399999695,0.6132499936,1.486124996288,0.9375009279999986
7.1830000000000005e-06,-0.46875494399999695,0.6132499936,1.484874996416,0.9375009279999986
7.183500000000001e-06,-0.46875494399999695,0.60699999424,1.484874996416,0.9375009279999986
7.184e-06,0.312495104000007,0.6132499936,1.479874996928,0.9375009279999986
7.1845e-06,-0.46875494399999695,0.6132499936,1.4811249968,0.6250009599999995
7.185000000000001e-06,-0.46875494399999695,0.60699999424,1.4811249968,0.9375009279999986
7.1855e-06,0.312495104000007,0.60699999424,1.4823749966720001,0.9375009279999986
7.186e-06,-0.46875494399999695,0.61949999296,1.4823749966720001,0.9375009279999986
7.1865000000000006e-06,-0.46875494399999695,0.6132499936,1.479874996928,0.9375009279999986
7.187000000000001e-06,-0.46875494399999695,0.61949999296,1.479874996928,0.9375009279999986
7.1875e-06,-0.46875494399999695,0.6132499936,1.479874996928,0.9375009279999986
7.1880000000000005e-06,-0.46875494399999695,0.6132499936,1.479874996928,0.9375009279999986
7.188500000000001e-06,-0.46875494399999695,0.61949999296,1.4811249968,0.9375009279999986
7.189e-06,-0.46875494399999695,0.6132499936,1.4823749966720001,1.2500008959999995
7.1895e-06,-1.250004992000001,0.61949999296,1.484874996416,0.9375009279999986
7.190000000000001e-06,0.312495104000007,0.6132499936,1.484874996416,0.9375009279999986
7.190500000000001e-06,-0.46875494399999695,0.6132499936,1.484874996416,0.9375009279999986
7.191e-06,-0.46875494399999695,0.61949999296,1.4811249968,0.9375009279999986
7.1915000000000005e-06,-0.46875494399999695,0.61949999296,1.4811249968,0.6250009599999995
7.192000000000001e-06,-0.46875494399999695,0.61949999296,1.477374997184,0.9375009279999986
7.1925e-06,0.312495104000007,0.61949999296,1.4811249968,0.9375009279999986
7.193e-06,-0.46875494399999695,0.6132499936,1.479874996928,1.2500008959999995
7.193500000000001e-06,0.312495104000007,0.61949999296,1.478624997056,1.2500008959999995
7.194e-06,-0.46875494399999695,0.6132499936,1.478624997056,0.9375009279999986
7.1945e-06,-0.46875494399999695,0.6132499936,1.479874996928,0.9375009279999986
7.1950000000000006e-06,0.312495104000007,0.61949999296,1.479874996928,1.2500008959999995
7.195500000000001e-06,-0.46875494399999695,0.60699999424,1.4811249968,0.9375009279999986
7.196e-06,-0.46875494399999695,0.6132499936,1.478624997056,0.9375009279999986
7.1965000000000005e-06,-0.46875494399999695,0.61949999296,1.479874996928,0.9375009279999986
7.197000000000001e-06,0.312495104000007,0.61949999296,1.477374997184,0.9375009279999986
7.1975e-06,-0.46875494399999695,0.61949999296,1.477374997184,0.9375009279999986
7.198e-06,-0.46875494399999695,0.6132499936,1.478624997056,1.2500008959999995
7.198500000000001e-06,0.312495104000007,0.6132499936,1.478624997056,1.2500008959999995
7.199000000000001e-06,-1.250004992000001,0.6132499936,1.478624997056,0.9375009279999986
7.1995e-06,-0.46875494399999695,0.61949999296,1.479874996928,0.6250009599999995
7.2000000000000005e-06,0.312495104000007,0.61949999296,1.476124997312,0.9375009279999986
7.200500000000001e-06,0.312495104000007,0.6132499936,1.478624997056,0.9375009279999986
7.201e-06,-0.46875494399999695,0.6132499936,1.479874996928,0.9375009279999986
7.2015e-06,-0.46875494399999695,0.6132499936,1.4811249968,1.2500008959999995
7.202000000000001e-06,-0.46875494399999695,0.61949999296,1.477374997184,0.9375009279999986
7.2025e-06,-0.46875494399999695,0.62574999232,1.476124997312,0.9375009279999986
7.203e-06,-0.46875494399999695,0.61949999296,1.477374997184,0.9375009279999986
7.2035000000000006e-06,0.312495104000007,0.6132499936,1.479874996928,0.9375009279999986
7.204000000000001e-06,-0.46875494399999695,0.6132499936,1.479874996928,1.2500008959999995
7.2045e-06,-0.46875494399999695,0.61949999296,1.4811249968,0.9375009279999986
7.2050000000000005e-06,0.312495104000007,0.61949999296,1.479874996928,1.2500008959999995
7.205500000000001e-06,-0.46875494399999695,0.61949999296,1.478624997056,0.9375009279999986
7.206e-06,-0.46875494399999695,0.6132499936,1.478624997056,1.2500008959999995
7.2065e-06,-0.46875494399999695,0.6132499936,1.4811249968,1.2500008959999995
7.207000000000001e-06,0.312495104000007,0.6132499936,1.4823749966720001,0.9375009279999986
7.2075e-06,0.312495104000007,0.60699999424,1.4811249968,0.6250009599999995
7.208e-06,0.312495104000007,0.60699999424,1.478624997056,1.2500008959999995
7.2085000000000005e-06,-0.46875494399999695,0.6132499936,1.4823749966720001,0.9375009279999986
7.209000000000001e-06,0.312495104000007,0.6132499936,1.479874996928,0.9375009279999986
7.2095e-06,0.312495104000007,0.6132499936,1.4811249968,0.9375009279999986
7.2100000000000004e-06,0.312495104000007,0.61949999296,1.479874996928,0.6250009599999995
7.210500000000001e-06,0.312495104000007,0.61949999296,1.479874996928,0.6250009599999995
7.211e-06,0.312495104000007,0.61949999296,1.4811249968,0.9375009279999986
7.2115e-06,0.312495104000007,0.6132499936,1.479874996928,1.2500008959999995
7.2120000000000006e-06,-0.46875494399999695,0.6132499936,1.478624997056,0.9375009279999986
7.212500000000001e-06,0.312495104000007,0.61949999296,1.4823749966720001,0.9375009279999986
7.213e-06,0.312495104000007,0.6132499936,1.4823749966720001,1.2500008959999995
7.2135000000000005e-06,-0.46875494399999695,0.6132499936,1.479874996928,0.9375009279999986
7.214000000000001e-06,-0.46875494399999695,0.6132499936,1.479874996928,0.9375009279999986
7.2145e-06,-0.46875494399999695,0.6132499936,1.4811249968,0.9375009279999986
7.215e-06,0.312495104000007,0.60699999424,1.477374997184,0.9375009279999986
7.215500000000001e-06,-0.46875494399999695,0.6132499936,1.476124997312,0.9375009279999986
7.216e-06,-0.46875494399999695,0.61949999296,1.477374997184,0.9375009279999986
7.2165e-06,-0.46875494399999695,0.61949999296,1.4823749966720001,0.9375009279999986
7.2170000000000005e-06,-0.46875494399999695,0.6132499936,1.4811249968,1.2500008959999995
7.217500000000001e-06,-0.46875494399999695,0.6132499936,1.477374997184,0.9375009279999986
7.218e-06,0.312495104000007,0.61949999296,1.477374997184,0.9375009279999986
7.2185000000000004e-06,0.312495104000007,0.61949999296,1.479874996928,0.9375009279999986
7.219000000000001e-06,0.312495104000007,0.61949999296,1.479874996928,0.9375009279999986
7.2195e-06,-0.46875494399999695,0.61949999296,1.477374997184,0.9375009279999986
7.22e-06,0.312495104000007,0.6132499936,1.477374997184,0.9375009279999986
7.220500000000001e-06,-0.46875494399999695,0.6132499936,1.479874996928,0.9375009279999986
7.221000000000001e-06,-0.46875494399999695,0.6132499936,1.479874996928,0.9375009279999986
7.2215e-06,-0.46875494399999695,0.61949999296,1.479874996928,0.9375009279999986
7.2220000000000005e-06,-0.46875494399999695,0.6132499936,1.4811249968,1.2500008959999995
7.222500000000001e-06,-0.46875494399999695,0.6132499936,1.4823749966720001,1.2500008959999995
7.223e-06,0.312495104000007,0.61949999296,1.478624997056,0.9375009279999986
7.2235e-06,0.312495104000007,0.61949999296,1.477374997184,0.9375009279999986
7.224000000000001e-06,0.312495104000007,0.6132499936,1.479874996928,0.6250009599999995
7.2245e-06,0.312495104000007,0.61949999296,1.483624996544,0.9375009279999986
7.225e-06,-1.250004992000001,0.6132499936,1.483624996544,0.9375009279999986
7.2255000000000005e-06,-0.46875494399999695,0.6132499936,1.4811249968,0.9375009279999986
7.226000000000001e-06,0.312495104000007,0.6132499936,1.479874996928,0.6250009599999995
7.2265e-06,-0.46875494399999695,0.6132499936,1.479874996928,0.6250009599999995
7.2270000000000004e-06,-0.46875494399999695,0.61949999296,1.479874996928,0.9375009279999986
7.227500000000001e-06,-0.46875494399999695,0.61949999296,1.478624997056,0.6250009599999995
7.228e-06,-0.46875494399999695,0.6132499936,1.478624997056,0.9375009279999986
7.2285e-06,-0.46875494399999695,0.61949999296,1.479874996928,0.9375009279999986
7.229000000000001e-06,0.312495104000007,0.61949999296,1.4811249968,1.2500008959999995
7.229500000000001e-06,-0.46875494399999695,0.6132499936,1.478624997056,0.9375009279999986
7.23e-06,-0.46875494399999695,0.61949999296,1.478624997056,0.9375009279999986
7.2305000000000005e-06,-0.46875494399999695,0.61949999296,1.479874996928,0.9375009279999986
7.231000000000001e-06,-0.46875494399999695,0.61949999296,1.478624997056,0.9375009279999986
7.2315e-06,-1.250004992000001,0.61949999296,1.477374997184,0.9375009279999986
7.232e-06,-0.46875494399999695,0.61949999296,1.47487499744,0.6250009599999995
7.232500000000001e-06,-0.46875494399999695,0.61949999296,1.477374997184,0.6250009599999995
7.233e-06,-0.46875494399999695,0.6132499936,1.478624997056,0.6250009599999995
7.2335e-06,0.312495104000007,0.6132499936,1.479874996928,0.9375009279999986
7.2340000000000005e-06,0.312495104000007,0.6132499936,1.479874996928,0.9375009279999986
7.234500000000001e-06,-0.46875494399999695,0.6132499936,1.479874996928,0.9375009279999986
7.235e-06,-0.46875494399999695,0.61949999296,1.479874996928,0.9375009279999986
7.2355000000000004e-06,0.312495104000007,0.6132499936,1.4823749966720001,0.9375009279999986
7.236000000000001e-06,0.312495104000007,0.6132499936,1.4811249968,0.9375009279999986
7.2365e-06,0.312495104000007,0.61949999296,1.4823749966720001,0.6250009599999995
7.237e-06,0.312495104000007,0.6132499936,1.4823749966720001,0.9375009279999986
7.237500000000001e-06,-0.46875494399999695,0.61949999296,1.4823749966720001,0.6250009599999995
7.238000000000001e-06,-0.46875494399999695,0.6132499936,1.4823749966720001,0.9375009279999986
7.2385e-06,-0.46875494399999695,0.6132499936,1.4811249968,0.9375009279999986
7.2390000000000005e-06,0.312495104000007,0.6132499936,1.478624997056,0.9375009279999986
7.239500000000001e-06,-0.46875494399999695,0.6132499936,1.478624997056,0.6250009599999995
7.24e-06,0.312495104000007,0.6132499936,1.478624997056,0.9375009279999986
7.2405e-06,0.312495104000007,0.61949999296,1.4823749966720001,0.9375009279999986
7.241000000000001e-06,0.312495104000007,0.6132499936,1.4823749966720001,1.2500008959999995
7.2415e-06,-0.46875494399999695,0.6132499936,1.479874996928,0.9375009279999986
7.242e-06,-0.46875494399999695,0.61949999296,1.477374997184,0.6250009599999995
7.2425000000000005e-06,-0.46875494399999695,0.6132499936,1.479874996928,0.9375009279999986
7.243000000000001e-06,0.312495104000007,0.60699999424,1.4811249968,0.9375009279999986
7.2435e-06,-0.46875494399999695,0.60699999424,1.4823749966720001,0.9375009279999986
7.2440000000000004e-06,0.312495104000007,0.6132499936,1.479874996928,0.6250009599999995
7.244500000000001e-06,-0.46875494399999695,0.61949999296,1.4811249968,0.9375009279999986
7.245e-06,0.312495104000007,0.6132499936,1.4823749966720001,0.9375009279999986
7.2455e-06,0.312495104000007,0.6132499936,1.4811249968,0.9375009279999986
7.246000000000001e-06,0.312495104000007,0.6132499936,1.4823749966720001,0.9375009279999986
7.246500000000001e-06,0.312495104000007,0.6132499936,1.4823749966720001,0.9375009279999986
7.247e-06,0.312495104000007,0.6132499936,1.4823749966720001,0.6250009599999995
7.2475000000000005e-06,-0.46875494399999695,0.60699999424,1.4823749966720001,0.6250009599999995
7.248000000000001e-06,0.312495104000007,0.61949999296,1.479874996928,1.2500008959999995
7.2485e-06,-0.46875494399999695,0.6132499936,1.4811249968,0.9375009279999986
7.249e-06,0.312495104000007,0.60699999424,1.477374997184,1.2500008959999995
7.249500000000001e-06,-1.250004992000001,0.61949999296,1.478624997056,0.9375009279999986
7.25e-06,0.312495104000007,0.6132499936,1.4811249968,0.6250009599999995
7.2505e-06,0.312495104000007,0.6132499936,1.4823749966720001,0.9375009279999986
7.2510000000000005e-06,0.312495104000007,0.6132499936,1.4823749966720001,0.9375009279999986
7.251500000000001e-06,0.312495104000007,0.60699999424,1.4823749966720001,0.9375009279999986
7.252e-06,-0.46875494399999695,0.61949999296,1.479874996928,0.9375009279999986
7.2525000000000004e-06,-0.46875494399999695,0.61949999296,1.479874996928,0.9375009279999986
7.253000000000001e-06,0.312495104000007,0.61949999296,1.4811249968,0.9375009279999986
7.2535e-06,-0.46875494399999695,0.61949999296,1.479874996928,0.6250009599999995
7.254e-06,-0.46875494399999695,0.6132499936,1.478624997056,0.9375009279999986
7.254500000000001e-06,-0.46875494399999695,0.6132499936,1.478624997056,0.9375009279999986
7.255000000000001e-06,-0.46875494399999695,0.6132499936,1.477374997184,0.9375009279999986
7.2555e-06,0.312495104000007,0.61949999296,1.478624997056,0.6250009599999995
7.2560000000000005e-06,0.312495104000007,0.61949999296,1.478624997056,0.6250009599999995
7.256500000000001e-06,0.312495104000007,0.6132499936,1.479874996928,0.31250099200000037
7.257e-06,0.312495104000007,0.6132499936,1.479874996928,0.9375009279999986
7.2575e-06,-0.46875494399999695,0.6132499936,1.479874996928,0.9375009279999986
7.258000000000001e-06,-0.46875494399999695,0.61949999296,1.479874996928,0.6250009599999995
7.2585e-06,0.312495104000007,0.6132499936,1.478624997056,0.9375009279999986
7.259e-06,0.312495104000007,0.6132499936,1.478624997056,0.6250009599999995
7.2595000000000005e-06,0.312495104000007,0.6132499936,1.477374997184,0.9375009279999986
7.260000000000001e-06,0.312495104000007,0.6132499936,1.477374997184,0.6250009599999995
7.2605e-06,-0.46875494399999695,0.6132499936,1.479874996928,0.6250009599999995
7.2610000000000004e-06,0.312495104000007,0.61949999296,1.4823749966720001,0.9375009279999986
7.261500000000001e-06,0.312495104000007,0.6132499936,1.479874996928,0.6250009599999995
7.262e-06,-0.46875494399999695,0.6132499936,1.477374997184,0.9375009279999986
7.2625e-06,0.312495104000007,0.6132499936,1.477374997184,0.6250009599999995
7.263000000000001e-06,0.312495104000007,0.60699999424,1.476124997312,0.6250009599999995
7.263500000000001e-06,0.312495104000007,0.60699999424,1.479874996928,0.6250009599999995
7.264e-06,0.312495104000007,0.6132499936,1.479874996928,0.6250009599999995
7.2645000000000005e-06,-0.46875494399999695,0.6132499936,1.4811249968,0.6250009599999995
7.265000000000001e-06,-0.46875494399999695,0.6132499936,1.477374997184,0.6250009599999995
7.2655e-06,0.312495104000007,0.6132499936,1.477374997184,0.9375009279999986
7.266e-06,0.312495104000007,0.61949999296,1.477374997184,0.6250009599999995
7.266500000000001e-06,1.0937451519999968,0.61949999296,1.476124997312,0.9375009279999986
7.267e-06,0.312495104000007,0.6132499936,1.477374997184,0.9375009279999986
7.2675e-06,0.312495104000007,0.6132499936,1.478624997056,0.9375009279999986
7.2680000000000005e-06,0.312495104000007,0.6132499936,1.478624997056,0.9375009279999986
7.268500000000001e-06,-0.46875494399999695,0.61949999296,1.479874996928,0.9375009279999986
7.269e-06,0.312495104000007,0.61949999296,1.479874996928,0.9375009279999986
7.2695000000000004e-06,-0.46875494399999695,0.61949999296,1.478624997056,0.6250009599999995
7.270000000000001e-06,0.312495104000007,0.6132499936,1.4811249968,0.9375009279999986
7.2705e-06,0.312495104000007,0.6132499936,1.4811249968,0.9375009279999986
7.271e-06,0.312495104000007,0.61949999296,1.479874996928,0.9375009279999986
7.271500000000001e-06,-0.46875494399999695,0.6132499936,1.4811249968,0.6250009599999995
7.272000000000001e-06,0.312495104000007,0.6132499936,1.478624997056,0.9375009279999986
7.2725e-06,0.312495104000007,0.61949999296,1.478624997056,0.9375009279999986
7.2730000000000005e-06,0.312495104000007,0.61949999296,1.478624997056,0.9375009279999986
7.273500000000001e-06,0.312495104000007,0.6132499936,1.4811249968,1.2500008959999995
7.274e-06,0.312495104000007,0.6132499936,1.4823749966720001,0.6250009599999995
7.2745e-06,-0.46875494399999695,0.6132499936,1.483624996544,0.9375009279999986
7.275000000000001e-06,0.312495104000007,0.6132499936,1.4823749966720001,0.9375009279999986
7.2755e-06,0.312495104000007,0.61949999296,1.4811249968,0.9375009279999986
7.276e-06,-0.46875494399999695,0.61949999296,1.478624997056,0.9375009279999986
7.2765000000000006e-06,-0.46875494399999695,0.61949999296,1.479874996928,0.6250009599999995
7.277000000000001e-06,0.312495104000007,0.61949999296,1.4811249968,0.9375009279999986
7.2775e-06,-0.46875494399999695,0.6132499936,1.4823749966720001,0.6250009599999995
7.2780000000000005e-06,-0.46875494399999695,0.6132499936,1.4823749966720001,0.9375009279999986
7.278500000000001e-06,0.312495104000007,0.6132499936,1.4811249968,0.9375009279999986
7.279e-06,-0.46875494399999695,0.61949999296,1.479874996928,0.6250009599999995
7.2795e-06,1.0937451519999968,0.6132499936,1.478624997056,0.31250099200000037
7.280000000000001e-06,0.312495104000007,0.61949999296,1.479874996928,0.6250009599999995
7.280500000000001e-06,0.312495104000007,0.61949999296,1.4823749966720001,0.6250009599999995
7.281e-06,-0.46875494399999695,0.6132499936,1.4811249968,0.6250009599999995
7.2815000000000005e-06,-0.46875494399999695,0.6132499936,1.483624996544,0.6250009599999995
7.282000000000001e-06,-1.250004992000001,0.6132499936,1.4823749966720001,0.6250009599999995
7.2825e-06,-0.46875494399999695,0.6132499936,1.4823749966720001,0.6250009599999995
7.283e-06,-0.46875494399999695,0.6132499936,1.483624996544,0.6250009599999995
7.283500000000001e-06,0.312495104000007,0.6132499936,1.484874996416,0.9375009279999986
7.284e-06,-0.46875494399999695,0.61949999296,1.4823749966720001,0.6250009599999995
7.2845e-06,-0.46875494399999695,0.61949999296,1.483624996544,0.6250009599999995
7.2850000000000006e-06,-0.46875494399999695,0.6132499936,1.4823749966720001,0.9375009279999986
7.285500000000001e-06,-0.46875494399999695,0.6132499936,1.479874996928,0.6250009599999995
7.286e-06,-0.46875494399999695,0.60699999424,1.479874996928,0.9375009279999986
7.2865000000000005e-06,0.312495104000007,0.6132499936,1.4811249968,0.31250099200000037
7.287000000000001e-06,-0.46875494399999695,0.61949999296,1.4811249968,0.6250009599999995
7.2875e-06,-0.46875494399999695,0.6132499936,1.479874996928,0.31250099200000037
7.288e-06,0.312495104000007,0.6132499936,1.476124997312,0.6250009599999995
7.288500000000001e-06,-0.46875494399999695,0.6132499936,1.479874996928,0.31250099200000037
7.289000000000001e-06,0.312495104000007,0.6132499936,1.4823749966720001,0.6250009599999995
7.2895e-06,-0.46875494399999695,0.6132499936,1.478624997056,0.6250009599999995
7.2900000000000005e-06,-0.46875494399999695,0.6132499936,1.479874996928,0.6250009599999995
7.290500000000001e-06,-0.46875494399999695,0.6132499936,1.4811249968,0.6250009599999995
7.291e-06,0.312495104000007,0.61949999296,1.479874996928,0.31250099200000037
7.2915e-06,0.312495104000007,0.6132499936,1.479874996928,0.6250009599999995
7.292000000000001e-06,-0.46875494399999695,0.6132499936,1.4811249968,0.6250009599999995
7.2925e-06,-0.46875494399999695,0.61949999296,1.484874996416,0.6250009599999995
7.293e-06,0.312495104000007,0.61949999296,1.4823749966720001,0.6250009599999995
7.2935000000000006e-06,0.312495104000007,0.6132499936,1.4811249968,0.6250009599999995
7.294000000000001e-06,-0.46875494399999695,0.6132499936,1.478624997056,0.9375009279999986
7.2945e-06,0.312495104000007,0.6132499936,1.479874996928,0.9375009279999986
7.2950000000000005e-06,-0.46875494399999695,0.61949999296,1.479874996928,0.6250009599999995
7.295500000000001e-06,-0.46875494399999695,0.6132499936,1.4811249968,0.6250009599999995
7.296e-06,-0.46875494399999695,0.61949999296,1.479874996928,0.31250099200000037
7.2965e-06,0.312495104000007,0.61949999296,1.4823749966720001,0.31250099200000037
7.297000000000001e-06,0.312495104000007,0.61949999296,1.479874996928,0.6250009599999995
7.297500000000001e-06,-0.46875494399999695,0.6132499936,1.4811249968,0.6250009599999995
7.298e-06,-0.46875494399999695,0.61949999296,1.479874996928,0.6250009599999995
7.2985000000000005e-06,-0.46875494399999695,0.6132499936,1.479874996928,0.6250009599999995
7.299000000000001e-06,0.312495104000007,0.6132499936,1.4811249968,0.31250099200000037
7.2995e-06,0.312495104000007,0.60699999424,1.4811249968,0.6250009599999995
7.3e-06,-0.46875494399999695,0.6132499936,1.4811249968,0.6250009599999995
7.300500000000001e-06,-0.46875494399999695,0.61949999296,1.4811249968,0.6250009599999995
7.301e-06,0.312495104000007,0.61949999296,1.4823749966720001,0.9375009279999986
7.3015e-06,-0.46875494399999695,0.61949999296,1.4823749966720001,0.6250009599999995
7.3020000000000006e-06,0.312495104000007,0.61949999296,1.4823749966720001,0.9375009279999986
7.302500000000001e-06,-0.46875494399999695,0.6132499936,1.4823749966720001,0.6250009599999995
7.303e-06,-0.46875494399999695,0.6132499936,1.4823749966720001,0.6250009599999995
7.3035000000000005e-06,0.312495104000007,0.6132499936,1.4823749966720001,0.6250009599999995
7.304000000000001e-06,-0.46875494399999695,0.6132499936,1.479874996928,0.31250099200000037
7.3045e-06,-0.46875494399999695,0.60699999424,1.4823749966720001,0.31250099200000037
7.305e-06,0.312495104000007,0.6132499936,1.4823749966720001,0.6250009599999995
7.305500000000001e-06,0.312495104000007,0.6132499936,1.479874996928,0.6250009599999995
7.306000000000001e-06,0.312495104000007,0.6132499936,1.479874996928,0.31250099200000037
7.3065e-06,-0.46875494399999695,0.6132499936,1.4823749966720001,0.6250009599999995
7.3070000000000005e-06,-0.46875494399999695,0.6132499936,1.4823749966720001,0.6250009599999995
7.307500000000001e-06,-0.46875494399999695,0.61949999296,1.4823749966720001,0.6250009599999995
7.308e-06,-0.46875494399999695,0.6132499936,1.4811249968,0.31250099200000037
7.3085e-06,-0.46875494399999695,0.61949999296,1.4823749966720001,0.31250099200000037
7.309000000000001e-06,0.312495104000007,0.61949999296,1.4823749966720001,0.6250009599999995
7.3095e-06,-0.46875494399999695,0.61949999296,1.479874996928,0.31250099200000037
7.31e-06,0.312495104000007,0.61949999296,1.478624997056,0.6250009599999995
7.3105000000000006e-06,0.312495104000007,0.6132499936,1.4811249968,0.31250099200000037
7.311000000000001e-06,-1.250004992000001,0.6132499936,1.4811249968,0.31250099200000037
7.3115e-06,0.312495104000007,0.6132499936,1.479874996928,0.31250099200000037
7.3120000000000005e-06,-0.46875494399999695,0.6132499936,1.479874996928,0.6250009599999995
7.312500000000001e-06,-0.46875494399999695,0.6132499936,1.4811249968,1.0239999994610116e-06
7.313e-06,0.312495104000007,0.6132499936,1.478624997056,0.6250009599999995
7.3135e-06,0.312495104000007,0.6132499936,1.477374997184,0.6250009599999995
7.314000000000001e-06,0.312495104000007,0.6132499936,1.477374997184,0.6250009599999995
7.314500000000001e-06,-0.46875494399999695,0.6132499936,1.479874996928,0.6250009599999995
7.315e-06,0.312495104000007,0.61949999296,1.4811249968,0.31250099200000037
7.3155000000000005e-06,-0.46875494399999695,0.6132499936,1.4811249968,0.6250009599999995
7.316000000000001e-06,-0.46875494399999695,0.6132499936,1.477374997184,0.9375009279999986
7.3165e-06,-0.46875494399999695,0.61949999296,1.477374997184,0.6250009599999995
7.317e-06,0.312495104000007,0.6132499936,1.476124997312,0.6250009599999995
7.317500000000001e-06,0.312495104000007,0.61949999296,1.478624997056,0.6250009599999995
7.318e-06,0.312495104000007,0.6132499936,1.479874996928,0.6250009599999995
7.3185e-06,-0.46875494399999695,0.61949999296,1.479874996928,0.31250099200000037
7.3190000000000006e-06,-0.46875494399999695,0.61949999296,1.477374997184,0.6250009599999995
7.319500000000001e-06,-1.250004992000001,0.6132499936,1.479874996928,0.31250099200000037
7.32e-06,-0.46875494399999695,0.6132499936,1.479874996928,0.31250099200000037
7.3205000000000005e-06,-0.46875494399999695,0.6132499936,1.4823749966720001,0.31250099200000037
7.321000000000001e-06,-0.46875494399999695,0.6132499936,1.477374997184,0.6250009599999995
7.3215e-06,0.312495104000007,0.61949999296,1.477374997184,0.6250009599999995
7.322e-06,0.312495104000007,0.61949999296,1.477374997184,0.31250099200000037
7.322500000000001e-06,-0.46875494399999695,0.6132499936,1.478624997056,0.31250099200000037
7.323000000000001e-06,0.312495104000007,0.6132499936,1.479874996928,0.31250099200000037
7.3235e-06,0.312495104000007,0.61949999296,1.4811249968,0.31250099200000037
7.3240000000000005e-06,0.312495104000007,0.61949999296,1.4811249968,0.6250009599999995
7.324500000000001e-06,1.0937451519999968,0.61949999296,1.4811249968,0.31250099200000037
7.325e-06,1.0937451519999968,0.6132499936,1.4811249968,0.6250009599999995
7.3255e-06,0.312495104000007,0.61949999296,1.478624997056,0.31250099200000037
7.326000000000001e-06,-0.46875494399999695,0.61949999296,1.478624997056,0.6250009599999995
7.3265e-06,-0.46875494399999695,0.6132499936,1.479874996928,0.31250099200000037
7.327e-06,-0.46875494399999695,0.6132499936,1.478624997056,0.6250009599999995
7.3275000000000006e-06,0.312495104000007,0.60699999424,1.478624997056,0.31250099200000037
7.328000000000001e-06,0.312495104000007,0.6132499936,1.477374997184,0.31250099200000037
7.3285e-06,-0.46875494399999695,0.6132499936,1.479874996928,0.31250099200000037
7.3290000000000005e-06,-1.250004992000001,0.6132499936,1.478624997056,0.6250009599999995
7.329500000000001e-06,0.312495104000007,0.61949999296,1.479874996928,0.31250099200000037
7.33e-06,-0.46875494399999695,0.6132499936,1.4823749966720001,0.31250099200000037
7.3305e-06,-0.46875494399999695,0.61949999296,1.4811249968,0.6250009599999995
7.331000000000001e-06,-0.46875494399999695,0.61949999296,1.4811249968,0.31250099200000037
7.331500000000001e-06,0.312495104000007,0.6132499936,1.4823749966720001,0.6250009599999995
7.332e-06,-0.46875494399999695,0.6132499936,1.479874996928,0.6250009599999995
7.3325000000000005e-06,-0.46875494399999695,0.61949999296,1.479874996928,0.31250099200000037
7.333000000000001e-06,-0.46875494399999695,0.61949999296,1.478624997056,0.6250009599999995
7.3335e-06,-0.46875494399999695,0.61949999296,1.477374997184,0.31250099200000037
7.3340000000000004e-06,-0.46875494399999695,0.6132499936,1.479874996928,0.6250009599999995
7.334500000000001e-06,-0.46875494399999695,0.61949999296,1.4811249968,0.31250099200000037
7.335e-06,-0.46875494399999695,0.61949999296,1.4823749966720001,0.6250009599999995
7.3355e-06,-0.46875494399999695,0.6132499936,1.4823749966720001,0.31250099200000037
7.3360000000000006e-06,0.312495104000007,0.61949999296,1.479874996928,0.6250009599999995
7.336500000000001e-06,1.0937451519999968,0.6132499936,1.4811249968,0.31250099200000037
7.337e-06,0.312495104000007,0.61949999296,1.4823749966720001,0.6250009599999995
7.3375000000000005e-06,-0.46875494399999695,0.61949999296,1.4823749966720001,0.6250009599999995
7.338000000000001e-06,0.312495104000007,0.61949999296,1.4811249968,0.31250099200000037
7.3385e-06,0.312495104000007,0.6132499936,1.4811249968,0.6250009599999995
7.339e-06,-0.46875494399999695,0.61949999296,1.4811249968,0.6250009599999995
7.339500000000001e-06,0.312495104000007,0.61949999296,1.4811249968,0.6250009599999995
7.340000000000001e-06,0.312495104000007,0.61949999296,1.478624997056,0.31250099200000037
7.3405e-06,-0.46875494399999695,0.61949999296,1.478624997056,0.31250099200000037
7.3410000000000005e-06,0.312495104000007,0.61949999296,1.478624997056,0.6250009599999995
7.341500000000001e-06,0.312495104000007,0.61949999296,1.478624997056,0.31250099200000037
7.342e-06,0.312495104000007,0.6132499936,1.479874996928,0.9375009279999986
7.3425000000000004e-06,0.312495104000007,0.6132499936,1.4811249968,0.6250009599999995
7.343000000000001e-06,0.312495104000007,0.6132499936,1.479874996928,0.6250009599999995
7.3435e-06,-0.46875494399999695,0.6132499936,1.4811249968,0.31250099200000037
7.344e-06,-0.46875494399999695,0.6132499936,1.4811249968,0.31250099200000037
7.344500000000001e-06,-0.46875494399999695,0.6132499936,1.4823749966720001,0.31250099200000037
7.345000000000001e-06,-0.46875494399999695,0.61949999296,1.479874996928,0.6250009599999995
7.3455e-06,0.312495104000007,0.6132499936,1.478624997056,0.6250009599999995
7.3460000000000005e-06,0.312495104000007,0.61949999296,1.479874996928,0.31250099200000037
7.346500000000001e-06,0.312495104000007,0.6132499936,1.4811249968,0.6250009599999995
7.347e-06,-0.46875494399999695,0.61949999296,1.479874996928,0.31250099200000037
7.3475e-06,0.312495104000007,0.6132499936,1.479874996928,0.6250009599999995
7.348000000000001e-06,-0.46875494399999695,0.61949999296,1.477374997184,0.6250009599999995
7.348500000000001e-06,-0.46875494399999695,0.61949999296,1.479874996928,0.31250099200000037
7.349e-06,0.312495104000007,0.61949999296,1.478624997056,0.31250099200000037
7.3495000000000005e-06,0.312495104000007,0.61949999296,1.479874996928,0.6250009599999995
7.350000000000001e-06,-0.46875494399999695,0.61949999296,1.479874996928,0.6250009599999995
7.3505e-06,-0.46875494399999695,0.6132499936,1.479874996928,0.31250099200000037
7.3510000000000004e-06,-0.46875494399999695,0.6132499936,1.479874996928,0.31250099200000037
7.351500000000001e-06,-0.46875494399999695,0.6132499936,1.4811249968,0.6250009599999995
7.352e-06,-0.46875494399999695,0.61949999296,1.479874996928,0.6250009599999995
7.3525e-06,-0.46875494399999695,0.6132499936,1.479874996928,1.0239999994610116e-06
7.353000000000001e-06,0.312495104000007,0.6132499936,1.4811249968,0.6250009599999995
7.353500000000001e-06,-0.46875494399999695,0.6132499936,1.4823749966720001,0.6250009599999995
7.354e-06,-0.46875494399999695,0.61949999296,1.4811249968,0.6250009599999995
7.3545000000000005e-06,-0.46875494399999695,0.6132499936,1.479874996928,0.6250009599999995
7.355000000000001e-06,-0.46875494399999695,0.61949999296,1.4811249968,0.6250009599999995
7.3555e-06,0.312495104000007,0.61949999296,1.479874996928,0.6250009599999995
7.356e-06,0.312495104000007,0.6132499936,1.479874996928,0.31250099200000037
7.356500000000001e-06,1.0937451519999968,0.61949999296,1.4811249968,0.31250099200000037
7.357000000000001e-06,0.312495104000007,0.61949999296,1.4823749966720001,0.31250099200000037
7.3575e-06,-0.46875494399999695,0.61949999296,1.4811249968,0.31250099200000037
7.3580000000000005e-06,-0.46875494399999695,0.6132499936,1.478624997056,0.9375009279999986
7.358500000000001e-06,0.312495104000007,0.61949999296,1.477374997184,0.9375009279999986
7.359e-06,-0.46875494399999695,0.61949999296,1.477374997184,0.31250099200000037
7.3595000000000004e-06,-0.46875494399999695,0.61949999296,1.479874996928,0.31250099200000037
7.360000000000001e-06,-1.250004992000001,0.61949999296,1.478624997056,0.6250009599999995
7.3605e-06,0.312495104000007,0.6132499936,1.478624997056,0.31250099200000037
7.361e-06,0.312495104000007,0.61949999296,1.476124997312,0.31250099200000037
7.361500000000001e-06,-0.46875494399999695,0.6132499936,1.477374997184,0.6250009599999995
7.362000000000001e-06,0.312495104000007,0.61949999296,1.478624997056,0.31250099200000037
7.3625e-06,-0.46875494399999695,0.61949999296,1.479874996928,0.31250099200000037
7.3630000000000005e-06,-0.46875494399999695,0.61949999296,1.479874996928,0.6250009599999995
7.363500000000001e-06,0.312495104000007,0.6132499936,1.478624997056,0.6250009599999995
7.364e-06,-0.46875494399999695,0.61949999296,1.478624997056,0.31250099200000037
7.3645e-06,-0.46875494399999695,0.61949999296,1.479874996928,0.31250099200000037
7.365000000000001e-06,0.312495104000007,0.61949999296,1.4811249968,0.6250009599999995
7.3655e-06,0.312495104000007,0.6132499936,1.479874996928,0.31250099200000037
7.366e-06,-0.46875494399999695,0.61949999296,1.479874996928,0.31250099200000037
7.3665000000000005e-06,-0.46875494399999695,0.61949999296,1.4823749966720001,0.31250099200000037
7.367000000000001e-06,0.312495104000007,0.61949999296,1.478624997056,0.31250099200000037
7.3675e-06,-0.46875494399999695,0.6132499936,1.479874996928,0.31250099200000037
7.3680000000000004e-06,0.312495104000007,0.61949999296,1.479874996928,0.31250099200000037
7.368500000000001e-06,0.312495104000007,0.61949999296,1.4811249968,0.31250099200000037
7.369e-06,-0.46875494399999695,0.61949999296,1.479874996928,0.6250009599999995
7.3695e-06,-0.46875494399999695,0.6132499936,1.477374997184,0.31250099200000037
7.370000000000001e-06,-0.46875494399999695,0.61949999296,1.477374997184,0.31250099200000037
7.370500000000001e-06,-0.46875494399999695,0.61949999296,1.4811249968,0.31250099200000037
7.371e-06,0.312495104000007,0.61949999296,1.483624996544,0.31250099200000037
7.3715000000000005e-06,0.312495104000007,0.61949999296,1.479874996928,0.31250099200000037
7.372000000000001e-06,0.312495104000007,0.61949999296,1.477374997184,0.31250099200000037
7.3725e-06,0.312495104000007,0.61949999296,1.478624997056,0.31250099200000037
7.373e-06,0.312495104000007,0.6132499936,1.478624997056,0.6250009599999995
7.373500000000001e-06,-0.46875494399999695,0.6132499936,1.4811249968,0.31250099200000037
7.374e-06,-0.46875494399999695,0.61949999296,1.4811249968,0.31250099200000037
7.3745e-06,-0.46875494399999695,0.6132499936,1.479874996928,0.31250099200000037
7.3750000000000005e-06,-0.46875494399999695,0.61949999296,1.476124997312,1.0239999994610116e-06
7.375500000000001e-06,0.312495104000007,0.61949999296,1.477374997184,1.0239999994610116e-06
7.376e-06,0.312495104000007,0.6132499936,1.47487499744,0.31250099200000037
7.3765000000000004e-06,1.0937451519999968,0.61949999296,1.477374997184,1.0239999994610116e-06
7.377000000000001e-06,0.312495104000007,0.62574999232,1.477374997184,0.6250009599999995
7.3775e-06,-0.46875494399999695,0.62574999232,1.479874996928,0.31250099200000037
7.378e-06,-0.46875494399999695,0.61949999296,1.478624997056,0.31250099200000037
7.378500000000001e-06,0.312495104000007,0.61949999296,1.476124997312,0.31250099200000037
7.379000000000001e-06,-0.46875494399999695,0.61949999296,1.479874996928,0.6250009599999995
7.3795e-06,0.312495104000007,0.62574999232,1.4811249968,0.6250009599999995
7.3800000000000005e-06,0.312495104000007,0.61949999296,1.4811249968,0.31250099200000037
7.380500000000001e-06,0.312495104000007,0.61949999296,1.4811249968,0.31250099200000037
7.381e-06,1.0937451519999968,0.61949999296,1.4823749966720001,0.31250099200000037
7.3815e-06,0.312495104000007,0.61949999296,1.4811249968,0.31250099200000037
7.382000000000001e-06,0.312495104000007,0.6132499936,1.479874996928,1.0239999994610116e-06
7.3825e-06,-0.46875494399999695,0.61949999296,1.479874996928,0.31250099200000037
7.383e-06,-0.46875494399999695,0.61949999296,1.4811249968,0.6250009599999995
7.3835000000000005e-06,0.312495104000007,0.6132499936,1.483624996544,1.0239999994610116e-06
7.384000000000001e-06,0.312495104000007,0.61949999296,1.4811249968,0.31250099200000037
7.3845e-06,0.312495104000007,0.61949999296,1.4823749966720001,0.31250099200000037
7.3850000000000004e-06,-0.46875494399999695,0.6132499936,1.4823749966720001,0.6250009599999995
7.385500000000001e-06,0.312495104000007,0.6132499936,1.479874996928,0.6250009599999995
7.386e-06,0.312495104000007,0.61949999296,1.478624997056,0.31250099200000037
7.3865e-06,-0.46875494399999695,0.6132499936,1.479874996928,0.31250099200000037
7.387000000000001e-06,-0.46875494399999695,0.61949999296,1.479874996928,0.31250099200000037
7.387500000000001e-06,0.312495104000007,0.61949999296,1.4811249968,0.31250099200000037
7.388e-06,-0.46875494399999695,0.6132499936,1.4811249968,0.31250099200000037
7.3885000000000005e-06,-0.46875494399999695,0.61949999296,1.479874996928,0.31250099200000037
7.389000000000001e-06,0.312495104000007,0.61949999296,1.478624997056,0.31250099200000037
7.3895e-06,-0.46875494399999695,0.61949999296,1.477374997184,0.31250099200000037
7.39e-06,-0.46875494399999695,0.61949999296,1.478624997056,0.6250009599999995
7.390500000000001e-06,0.312495104000007,0.61949999296,1.4823749966720001,0.6250009599999995
7.391e-06,0.312495104000007,0.61949999296,1.479874996928,1.0239999994610116e-06
7.3915e-06,-0.46875494399999695,0.61949999296,1.4811249968,0.31250099200000037
7.3920000000000005e-06,-1.250004992000001,0.61949999296,1.478624997056,0.31250099200000037
7.392500000000001e-06,0.312495104000007,0.61949999296,1.479874996928,1.0239999994610116e-06
7.393e-06,0.312495104000007,0.61949999296,1.477374997184,0.31250099200000037
7.3935000000000004e-06,-0.46875494399999695,0.6132499936,1.479874996928,0.31250099200000037
7.394000000000001e-06,0.312495104000007,0.61949999296,1.479874996928,1.0239999994610116e-06
7.3945e-06,-0.46875494399999695,0.61949999296,1.478624997056,0.6250009599999995
7.395e-06,0.312495104000007,0.62574999232,1.478624997056,0.31250099200000037
7.395500000000001e-06,0.312495104000007,0.61949999296,1.478624997056,0.6250009599999995
7.396000000000001e-06,-0.46875494399999695,0.61949999296,1.477374997184,0.31250099200000037
7.3965e-06,0.312495104000007,0.61949999296,1.479874996928,0.31250099200000037
7.3970000000000005e-06,0.312495104000007,0.61949999296,1.479874996928,0.31250099200000037
7.397500000000001e-06,-0.46875494399999695,0.61949999296,1.478624997056,0.31250099200000037
7.398e-06,-0.46875494399999695,0.6132499936,1.479874996928,0.6250009599999995
7.3985e-06,0.312495104000007,0.61949999296,1.4823749966720001,0.31250099200000037
7.399000000000001e-06,0.312495104000007,0.63199999168,1.479874996928,0.31250099200000037
7.3995e-06,1.0937451519999968,0.62574999232,1.4811249968,0.31250099200000037
7.4e-06,0.312495104000007,0.61949999296,1.478624997056,1.0239999994610116e-06
7.4005000000000005e-06,0.312495104000007,0.61949999296,1.4811249968,1.0239999994610116e-06
7.401000000000001e-06,-0.46875494399999695,0.6132499936,1.478624997056,0.31250099200000037
7.4015e-06,0.312495104000007,0.61949999296,1.478624997056,0.31250099200000037
7.4020000000000005e-06,0.312495104000007,0.61949999296,1.478624997056,0.31250099200000037
7.402500000000001e-06,-0.46875494399999695,0.61949999296,1.477374997184,1.0239999994610116e-06
7.403e-06,-0.46875494399999695,0.61949999296,1.476124997312,0.31250099200000037
7.4035e-06,0.312495104000007,0.61949999296,1.479874996928,1.0239999994610116e-06
7.404000000000001e-06,0.312495104000007,0.61949999296,1.4823749966720001,1.0239999994610116e-06
7.404500000000001e-06,1.0937451519999968,0.62574999232,1.483624996544,1.0239999994610116e-06
7.405e-06,1.0937451519999968,0.61949999296,1.4823749966720001,1.0239999994610116e-06
7.4055000000000005e-06,0.312495104000007,0.61949999296,1.479874996928,0.31250099200000037
7.406000000000001e-06,0.312495104000007,0.61949999296,1.4823749966720001,0.31250099200000037
7.4065e-06,0.312495104000007,0.6132499936,1.4811249968,0.31250099200000037
7.407e-06,0.312495104000007,0.62574999232,1.479874996928,0.31250099200000037
7.407500000000001e-06,0.312495104000007,0.61949999296,1.4823749966720001,1.0239999994610116e-06
7.408e-06,0.312495104000007,0.61949999296,1.479874996928,0.31250099200000037
7.4085e-06,-0.46875494399999695,0.61949999296,1.479874996928,1.0239999994610116e-06
7.4090000000000006e-06,0.312495104000007,0.61949999296,1.477374997184,0.31250099200000037
7.409500000000001e-06,0.312495104000007,0.6132499936,1.479874996928,0.31250099200000037
7.41e-06,1.0937451519999968,0.61949999296,1.4811249968,1.0239999994610116e-06
7.4105000000000005e-06,-0.46875494399999695,0.6132499936,1.4811249968,1.0239999994610116e-06
7.411000000000001e-06,0.312495104000007,0.61949999296,1.4811249968,0.31250099200000037
7.4115e-06,0.312495104000007,0.61949999296,1.4811249968,1.0239999994610116e-06
7.412e-06,0.312495104000007,0.61949999296,1.478624997056,1.0239999994610116e-06
7.412500000000001e-06,-0.46875494399999695,0.61949999296,1.479874996928,1.0239999994610116e-06
7.413000000000001e-06,0.312495104000007,0.61949999296,1.479874996928,1.0239999994610116e-06
7.4135e-06,0.312495104000007,0.61949999296,1.478624997056,1.0239999994610116e-06
7.4140000000000005e-06,-0.46875494399999695,0.61949999296,1.477374997184,1.0239999994610116e-06
7.414500000000001e-06,-0.46875494399999695,0.61949999296,1.4811249968,1.0239999994610116e-06
7.415e-06,0.312495104000007,0.61949999296,1.479874996928,1.0239999994610116e-06
7.4155e-06,0.312495104000007,0.61949999296,1.478624997056,1.0239999994610116e-06
7.416000000000001e-06,0.312495104000007,0.61949999296,1.477374997184,0.31250099200000037
7.4165e-06,-0.46875494399999695,0.6132499936,1.479874996928,1.0239999994610116e-06
7.417e-06,-0.46875494399999695,0.61949999296,1.4811249968,1.0239999994610116e-06
7.4175000000000006e-06,-0.46875494399999695,0.6132499936,1.479874996928,0.31250099200000037
7.418000000000001e-06,-0.46875494399999695,0.61949999296,1.479874996928,1.0239999994610116e-06
7.4185e-06,-0.46875494399999695,0.61949999296,1.479874996928,1.0239999994610116e-06
7.4190000000000005e-06,-0.46875494399999695,0.61949999296,1.478624997056,1.0239999994610116e-06
7.419500000000001e-06,0.312495104000007,0.61949999296,1.479874996928,0.31250099200000037
7.42e-06,0.312495104000007,0.61949999296,1.479874996928,1.0239999994610116e-06
7.4205e-06,-0.46875494399999695,0.61949999296,1.4823749966720001,0.31250099200000037
7.421000000000001e-06,-0.46875494399999695,0.61949999296,1.4823749966720001,1.0239999994610116e-06
7.421500000000001e-06,-0.46875494399999695,0.6132499936,1.478624997056,1.0239999994610116e-06
7.422e-06,-0.46875494399999695,0.61949999296,1.476124997312,1.0239999994610116e-06
7.4225000000000005e-06,0.312495104000007,0.61949999296,1.479874996928,1.0239999994610116e-06
7.423000000000001e-06,-0.46875494399999695,0.6132499936,1.479874996928,1.0239999994610116e-06
7.4235e-06,-0.46875494399999695,0.61949999296,1.479874996928,1.0239999994610116e-06
7.424e-06,-0.46875494399999695,0.61949999296,1.477374997184,1.0239999994610116e-06
7.424500000000001e-06,-0.46875494399999695,0.6132499936,1.4811249968,1.0239999994610116e-06
7.425e-06,-0.46875494399999695,0.61949999296,1.479874996928,0.31250099200000037
7.4255e-06,-0.46875494399999695,0.6132499936,1.483624996544,1.0239999994610116e-06
7.4260000000000006e-06,0.312495104000007,0.61949999296,1.4823749966720001,1.0239999994610116e-06
7.426500000000001e-06,-0.46875494399999695,0.6132499936,1.4823749966720001,-0.31249894400000144
7.427e-06,0.312495104000007,0.61949999296,1.479874996928,1.0239999994610116e-06
7.4275000000000005e-06,0.312495104000007,0.62574999232,1.479874996928,1.0239999994610116e-06
7.428000000000001e-06,-0.46875494399999695,0.61949999296,1.479874996928,1.0239999994610116e-06
7.4285e-06,-0.46875494399999695,0.61949999296,1.479874996928,1.0239999994610116e-06
7.429e-06,0.312495104000007,0.61949999296,1.477374997184,0.31250099200000037
7.429500000000001e-06,0.312495104000007,0.61949999296,1.476124997312,0.31250099200000037
7.430000000000001e-06,-0.46875494399999695,0.61949999296,1.478624997056,0.31250099200000037
7.4305e-06,-0.46875494399999695,0.6132499936,1.4811249968,0.31250099200000037
7.4310000000000005e-06,-1.250004992000001,0.61949999296,1.479874996928,1.0239999994610116e-06
7.431500000000001e-06,-0.46875494399999695,0.61949999296,1.478624997056,1.0239999994610116e-06
7.432e-06,-0.46875494399999695,0.61949999296,1.476124997312,0.31250099200000037
7.4325e-06,0.312495104000007,0.61949999296,1.479874996928,1.0239999994610116e-06
7.433000000000001e-06,-0.46875494399999695,0.6132499936,1.479874996928,0.31250099200000037
7.4335e-06,0.312495104000007,0.61949999296,1.4811249968,0.31250099200000037
7.434e-06,-0.46875494399999695,0.61949999296,1.479874996928,1.0239999994610116e-06
7.4345000000000006e-06,-0.46875494399999695,0.61949999296,1.479874996928,1.0239999994610116e-06
7.435000000000001e-06,-0.46875494399999695,0.61949999296,1.478624997056,1.0239999994610116e-06
7.4355e-06,-0.46875494399999695,0.61949999296,1.479874996928,1.0239999994610116e-06
7.4360000000000005e-06,-0.46875494399999695,0.61949999296,1.4811249968,1.0239999994610116e-06
7.436500000000001e-06,-0.46875494399999695,0.61949999296,1.4823749966720001,0.31250099200000037
7.437e-06,0.312495104000007,0.61949999296,1.4811249968,1.0239999994610116e-06
7.4375e-06,-0.46875494399999695,0.61949999296,1.477374997184,1.0239999994610116e-06
7.438000000000001e-06,-0.46875494399999695,0.61949999296,1.476124997312,1.0239999994610116e-06
7.438500000000001e-06,-0.46875494399999695,0.61949999296,1.478624997056,1.0239999994610116e-06
7.439e-06,0.312495104000007,0.62574999232,1.479874996928,0.31250099200000037
7.4395000000000005e-06,-0.46875494399999695,0.61949999296,1.4823749966720001,1.0239999994610116e-06
7.440000000000001e-06,0.312495104000007,0.61949999296,1.4811249968,1.0239999994610116e-06
7.4405e-06,0.312495104000007,0.61949999296,1.483624996544,-0.31249894400000144
7.441e-06,-0.46875494399999695,0.61949999296,1.4811249968,0.31250099200000037
7.441500000000001e-06,-0.46875494399999695,0.6132499936,1.479874996928,0.31250099200000037
7.442e-06,-0.46875494399999695,0.61949999296,1.478624997056,1.0239999994610116e-06
7.4425e-06,-0.46875494399999695,0.61949999296,1.478624997056,0.31250099200000037
7.4430000000000006e-06,-0.46875494399999695,0.61949999296,1.479874996928,1.0239999994610116e-06
7.443500000000001e-06,0.312495104000007,0.61949999296,1.4811249968,0.31250099200000037
7.444e-06,0.312495104000007,0.6132499936,1.478624997056,0.31250099200000037
7.4445000000000005e-06,-0.46875494399999695,0.61949999296,1.478624997056,1.0239999994610116e-06
7.445000000000001e-06,0.312495104000007,0.61949999296,1.478624997056,1.0239999994610116e-06
7.4455e-06,0.312495104000007,0.61949999296,1.478624997056,1.0239999994610116e-06
7.446e-06,-0.46875494399999695,0.61949999296,1.479874996928,0.31250099200000037
7.446500000000001e-06,0.312495104000007,0.61949999296,1.484874996416,0.31250099200000037
7.447000000000001e-06,-0.46875494399999695,0.61949999296,1.4823749966720001,1.0239999994610116e-06
7.4475e-06,-0.46875494399999695,0.61949999296,1.478624997056,1.0239999994610116e-06
7.4480000000000005e-06,0.312495104000007,0.61949999296,1.477374997184,1.0239999994610116e-06
7.448500000000001e-06,-0.46875494399999695,0.61949999296,1.479874996928,1.0239999994610116e-06
7.449e-06,0.312495104000007,0.61949999296,1.477374997184,1.0239999994610116e-06
7.4495e-06,0.312495104000007,0.6132499936,1.479874996928,1.0239999994610116e-06
7.450000000000001e-06,0.312495104000007,0.61949999296,1.479874996928,1.0239999994610116e-06
7.4505e-06,0.312495104000007,0.6132499936,1.479874996928,1.0239999994610116e-06
7.451e-06,-0.46875494399999695,0.61949999296,1.478624997056,1.0239999994610116e-06
7.4515000000000006e-06,0.312495104000007,0.6132499936,1.479874996928,0.31250099200000037
7.452000000000001e-06,-0.46875494399999695,0.6132499936,1.478624997056,1.0239999994610116e-06
7.4525e-06,-0.46875494399999695,0.61949999296,1.479874996928,1.0239999994610116e-06
7.4530000000000005e-06,0.312495104000007,0.61949999296,1.478624997056,1.0239999994610116e-06
7.453500000000001e-06,-0.46875494399999695,0.61949999296,1.4811249968,1.0239999994610116e-06
7.454e-06,-0.46875494399999695,0.6132499936,1.4823749966720001,0.6250009599999995
7.4545e-06,0.312495104000007,0.6132499936,1.4823749966720001,0.31250099200000037
7.455000000000001e-06,0.312495104000007,0.61949999296,1.479874996928,1.0239999994610116e-06
7.455500000000001e-06,-1.250004992000001,0.61949999296,1.4823749966720001,1.0239999994610116e-06
7.456e-06,0.312495104000007,0.61949999296,1.478624997056,-0.31249894400000144
7.4565000000000005e-06,0.312495104000007,0.6132499936,1.477374997184,-0.31249894400000144
7.457000000000001e-06,-0.46875494399999695,0.6132499936,1.476124997312,0.6250009599999995
7.4575e-06,0.312495104000007,0.60699999424,1.477374997184,1.0239999994610116e-06
7.458e-06,-0.46875494399999695,0.61949999296,1.479874996928,1.0239999994610116e-06
7.458500000000001e-06,0.312495104000007,0.6132499936,1.479874996928,1.0239999994610116e-06
7.459e-06,0.312495104000007,0.6132499936,1.479874996928,1.0239999994610116e-06
7.4595e-06,-0.46875494399999695,0.61949999296,1.479874996928,0.31250099200000037
7.4600000000000006e-06,-0.46875494399999695,0.6132499936,1.4811249968,1.0239999994610116e-06
7.460500000000001e-06,-0.46875494399999695,0.61949999296,1.4811249968,1.0239999994610116e-06
7.461e-06,0.312495104000007,0.61949999296,1.476124997312,0.31250099200000037
7.4615000000000005e-06,-0.46875494399999695,0.61949999296,1.477374997184,1.0239999994610116e-06
7.462000000000001e-06,-0.46875494399999695,0.61949999296,1.478624997056,0.31250099200000037
7.4625e-06,-0.46875494399999695,0.6132499936,1.4811249968,1.0239999994610116e-06
7.463e-06,-1.250004992000001,0.6132499936,1.477374997184,1.0239999994610116e-06
7.463500000000001e-06,-0.46875494399999695,0.61949999296,1.477374997184,1.0239999994610116e-06
7.464000000000001e-06,-0.46875494399999695,0.61949999296,1.476124997312,1.0239999994610116e-06
7.4645e-06,-0.46875494399999695,0.6132499936,1.478624997056,-0.31249894400000144
7.4650000000000005e-06,-0.46875494399999695,0.61949999296,1.479874996928,0.31250099200000037
7.465500000000001e-06,0.312495104000007,0.61949999296,1.478624997056,0.31250099200000037
7.466e-06,0.312495104000007,0.61949999296,1.479874996928,0.31250099200000037
7.4665000000000004e-06,-0.46875494399999695,0.6132499936,1.478624997056,1.0239999994610116e-06
7.467000000000001e-06,-0.46875494399999695,0.61949999296,1.478624997056,1.0239999994610116e-06
7.4675e-06,0.312495104000007,0.6132499936,1.479874996928,1.0239999994610116e-06
7.468e-06,-1.250004992000001,0.61949999296,1.478624997056,1.0239999994610116e-06
7.4685000000000006e-06,-0.46875494399999695,0.61949999296,1.4811249968,1.0239999994610116e-06
7.469000000000001e-06,0.312495104000007,0.61949999296,1.4823749966720001,0.31250099200000037
7.4695e-06,-0.46875494399999695,0.61949999296,1.4823749966720001,1.0239999994610116e-06
7.4700000000000005e-06,-0.46875494399999695,0.61949999296,1.4823749966720001,0.6250009599999995
7.470500000000001e-06,-0.46875494399999695,0.61949999296,1.4811249968,1.0239999994610116e-06
7.471e-06,0.312495104000007,0.61949999296,1.478624997056,1.0239999994610116e-06
7.4715e-06,0.312495104000007,0.6132499936,1.4823749966720001,1.0239999994610116e-06
7.472000000000001e-06,0.312495104000007,0.61949999296,1.478624997056,1.0239999994610116e-06
7.472500000000001e-06,-0.46875494399999695,0.61949999296,1.4811249968,1.0239999994610116e-06
7.473e-06,-0.46875494399999695,0.61949999296,1.479874996928,0.31250099200000037
7.4735000000000005e-06,-0.46875494399999695,0.61949999296,1.478624997056,1.0239999994610116e-06
7.474000000000001e-06,0.312495104000007,0.61949999296,1.478624997056,1.0239999994610116e-06
7.4745e-06,0.312495104000007,0.6132499936,1.4811249968,0.31250099200000037
7.4750000000000004e-06,-0.46875494399999695,0.61949999296,1.4823749966720001,1.0239999994610116e-06
7.475500000000001e-06,-0.46875494399999695,0.61949999296,1.4823749966720001,0.6250009599999995
7.476e-06,-0.46875494399999695,0.61949999296,1.479874996928,1.0239999994610116e-06
7.4765e-06,-0.46875494399999695,0.62574999232,1.4811249968,1.0239999994610116e-06
7.477000000000001e-06,0.312495104000007,0.61949999296,1.4811249968,1.0239999994610116e-06
7.477500000000001e-06,0.312495104000007,0.61949999296,1.4811249968,0.31250099200000037
7.478e-06,-0.46875494399999695,0.61949999296,1.4823749966720001,1.0239999994610116e-06
7.4785000000000005e-06,0.312495104000007,0.6132499936,1.4823749966720001,1.0239999994610116e-06
7.479000000000001e-06,0.312495104000007,0.62574999232,1.479874996928,1.0239999994610116e-06
7.4795e-06,0.312495104000007,0.61949999296,1.4811249968,1.0239999994610116e-06
7.48e-06,0.312495104000007,0.61949999296,1.4811249968,1.0239999994610116e-06
7.480500000000001e-06,-0.46875494399999695,0.61949999296,1.483624996544,1.0239999994610116e-06
7.481000000000001e-06,-1.250004992000001,0.6132499936,1.4823749966720001,1.0239999994610116e-06
7.4815e-06,-0.46875494399999695,0.6132499936,1.479874996928,0.31250099200000037
7.4820000000000005e-06,-0.46875494399999695,0.61949999296,1.4811249968,1.0239999994610116e-06
7.482500000000001e-06,-0.46875494399999695,0.6132499936,1.483624996544,1.0239999994610116e-06
7.483e-06,-0.46875494399999695,0.61949999296,1.4823749966720001,0.31250099200000037
7.4835000000000004e-06,0.312495104000007,0.61949999296,1.4823749966720001,1.0239999994610116e-06
7.484000000000001e-06,-0.46875494399999695,0.61949999296,1.4823749966720001,-0.31249894400000144
7.4845e-06,-0.46875494399999695,0.62574999232,1.4811249968,1.0239999994610116e-06
7.485e-06,0.312495104000007,0.61949999296,1.479874996928,1.0239999994610116e-06
7.485500000000001e-06,-0.46875494399999695,0.61949999296,1.479874996928,1.0239999994610116e-06
7.486000000000001e-06,-0.46875494399999695,0.6132499936,1.479874996928,1.0239999994610116e-06
7.4865e-06,-0.46875494399999695,0.61949999296,1.4823749966720001,1.0239999994610116e-06
7.4870000000000005e-06,-1.250004992000001,0.61949999296,1.479874996928,1.0239999994610116e-06
7.487500000000001e-06,0.312495104000007,0.61949999296,1.479874996928,1.0239999994610116e-06
7.488e-06,0.312495104000007,0.61949999296,1.478624997056,1.0239999994610116e-06
7.4885e-06,0.312495104000007,0.61949999296,1.4823749966720001,-0.31249894400000144
7.489000000000001e-06,-0.46875494399999695,0.61949999296,1.479874996928,1.0239999994610116e-06
7.489500000000001e-06,-0.46875494399999695,0.61949999296,1.4823749966720001,1.0239999994610116e-06
7.49e-06,-0.46875494399999695,0.61949999296,1.479874996928,-0.31249894400000144
7.4905000000000005e-06,-0.46875494399999695,0.6132499936,1.478624997056,-0.31249894400000144
7.491000000000001e-06,0.312495104000007,0.61949999296,1.478624997056,1.0239999994610116e-06
7.4915e-06,0.312495104000007,0.62574999232,1.478624997056,1.0239999994610116e-06
7.4920000000000004e-06,-0.46875494399999695,0.61949999296,1.477374997184,1.0239999994610116e-06
7.492500000000001e-06,-0.46875494399999695,0.6132499936,1.479874996928,1.0239999994610116e-06
7.493e-06,0.312495104000007,0.62574999232,1.4811249968,1.0239999994610116e-06
7.4935e-06,-0.46875494399999695,0.61949999296,1.4811249968,-0.31249894400000144
7.494000000000001e-06,-0.46875494399999695,0.61949999296,1.479874996928,1.0239999994610116e-06
7.494500000000001e-06,-0.46875494399999695,0.62574999232,1.479874996928,-0.31249894400000144
7.495e-06,0.312495104000007,0.61949999296,1.478624997056,1.0239999994610116e-06
7.4955000000000005e-06,-0.46875494399999695,0.6132499936,1.478624997056,1.0239999994610116e-06
7.496000000000001e-06,0.312495104000007,0.61949999296,1.477374997184,1.0239999994610116e-06
7.4965e-06,-0.46875494399999695,0.61949999296,1.479874996928,-0.31249894400000144
7.497e-06,-1.250004992000001,0.61949999296,1.4811249968,1.0239999994610116e-06
7.497500000000001e-06,-1.250004992000001,0.6132499936,1.4811249968,1.0239999994610116e-06
7.498000000000001e-06,-0.46875494399999695,0.61949999296,1.477374997184,1.0239999994610116e-06
7.4985e-06,-0.46875494399999695,0.6132499936,1.478624997056,1.0239999994610116e-06
7.4990000000000005e-06,-0.46875494399999695,0.6132499936,1.479874996928,1.0239999994610116e-06
7.499500000000001e-06,-0.46875494399999695,0.61949999296,1.4823749966720001,0.31250099200000037
7.5e-06,-1.250004992000001,0.61949999296,1.4823749966720001,1.0239999994610116e-06
7.5005000000000004e-06,-0.46875494399999695,0.61949999296,1.4823749966720001,-0.31249894400000144
7.501000000000001e-06,0.312495104000007,0.61949999296,1.4823749966720001,1.0239999994610116e-06
7.5015e-06,0.312495104000007,0.61949999296,1.4811249968,-0.31249894400000144
7.502e-06,-0.46875494399999695,0.61949999296,1.4811249968,1.0239999994610116e-06
7.502500000000001e-06,-0.46875494399999695,0.6132499936,1.4811249968,-0.31249894400000144
7.503000000000001e-06,0.312495104000007,0.61949999296,1.478624997056,1.0239999994610116e-06
7.5035e-06,0.312495104000007,0.6132499936,1.479874996928,1.0239999994610116e-06
7.5040000000000005e-06,-0.46875494399999695,0.6132499936,1.479874996928,1.0239999994610116e-06
7.504500000000001e-06,0.312495104000007,0.6132499936,1.479874996928,-0.31249894400000144
7.505e-06,-0.46875494399999695,0.61949999296,1.476124997312,0.31250099200000037
7.5055e-06,-1.250004992000001,0.62574999232,1.476124997312,1.0239999994610116e-06
7.506000000000001e-06,0.312495104000007,0.62574999232,1.477374997184,1.0239999994610116e-06
7.506500000000001e-06,-0.46875494399999695,0.61949999296,1.478624997056,1.0239999994610116e-06
7.507e-06,0.312495104000007,0.62574999232,1.479874996928,1.0239999994610116e-06
7.5075000000000005e-06,-0.46875494399999695,0.61949999296,1.479874996928,0.31250099200000037
7.508000000000001e-06,-0.46875494399999695,0.61949999296,1.479874996928,1.0239999994610116e-06
7.5085e-06,-0.46875494399999695,0.61949999296,1.4823749966720001,1.0239999994610116e-06
7.5090000000000004e-06,0.312495104000007,0.6132499936,1.4823749966720001,0.31250099200000037
7.509500000000001e-06,-0.46875494399999695,0.61949999296,1.4811249968,1.0239999994610116e-06
7.51e-06,-0.46875494399999695,0.6132499936,1.479874996928,1.0239999994610116e-06
7.5105e-06,0.312495104000007,0.61949999296,1.479874996928,1.0239999994610116e-06
7.511000000000001e-06,0.312495104000007,0.62574999232,1.479874996928,1.0239999994610116e-06
7.511500000000001e-06,-0.46875494399999695,0.61949999296,1.479874996928,1.0239999994610116e-06
7.512e-06,0.312495104000007,0.61949999296,1.477374997184,1.0239999994610116e-06
7.5125000000000005e-06,0.312495104000007,0.6132499936,1.479874996928,-0.31249894400000144
7.513000000000001e-06,0.312495104000007,0.61949999296,1.478624997056,1.0239999994610116e-06
7.5135e-06,-0.46875494399999695,0.61949999296,1.479874996928,1.0239999994610116e-06
7.514e-06,-0.46875494399999695,0.6132499936,1.478624997056,1.0239999994610116e-06
7.514500000000001e-06,-0.46875494399999695,0.6132499936,1.479874996928,-0.31249894400000144
7.515e-06,-0.46875494399999695,0.61949999296,1.4811249968,1.0239999994610116e-06
7.5155e-06,-0.46875494399999695,0.61949999296,1.478624997056,0.31250099200000037
7.5160000000000005e-06,0.312495104000007,0.6132499936,1.476124997312,1.0239999994610116e-06
7.516500000000001e-06,0.312495104000007,0.61949999296,1.478624997056,1.0239999994610116e-06
7.517e-06,0.312495104000007,0.61949999296,1.477374997184,1.0239999994610116e-06
7.5175000000000004e-06,-0.46875494399999695,0.61949999296,1.478624997056,-0.31249894400000144
7.518000000000001e-06,0.312495104000007,0.61949999296,1.4811249968,1.0239999994610116e-06
7.5185e-06,0.312495104000007,0.6132499936,1.4811249968,1.0239999994610116e-06
7.519e-06,0.312495104000007,0.62574999232,1.479874996928,1.0239999994610116e-06
7.519500000000001e-06,-0.46875494399999695,0.61949999296,1.479874996928,1.0239999994610116e-06
7.520000000000001e-06,-0.46875494399999695,0.61949999296,1.477374997184,-0.31249894400000144
7.5205e-06,-0.46875494399999695,0.61949999296,1.479874996928,1.0239999994610116e-06
7.5210000000000005e-06,-0.46875494399999695,0.6132499936,1.478624997056,0.31250099200000037
7.521500000000001e-06,0.312495104000007,0.62574999232,1.4811249968,1.0239999994610116e-06
7.522e-06,0.312495104000007,0.61949999296,1.4811249968,1.0239999994610116e-06
7.5225e-06,-0.46875494399999695,0.6132499936,1.4811249968,-0.31249894400000144
7.523000000000001e-06,-0.46875494399999695,0.61949999296,1.4823749966720001,-0.31249894400000144
7.5235e-06,0.312495104000007,0.6132499936,1.4823749966720001,1.0239999994610116e-06
7.524e-06,0.312495104000007,0.61949999296,1.4811249968,1.0239999994610116e-06
7.5245000000000005e-06,-0.46875494399999695,0.61949999296,1.4823749966720001,-0.31249894400000144
7.525000000000001e-06,-0.46875494399999695,0.61949999296,1.483624996544,1.0239999994610116e-06
7.5255e-06,0.312495104000007,0.61949999296,1.4823749966720001,-0.31249894400000144
7.5260000000000004e-06,-0.46875494399999695,0.61949999296,1.4811249968,1.0239999994610116e-06
7.526500000000001e-06,0.312495104000007,0.61949999296,1.479874996928,-0.31249894400000144
7.527e-06,0.312495104000007,0.62574999232,1.478624997056,1.0239999994610116e-06
7.5275e-06,0.312495104000007,0.61949999296,1.479874996928,1.0239999994610116e-06
7.528000000000001e-06,0.312495104000007,0.61949999296,1.478624997056,1.0239999994610116e-06
7.528500000000001e-06,0.312495104000007,0.6132499936,1.479874996928,-0.31249894400000144
7.529e-06,0.312495104000007,0.61949999296,1.477374997184,1.0239999994610116e-06
7.5295000000000005e-06,0.312495104000007,0.6132499936,1.477374997184,1.0239999994610116e-06
7.530000000000001e-06,0.312495104000007,0.6132499936,1.478624997056,-0.31249894400000144
7.5305e-06,0.312495104000007,0.6132499936,1.478624997056,-0.6249989120000006
7.531e-06,1.0937451519999968,0.61949999296,1.478624997056,1.0239999994610116e-06
7.531500000000001e-06,0.312495104000007,0.61949999296,1.479874996928,-0.31249894400000144
7.532e-06,-0.46875494399999695,0.61949999296,1.4811249968,1.0239999994610116e-06
7.5325e-06,0.312495104000007,0.61949999296,1.483624996544,1.0239999994610116e-06
7.5330000000000006e-06,1.0937451519999968,0.6132499936,1.4811249968,1.0239999994610116e-06
7.533500000000001e-06,1.0937451519999968,0.61949999296,1.479874996928,-0.31249894400000144
7.534e-06,0.312495104000007,0.61949999296,1.483624996544,1.0239999994610116e-06
7.5345000000000005e-06,0.312495104000007,0.62574999232,1.483624996544,-0.31249894400000144
7.535000000000001e-06,0.312495104000007,0.61949999296,1.4811249968,1.0239999994610116e-06
7.5355e-06,0.312495104000007,0.61949999296,1.4811249968,-0.31249894400000144
7.536e-06,0.312495104000007,0.61949999296,1.4811249968,1.0239999994610116e-06
7.536500000000001e-06,0.312495104000007,0.6132499936,1.483624996544,-0.31249894400000144
7.537000000000001e-06,-0.46875494399999695,0.6132499936,1.4811249968,-0.31249894400000144
7.5375e-06,-0.46875494399999695,0.6132499936,1.4811249968,1.0239999994610116e-06
7.5380000000000005e-06,0.312495104000007,0.62574999232,1.479874996928,-0.31249894400000144
7.538500000000001e-06,-0.46875494399999695,0.61949999296,1.477374997184,-0.31249894400000144
7.539e-06,0.312495104000007,0.61949999296,1.476124997312,-0.31249894400000144
7.5395e-06,0.312495104000007,0.6132499936,1.478624997056,1.0239999994610116e-06
7.540000000000001e-06,0.312495104000007,0.6132499936,1.478624997056,1.0239999994610116e-06
7.5405e-06,0.312495104000007,0.61949999296,1.479874996928,-0.31249894400000144
7.541e-06,0.312495104000007,0.61949999296,1.4811249968,1.0239999994610116e-06
7.5415000000000006e-06,0.312495104000007,0.61949999296,1.479874996928,-0.31249894400000144
7.542000000000001e-06,0.312495104000007,0.6132499936,1.478624997056,1.0239999994610116e-06
7.5425e-06,0.312495104000007,0.6132499936,1.479874996928,1.0239999994610116e-06
7.5430000000000005e-06,-1.250004992000001,0.61949999296,1.478624997056,-0.6249989120000006
7.543500000000001e-06,0.312495104000007,0.61949999296,1.479874996928,-0.31249894400000144
7.544e-06,-0.46875494399999695,0.61949999296,1.479874996928,-0.31249894400000144
7.5445e-06,-0.46875494399999695,0.61949999296,1.479874996928,-0.6249989120000006
7.545000000000001e-06,0.312495104000007,0.62574999232,1.479874996928,-0.31249894400000144
7.545500000000001e-06,0.312495104000007,0.62574999232,1.4823749966720001,1.0239999994610116e-06
7.546e-06,0.312495104000007,0.62574999232,1.4811249968,-0.31249894400000144
7.5465000000000005e-06,0.312495104000007,0.6132499936,1.478624997056,-0.31249894400000144
7.547000000000001e-06,0.312495104000007,0.6132499936,1.478624997056,1.0239999994610116e-06
7.5475e-06,0.312495104000007,0.6132499936,1.479874996928,-0.31249894400000144
7.548e-06,0.312495104000007,0.6132499936,1.4811249968,1.0239999994610116e-06
7.548500000000001e-06,1.0937451519999968,0.61949999296,1.4811249968,-0.31249894400000144
7.549e-06,0.312495104000007,0.61949999296,1.478624997056,1.0239999994610116e-06
7.5495e-06,-0.46875494399999695,0.61949999296,1.479874996928,-0.31249894400000144
7.5500000000000006e-06,-0.46875494399999695,0.61949999296,1.478624997056,1.0239999994610116e-06
7.550500000000001e-06,-0.46875494399999695,0.61949999296,1.478624997056,1.0239999994610116e-06
7.551e-06,-0.46875494399999695,0.61949999296,1.477374997184,1.0239999994610116e-06
7.5515000000000005e-06,-0.46875494399999695,0.61949999296,1.478624997056,-0.31249894400000144
7.552000000000001e-06,0.312495104000007,0.61949999296,1.479874996928,-0.6249989120000006
7.5525e-06,-0.46875494399999695,0.6132499936,1.4823749966720001,-0.31249894400000144
7.553e-06,-0.46875494399999695,0.61949999296,1.479874996928,-0.31249894400000144
7.553500000000001e-06,-0.46875494399999695,0.62574999232,1.478624997056,1.0239999994610116e-06
7.554000000000001e-06,0.312495104000007,0.61949999296,1.478624997056,-0.31249894400000144
7.5545e-06,1.0937451519999968,0.62574999232,1.478624997056,-0.31249894400000144
7.5550000000000005e-06,1.0937451519999968,0.61949999296,1.479874996928,-0.31249894400000144
7.555500000000001e-06,0.312495104000007,0.61949999296,1.478624997056,1.0239999994610116e-06
7.556e-06,-0.46875494399999695,0.6132499936,1.478624997056,1.0239999994610116e-06
7.5565e-06,-0.46875494399999695,0.61949999296,1.4811249968,-0.31249894400000144
7.557000000000001e-06,0.312495104000007,0.62574999232,1.4811249968,-0.31249894400000144
7.5575e-06,0.312495104000007,0.61949999296,1.4823749966720001,1.0239999994610116e-06
7.558e-06,0.312495104000007,0.61949999296,1.479874996928,1.0239999994610116e-06
7.5585000000000006e-06,0.312495104000007,0.6132499936,1.4811249968,-0.31249894400000144
7.559000000000001e-06,0.312495104000007,0.62574999232,1.478624997056,-0.31249894400000144
7.5595e-06,-0.46875494399999695,0.61949999296,1.4811249968,1.0239999994610116e-06
7.5600000000000005e-06,-1.250004992000001,0.61949999296,1.479874996928,-0.31249894400000144
7.560500000000001e-06,-0.46875494399999695,0.61949999296,1.479874996928,-0.31249894400000144
7.561e-06,0.312495104000007,0.62574999232,1.477374997184,-0.31249894400000144
7.5615e-06,-0.46875494399999695,0.61949999296,1.478624997056,1.0239999994610116e-06
7.562000000000001e-06,-0.46875494399999695,0.61949999296,1.4811249968,1.0239999994610116e-06
7.562500000000001e-06,-0.46875494399999695,0.6132499936,1.4823749966720001,-0.31249894400000144
7.563e-06,-0.46875494399999695,0.62574999232,1.4811249968,-0.31249894400000144
7.5635000000000005e-06,0.312495104000007,0.61949999296,1.4811249968,1.0239999994610116e-06
7.564000000000001e-06,-0.46875494399999695,0.62574999232,1.479874996928,1.0239999994610116e-06
7.5645e-06,0.312495104000007,0.62574999232,1.479874996928,1.0239999994610116e-06
7.565e-06,0.312495104000007,0.62574999232,1.479874996928,1.0239999994610116e-06
7.565500000000001e-06,-0.46875494399999695,0.61949999296,1.478624997056,-0.31249894400000144
7.566e-06,0.312495104000007,0.61949999296,1.4811249968,1.0239999994610116e-06
7.5665e-06,0.312495104000007,0.62574999232,1.4823749966720001,-0.31249894400000144
7.5670000000000006e-06,0.312495104000007,0.62574999232,1.479874996928,-0.31249894400000144
7.567500000000001e-06,0.312495104000007,0.62574999232,1.478624997056,-0.6249989120000006
7.568e-06,0.312495104000007,0.61949999296,1.477374997184,-0.6249989120000006
7.5685000000000005e-06,-0.46875494399999695,0.61949999296,1.479874996928,-0.6249989120000006
7.569000000000001e-06,-0.46875494399999695,0.6132499936,1.4811249968,-0.31249894400000144
7.5695e-06,0.312495104000007,0.61949999296,1.4811249968,1.0239999994610116e-06
7.57e-06,0.312495104000007,0.61949999296,1.478624997056,-0.31249894400000144
7.570500000000001e-06,-0.46875494399999695,0.61949999296,1.477374997184,-0.31249894400000144
7.571000000000001e-06,0.312495104000007,0.61949999296,1.477374997184,-0.31249894400000144
7.5715e-06,0.312495104000007,0.62574999232,1.478624997056,1.0239999994610116e-06
7.5720000000000005e-06,-0.46875494399999695,0.61949999296,1.479874996928,-0.6249989120000006
7.572500000000001e-06,-0.46875494399999695,0.61949999296,1.478624997056,-0.31249894400000144
7.573e-06,0.312495104000007,0.61949999296,1.476124997312,-0.31249894400000144
7.5735e-06,0.312495104000007,0.61949999296,1.477374997184,-0.31249894400000144
7.574000000000001e-06,-0.46875494399999695,0.61949999296,1.4811249968,1.0239999994610116e-06
7.5745e-06,0.312495104000007,0.6132499936,1.4823749966720001,-0.31249894400000144
7.575e-06,0.312495104000007,0.61949999296,1.4811249968,1.0239999994610116e-06
7.5755000000000006e-06,0.312495104000007,0.6132499936,1.479874996928,-0.31249894400000144
7.576000000000001e-06,0.312495104000007,0.61949999296,1.47487499744,1.0239999994610116e-06
7.5765e-06,1.0937451519999968,0.61949999296,1.476124997312,-0.6249989120000006
7.5770000000000005e-06,0.312495104000007,0.61949999296,1.478624997056,-0.31249894400000144
7.577500000000001e-06,0.312495104000007,0.61949999296,1.479874996928,1.0239999994610116e-06
7.578e-06,0.312495104000007,0.61949999296,1.479874996928,-0.31249894400000144
7.5785e-06,-0.46875494399999695,0.61949999296,1.477374997184,-0.31249894400000144
7.579000000000001e-06,0.312495104000007,0.61949999296,1.476124997312,-0.31249894400000144
7.579500000000001e-06,-0.46875494399999695,0.61949999296,1.477374997184,1.0239999994610116e-06
7.58e-06,-0.46875494399999695,0.61949999296,1.479874996928,-0.31249894400000144
7.5805000000000005e-06,0.312495104000007,0.61949999296,1.479874996928,-0.31249894400000144
7.581000000000001e-06,0.312495104000007,0.61949999296,1.478624997056,-0.31249894400000144
7.5815e-06,-0.46875494399999695,0.61949999296,1.478624997056,-0.31249894400000144
7.582e-06,-0.46875494399999695,0.61949999296,1.478624997056,1.0239999994610116e-06
7.582500000000001e-06,-0.46875494399999695,0.6132499936,1.479874996928,-0.31249894400000144
7.583e-06,-0.46875494399999695,0.6132499936,1.478624997056,-0.31249894400000144
7.5835e-06,-0.46875494399999695,0.6132499936,1.478624997056,-0.31249894400000144
7.5840000000000006e-06,0.312495104000007,0.62574999232,1.477374997184,1.0239999994610116e-06
7.584500000000001e-06,-0.46875494399999695,0.61949999296,1.479874996928,-0.31249894400000144
7.585e-06,0.312495104000007,0.61949999296,1.479874996928,-0.31249894400000144
7.5855000000000005e-06,0.312495104000007,0.61949999296,1.479874996928,-0.31249894400000144
7.586000000000001e-06,0.312495104000007,0.61949999296,1.477374997184,-0.31249894400000144
7.5865e-06,-0.46875494399999695,0.62574999232,1.476124997312,-0.6249989120000006
7.587e-06,0.312495104000007,0.61949999296,1.47487499744,-0.31249894400000144
7.587500000000001e-06,-0.46875494399999695,0.61949999296,1.477374997184,-0.31249894400000144
7.588000000000001e-06,0.312495104000007,0.61949999296,1.477374997184,-0.6249989120000006
7.5885e-06,0.312495104000007,0.61949999296,1.478624997056,-0.6249989120000006
7.5890000000000005e-06,0.312495104000007,0.61949999296,1.478624997056,-0.31249894400000144
7.589500000000001e-06,0.312495104000007,0.61949999296,1.479874996928,-0.31249894400000144
7.59e-06,-0.46875494399999695,0.61949999296,1.4823749966720001,-0.31249894400000144
7.5905000000000004e-06,-0.46875494399999695,0.62574999232,1.479874996928,-0.31249894400000144
7.591000000000001e-06,0.312495104000007,0.61949999296,1.478624997056,-0.31249894400000144
7.5915e-06,-0.46875494399999695,0.61949999296,1.4811249968,-0.31249894400000144
7.592e-06,-0.46875494399999695,0.61949999296,1.479874996928,-0.6249989120000006
7.5925000000000006e-06,-0.46875494399999695,0.61949999296,1.479874996928,-0.9374988799999997
7.593000000000001e-06,-0.46875494399999695,0.61949999296,1.479874996928,-0.31249894400000144
7.5935e-06,-0.46875494399999695,0.62574999232,1.483624996544,1.0239999994610116e-06
7.5940000000000005e-06,0.312495104000007,0.62574999232,1.4823749966720001,-0.31249894400000144
7.594500000000001e-06,-0.46875494399999695,0.62574999232,1.479874996928,-0.6249989120000006
7.595e-06,0.312495104000007,0.61949999296,1.479874996928,-0.31249894400000144
7.5955e-06,0.312495104000007,0.61949999296,1.479874996928,-0.31249894400000144
7.596000000000001e-06,-0.46875494399999695,0.61949999296,1.479874996928,-0.31249894400000144
7.596500000000001e-06,-0.46875494399999695,0.62574999232,1.4811249968,-0.6249989120000006
7.597e-06,-0.46875494399999695,0.62574999232,1.4811249968,-0.31249894400000144
7.5975000000000005e-06,-0.46875494399999695,0.62574999232,1.4823749966720001,-0.31249894400000144
7.598000000000001e-06,-0.46875494399999695,0.61949999296,1.483624996544,-0.31249894400000144
7.5985e-06,0.312495104000007,0.62574999232,1.4823749966720001,-0.31249894400000144
7.5990000000000004e-06,0.312495104000007,0.62574999232,1.479874996928,-0.31249894400000144
7.599500000000001e-06,0.312495104000007,0.61949999296,1.4811249968,-0.6249989120000006
7.6e-06,0.312495104000007,0.61949999296,1.479874996928,-0.6249989120000006
7.6005e-06,0.312495104000007,0.61949999296,1.4811249968,-0.9374988799999997
7.601000000000001e-06,-0.46875494399999695,0.61949999296,1.478624997056,-0.6249989120000006
7.601500000000001e-06,-0.46875494399999695,0.61949999296,1.477374997184,-0.31249894400000144
7.602e-06,-0.46875494399999695,0.61949999296,1.478624997056,-0.6249989120000006
7.6025000000000005e-06,0.312495104000007,0.61949999296,1.479874996928,-0.6249989120000006
7.603000000000001e-06,0.312495104000007,0.62574999232,1.479874996928,-0.6249989120000006
7.6035e-06,-0.46875494399999695,0.62574999232,1.479874996928,-0.31249894400000144
7.604e-06,-0.46875494399999695,0.61949999296,1.477374997184,-0.31249894400000144
7.604500000000001e-06,-0.46875494399999695,0.61949999296,1.479874996928,-0.31249894400000144
7.605000000000001e-06,-0.46875494399999695,0.61949999296,1.4811249968,-0.6249989120000006
7.6055e-06,-0.46875494399999695,0.62574999232,1.4823749966720001,-0.6249989120000006
7.6060000000000005e-06,0.312495104000007,0.61949999296,1.483624996544,-0.31249894400000144
7.606500000000001e-06,-0.46875494399999695,0.62574999232,1.483624996544,-0.6249989120000006
7.607e-06,-0.46875494399999695,0.62574999232,1.4823749966720001,-0.6249989120000006
7.6075000000000004e-06,-0.46875494399999695,0.61949999296,1.4823749966720001,-0.9374988799999997
7.608000000000001e-06,0.312495104000007,0.62574999232,1.4811249968,-0.6249989120000006
7.6085e-06,-0.46875494399999695,0.61949999296,1.483624996544,-0.6249989120000006
7.609e-06,-0.46875494399999695,0.62574999232,1.4823749966720001,-0.6249989120000006
7.609500000000001e-06,-0.46875494399999695,0.62574999232,1.4811249968,-0.31249894400000144
7.610000000000001e-06,0.312495104000007,0.61949999296,1.478624997056,-0.6249989120000006
7.6105e-06,-0.46875494399999695,0.61949999296,1.479874996928,-0.6249989120000006
7.6110000000000005e-06,-0.46875494399999695,0.61949999296,1.479874996928,-0.31249894400000144
7.611500000000001e-06,-0.46875494399999695,0.61949999296,1.4823749966720001,-0.31249894400000144
7.612e-06,-0.46875494399999695,0.61949999296,1.4811249968,-0.6249989120000006
7.6125e-06,-0.46875494399999695,0.61949999296,1.4811249968,-0.6249989120000006
7.613000000000001e-06,-0.46875494399999695,0.61949999296,1.4811249968,-0.6249989120000006
7.613500000000001e-06,0.312495104000007,0.62574999232,1.4823749966720001,-0.31249894400000144
7.614e-06,-0.46875494399999695,0.61949999296,1.479874996928,-0.31249894400000144
7.6145000000000005e-06,-0.46875494399999695,0.61949999296,1.478624997056,-0.31249894400000144
7.615000000000001e-06,-0.46875494399999695,0.6132499936,1.478624997056,-0.31249894400000144
7.6155e-06,-0.46875494399999695,0.6132499936,1.479874996928,-0.6249989120000006
7.6160000000000004e-06,0.312495104000007,0.61949999296,1.477374997184,-0.6249989120000006
7.616500000000001e-06,-0.46875494399999695,0.61949999296,1.477374997184,-0.9374988799999997
7.617e-06,-0.46875494399999695,0.61949999296,1.477374997184,-0.6249989120000006
7.6175e-06,0.312495104000007,0.61949999296,1.477374997184,-0.31249894400000144
7.618000000000001e-06,0.312495104000007,0.61949999296,1.477374997184,-0.31249894400000144
7.618500000000001e-06,-0.46875494399999695,0.61949999296,1.476124997312,-0.6249989120000006
7.619e-06,0.312495104000007,0.61949999296,1.477374997184,-0.31249894400000144
7.6195000000000005e-06,-0.46875494399999695,0.61949999296,1.479874996928,-0.31249894400000144
7.620000000000001e-06,0.312495104000007,0.61949999296,1.478624997056,-0.31249894400000144
7.6205e-06,-1.250004992000001,0.63199999168,1.479874996928,-0.6249989120000006
7.621e-06,-0.46875494399999695,0.61949999296,1.479874996928,-0.31249894400000144
7.621500000000001e-06,-0.46875494399999695,0.62574999232,1.479874996928,-0.31249894400000144
7.622000000000001e-06,-0.46875494399999695,0.61949999296,1.478624997056,-0.31249894400000144
7.6225e-06,-0.46875494399999695,0.61949999296,1.477374997184,-0.6249989120000006
7.6230000000000005e-06,-0.46875494399999695,0.62574999232,1.478624997056,-0.31249894400000144
7.623500000000001e-06,-0.46875494399999695,0.62574999232,1.4811249968,-0.6249989120000006
7.624e-06,-0.46875494399999695,0.62574999232,1.4811249968,-0.6249989120000006
7.6245000000000004e-06,-0.46875494399999695,0.61949999296,1.483624996544,-0.6249989120000006
7.625000000000001e-06,-0.46875494399999695,0.61949999296,1.4811249968,-0.31249894400000144
7.6255e-06,0.312495104000007,0.62574999232,1.4811249968,-0.31249894400000144
7.626e-06,0.312495104000007,0.61949999296,1.479874996928,-0.31249894400000144
7.626500000000001e-06,-0.46875494399999695,0.61949999296,1.477374997184,-0.6249989120000006
7.627000000000001e-06,-0.46875494399999695,0.61949999296,1.478624997056,-0.6249989120000006
7.6275e-06,-0.46875494399999695,0.62574999232,1.4811249968,-0.31249894400000144
7.6280000000000005e-06,-0.46875494399999695,0.61949999296,1.477374997184,-0.6249989120000006
7.628500000000001e-06,-0.46875494399999695,0.61949999296,1.479874996928,-0.6249989120000006
7.629e-06,-0.46875494399999695,0.61949999296,1.4811249968,-0.31249894400000144
7.6295e-06,-0.46875494399999695,0.61949999296,1.479874996928,-0.9374988799999997
7.63e-06,-0.46875494399999695,0.61949999296,1.476124997312,-0.31249894400000144
7.630500000000001e-06,0.312495104000007,0.61949999296,1.477374997184,-0.31249894400000144
7.631e-06,-0.46875494399999695,0.61949999296,1.477374997184,-0.31249894400000144
7.6315e-06,-0.46875494399999695,0.61949999296,1.478624997056,-0.6249989120000006
7.632e-06,-0.46875494399999695,0.61949999296,1.477374997184,-0.6249989120000006
7.6325e-06,-0.46875494399999695,0.61949999296,1.4811249968,-0.9374988799999997
7.633000000000001e-06,-0.46875494399999695,0.62574999232,1.4823749966720001,-0.6249989120000006
7.6335e-06,0.312495104000007,0.62574999232,1.4811249968,-0.31249894400000144
7.634e-06,-0.46875494399999695,0.62574999232,1.4811249968,-0.31249894400000144
7.634500000000001e-06,0.312495104000007,0.61949999296,1.478624997056,-0.6249989120000006
7.635e-06,-0.46875494399999695,0.61949999296,1.479874996928,-0.6249989120000006
7.6355e-06,0.312495104000007,0.62574999232,1.4823749966720001,-0.31249894400000144
7.636000000000001e-06,0.312495104000007,0.62574999232,1.4811249968,-0.6249989120000006
7.6365e-06,-0.46875494399999695,0.61949999296,1.4811249968,-0.9374988799999997
7.637e-06,0.312495104000007,0.61949999296,1.4823749966720001,-0.6249989120000006
7.637500000000001e-06,-0.46875494399999695,0.62574999232,1.4811249968,-0.6249989120000006
7.638e-06,-0.46875494399999695,0.62574999232,1.479874996928,-0.31249894400000144
7.6385e-06,-0.46875494399999695,0.62574999232,1.478624997056,-0.6249989120000006
7.639000000000001e-06,-0.46875494399999695,0.61949999296,1.479874996928,-0.9374988799999997
7.6395e-06,1.0937451519999968,0.61949999296,1.4823749966720001,-0.9374988799999997
7.64e-06,-0.46875494399999695,0.61949999296,1.479874996928,-0.9374988799999997
7.6405e-06,-0.46875494399999695,0.61949999296,1.479874996928,-0.6249989120000006
7.641e-06,-0.46875494399999695,0.61949999296,1.478624997056,-0.31249894400000144
7.641500000000001e-06,0.312495104000007,0.62574999232,1.477374997184,-0.6249989120000006
7.642e-06,-0.46875494399999695,0.61949999296,1.477374997184,-0.6249989120000006
7.6425e-06,-0.46875494399999695,0.62574999232,1.478624997056,-0.6249989120000006
7.643000000000001e-06,-0.46875494399999695,0.62574999232,1.479874996928,-0.6249989120000006
7.6435e-06,0.312495104000007,0.62574999232,1.479874996928,-0.6249989120000006
7.644e-06,-0.46875494399999695,0.61949999296,1.4811249968,-0.6249989120000006
7.644500000000001e-06,-0.46875494399999695,0.63199999168,1.479874996928,-0.6249989120000006
7.645e-06,0.312495104000007,0.62574999232,1.478624997056,-0.6249989120000006
7.6455e-06,-0.46875494399999695,0.62574999232,1.479874996928,-0.31249894400000144
7.646000000000001e-06,1.0937451519999968,0.61949999296,1.4823749966720001,-0.31249894400000144
7.6465e-06,0.312495104000007,0.61949999296,1.484874996416,-0.6249989120000006
7.647e-06,-0.46875494399999695,0.61949999296,1.4811249968,-0.6249989120000006
7.647500000000001e-06,-0.46875494399999695,0.61949999296,1.4811249968,-0.9374988799999997
7.648e-06,-0.46875494399999695,0.61949999296,1.4811249968,-0.6249989120000006
7.6485e-06,0.312495104000007,0.61949999296,1.483624996544,-0.9374988799999997
7.649e-06,-1.250004992000001,0.61949999296,1.478624997056,-0.6249989120000006
7.6495e-06,-0.46875494399999695,0.62574999232,1.477374997184,-0.6249989120000006
7.650000000000001e-06,0.312495104000007,0.62574999232,1.477374997184,-0.6249989120000006
7.6505e-06,-0.46875494399999695,0.62574999232,1.478624997056,-0.6249989120000006
7.651e-06,-0.46875494399999695,0.62574999232,1.479874996928,-0.6249989120000006
7.651500000000001e-06,-0.46875494399999695,0.61949999296,1.4823749966720001,-0.31249894400000144
7.652e-06,-0.46875494399999695,0.62574999232,1.4823749966720001,-0.6249989120000006
7.6525e-06,0.312495104000007,0.62574999232,1.4811249968,-0.6249989120000006
7.653000000000001e-06,0.312495104000007,0.61949999296,1.4811249968,-0.31249894400000144
7.6535e-06,-1.250004992000001,0.61949999296,1.479874996928,-0.6249989120000006
7.654e-06,-0.46875494399999695,0.62574999232,1.4823749966720001,-0.31249894400000144
7.654500000000001e-06,-0.46875494399999695,0.62574999232,1.4823749966720001,-0.6249989120000006
7.655e-06,-0.46875494399999695,0.61949999296,1.479874996928,-0.6249989120000006
7.6555e-06,-0.46875494399999695,0.61949999296,1.4811249968,-0.6249989120000006
7.656000000000001e-06,-1.250004992000001,0.61949999296,1.4811249968,-0.6249989120000006
7.6565e-06,-0.46875494399999695,0.61949999296,1.483624996544,-0.9374988799999997
7.657e-06,-0.46875494399999695,0.61949999296,1.4811249968,-0.6249989120000006
7.6575e-06,-1.250004992000001,0.62574999232,1.4811249968,-0.6249989120000006
7.658e-06,0.312495104000007,0.62574999232,1.478624997056,-0.9374988799999997
7.658500000000001e-06,-0.46875494399999695,0.62574999232,1.4811249968,-0.6249989120000006
7.659e-06,0.312495104000007,0.61949999296,1.479874996928,-0.6249989120000006
7.6595e-06,-0.46875494399999695,0.61949999296,1.4811249968,-0.6249989120000006
7.660000000000001e-06,-0.46875494399999695,0.61949999296,1.479874996928,-0.6249989120000006
7.6605e-06,-0.46875494399999695,0.62574999232,1.4823749966720001,-0.9374988799999997
7.661e-06,0.312495104000007,0.61949999296,1.483624996544,-0.31249894400000144
7.661500000000001e-06,0.312495104000007,0.61949999296,1.4811249968,-0.6249989120000006
7.662e-06,-0.46875494399999695,0.61949999296,1.479874996928,-0.31249894400000144
7.6625e-06,-0.46875494399999695,0.61949999296,1.479874996928,-0.6249989120000006
7.663000000000001e-06,-0.46875494399999695,0.62574999232,1.478624997056,-0.6249989120000006
7.6635e-06,-0.46875494399999695,0.61949999296,1.4811249968,-0.6249989120000006
7.664e-06,0.312495104000007,0.61949999296,1.4811249968,-0.6249989120000006
7.664500000000001e-06,0.312495104000007,0.62574999232,1.4823749966720001,-0.9374988799999997
7.665e-06,-0.46875494399999695,0.62574999232,1.479874996928,-0.6249989120000006
7.6655e-06,-0.46875494399999695,0.63199999168,1.4811249968,-0.6249989120000006
7.666e-06,0.312495104000007,0.62574999232,1.479874996928,-0.6249989120000006
7.6665e-06,-1.250004992000001,0.61949999296,1.4811249968,-0.6249989120000006
7.667000000000001e-06,-0.46875494399999695,0.61949999296,1.483624996544,-0.6249989120000006
7.6675e-06,0.312495104000007,0.6132499936,1.483624996544,-0.31249894400000144
7.668e-06,-0.46875494399999695,0.6132499936,1.4823749966720001,-0.6249989120000006
7.668500000000001e-06,-0.46875494399999695,0.62574999232,1.4823749966720001,-0.6249989120000006
7.669e-06,0.312495104000007,0.62574999232,1.478624997056,-0.31249894400000144
7.6695e-06,-0.46875494399999695,0.61949999296,1.479874996928,-0.6249989120000006
7.670000000000001e-06,-0.46875494399999695,0.62574999232,1.4811249968,-0.6249989120000006
7.6705e-06,-0.46875494399999695,0.62574999232,1.4811249968,-0.6249989120000006
7.671e-06,-1.250004992000001,0.62574999232,1.4811249968,-0.6249989120000006
7.671500000000001e-06,0.312495104000007,0.62574999232,1.4823749966720001,-0.6249989120000006
7.672e-06,-0.46875494399999695,0.62574999232,1.479874996928,-0.6249989120000006
7.6725e-06,0.312495104000007,0.61949999296,1.4811249968,-0.9374988799999997
7.673000000000001e-06,-0.46875494399999695,0.61949999296,1.4811249968,-0.6249989120000006
7.6735e-06,-0.46875494399999695,0.61949999296,1.4823749966720001,-0.6249989120000006
7.674e-06,-0.46875494399999695,0.61949999296,1.4823749966720001,-0.6249989120000006
7.6745e-06,-0.46875494399999695,0.61949999296,1.4823749966720001,-0.6249989120000006
7.675e-06,0.312495104000007,0.61949999296,1.4811249968,-0.6249989120000006
7.675500000000001e-06,0.312495104000007,0.62574999232,1.478624997056,-0.6249989120000006
7.676e-06,0.312495104000007,0.61949999296,1.479874996928,-0.31249894400000144
7.6765e-06,0.312495104000007,0.61949999296,1.4823749966720001,-0.9374988799999997
7.677000000000001e-06,0.312495104000007,0.61949999296,1.4811249968,-0.31249894400000144
7.6775e-06,0.312495104000007,0.61949999296,1.478624997056,-0.31249894400000144
7.678e-06,0.312495104000007,0.61949999296,1.477374997184,-0.31249894400000144
7.678500000000001e-06,-0.46875494399999695,0.63199999168,1.477374997184,-0.6249989120000006
7.679e-06,-0.46875494399999695,0.63199999168,1.478624997056,-0.9374988799999997
7.6795e-06,-0.46875494399999695,0.61949999296,1.4823749966720001,-0.9374988799999997
7.680000000000001e-06,0.312495104000007,0.61949999296,1.4811249968,-0.6249989120000006
7.6805e-06,1.0937451519999968,0.61949999296,1.4811249968,-0.9374988799999997
7.681e-06,-0.46875494399999695,0.61949999296,1.4823749966720001,-0.6249989120000006
7.681500000000001e-06,-0.46875494399999695,0.61949999296,1.4823749966720001,-0.6249989120000006
7.682e-06,-0.46875494399999695,0.61949999296,1.4811249968,-0.9374988799999997
7.6825e-06,-0.46875494399999695,0.62574999232,1.477374997184,-0.6249989120000006
7.683e-06,-0.46875494399999695,0.62574999232,1.477374997184,-0.6249989120000006
7.6835e-06,0.312495104000007,0.61949999296,1.479874996928,-0.31249894400000144
7.684000000000001e-06,0.312495104000007,0.61949999296,1.4811249968,-0.31249894400000144
7.6845e-06,-0.46875494399999695,0.62574999232,1.4811249968,-0.9374988799999997
7.685e-06,-0.46875494399999695,0.61949999296,1.4823749966720001,-0.6249989120000006
7.685500000000001e-06,-0.46875494399999695,0.62574999232,1.4823749966720001,-0.6249989120000006
7.686e-06,0.312495104000007,0.62574999232,1.4823749966720001,-0.31249894400000144
7.6865e-06,0.312495104000007,0.62574999232,1.4811249968,-0.6249989120000006
7.687000000000001e-06,-0.46875494399999695,0.61949999296,1.479874996928,-0.9374988799999997
7.6875e-06,-0.46875494399999695,0.61949999296,1.4811249968,-0.9374988799999997
7.688e-06,-1.250004992000001,0.61949999296,1.479874996928,-0.6249989120000006
7.688500000000001e-06,0.312495104000007,0.61949999296,1.478624997056,-0.9374988799999997
7.689e-06,-0.46875494399999695,0.61949999296,1.478624997056,-0.31249894400000144
7.6895e-06,-0.46875494399999695,0.61949999296,1.478624997056,-0.6249989120000006
7.690000000000001e-06,0.312495104000007,0.61949999296,1.477374997184,-0.6249989120000006
7.6905e-06,0.312495104000007,0.61949999296,1.47487499744,-0.6249989120000006
7.691e-06,-0.46875494399999695,0.61949999296,1.478624997056,-0.6249989120000006
7.6915e-06,0.312495104000007,0.62574999232,1.4811249968,-0.31249894400000144
7.692e-06,-0.46875494399999695,0.62574999232,1.479874996928,-0.9374988799999997
7.692500000000001e-06,-0.46875494399999695,0.62574999232,1.479874996928,-0.9374988799999997
7.693e-06,0.312495104000007,0.62574999232,1.477374997184,-0.6249989120000006
7.6935e-06,-0.46875494399999695,0.61949999296,1.477374997184,-0.6249989120000006
7.694000000000001e-06,-0.46875494399999695,0.61949999296,1.479874996928,-0.6249989120000006
7.6945e-06,-0.46875494399999695,0.6132499936,1.479874996928,-0.6249989120000006
7.695e-06,-1.250004992000001,0.61949999296,1.478624997056,-0.6249989120000006
7.695500000000001e-06,-0.46875494399999695,0.6132499936,1.478624997056,-0.9374988799999997
7.696e-06,-1.250004992000001,0.61949999296,1.476124997312,-0.9374988799999997
7.6965e-06,-0.46875494399999695,0.61949999296,1.478624997056,-0.9374988799999997
7.697000000000001e-06,-0.46875494399999695,0.61949999296,1.479874996928,-0.6249989120000006
7.6975e-06,-0.46875494399999695,0.62574999232,1.479874996928,-0.6249989120000006
7.698e-06,0.312495104000007,0.62574999232,1.478624997056,-0.6249989120000006
7.698500000000001e-06,0.312495104000007,0.62574999232,1.477374997184,-0.6249989120000006
7.699e-06,-0.46875494399999695,0.61949999296,1.477374997184,-0.6249989120000006
7.6995e-06,-0.46875494399999695,0.62574999232,1.476124997312,-0.6249989120000006
7.7e-06,0.312495104000007,0.61949999296,1.476124997312,-0.6249989120000006
7.7005e-06,0.312495104000007,0.62574999232,1.479874996928,-0.6249989120000006
7.701000000000001e-06,1.0937451519999968,0.63199999168,1.4811249968,-0.6249989120000006
7.7015e-06,-0.46875494399999695,0.62574999232,1.4823749966720001,-0.6249989120000006
7.702e-06,0.312495104000007,0.62574999232,1.479874996928,-0.31249894400000144
7.702500000000001e-06,0.312495104000007,0.62574999232,1.4811249968,-0.6249989120000006
7.703e-06,0.312495104000007,0.63199999168,1.479874996928,-0.9374988799999997
7.7035e-06,0.312495104000007,0.62574999232,1.4823749966720001,-0.9374988799999997
7.704000000000001e-06,0.312495104000007,0.61949999296,1.479874996928,-0.9374988799999997
7.7045e-06,-0.46875494399999695,0.6132499936,1.4811249968,-1.2499988480000006
7.705e-06,-0.46875494399999695,0.61949999296,1.478624997056,-0.6249989120000006
7.705500000000001e-06,0.312495104000007,0.62574999232,1.477374997184,-0.9374988799999997
7.706e-06,-0.46875494399999695,0.61949999296,1.478624997056,-0.6249989120000006
7.7065e-06,-0.46875494399999695,0.62574999232,1.478624997056,-0.6249989120000006
7.707000000000001e-06,-0.46875494399999695,0.61949999296,1.479874996928,-0.9374988799999997
7.7075e-06,-0.46875494399999695,0.61949999296,1.4811249968,-0.6249989120000006
7.708e-06,0.312495104000007,0.61949999296,1.4811249968,-0.6249989120000006
7.7085e-06,0.312495104000007,0.62574999232,1.4823749966720001,-0.9374988799999997
7.709e-06,0.312495104000007,0.62574999232,1.4823749966720001,-0.6249989120000006
7.709500000000001e-06,-0.46875494399999695,0.61949999296,1.4811249968,-0.6249989120000006
7.71e-06,0.312495104000007,0.61949999296,1.4811249968,-0.6249989120000006
7.7105e-06,0.312495104000007,0.62574999232,1.478624997056,-0.9374988799999997
7.711000000000001e-06,-0.46875494399999695,0.61949999296,1.478624997056,-0.9374988799999997
7.7115e-06,-0.46875494399999695,0.61949999296,1.4823749966720001,-0.6249989120000006
7.712e-06,-1.250004992000001,0.61949999296,1.4811249968,-0.9374988799999997
7.712500000000001e-06,-1.250004992000001,0.61949999296,1.4811249968,-0.9374988799999997
7.713e-06,-1.250004992000001,0.61949999296,1.479874996928,-0.9374988799999997
7.7135e-06,-0.46875494399999695,0.61949999296,1.4811249968,-0.9374988799999997
7.714000000000001e-06,-0.46875494399999695,0.61949999296,1.4823749966720001,-0.9374988799999997
7.7145e-06,-0.46875494399999695,0.6132499936,1.4823749966720001,-0.6249989120000006
7.715e-06,0.312495104000007,0.62574999232,1.4811249968,-0.6249989120000006
7.715500000000001e-06,0.312495104000007,0.62574999232,1.4823749966720001,-0.6249989120000006
7.716e-06,0.312495104000007,0.61949999296,1.4823749966720001,-0.6249989120000006
7.7165e-06,0.312495104000007,0.62574999232,1.4811249968,-0.6249989120000006
7.717e-06,0.312495104000007,0.61949999296,1.4823749966720001,-0.6249989120000006
7.7175e-06,-1.250004992000001,0.61949999296,1.4823749966720001,-0.6249989120000006
7.718000000000001e-06,-0.46875494399999695,0.61949999296,1.4823749966720001,-0.6249989120000006
7.7185e-06,0.312495104000007,0.6132499936,1.4823749966720001,-0.6249989120000006
7.719e-06,-1.250004992000001,0.61949999296,1.4823749966720001,-0.6249989120000006
7.719500000000001e-06,-1.250004992000001,0.61949999296,1.479874996928,-0.6249989120000006
7.72e-06,0.312495104000007,0.61949999296,1.477374997184,-0.6249989120000006
7.7205e-06,0.312495104000007,0.61949999296,1.4811249968,-0.9374988799999997
7.721000000000001e-06,-0.46875494399999695,0.62574999232,1.4811249968,-0.9374988799999997
7.7215e-06,-0.46875494399999695,0.62574999232,1.4811249968,-0.6249989120000006
7.722e-06,0.312495104000007,0.61949999296,1.479874996928,-0.6249989120000006
7.722500000000001e-06,-0.46875494399999695,0.62574999232,1.479874996928,-0.6249989120000006
7.723e-06,-0.46875494399999695,0.62574999232,1.4823749966720001,-0.6249989120000006
7.7235e-06,-0.46875494399999695,0.61949999296,1.4823749966720001,-0.6249989120000006
7.724000000000001e-06,-0.46875494399999695,0.61949999296,1.479874996928,-0.6249989120000006
7.7245e-06,-0.46875494399999695,0.61949999296,1.479874996928,-0.6249989120000006
7.725e-06,0.312495104000007,0.61949999296,1.479874996928,-0.31249894400000144
7.7255e-06,0.312495104000007,0.62574999232,1.478624997056,-0.6249989120000006
7.726e-06,0.312495104000007,0.61949999296,1.479874996928,-0.6249989120000006
7.726500000000001e-06,-0.46875494399999695,0.62574999232,1.4811249968,-0.6249989120000006
7.727e-06,-0.46875494399999695,0.61949999296,1.4823749966720001,-0.6249989120000006
7.7275e-06,-0.46875494399999695,0.61949999296,1.4823749966720001,-0.9374988799999997
7.728000000000001e-06,-0.46875494399999695,0.61949999296,1.478624997056,-0.9374988799999997
7.7285e-06,-0.46875494399999695,0.61949999296,1.4823749966720001,-0.9374988799999997
7.729e-06,-0.46875494399999695,0.61949999296,1.4811249968,-0.6249989120000006
7.729500000000001e-06,0.312495104000007,0.62574999232,1.4811249968,-0.6249989120000006
7.73e-06,0.312495104000007,0.62574999232,1.478624997056,-0.6249989120000006
7.7305e-06,0.312495104000007,0.61949999296,1.477374997184,-0.6249989120000006
7.731000000000001e-06,-0.46875494399999695,0.61949999296,1.477374997184,-0.31249894400000144
7.7315e-06,-0.46875494399999695,0.62574999232,1.478624997056,-0.31249894400000144
7.732e-06,-0.46875494399999695,0.61949999296,1.479874996928,-0.6249989120000006
7.732500000000001e-06,-0.46875494399999695,0.61949999296,1.4811249968,-0.6249989120000006
7.733e-06,-0.46875494399999695,0.62574999232,1.4811249968,-0.6249989120000006
7.7335e-06,-0.46875494399999695,0.61949999296,1.483624996544,-0.6249989120000006
7.734e-06,-0.46875494399999695,0.62574999232,1.483624996544,-0.6249989120000006
7.7345e-06,-0.46875494399999695,0.63199999168,1.4811249968,-0.6249989120000006
7.735000000000001e-06,0.312495104000007,0.62574999232,1.4811249968,-0.9374988799999997
7.7355e-06,0.312495104000007,0.62574999232,1.4811249968,-0.9374988799999997
7.736e-06,0.312495104000007,0.63199999168,1.478624997056,-0.6249989120000006
7.736500000000001e-06,-0.46875494399999695,0.61949999296,1.4823749966720001,-0.9374988799999997
7.737e-06,0.312495104000007,0.61949999296,1.479874996928,-0.6249989120000006
7.7375e-06,0.312495104000007,0.62574999232,1.4811249968,-0.6249989120000006
7.738000000000001e-06,0.312495104000007,0.62574999232,1.4811249968,-0.6249989120000006
7.7385e-06,-0.46875494399999695,0.62574999232,1.4823749966720001,-0.6249989120000006
7.739e-06,0.312495104000007,0.61949999296,1.484874996416,-0.6249989120000006
7.739500000000001e-06,-0.46875494399999695,0.61949999296,1.483624996544,-0.6249989120000006
7.74e-06,-0.46875494399999695,0.61949999296,1.4823749966720001,-0.6249989120000006
7.7405e-06,-0.46875494399999695,0.61949999296,1.479874996928,-0.9374988799999997
7.741000000000001e-06,1.0937451519999968,0.61949999296,1.478624997056,-0.31249894400000144
7.7415e-06,0.312495104000007,0.61949999296,1.479874996928,-0.6249989120000006
7.742e-06,-0.46875494399999695,0.61949999296,1.4811249968,-0.6249989120000006
7.7425e-06,0.312495104000007,0.62574999232,1.4823749966720001,-0.9374988799999997
7.743e-06,0.312495104000007,0.62574999232,1.4823749966720001,-0.9374988799999997
7.7435e-06,0.312495104000007,0.61949999296,1.4823749966720001,-0.9374988799999997
7.744e-06,-0.46875494399999695,0.61949999296,1.479874996928,-0.6249989120000006
7.7445e-06,0.312495104000007,0.61949999296,1.4823749966720001,-0.9374988799999997
7.745000000000001e-06,-1.250004992000001,0.61949999296,1.4823749966720001,-0.9374988799999997
7.7455e-06,-0.46875494399999695,0.62574999232,1.4811249968,-0.9374988799999997
7.746e-06,0.312495104000007,0.62574999232,1.479874996928,-0.9374988799999997
7.746500000000001e-06,-0.46875494399999695,0.62574999232,1.4811249968,-0.9374988799999997
7.747e-06,-0.46875494399999695,0.63199999168,1.483624996544,-0.9374988799999997
7.7475e-06,-0.46875494399999695,0.62574999232,1.4823749966720001,-0.31249894400000144
7.748000000000001e-06,-0.46875494399999695,0.62574999232,1.4811249968,-0.6249989120000006
7.7485e-06,-0.46875494399999695,0.62574999232,1.4823749966720001,-0.9374988799999997
7.749e-06,0.312495104000007,0.61949999296,1.4823749966720001,-0.9374988799999997
7.749500000000001e-06,-0.46875494399999695,0.62574999232,1.4823749966720001,-0.6249989120000006
7.75e-06,-0.46875494399999695,0.61949999296,1.478624997056,-0.31249894400000144
7.7505e-06,0.312495104000007,0.62574999232,1.479874996928,-0.9374988799999997
7.751e-06,0.312495104000007,0.63199999168,1.478624997056,-0.9374988799999997
7.7515e-06,0.312495104000007,0.61949999296,1.478624997056,-0.9374988799999997
7.752e-06,-0.46875494399999695,0.61949999296,1.477374997184,-0.9374988799999997
7.7525e-06,0.312495104000007,0.61949999296,1.479874996928,-0.9374988799999997
7.753e-06,0.312495104000007,0.61949999296,1.4823749966720001,-0.6249989120000006
7.753500000000001e-06,-0.46875494399999695,0.62574999232,1.4811249968,-0.6249989120000006
7.754e-06,-0.46875494399999695,0.62574999232,1.479874996928,-0.6249989120000006
7.7545e-06,-0.46875494399999695,0.62574999232,1.479874996928,-1.2499988480000006
7.755000000000001e-06,1.0937451519999968,0.62574999232,1.478624997056,-0.6249989120000006
7.7555e-06,-0.46875494399999695,0.62574999232,1.477374997184,-0.6249989120000006
7.756e-06,-0.46875494399999695,0.62574999232,1.477374997184,-0.9374988799999997
7.756500000000001e-06,-0.46875494399999695,0.62574999232,1.479874996928,-0.9374988799999997
7.757e-06,0.312495104000007,0.62574999232,1.479874996928,-0.6249989120000006
7.7575e-06,-0.46875494399999695,0.62574999232,1.4823749966720001,-0.9374988799999997
7.758000000000001e-06,0.312495104000007,0.61949999296,1.483624996544,-0.6249989120000006
7.7585e-06,0.312495104000007,0.62574999232,1.4823749966720001,-0.9374988799999997
7.759e-06,0.312495104000007,0.62574999232,1.479874996928,-0.9374988799999997
7.7595e-06,0.312495104000007,0.61949999296,1.478624997056,-0.9374988799999997
7.76e-06,-0.46875494399999695,0.62574999232,1.476124997312,-0.9374988799999997
7.7605e-06,0.312495104000007,0.62574999232,1.479874996928,-0.9374988799999997
7.761e-06,-0.46875494399999695,0.61949999296,1.479874996928,-0.9374988799999997
7.7615e-06,0.312495104000007,0.62574999232,1.477374997184,-0.9374988799999997
7.762000000000001e-06,0.312495104000007,0.61949999296,1.478624997056,-0.9374988799999997
7.7625e-06,0.312495104000007,0.61949999296,1.478624997056,-0.9374988799999997
7.763e-06,0.312495104000007,0.61949999296,1.479874996928,-0.9374988799999997
7.763500000000001e-06,0.312495104000007,0.61949999296,1.4823749966720001,-0.6249989120000006
7.764e-06,0.312495104000007,0.61949999296,1.479874996928,-0.9374988799999997
7.7645e-06,1.0937451519999968,0.61949999296,1.477374997184,-0.9374988799999997
7.765000000000001e-06,0.312495104000007,0.62574999232,1.478624997056,-0.9374988799999997
7.7655e-06,-0.46875494399999695,0.61949999296,1.4811249968,-0.9374988799999997
7.766e-06,0.312495104000007,0.61949999296,1.4823749966720001,-0.6249989120000006
7.766500000000001e-06,-0.46875494399999695,0.62574999232,1.4823749966720001,-0.9374988799999997
7.767e-06,0.312495104000007,0.62574999232,1.4811249968,-0.6249989120000006
7.7675e-06,0.312495104000007,0.61949999296,1.479874996928,-0.9374988799999997
7.768e-06,0.312495104000007,0.61949999296,1.477374997184,-1.2499988480000006
7.7685e-06,-0.46875494399999695,0.61949999296,1.4811249968,-1.2499988480000006
7.769e-06,-0.46875494399999695,0.61949999296,1.4811249968,-0.9374988799999997
7.7695e-06,-0.46875494399999695,0.62574999232,1.4811249968,-0.9374988799999997
7.77e-06,-0.46875494399999695,0.62574999232,1.479874996928,-0.9374988799999997
7.770500000000001e-06,-0.46875494399999695,0.62574999232,1.479874996928,-0.9374988799999997
7.771e-06,0.312495104000007,0.63199999168,1.4823749966720001,-0.6249989120000006
7.7715e-06,0.312495104000007,0.62574999232,1.479874996928,-0.9374988799999997
7.772000000000001e-06,-0.46875494399999695,0.61949999296,1.478624997056,-0.6249989120000006
7.7725e-06,-0.46875494399999695,0.61949999296,1.479874996928,-0.9374988799999997
7.773e-06,-0.46875494399999695,0.61949999296,1.4811249968,-0.9374988799999997
7.773500000000001e-06,-0.46875494399999695,0.61949999296,1.479874996928,-0.9374988799999997
7.774e-06,-0.46875494399999695,0.61949999296,1.478624997056,-0.6249989120000006
7.7745e-06,0.312495104000007,0.62574999232,1.478624997056,-0.9374988799999997
7.775000000000001e-06,-0.46875494399999695,0.62574999232,1.4811249968,-0.6249989120000006
7.7755e-06,-1.250004992000001,0.61949999296,1.478624997056,-0.9374988799999997
7.776e-06,-1.250004992000001,0.61949999296,1.476124997312,-0.9374988799999997
7.7765e-06,-0.46875494399999695,0.61949999296,1.479874996928,-1.2499988480000006
7.777e-06,0.312495104000007,0.61949999296,1.4811249968,-0.6249989120000006
7.7775e-06,0.312495104000007,0.62574999232,1.479874996928,-0.9374988799999997
7.778e-06,0.312495104000007,0.61949999296,1.479874996928,-0.9374988799999997
7.7785e-06,-0.46875494399999695,0.62574999232,1.4811249968,-0.6249989120000006
7.779000000000001e-06,-0.46875494399999695,0.62574999232,1.478624997056,-0.6249989120000006
7.7795e-06,-0.46875494399999695,0.62574999232,1.476124997312,-0.6249989120000006
7.78e-06,-1.250004992000001,0.61949999296,1.477374997184,-0.6249989120000006
7.780500000000001e-06,-0.46875494399999695,0.61949999296,1.4811249968,-0.9374988799999997
7.781e-06,0.312495104000007,0.61949999296,1.4823749966720001,-0.6249989120000006
7.7815e-06,0.312495104000007,0.62574999232,1.479874996928,-0.6249989120000006
7.782000000000001e-06,-0.46875494399999695,0.61949999296,1.478624997056,-0.6249989120000006
7.7825e-06,0.312495104000007,0.62574999232,1.478624997056,-0.6249989120000006
7.783e-06,-0.46875494399999695,0.62574999232,1.479874996928,-0.6249989120000006
7.783500000000001e-06,0.312495104000007,0.61949999296,1.4823749966720001,-0.9374988799999997
7.784e-06,-1.250004992000001,0.63199999168,1.479874996928,-0.9374988799999997
7.7845e-06,0.312495104000007,0.62574999232,1.4823749966720001,-0.9374988799999997
7.785000000000001e-06,-1.250004992000001,0.61949999296,1.4811249968,-0.9374988799999997
7.7855e-06,0.312495104000007,0.62574999232,1.479874996928,-0.9374988799999997
7.786e-06,0.312495104000007,0.62574999232,1.478624997056,-0.9374988799999997
7.7865e-06,0.312495104000007,0.62574999232,1.479874996928,-0.9374988799999997
7.787e-06,-0.46875494399999695,0.63199999168,1.478624997056,-0.9374988799999997
7.787500000000001e-06,-0.46875494399999695,0.62574999232,1.477374997184,-0.9374988799999997
7.788e-06,-0.46875494399999695,0.61949999296,1.478624997056,-0.9374988799999997
7.7885e-06,-0.46875494399999695,0.62574999232,1.4811249968,-0.9374988799999997
7.789000000000001e-06,-0.46875494399999695,0.62574999232,1.478624997056,-0.6249989120000006
7.7895e-06,-0.46875494399999695,0.61949999296,1.477374997184,-0.9374988799999997
7.79e-06,-0.46875494399999695,0.62574999232,1.478624997056,-0.6249989120000006
7.790500000000001e-06,0.312495104000007,0.62574999232,1.4823749966720001,-0.6249989120000006
7.791e-06,-0.46875494399999695,0.62574999232,1.4811249968,-0.9374988799999997
7.7915e-06,0.312495104000007,0.61949999296,1.479874996928,-0.9374988799999997
7.792000000000001e-06,-0.46875494399999695,0.62574999232,1.477374997184,-0.9374988799999997
7.7925e-06,-0.46875494399999695,0.61949999296,1.478624997056,-1.2499988480000006
7.793e-06,0.312495104000007,0.61949999296,1.479874996928,-1.2499988480000006
7.793500000000001e-06,-0.46875494399999695,0.62574999232,1.4811249968,-0.9374988799999997
7.794e-06,0.312495104000007,0.62574999232,1.479874996928,-0.9374988799999997
7.7945e-06,-0.46875494399999695,0.61949999296,1.478624997056,-0.6249989120000006
7.795e-06,-0.46875494399999695,0.62574999232,1.477374997184,-0.9374988799999997
7.7955e-06,0.312495104000007,0.63199999168,1.477374997184,-0.9374988799999997
7.796000000000001e-06,0.312495104000007,0.61949999296,1.479874996928,-0.6249989120000006
7.7965e-06,0.312495104000007,0.61949999296,1.479874996928,-0.9374988799999997
7.797e-06,0.312495104000007,0.61949999296,1.4811249968,-0.6249989120000006
7.797500000000001e-06,-0.46875494399999695,0.61949999296,1.4811249968,-0.6249989120000006
7.798e-06,-0.46875494399999695,0.61949999296,1.4811249968,-0.6249989120000006
7.7985e-06,-0.46875494399999695,0.6132499936,1.4811249968,-0.6249989120000006
7.799000000000001e-06,-0.46875494399999695,0.61949999296,1.479874996928,-0.6249989120000006
7.7995e-06,0.312495104000007,0.62574999232,1.479874996928,-0.9374988799999997
7.8e-06,0.312495104000007,0.62574999232,1.478624997056,-0.9374988799999997
7.800500000000001e-06,-0.46875494399999695,0.61949999296,1.479874996928,-0.9374988799999997
7.801e-06,-1.250004992000001,0.61949999296,1.478624997056,-0.6249989120000006
7.8015e-06,-1.250004992000001,0.62574999232,1.478624997056,-0.9374988799999997
7.802000000000001e-06,-0.46875494399999695,0.61949999296,1.4811249968,-0.9374988799999997
7.8025e-06,-0.46875494399999695,0.62574999232,1.4823749966720001,-0.9374988799999997
7.803e-06,-0.46875494399999695,0.63199999168,1.479874996928,-0.9374988799999997
7.8035e-06,-0.46875494399999695,0.62574999232,1.478624997056,-0.9374988799999997
7.804e-06,0.312495104000007,0.61949999296,1.478624997056,-0.6249989120000006
7.804500000000001e-06,-0.46875494399999695,0.62574999232,1.4823749966720001,-0.9374988799999997
7.805e-06,0.312495104000007,0.62574999232,1.4823749966720001,-0.9374988799999997
7.8055e-06,-0.46875494399999695,0.61949999296,1.479874996928,-0.9374988799999997
7.806000000000001e-06,0.312495104000007,0.63199999168,1.478624997056,-0.9374988799999997
7.8065e-06,0.312495104000007,0.62574999232,1.479874996928,-0.6249989120000006
7.807e-06,-0.46875494399999695,0.63199999168,1.478624997056,-0.9374988799999997
7.807500000000001e-06,0.312495104000007,0.63199999168,1.479874996928,-1.2499988480000006
7.808e-06,0.312495104000007,0.63199999168,1.477374997184,-0.9374988799999997
7.8085e-06,-0.46875494399999695,0.61949999296,1.4811249968,-0.9374988799999997
7.809000000000001e-06,0.312495104000007,0.61949999296,1.4811249968,-0.6249989120000006
7.8095e-06,0.312495104000007,0.62574999232,1.479874996928,-0.9374988799999997
7.81e-06,0.312495104000007,0.62574999232,1.4811249968,-0.9374988799999997
7.810500000000001e-06,0.312495104000007,0.62574999232,1.4823749966720001,-0.9374988799999997
7.811e-06,-0.46875494399999695,0.61949999296,1.483624996544,-0.6249989120000006
7.8115e-06,-0.46875494399999695,0.62574999232,1.4811249968,-0.6249989120000006
7.812e-06,-1.250004992000001,0.62574999232,1.4811249968,-0.6249989120000006
7.8125e-06,-0.46875494399999695,0.61949999296,1.4823749966720001,-0.9374988799999997
7.813000000000001e-06,0.312495104000007,0.61949999296,1.4823749966720001,-0.6249989120000006
7.8135e-06,0.312495104000007,0.61949999296,1.484874996416,-0.9374988799999997
7.814e-06,-0.46875494399999695,0.61949999296,1.483624996544,-0.6249989120000006
7.814500000000001e-06,-0.46875494399999695,0.62574999232,1.4811249968,-0.6249989120000006
7.815e-06,0.312495104000007,0.62574999232,1.4811249968,-0.9374988799999997
7.8155e-06,0.312495104000007,0.61949999296,1.4823749966720001,-0.9374988799999997
7.816000000000001e-06,-0.46875494399999695,0.62574999232,1.479874996928,-0.9374988799999997
7.8165e-06,-0.46875494399999695,0.62574999232,1.4811249968,-0.9374988799999997
7.817e-06,0.312495104000007,0.62574999232,1.479874996928,-0.9374988799999997
7.817500000000001e-06,0.312495104000007,0.62574999232,1.4823749966720001,-0.6249989120000006
7.818e-06,0.312495104000007,0.62574999232,1.4823749966720001,-0.9374988799999997
7.8185e-06,0.312495104000007,0.62574999232,1.483624996544,-0.9374988799999997
7.819000000000001e-06,0.312495104000007,0.63199999168,1.4823749966720001,-1.2499988480000006
7.8195e-06,-0.46875494399999695,0.62574999232,1.4811249968,-0.9374988799999997
7.82e-06,-1.250004992000001,0.61949999296,1.479874996928,-0.9374988799999997
7.8205e-06,-0.46875494399999695,0.63199999168,1.4811249968,-0.9374988799999997
7.821e-06,0.312495104000007,0.63199999168,1.4823749966720001,-0.9374988799999997
7.821500000000001e-06,0.312495104000007,0.62574999232,1.479874996928,-0.9374988799999997
7.822e-06,-0.46875494399999695,0.62574999232,1.4811249968,-0.9374988799999997
7.8225e-06,0.312495104000007,0.62574999232,1.4811249968,-0.9374988799999997
7.823000000000001e-06,0.312495104000007,0.62574999232,1.4811249968,-0.9374988799999997
7.8235e-06,0.312495104000007,0.62574999232,1.4811249968,-1.2499988480000006
7.824e-06,0.312495104000007,0.63199999168,1.477374997184,-0.9374988799999997
7.824500000000001e-06,0.312495104000007,0.62574999232,1.479874996928,-0.9374988799999997
7.825e-06,-1.250004992000001,0.62574999232,1.479874996928,-0.9374988799999997
7.8255e-06,0.312495104000007,0.63199999168,1.479874996928,-0.9374988799999997
7.826000000000001e-06,0.312495104000007,0.63199999168,1.4811249968,-1.2499988480000006
7.8265e-06,-0.46875494399999695,0.63199999168,1.4823749966720001,-1.2499988480000006
7.827e-06,-0.46875494399999695,0.62574999232,1.479874996928,-0.6249989120000006
7.827500000000001e-06,0.312495104000007,0.61949999296,1.479874996928,-0.6249989120000006
7.828e-06,0.312495104000007,0.61949999296,1.479874996928,-0.6249989120000006
7.8285e-06,0.312495104000007,0.63199999168,1.479874996928,-0.9374988799999997
7.829e-06,0.312495104000007,0.62574999232,1.479874996928,-0.9374988799999997
7.8295e-06,0.312495104000007,0.62574999232,1.4811249968,-0.9374988799999997
7.830000000000001e-06,0.312495104000007,0.61949999296,1.4823749966720001,-0.9374988799999997
7.8305e-06,-0.46875494399999695,0.63199999168,1.4823749966720001,-0.9374988799999997
7.831e-06,-1.250004992000001,0.63199999168,1.479874996928,-0.9374988799999997
7.831500000000001e-06,-1.250004992000001,0.62574999232,1.479874996928,-0.9374988799999997
7.832e-06,0.312495104000007,0.61949999296,1.479874996928,-0.9374988799999997
7.8325e-06,0.312495104000007,0.61949999296,1.479874996928,-1.2499988480000006
7.833000000000001e-06,-0.46875494399999695,0.62574999232,1.478624997056,-1.2499988480000006
7.8335e-06,0.312495104000007,0.61949999296,1.478624997056,-1.2499988480000006
7.834e-06,-0.46875494399999695,0.61949999296,1.479874996928,-1.2499988480000006
7.834500000000001e-06,-0.46875494399999695,0.61949999296,1.4811249968,-1.2499988480000006
7.835e-06,-0.46875494399999695,0.62574999232,1.479874996928,-0.9374988799999997
7.8355e-06,-0.46875494399999695,0.62574999232,1.4811249968,-0.9374988799999997
7.836000000000001e-06,-0.46875494399999695,0.61949999296,1.479874996928,-1.2499988480000006
7.8365e-06,-0.46875494399999695,0.63199999168,1.4823749966720001,-1.2499988480000006
7.837e-06,0.312495104000007,0.63199999168,1.483624996544,-0.9374988799999997
7.8375e-06,0.312495104000007,0.62574999232,1.4823749966720001,-0.9374988799999997
7.838e-06,0.312495104000007,0.61949999296,1.479874996928,-1.2499988480000006
7.838500000000001e-06,0.312495104000007,0.62574999232,1.4811249968,-0.9374988799999997
7.839e-06,0.312495104000007,0.63199999168,1.4823749966720001,-0.9374988799999997
7.8395e-06,-0.46875494399999695,0.61949999296,1.484874996416,-0.9374988799999997
7.840000000000001e-06,0.312495104000007,0.62574999232,1.483624996544,-1.2499988480000006
7.8405e-06,0.312495104000007,0.62574999232,1.4823749966720001,-1.2499988480000006
7.841e-06,0.312495104000007,0.62574999232,1.4811249968,-0.9374988799999997
7.841500000000001e-06,-0.46875494399999695,0.62574999232,1.484874996416,-0.9374988799999997
7.842e-06,0.312495104000007,0.62574999232,1.48737499616,-1.2499988480000006
7.8425e-06,-0.46875494399999695,0.63199999168,1.486124996288,-1.2499988480000006
7.843000000000001e-06,0.312495104000007,0.63199999168,1.483624996544,-0.9374988799999997
7.8435e-06,-0.46875494399999695,0.62574999232,1.483624996544,-0.9374988799999997
7.844e-06,-0.46875494399999695,0.61949999296,1.4811249968,-0.9374988799999997
7.844500000000001e-06,-0.46875494399999695,0.62574999232,1.479874996928,-0.9374988799999997
7.845e-06,-0.46875494399999695,0.62574999232,1.479874996928,-0.9374988799999997
7.8455e-06,-0.46875494399999695,0.62574999232,1.479874996928,-1.2499988480000006
7.846e-06,-0.46875494399999695,0.61949999296,1.4811249968,-0.6249989120000006
7.8465e-06,-0.46875494399999695,0.62574999232,1.479874996928,-0.9374988799999997
7.847000000000001e-06,-0.46875494399999695,0.62574999232,1.478624997056,-1.2499988480000006
7.8475e-06,-0.46875494399999695,0.61949999296,1.479874996928,-0.9374988799999997
7.848e-06,-0.46875494399999695,0.61949999296,1.4811249968,-0.9374988799999997
7.848500000000001e-06,0.312495104000007,0.62574999232,1.483624996544,-0.9374988799999997
7.849e-06,-0.46875494399999695,0.62574999232,1.4823749966720001,-0.9374988799999997
7.8495e-06,0.312495104000007,0.62574999232,1.4811249968,-0.9374988799999997
7.850000000000001e-06,0.312495104000007,0.63199999168,1.479874996928,-1.2499988480000006
7.8505e-06,-0.46875494399999695,0.62574999232,1.4823749966720001,-1.2499988480000006
7.851e-06,-0.46875494399999695,0.62574999232,1.484874996416,-1.2499988480000006
7.851500000000001e-06,-0.46875494399999695,0.62574999232,1.4811249968,-0.9374988799999997
7.852e-06,-0.46875494399999695,0.61949999296,1.479874996928,-0.9374988799999997
7.8525e-06,-0.46875494399999695,0.62574999232,1.4811249968,-1.2499988480000006
7.853000000000001e-06,0.312495104000007,0.61949999296,1.4823749966720001,-0.9374988799999997
7.8535e-06,0.312495104000007,0.62574999232,1.4823749966720001,-0.6249989120000006
7.854e-06,0.312495104000007,0.61949999296,1.4823749966720001,-0.9374988799999997
7.8545e-06,-0.46875494399999695,0.62574999232,1.4811249968,-0.9374988799999997
7.855e-06,-0.46875494399999695,0.62574999232,1.479874996928,-0.9374988799999997
7.855500000000001e-06,0.312495104000007,0.62574999232,1.4811249968,-1.2499988480000006
7.856e-06,-0.46875494399999695,0.62574999232,1.479874996928,-1.2499988480000006
7.8565e-06,-0.46875494399999695,0.62574999232,1.4823749966720001,-1.2499988480000006
7.857000000000001e-06,0.312495104000007,0.61949999296,1.483624996544,-0.9374988799999997
7.8575e-06,-0.46875494399999695,0.61949999296,1.483624996544,-0.9374988799999997
7.858e-06,-0.46875494399999695,0.6132499936,1.4823749966720001,-0.9374988799999997
7.858500000000001e-06,-0.46875494399999695,0.6132499936,1.483624996544,-1.2499988480000006
7.859e-06,0.312495104000007,0.61949999296,1.483624996544,-0.9374988799999997
7.8595e-06,0.312495104000007,0.61949999296,1.483624996544,-0.9374988799999997
7.860000000000001e-06,0.312495104000007,0.61949999296,1.4811249968,-0.9374988799999997
7.8605e-06,-0.46875494399999695,0.61949999296,1.479874996928,-1.2499988480000006
7.861e-06,0.312495104000007,0.61949999296,1.479874996928,-0.9374988799999997
7.861500000000001e-06,0.312495104000007,0.62574999232,1.479874996928,-0.9374988799999997
7.862e-06,-0.46875494399999695,0.61949999296,1.4811249968,-0.6249989120000006
7.8625e-06,0.312495104000007,0.61949999296,1.479874996928,-0.9374988799999997
7.863e-06,0.312495104000007,0.62574999232,1.476124997312,-1.2499988480000006
7.8635e-06,0.312495104000007,0.62574999232,1.479874996928,-1.5624988160000015
7.864000000000001e-06,0.312495104000007,0.62574999232,1.478624997056,-1.2499988480000006
7.8645e-06,0.312495104000007,0.61949999296,1.478624997056,-1.5624988160000015
7.865e-06,-1.250004992000001,0.61949999296,1.478624997056,-0.9374988799999997
7.865500000000001e-06,-0.46875494399999695,0.61949999296,1.4811249968,-0.9374988799999997
7.866e-06,0.312495104000007,0.61949999296,1.478624997056,-0.9374988799999997
7.8665e-06,0.312495104000007,0.62574999232,1.478624997056,-0.9374988799999997
7.867000000000001e-06,0.312495104000007,0.62574999232,1.479874996928,-0.9374988799999997
7.8675e-06,0.312495104000007,0.62574999232,1.479874996928,-0.9374988799999997
7.868e-06,0.312495104000007,0.61949999296,1.4811249968,-1.2499988480000006
7.868500000000001e-06,0.312495104000007,0.62574999232,1.479874996928,-1.2499988480000006
7.869e-06,0.312495104000007,0.62574999232,1.478624997056,-0.9374988799999997
7.8695e-06,0.312495104000007,0.62574999232,1.477374997184,-1.2499988480000006
7.870000000000001e-06,-0.46875494399999695,0.62574999232,1.479874996928,-0.9374988799999997
7.8705e-06,-0.46875494399999695,0.61949999296,1.4811249968,-1.2499988480000006
7.871e-06,-1.250004992000001,0.63199999168,1.479874996928,-1.2499988480000006
7.8715e-06,-0.46875494399999695,0.62574999232,1.4811249968,-1.2499988480000006
7.872e-06,-0.46875494399999695,0.62574999232,1.4811249968,-1.2499988480000006
7.872500000000001e-06,0.312495104000007,0.61949999296,1.4811249968,-1.2499988480000006
7.873e-06,-0.46875494399999695,0.62574999232,1.479874996928,-0.9374988799999997
7.8735e-06,-0.46875494399999695,0.62574999232,1.478624997056,-0.9374988799999997
7.874000000000001e-06,0.312495104000007,0.62574999232,1.4811249968,-0.9374988799999997
7.8745e-06,-0.46875494399999695,0.61949999296,1.4823749966720001,-1.2499988480000006
7.875e-06,-0.46875494399999695,0.62574999232,1.479874996928,-0.9374988799999997
7.875500000000001e-06,-0.46875494399999695,0.62574999232,1.4823749966720001,-0.9374988799999997
7.876e-06,-0.46875494399999695,0.62574999232,1.4811249968,-1.2499988480000006
7.8765e-06,0.312495104000007,0.62574999232,1.4811249968,-1.2499988480000006
7.877000000000001e-06,0.312495104000007,0.62574999232,1.479874996928,-0.9374988799999997
7.8775e-06,-1.250004992000001,0.62574999232,1.4811249968,-0.9374988799999997
7.878e-06,-0.46875494399999695,0.62574999232,1.4823749966720001,-0.9374988799999997
7.878500000000001e-06,-0.46875494399999695,0.62574999232,1.4823749966720001,-1.2499988480000006
7.879e-06,0.312495104000007,0.63199999168,1.483624996544,-0.9374988799999997
7.8795e-06,-0.46875494399999695,0.61949999296,1.4823749966720001,-1.2499988480000006
7.88e-06,-0.46875494399999695,0.62574999232,1.4823749966720001,-0.9374988799999997
7.8805e-06,-0.46875494399999695,0.61949999296,1.4823749966720001,-1.2499988480000006
7.881000000000001e-06,-1.250004992000001,0.61949999296,1.4811249968,-0.9374988799999997
7.8815e-06,0.312495104000007,0.61949999296,1.479874996928,-0.9374988799999997
7.882e-06,0.312495104000007,0.6132499936,1.4823749966720001,-1.2499988480000006
7.882500000000001e-06,-0.46875494399999695,0.61949999296,1.483624996544,-1.2499988480000006
7.883e-06,-0.46875494399999695,0.62574999232,1.4823749966720001,-1.2499988480000006
7.8835e-06,-0.46875494399999695,0.62574999232,1.4811249968,-0.9374988799999997
7.884000000000001e-06,-0.46875494399999695,0.62574999232,1.4811249968,-1.2499988480000006
7.8845e-06,-0.46875494399999695,0.62574999232,1.4823749966720001,-1.2499988480000006
7.885e-06,0.312495104000007,0.62574999232,1.4823749966720001,-1.2499988480000006
7.885500000000001e-06,-0.46875494399999695,0.61949999296,1.478624997056,-1.5624988160000015
7.886e-06,-0.46875494399999695,0.61949999296,1.478624997056,-0.9374988799999997
7.8865e-06,-0.46875494399999695,0.6132499936,1.4811249968,-0.9374988799999997
7.887000000000001e-06,-0.46875494399999695,0.61949999296,1.479874996928,-1.2499988480000006
7.8875e-06,-0.46875494399999695,0.61949999296,1.479874996928,-0.9374988799999997
7.888e-06,-0.46875494399999695,0.61949999296,1.477374997184,-1.2499988480000006
7.8885e-06,-0.46875494399999695,0.62574999232,1.479874996928,-1.2499988480000006
7.889e-06,-0.46875494399999695,0.61949999296,1.4811249968,-0.9374988799999997
7.889500000000001e-06,-0.46875494399999695,0.62574999232,1.483624996544,-0.9374988799999997
7.89e-06,-0.46875494399999695,0.62574999232,1.483624996544,-0.9374988799999997
7.8905e-06,-0.46875494399999695,0.62574999232,1.483624996544,-1.2499988480000006
7.891000000000001e-06,-0.46875494399999695,0.62574999232,1.4823749966720001,-1.2499988480000006
7.8915e-06,-0.46875494399999695,0.61949999296,1.479874996928,-0.9374988799999997
7.892e-06,-0.46875494399999695,0.62574999232,1.479874996928,-0.9374988799999997
7.892500000000001e-06,0.312495104000007,0.62574999232,1.479874996928,-0.9374988799999997
7.893e-06,0.312495104000007,0.62574999232,1.477374997184,-0.9374988799999997
7.8935e-06,-1.250004992000001,0.62574999232,1.478624997056,-0.9374988799999997
7.894000000000001e-06,-0.46875494399999695,0.62574999232,1.4811249968,-0.6249989120000006
7.8945e-06,-0.46875494399999695,0.61949999296,1.4823749966720001,-0.9374988799999997
7.895e-06,-1.250004992000001,0.62574999232,1.479874996928,-0.9374988799999997
7.895500000000001e-06,-0.46875494399999695,0.61949999296,1.4823749966720001,-1.2499988480000006
7.896e-06,-0.46875494399999695,0.62574999232,1.4811249968,-1.2499988480000006
7.8965e-06,-0.46875494399999695,0.62574999232,1.4823749966720001,-1.2499988480000006
7.897e-06,0.312495104000007,0.62574999232,1.4811249968,-0.9374988799999997
7.8975e-06,-0.46875494399999695,0.62574999232,1.479874996928,-0.9374988799999997
7.898000000000001e-06,0.312495104000007,0.61949999296,1.478624997056,-0.9374988799999997
7.8985e-06,-0.46875494399999695,0.62574999232,1.479874996928,-1.2499988480000006
7.899e-06,-0.46875494399999695,0.62574999232,1.483624996544,-0.9374988799999997
7.899500000000001e-06,0.312495104000007,0.61949999296,1.484874996416,-0.9374988799999997
7.9e-06,-0.46875494399999695,0.61949999296,1.483624996544,-1.2499988480000006
7.9005e-06,-0.46875494399999695,0.61949999296,1.483624996544,-1.2499988480000006
7.901000000000001e-06,0.312495104000007,0.61949999296,1.4823749966720001,-1.2499988480000006
7.9015e-06,-0.46875494399999695,0.61949999296,1.4811249968,-1.2499988480000006
7.902e-06,-0.46875494399999695,0.62574999232,1.479874996928,-0.9374988799999997
7.902500000000001e-06,-0.46875494399999695,0.62574999232,1.479874996928,-0.9374988799999997
7.903e-06,0.312495104000007,0.62574999232,1.478624997056,-0.9374988799999997
7.9035e-06,-0.46875494399999695,0.61949999296,1.478624997056,-0.9374988799999997
7.904000000000001e-06,-0.46875494399999695,0.61949999296,1.477374997184,-1.2499988480000006
7.9045e-06,-0.46875494399999695,0.62574999232,1.4811249968,-1.2499988480000006
7.905e-06,-1.250004992000001,0.62574999232,1.4823749966720001,-1.2499988480000006
7.9055e-06,-1.250004992000001,0.62574999232,1.4811249968,-1.2499988480000006
7.906e-06,-0.46875494399999695,0.62574999232,1.479874996928,-1.2499988480000006
7.906500000000001e-06,-0.46875494399999695,0.62574999232,1.478624997056,-1.2499988480000006
7.907e-06,-0.46875494399999695,0.6382499910399999,1.4811249968,-1.2499988480000006
7.9075e-06,-0.46875494399999695,0.62574999232,1.4811249968,-1.2499988480000006
7.908000000000001e-06,-0.46875494399999695,0.62574999232,1.477374997184,-1.2499988480000006
7.9085e-06,-0.46875494399999695,0.63199999168,1.478624997056,-1.2499988480000006
7.909e-06,0.312495104000007,0.61949999296,1.4823749966720001,-1.2499988480000006
7.909500000000001e-06,-0.46875494399999695,0.62574999232,1.483624996544,-1.2499988480000006
7.91e-06,-0.46875494399999695,0.61949999296,1.483624996544,-1.2499988480000006
7.9105e-06,-0.46875494399999695,0.62574999232,1.483624996544,-0.9374988799999997
7.911000000000001e-06,-0.46875494399999695,0.62574999232,1.483624996544,-1.2499988480000006
7.9115e-06,0.312495104000007,0.62574999232,1.484874996416,-1.2499988480000006
7.912e-06,-0.46875494399999695,0.63199999168,1.4811249968,-1.5624988160000015
7.912500000000001e-06,0.312495104000007,0.62574999232,1.4823749966720001,-1.5624988160000015
7.913e-06,0.312495104000007,0.62574999232,1.478624997056,-1.2499988480000006
7.9135e-06,0.312495104000007,0.62574999232,1.4811249968,-1.2499988480000006
7.914e-06,-0.46875494399999695,0.63199999168,1.4811249968,-1.2499988480000006
7.9145e-06,-0.46875494399999695,0.63199999168,1.4823749966720001,-1.2499988480000006
7.915000000000001e-06,-0.46875494399999695,0.62574999232,1.4823749966720001,-0.9374988799999997
7.9155e-06,0.312495104000007,0.62574999232,1.4811249968,-0.9374988799999997
7.916e-06,-0.46875494399999695,0.63199999168,1.4811249968,-1.2499988480000006
7.916500000000001e-06,-0.46875494399999695,0.62574999232,1.4811249968,-1.5624988160000015
7.917e-06,-0.46875494399999695,0.63199999168,1.4811249968,-0.9374988799999997
7.9175e-06,-0.46875494399999695,0.63199999168,1.4811249968,-1.2499988480000006
7.918000000000001e-06,-0.46875494399999695,0.61949999296,1.479874996928,-0.6249989120000006
7.9185e-06,0.312495104000007,0.62574999232,1.4811249968,-0.9374988799999997
7.919e-06,0.312495104000007,0.63199999168,1.4811249968,-1.2499988480000006
7.919500000000001e-06,-0.46875494399999695,0.62574999232,1.4811249968,-1.2499988480000006
7.92e-06,-0.46875494399999695,0.62574999232,1.4823749966720001,-1.2499988480000006
7.9205e-06,-0.46875494399999695,0.62574999232,1.484874996416,-1.5624988160000015
7.921000000000001e-06,0.312495104000007,0.62574999232,1.4823749966720001,-1.2499988480000006
7.9215e-06,0.312495104000007,0.63199999168,1.479874996928,-1.2499988480000006
7.922e-06,0.312495104000007,0.62574999232,1.4811249968,-1.2499988480000006
7.9225e-06,0.312495104000007,0.63199999168,1.483624996544,-1.2499988480000006
7.923e-06,-0.46875494399999695,0.63199999168,1.486124996288,-1.2499988480000006
7.923500000000001e-06,0.312495104000007,0.63199999168,1.484874996416,-1.2499988480000006
7.924e-06,-0.46875494399999695,0.62574999232,1.4823749966720001,-1.2499988480000006
7.9245e-06,-0.46875494399999695,0.63199999168,1.483624996544,-1.2499988480000006
7.925000000000001e-06,-0.46875494399999695,0.63199999168,1.4823749966720001,-1.2499988480000006
7.9255e-06,0.312495104000007,0.63199999168,1.4823749966720001,-1.2499988480000006
7.926e-06,-0.46875494399999695,0.61949999296,1.4823749966720001,-0.9374988799999997
7.926500000000001e-06,0.312495104000007,0.62574999232,1.4811249968,-1.2499988480000006
7.927e-06,-0.46875494399999695,0.63199999168,1.479874996928,-1.2499988480000006
7.9275e-06,-1.250004992000001,0.62574999232,1.4823749966720001,-1.2499988480000006
7.928000000000001e-06,-1.250004992000001,0.62574999232,1.4823749966720001,-1.5624988160000015
7.9285e-06,-0.46875494399999695,0.62574999232,1.483624996544,-1.2499988480000006
7.929e-06,-1.250004992000001,0.61949999296,1.4823749966720001,-0.9374988799999997
7.929500000000001e-06,-0.46875494399999695,0.62574999232,1.4811249968,-1.2499988480000006
7.93e-06,-0.46875494399999695,0.62574999232,1.4823749966720001,-1.2499988480000006
7.9305e-06,0.312495104000007,0.62574999232,1.4823749966720001,-1.2499988480000006
7.931e-06,-0.46875494399999695,0.62574999232,1.4823749966720001,-1.2499988480000006
7.9315e-06,-0.46875494399999695,0.62574999232,1.4811249968,-0.9374988799999997
7.932000000000001e-06,-0.46875494399999695,0.62574999232,1.4811249968,-1.2499988480000006
7.9325e-06,-0.46875494399999695,0.63199999168,1.484874996416,-1.2499988480000006
7.933e-06,0.312495104000007,0.62574999232,1.484874996416,-1.5624988160000015
7.933500000000001e-06,-0.46875494399999695,0.62574999232,1.4823749966720001,-1.2499988480000006
7.934e-06,-0.46875494399999695,0.62574999232,1.4823749966720001,-1.2499988480000006
7.9345e-06,0.312495104000007,0.62574999232,1.483624996544,-1.5624988160000015
7.935000000000001e-06,-1.250004992000001,0.62574999232,1.4823749966720001,-1.2499988480000006
7.9355e-06,-1.250004992000001,0.62574999232,1.4823749966720001,-1.5624988160000015
7.936e-06,-1.250004992000001,0.63199999168,1.4823749966720001,-1.5624988160000015
7.936500000000001e-06,-0.46875494399999695,0.62574999232,1.4823749966720001,-1.2499988480000006
7.937e-06,-0.46875494399999695,0.62574999232,1.479874996928,-0.9374988799999997
7.9375e-06,0.312495104000007,0.62574999232,1.479874996928,-1.2499988480000006
7.938000000000001e-06,0.312495104000007,0.62574999232,1.4811249968,-0.9374988799999997
7.9385e-06,-0.46875494399999695,0.62574999232,1.4823749966720001,-1.2499988480000006
7.939e-06,0.312495104000007,0.62574999232,1.4823749966720001,-1.2499988480000006
7.9395e-06,-0.46875494399999695,0.62574999232,1.4823749966720001,-1.2499988480000006
7.94e-06,-0.46875494399999695,0.62574999232,1.483624996544,-1.2499988480000006
7.940500000000001e-06,-0.46875494399999695,0.63199999168,1.484874996416,-1.2499988480000006
7.941e-06,-0.46875494399999695,0.63199999168,1.4823749966720001,-1.2499988480000006
7.9415e-06,-1.250004992000001,0.62574999232,1.4811249968,-1.2499988480000006
7.942000000000001e-06,-0.46875494399999695,0.62574999232,1.4823749966720001,-0.9374988799999997
7.9425e-06,-0.46875494399999695,0.62574999232,1.4823749966720001,-1.2499988480000006
7.943e-06,0.312495104000007,0.62574999232,1.479874996928,-1.2499988480000006
7.943500000000001e-06,-0.46875494399999695,0.61949999296,1.4811249968,-1.2499988480000006
7.944e-06,0.312495104000007,0.62574999232,1.479874996928,-1.2499988480000006
7.9445e-06,-0.46875494399999695,0.61949999296,1.483624996544,-1.2499988480000006
7.945000000000001e-06,-1.250004992000001,0.62574999232,1.4823749966720001,-1.2499988480000006
7.9455e-06,0.312495104000007,0.62574999232,1.483624996544,-1.2499988480000006
7.946e-06,-0.46875494399999695,0.61949999296,1.483624996544,-1.2499988480000006
7.946500000000001e-06,-0.46875494399999695,0.61949999296,1.4823749966720001,-1.2499988480000006
7.947e-06,-0.46875494399999695,0.62574999232,1.4811249968,-1.2499988480000006
7.9475e-06,0.312495104000007,0.62574999232,1.4811249968,-1.2499988480000006
7.948e-06,-0.46875494399999695,0.62574999232,1.4811249968,-1.2499988480000006
7.9485e-06,-0.46875494399999695,0.62574999232,1.4823749966720001,-1.5624988160000015
7.949000000000001e-06,0.312495104000007,0.61949999296,1.483624996544,-1.2499988480000006
7.9495e-06,-0.46875494399999695,0.62574999232,1.4823749966720001,-1.2499988480000006
7.95e-06,-0.46875494399999695,0.61949999296,1.4811249968,-1.2499988480000006
7.950500000000001e-06,-0.46875494399999695,0.62574999232,1.483624996544,-1.2499988480000006
7.951e-06,-0.46875494399999695,0.62574999232,1.4823749966720001,-1.5624988160000015
7.9515e-06,-1.250004992000001,0.62574999232,1.483624996544,-1.5624988160000015
7.952000000000001e-06,0.312495104000007,0.62574999232,1.4823749966720001,-1.5624988160000015
7.9525e-06,-0.46875494399999695,0.61949999296,1.4823749966720001,-1.2499988480000006
7.953e-06,-0.46875494399999695,0.61949999296,1.4823749966720001,-1.2499988480000006
7.953500000000001e-06,-0.46875494399999695,0.61949999296,1.483624996544,-1.2499988480000006
7.954e-06,0.312495104000007,0.62574999232,1.4811249968,-1.2499988480000006
7.9545e-06,0.312495104000007,0.61949999296,1.478624997056,-1.2499988480000006
7.955000000000001e-06,-0.46875494399999695,0.61949999296,1.4811249968,-1.2499988480000006
7.9555e-06,0.312495104000007,0.62574999232,1.4823749966720001,-1.2499988480000006
7.956e-06,0.312495104000007,0.61949999296,1.4823749966720001,-1.2499988480000006
7.9565e-06,0.312495104000007,0.61949999296,1.483624996544,-1.5624988160000015
7.957e-06,0.312495104000007,0.62574999232,1.483624996544,-0.9374988799999997
7.957500000000001e-06,0.312495104000007,0.61949999296,1.4823749966720001,-1.2499988480000006
7.958e-06,0.312495104000007,0.62574999232,1.4811249968,-0.9374988799999997
7.9585e-06,0.312495104000007,0.62574999232,1.479874996928,-1.2499988480000006
7.959000000000001e-06,-0.46875494399999695,0.62574999232,1.478624997056,-1.2499988480000006
7.9595e-06,-0.46875494399999695,0.61949999296,1.4811249968,-1.5624988160000015
7.96e-06,-0.46875494399999695,0.61949999296,1.479874996928,-1.2499988480000006
7.960500000000001e-06,-0.46875494399999695,0.62574999232,1.4823749966720001,-1.5624988160000015
7.961e-06,0.312495104000007,0.61949999296,1.4823749966720001,-1.2499988480000006
7.9615e-06,0.312495104000007,0.62574999232,1.4823749966720001,-1.2499988480000006
7.962000000000001e-06,0.312495104000007,0.62574999232,1.483624996544,-1.2499988480000006
7.9625e-06,-0.46875494399999695,0.63199999168,1.4823749966720001,-1.5624988160000015
7.963e-06,-0.46875494399999695,0.62574999232,1.4811249968,-1.2499988480000006
7.963500000000001e-06,-0.46875494399999695,0.62574999232,1.4823749966720001,-1.2499988480000006
7.964e-06,-0.46875494399999695,0.62574999232,1.4811249968,-1.5624988160000015
7.9645e-06,-0.46875494399999695,0.63199999168,1.4811249968,-1.2499988480000006
7.965e-06,0.312495104000007,0.63199999168,1.4823749966720001,-1.2499988480000006
7.9655e-06,0.312495104000007,0.62574999232,1.4823749966720001,-1.5624988160000015
7.966000000000001e-06,0.312495104000007,0.62574999232,1.4823749966720001,-1.2499988480000006
7.9665e-06,0.312495104000007,0.62574999232,1.4811249968,-1.2499988480000006
7.967e-06,0.312495104000007,0.63199999168,1.4811249968,-1.2499988480000006
7.967500000000001e-06,0.312495104000007,0.62574999232,1.4823749966720001,-1.5624988160000015
7.968e-06,-0.46875494399999695,0.62574999232,1.4811249968,-1.5624988160000015
7.9685e-06,0.312495104000007,0.62574999232,1.483624996544,-1.5624988160000015
7.969000000000001e-06,-0.46875494399999695,0.61949999296,1.4811249968,-1.2499988480000006
7.9695e-06,-0.46875494399999695,0.62574999232,1.4823749966720001,-1.2499988480000006
7.97e-06,-0.46875494399999695,0.62574999232,1.4811249968,-1.2499988480000006
7.970500000000001e-06,-0.46875494399999695,0.62574999232,1.4823749966720001,-1.2499988480000006
7.971e-06,0.312495104000007,0.62574999232,1.4811249968,-1.2499988480000006
7.9715e-06,-0.46875494399999695,0.62574999232,1.483624996544,-1.2499988480000006
7.972000000000001e-06,-0.46875494399999695,0.62574999232,1.483624996544,-1.2499988480000006
7.9725e-06,-0.46875494399999695,0.63199999168,1.4823749966720001,-1.2499988480000006
7.973e-06,0.312495104000007,0.62574999232,1.4811249968,-1.5624988160000015
7.9735e-06,-0.46875494399999695,0.62574999232,1.4823749966720001,-1.2499988480000006
7.974e-06,0.312495104000007,0.61949999296,1.483624996544,-1.2499988480000006
7.974500000000001e-06,-0.46875494399999695,0.62574999232,1.484874996416,-1.2499988480000006
7.975e-06,1.0937451519999968,0.62574999232,1.4823749966720001,-1.5624988160000015
7.9755e-06,0.312495104000007,0.61949999296,1.4811249968,-1.5624988160000015
7.976000000000001e-06,0.312495104000007,0.61949999296,1.479874996928,-1.2499988480000006
7.9765e-06,0.312495104000007,0.62574999232,1.483624996544,-1.5624988160000015
7.977e-06,0.312495104000007,0.62574999232,1.4823749966720001,-1.5624988160000015
7.977500000000001e-06,0.312495104000007,0.62574999232,1.4823749966720001,-1.5624988160000015
7.978e-06,0.312495104000007,0.62574999232,1.479874996928,-1.5624988160000015
7.9785e-06,0.312495104000007,0.62574999232,1.479874996928,-1.2499988480000006
7.979000000000001e-06,-0.46875494399999695,0.61949999296,1.4811249968,-1.2499988480000006
7.9795e-06,0.312495104000007,0.61949999296,1.483624996544,-1.2499988480000006
7.98e-06,0.312495104000007,0.61949999296,1.4823749966720001,-1.2499988480000006
7.980500000000001e-06,-0.46875494399999695,0.62574999232,1.484874996416,-1.2499988480000006
7.981e-06,0.312495104000007,0.63199999168,1.483624996544,-1.2499988480000006
7.9815e-06,0.312495104000007,0.62574999232,1.4823749966720001,-1.2499988480000006
7.982e-06,0.312495104000007,0.62574999232,1.4823749966720001,-1.5624988160000015
7.9825e-06,-0.46875494399999695,0.62574999232,1.4811249968,-1.5624988160000015
7.983000000000001e-06,-0.46875494399999695,0.62574999232,1.4811249968,-1.5624988160000015
7.9835e-06,0.312495104000007,0.61949999296,1.4823749966720001,-1.5624988160000015
7.984e-06,0.312495104000007,0.61949999296,1.479874996928,-1.5624988160000015
7.984500000000001e-06,-0.46875494399999695,0.61949999296,1.4823749966720001,-1.5624988160000015
7.985e-06,0.312495104000007,0.61949999296,1.4823749966720001,-1.5624988160000015
7.9855e-06,-0.46875494399999695,0.63199999168,1.4823749966720001,-1.5624988160000015
7.986000000000001e-06,-0.46875494399999695,0.62574999232,1.4811249968,-1.2499988480000006
7.9865e-06,-0.46875494399999695,0.63199999168,1.4823749966720001,-1.2499988480000006
7.987e-06,-0.46875494399999695,0.62574999232,1.4811249968,-1.2499988480000006
7.987500000000001e-06,0.312495104000007,0.62574999232,1.4811249968,-1.2499988480000006
7.988e-06,-0.46875494399999695,0.61949999296,1.479874996928,-1.5624988160000015
7.9885e-06,0.312495104000007,0.62574999232,1.4823749966720001,-1.5624988160000015
7.989000000000001e-06,0.312495104000007,0.62574999232,1.484874996416,-1.5624988160000015
7.9895e-06,0.312495104000007,0.61949999296,1.483624996544,-1.2499988480000006
7.99e-06,-0.46875494399999695,0.62574999232,1.484874996416,-1.2499988480000006
7.9905e-06,-0.46875494399999695,0.63199999168,1.484874996416,-1.5624988160000015
7.991e-06,-0.46875494399999695,0.63199999168,1.483624996544,-1.5624988160000015
7.991500000000001e-06,-0.46875494399999695,0.61949999296,1.486124996288,-1.5624988160000015
7.992e-06,0.312495104000007,0.63199999168,1.483624996544,-1.5624988160000015
7.9925e-06,-0.46875494399999695,0.62574999232,1.483624996544,-1.5624988160000015
7.993000000000001e-06,0.312495104000007,0.61949999296,1.4811249968,-1.2499988480000006
7.9935e-06,0.312495104000007,0.62574999232,1.4823749966720001,-1.2499988480000006
7.994e-06,0.312495104000007,0.61949999296,1.4823749966720001,-1.2499988480000006
7.994500000000001e-06,-0.46875494399999695,0.62574999232,1.4823749966720001,-1.2499988480000006
7.995e-06,0.312495104000007,0.62574999232,1.483624996544,-1.2499988480000006
7.9955e-06,-0.46875494399999695,0.62574999232,1.4823749966720001,-1.2499988480000006
7.996000000000001e-06,-0.46875494399999695,0.61949999296,1.4811249968,-1.2499988480000006
7.9965e-06,-0.46875494399999695,0.62574999232,1.4823749966720001,-1.5624988160000015
7.997e-06,0.312495104000007,0.62574999232,1.4823749966720001,-1.2499988480000006
7.997500000000001e-06,0.312495104000007,0.62574999232,1.4823749966720001,-1.2499988480000006
7.998e-06,0.312495104000007,0.62574999232,1.484874996416,-1.2499988480000006
7.9985e-06,-0.46875494399999695,0.62574999232,1.4823749966720001,-1.2499988480000006
7.999e-06,0.312495104000007,0.62574999232,1.4811249968,-1.2499988480000006
7.9995e-06,0.312495104000007,0.61949999296,1.4811249968,-1.5624988160000015
8.000000000000001e-06,0.312495104000007,0.61949999296,1.4823749966720001,-1.2499988480000006
8.0005e-06,-0.46875494399999695,0.62574999232,1.483624996544,-1.5624988160000015
8.001e-06,-0.46875494399999695,0.61949999296,1.4811249968,-1.2499988480000006
8.001500000000001e-06,0.312495104000007,0.61949999296,1.4811249968,-1.2499988480000006
8.002e-06,0.312495104000007,0.61949999296,1.479874996928,-1.2499988480000006
8.0025e-06,0.312495104000007,0.6132499936,1.479874996928,-1.2499988480000006
8.003000000000001e-06,-0.46875494399999695,0.61949999296,1.4811249968,-1.2499988480000006
8.0035e-06,0.312495104000007,0.61949999296,1.484874996416,-1.2499988480000006
8.004e-06,-0.46875494399999695,0.6132499936,1.483624996544,-1.2499988480000006
8.004500000000001e-06,-0.46875494399999695,0.62574999232,1.4823749966720001,-1.5624988160000015
8.005e-06,0.312495104000007,0.63199999168,1.483624996544,-1.2499988480000006
8.0055e-06,-0.46875494399999695,0.62574999232,1.4823749966720001,-1.5624988160000015
8.006000000000001e-06,0.312495104000007,0.62574999232,1.4823749966720001,-0.9374988799999997
8.0065e-06,-0.46875494399999695,0.62574999232,1.484874996416,-1.2499988480000006
8.007e-06,-1.250004992000001,0.62574999232,1.4823749966720001,-1.2499988480000006
8.0075e-06,-0.46875494399999695,0.61949999296,1.4823749966720001,-1.5624988160000015
8.008e-06,-0.46875494399999695,0.63199999168,1.4823749966720001,-1.2499988480000006
8.008500000000001e-06,-0.46875494399999695,0.61949999296,1.48737499616,-1.5624988160000015
8.009e-06,-0.46875494399999695,0.61949999296,1.483624996544,-1.5624988160000015
8.0095e-06,-0.46875494399999695,0.62574999232,1.4823749966720001,-1.2499988480000006
8.010000000000001e-06,-0.46875494399999695,0.61949999296,1.4811249968,-1.2499988480000006
8.0105e-06,0.312495104000007,0.62574999232,1.4823749966720001,-1.5624988160000015
8.011e-06,0.312495104000007,0.62574999232,1.483624996544,-1.2499988480000006
8.011500000000001e-06,0.312495104000007,0.62574999232,1.486124996288,-1.5624988160000015
8.012e-06,0.312495104000007,0.61949999296,1.483624996544,-1.2499988480000006
8.0125e-06,-0.46875494399999695,0.62574999232,1.4811249968,-1.5624988160000015
8.013000000000001e-06,-0.46875494399999695,0.63199999168,1.4811249968,-1.2499988480000006
8.0135e-06,0.312495104000007,0.62574999232,1.4811249968,-1.5624988160000015
8.014e-06,-0.46875494399999695,0.61949999296,1.4811249968,-1.2499988480000006
8.014500000000001e-06,0.312495104000007,0.62574999232,1.479874996928,-1.5624988160000015
8.015e-06,-0.46875494399999695,0.62574999232,1.478624997056,-1.5624988160000015
8.0155e-06,-0.46875494399999695,0.62574999232,1.4811249968,-1.5624988160000015
8.016e-06,-0.46875494399999695,0.61949999296,1.479874996928,-1.2499988480000006
8.0165e-06,0.312495104000007,0.61949999296,1.483624996544,-1.5624988160000015
8.017000000000001e-06,0.312495104000007,0.62574999232,1.483624996544,-1.5624988160000015
8.0175e-06,0.312495104000007,0.61949999296,1.483624996544,-1.5624988160000015
8.018e-06,1.0937451519999968,0.61949999296,1.479874996928,-1.5624988160000015
8.018500000000001e-06,0.312495104000007,0.62574999232,1.479874996928,-1.5624988160000015
8.019e-06,0.312495104000007,0.63199999168,1.479874996928,-1.5624988160000015
8.0195e-06,0.312495104000007,0.62574999232,1.4811249968,-1.5624988160000015
8.020000000000001e-06,0.312495104000007,0.62574999232,1.4823749966720001,-1.2499988480000006
8.0205e-06,0.312495104000007,0.62574999232,1.483624996544,-1.5624988160000015
8.021e-06,0.312495104000007,0.61949999296,1.479874996928,-1.2499988480000006
8.021500000000001e-06,0.312495104000007,0.62574999232,1.479874996928,-1.2499988480000006
8.022e-06,0.312495104000007,0.62574999232,1.4811249968,-1.2499988480000006
8.0225e-06,0.312495104000007,0.62574999232,1.4811249968,-1.5624988160000015
8.023000000000001e-06,-0.46875494399999695,0.62574999232,1.4823749966720001,-1.5624988160000015
8.0235e-06,-0.46875494399999695,0.61949999296,1.483624996544,-1.5624988160000015
8.024e-06,0.312495104000007,0.62574999232,1.4823749966720001,-1.5624988160000015
8.0245e-06,0.312495104000007,0.62574999232,1.484874996416,-1.5624988160000015
8.025e-06,0.312495104000007,0.61949999296,1.4823749966720001,-1.2499988480000006
8.025500000000001e-06,-0.46875494399999695,0.62574999232,1.4823749966720001,-1.2499988480000006
8.026e-06,0.312495104000007,0.62574999232,1.4811249968,-1.2499988480000006
8.0265e-06,-0.46875494399999695,0.62574999232,1.483624996544,-1.5624988160000015
8.027000000000001e-06,-0.46875494399999695,0.63199999168,1.483624996544,-1.2499988480000006
8.0275e-06,-0.46875494399999695,0.63199999168,1.4823749966720001,-1.2499988480000006
8.028e-06,-0.46875494399999695,0.63199999168,1.4811249968,-1.5624988160000015
8.028500000000001e-06,-0.46875494399999695,0.63199999168,1.4823749966720001,-1.5624988160000015
8.029e-06,0.312495104000007,0.63199999168,1.483624996544,-1.5624988160000015
8.0295e-06,0.312495104000007,0.62574999232,1.4811249968,-1.2499988480000006
8.030000000000001e-06,0.312495104000007,0.61949999296,1.4823749966720001,-1.2499988480000006
8.0305e-06,0.312495104000007,0.62574999232,1.484874996416,-1.5624988160000015
8.031e-06,0.312495104000007,0.62574999232,1.4823749966720001,-1.5624988160000015
8.031500000000001e-06,0.312495104000007,0.62574999232,1.483624996544,-1.8749987840000006
8.032e-06,-0.46875494399999695,0.62574999232,1.4823749966720001,-1.5624988160000015
8.0325e-06,0.312495104000007,0.62574999232,1.483624996544,-1.8749987840000006
8.033e-06,0.312495104000007,0.62574999232,1.484874996416,-1.5624988160000015
8.0335e-06,-0.46875494399999695,0.63199999168,1.48737499616,-1.5624988160000015
8.034000000000001e-06,-0.46875494399999695,0.62574999232,1.483624996544,-1.5624988160000015
8.0345e-06,0.312495104000007,0.62574999232,1.483624996544,-1.5624988160000015
8.035e-06,0.312495104000007,0.62574999232,1.483624996544,-1.2499988480000006
8.035500000000001e-06,0.312495104000007,0.62574999232,1.483624996544,-1.2499988480000006
8.036e-06,-0.46875494399999695,0.61949999296,1.483624996544,-1.5624988160000015
8.0365e-06,-0.46875494399999695,0.62574999232,1.486124996288,-1.5624988160000015
8.037000000000001e-06,0.312495104000007,0.63199999168,1.484874996416,-1.2499988480000006
8.0375e-06,-0.46875494399999695,0.62574999232,1.4823749966720001,-1.8749987840000006
8.038e-06,-0.46875494399999695,0.62574999232,1.4811249968,-1.2499988480000006
8.038500000000001e-06,-0.46875494399999695,0.63199999168,1.4811249968,-1.5624988160000015
8.039e-06,-0.46875494399999695,0.63199999168,1.4823749966720001,-1.5624988160000015
8.0395e-06,-0.46875494399999695,0.62574999232,1.4823749966720001,-1.8749987840000006
8.040000000000001e-06,0.312495104000007,0.62574999232,1.4811249968,-1.5624988160000015
8.0405e-06,0.312495104000007,0.62574999232,1.483624996544,-1.5624988160000015
8.041e-06,0.312495104000007,0.62574999232,1.4811249968,-1.2499988480000006
8.041500000000001e-06,0.312495104000007,0.63199999168,1.483624996544,-1.2499988480000006
8.042e-06,0.312495104000007,0.63199999168,1.483624996544,-1.5624988160000015
8.0425e-06,-0.46875494399999695,0.62574999232,1.4823749966720001,-1.5624988160000015
8.043e-06,-0.46875494399999695,0.63199999168,1.4823749966720001,-1.2499988480000006
8.0435e-06,0.312495104000007,0.63199999168,1.483624996544,-1.5624988160000015
8.044000000000001e-06,0.312495104000007,0.63199999168,1.4823749966720001,-1.5624988160000015
8.0445e-06,0.312495104000007,0.63199999168,1.4823749966720001,-1.5624988160000015
8.045e-06,1.0937451519999968,0.63199999168,1.4823749966720001,-1.5624988160000015
8.045500000000001e-06,0.312495104000007,0.62574999232,1.483624996544,-1.8749987840000006
8.046e-06,0.312495104000007,0.62574999232,1.484874996416,-1.2499988480000006
8.0465e-06,-0.46875494399999695,0.62574999232,1.484874996416,-1.5624988160000015
8.047000000000001e-06,-0.46875494399999695,0.62574999232,1.483624996544,-1.5624988160000015
8.0475e-06,0.312495104000007,0.62574999232,1.48737499616,-1.5624988160000015
8.048e-06,0.312495104000007,0.62574999232,1.483624996544,-1.5624988160000015
8.048500000000001e-06,0.312495104000007,0.61949999296,1.483624996544,-1.8749987840000006
8.049e-06,-0.46875494399999695,0.61949999296,1.4823749966720001,-1.5624988160000015
8.0495e-06,0.312495104000007,0.62574999232,1.483624996544,-1.5624988160000015
8.050000000000001e-06,-0.46875494399999695,0.62574999232,1.483624996544,-1.5624988160000015
8.0505e-06,-0.46875494399999695,0.62574999232,1.4823749966720001,-1.2499988480000006
8.051e-06,0.312495104000007,0.62574999232,1.483624996544,-1.5624988160000015
8.0515e-06,0.312495104000007,0.62574999232,1.483624996544,-1.5624988160000015
8.052e-06,-0.46875494399999695,0.61949999296,1.4811249968,-1.5624988160000015
8.052500000000001e-06,-0.46875494399999695,0.62574999232,1.4811249968,-1.5624988160000015
8.053e-06,-0.46875494399999695,0.62574999232,1.4811249968,-1.5624988160000015
8.0535e-06,-0.46875494399999695,0.62574999232,1.479874996928,-1.5624988160000015
8.054000000000001e-06,0.312495104000007,0.62574999232,1.4823749966720001,-1.2499988480000006
8.0545e-06,0.312495104000007,0.62574999232,1.4823749966720001,-1.5624988160000015
8.055e-06,-0.46875494399999695,0.63199999168,1.4811249968,-1.2499988480000006
8.055500000000001e-06,1.0937451519999968,0.61949999296,1.4811249968,-1.8749987840000006
8.056e-06,-0.46875494399999695,0.62574999232,1.4811249968,-1.5624988160000015
8.0565e-06,0.312495104000007,0.62574999232,1.4823749966720001,-1.8749987840000006
8.057000000000001e-06,-0.46875494399999695,0.62574999232,1.4823749966720001,-1.5624988160000015
8.0575e-06,0.312495104000007,0.63199999168,1.483624996544,-1.5624988160000015
8.058e-06,0.312495104000007,0.62574999232,1.4823749966720001,-1.5624988160000015
8.058500000000001e-06,-0.46875494399999695,0.63199999168,1.4823749966720001,-1.5624988160000015
8.059e-06,0.312495104000007,0.63199999168,1.483624996544,-1.5624988160000015
8.0595e-06,0.312495104000007,0.62574999232,1.483624996544,-1.5624988160000015
8.06e-06,0.312495104000007,0.62574999232,1.4823749966720001,-1.2499988480000006
8.0605e-06,0.312495104000007,0.63199999168,1.483624996544,-1.5624988160000015
8.061000000000001e-06,0.312495104000007,0.62574999232,1.483624996544,-1.2499988480000006
8.0615e-06,-0.46875494399999695,0.62574999232,1.483624996544,-1.2499988480000006
8.062e-06,-0.46875494399999695,0.61949999296,1.4823749966720001,-1.2499988480000006
8.062500000000001e-06,-0.46875494399999695,0.62574999232,1.484874996416,-1.5624988160000015
8.063e-06,-0.46875494399999695,0.62574999232,1.4823749966720001,-1.2499988480000006
8.0635e-06,0.312495104000007,0.62574999232,1.4823749966720001,-1.5624988160000015
8.064000000000001e-06,0.312495104000007,0.62574999232,1.4811249968,-1.5624988160000015
8.0645e-06,0.312495104000007,0.61949999296,1.483624996544,-1.8749987840000006
8.065e-06,-1.250004992000001,0.62574999232,1.483624996544,-1.5624988160000015
8.065500000000001e-06,-0.46875494399999695,0.63199999168,1.484874996416,-1.5624988160000015
8.066e-06,0.312495104000007,0.62574999232,1.4823749966720001,-1.5624988160000015
8.0665e-06,0.312495104000007,0.62574999232,1.4811249968,-1.5624988160000015
8.067000000000001e-06,0.312495104000007,0.6382499910399999,1.4823749966720001,-1.5624988160000015
8.0675e-06,0.312495104000007,0.62574999232,1.483624996544,-1.5624988160000015
8.068e-06,-0.46875494399999695,0.62574999232,1.483624996544,-1.5624988160000015
8.0685e-06,-0.46875494399999695,0.63199999168,1.484874996416,-1.5624988160000015
8.069e-06,0.312495104000007,0.63199999168,1.483624996544,-1.5624988160000015
8.069500000000001e-06,0.312495104000007,0.62574999232,1.484874996416,-1.5624988160000015
8.07e-06,0.312495104000007,0.62574999232,1.484874996416,-1.2499988480000006
8.0705e-06,0.312495104000007,0.62574999232,1.486124996288,-1.2499988480000006
8.071000000000001e-06,0.312495104000007,0.62574999232,1.484874996416,-1.5624988160000015
8.0715e-06,-0.46875494399999695,0.62574999232,1.483624996544,-1.8749987840000006
8.072e-06,-0.46875494399999695,0.61949999296,1.4823749966720001,-1.5624988160000015
8.072500000000001e-06,0.312495104000007,0.62574999232,1.483624996544,-1.8749987840000006
8.073e-06,0.312495104000007,0.63199999168,1.483624996544,-1.5624988160000015
8.0735e-06,0.312495104000007,0.62574999232,1.484874996416,-1.5624988160000015
8.074000000000001e-06,0.312495104000007,0.63199999168,1.484874996416,-1.5624988160000015
8.0745e-06,0.312495104000007,0.63199999168,1.484874996416,-1.5624988160000015
8.075e-06,-0.46875494399999695,0.62574999232,1.484874996416,-1.5624988160000015
8.075500000000001e-06,0.312495104000007,0.63199999168,1.4823749966720001,-1.2499988480000006
8.076e-06,-0.46875494399999695,0.62574999232,1.4823749966720001,-1.5624988160000015
8.0765e-06,-0.46875494399999695,0.63199999168,1.484874996416,-1.8749987840000006
8.077e-06,-0.46875494399999695,0.62574999232,1.4823749966720001,-1.5624988160000015
8.0775e-06,0.312495104000007,0.62574999232,1.479874996928,-1.8749987840000006
8.078000000000001e-06,-0.46875494399999695,0.62574999232,1.479874996928,-1.2499988480000006
8.0785e-06,-0.46875494399999695,0.62574999232,1.4811249968,-1.5624988160000015
8.079e-06,-0.46875494399999695,0.63199999168,1.4823749966720001,-1.5624988160000015
8.079500000000001e-06,0.312495104000007,0.62574999232,1.483624996544,-1.5624988160000015
8.08e-06,0.312495104000007,0.62574999232,1.4823749966720001,-1.8749987840000006
8.0805e-06,-0.46875494399999695,0.62574999232,1.483624996544,-1.8749987840000006
8.081000000000001e-06,-1.250004992000001,0.61949999296,1.483624996544,-1.8749987840000006
8.0815e-06,0.312495104000007,0.62574999232,1.484874996416,-1.5624988160000015
8.082e-06,0.312495104000007,0.62574999232,1.483624996544,-1.8749987840000006
8.082500000000001e-06,0.312495104000007,0.63199999168,1.486124996288,-1.8749987840000006
8.083e-06,-0.46875494399999695,0.62574999232,1.486124996288,-1.2499988480000006
8.0835e-06,-0.46875494399999695,0.62574999232,1.484874996416,-1.2499988480000006
8.084000000000001e-06,-0.46875494399999695,0.61949999296,1.486124996288,-1.5624988160000015
8.0845e-06,-0.46875494399999695,0.63199999168,1.48737499616,-1.8749987840000006
8.085e-06,0.312495104000007,0.63199999168,1.48737499616,-1.2499988480000006
8.0855e-06,0.312495104000007,0.62574999232,1.486124996288,-1.5624988160000015
8.086e-06,-0.46875494399999695,0.62574999232,1.484874996416,-1.8749987840000006
8.086500000000001e-06,0.312495104000007,0.62574999232,1.484874996416,-1.5624988160000015
8.087e-06,0.312495104000007,0.62574999232,1.484874996416,-1.8749987840000006
8.0875e-06,-0.46875494399999695,0.62574999232,1.483624996544,-1.5624988160000015
8.088000000000001e-06,-1.250004992000001,0.62574999232,1.4823749966720001,-1.5624988160000015
8.0885e-06,-1.250004992000001,0.62574999232,1.484874996416,-1.8749987840000006
8.089e-06,-0.46875494399999695,0.62574999232,1.484874996416,-1.8749987840000006
8.089500000000001e-06,-1.250004992000001,0.63199999168,1.483624996544,-1.8749987840000006
8.09e-06,-0.46875494399999695,0.63199999168,1.4823749966720001,-1.5624988160000015
8.0905e-06,0.312495104000007,0.62574999232,1.4823749966720001,-1.5624988160000015
8.091000000000001e-06,0.312495104000007,0.61949999296,1.483624996544,-1.5624988160000015
8.0915e-06,0.312495104000007,0.61949999296,1.484874996416,-1.5624988160000015
8.092e-06,0.312495104000007,0.61949999296,1.483624996544,-1.5624988160000015
8.092500000000001e-06,-0.46875494399999695,0.63199999168,1.4823749966720001,-1.5624988160000015
8.093e-06,-0.46875494399999695,0.63199999168,1.4823749966720001,-1.5624988160000015
8.0935e-06,-0.46875494399999695,0.62574999232,1.483624996544,-1.8749987840000006
8.094e-06,-0.46875494399999695,0.61949999296,1.486124996288,-1.8749987840000006
8.0945e-06,-0.46875494399999695,0.62574999232,1.484874996416,-1.8749987840000006
8.095000000000001e-06,-1.250004992000001,0.62574999232,1.483624996544,-1.8749987840000006
8.0955e-06,-0.46875494399999695,0.61949999296,1.483624996544,-1.8749987840000006
8.096e-06,-0.46875494399999695,0.62574999232,1.4823749966720001,-1.5624988160000015
8.096500000000001e-06,-0.46875494399999695,0.61949999296,1.483624996544,-1.8749987840000006
8.097e-06,-1.250004992000001,0.61949999296,1.483624996544,-1.5624988160000015
8.0975e-06,-0.46875494399999695,0.62574999232,1.486124996288,-1.5624988160000015
8.098000000000001e-06,0.312495104000007,0.62574999232,1.483624996544,-1.5624988160000015
8.0985e-06,-0.46875494399999695,0.63199999168,1.4811249968,-1.5624988160000015
8.099e-06,0.312495104000007,0.63199999168,1.4823749966720001,-1.2499988480000006
8.099500000000001e-06,-0.46875494399999695,0.63199999168,1.4823749966720001,-1.5624988160000015
8.1e-06,-0.46875494399999695,0.61949999296,1.4811249968,-1.5624988160000015
8.1005e-06,-0.46875494399999695,0.62574999232,1.4823749966720001,-1.5624988160000015
8.101000000000001e-06,0.312495104000007,0.62574999232,1.4811249968,-1.5624988160000015
8.1015e-06,-0.46875494399999695,0.62574999232,1.4811249968,-1.5624988160000015
8.102e-06,0.312495104000007,0.62574999232,1.479874996928,-1.2499988480000006
8.1025e-06,-0.46875494399999695,0.63199999168,1.4811249968,-1.5624988160000015
8.103e-06,0.312495104000007,0.63199999168,1.4811249968,-1.8749987840000006
8.103500000000001e-06,0.312495104000007,0.62574999232,1.483624996544,-1.5624988160000015
8.104e-06,0.312495104000007,0.61949999296,1.484874996416,-1.5624988160000015
8.1045e-06,-0.46875494399999695,0.61949999296,1.483624996544,-1.5624988160000015
8.105000000000001e-06,-0.46875494399999695,0.62574999232,1.4823749966720001,-1.2499988480000006
8.1055e-06,-0.46875494399999695,0.63199999168,1.4823749966720001,-1.5624988160000015
8.106e-06,-0.46875494399999695,0.63199999168,1.4823749966720001,-1.8749987840000006
8.106500000000001e-06,-0.46875494399999695,0.63199999168,1.4823749966720001,-1.8749987840000006
8.107e-06,0.312495104000007,0.63199999168,1.4811249968,-1.5624988160000015
8.1075e-06,-0.46875494399999695,0.62574999232,1.4823749966720001,-1.5624988160000015
8.108000000000001e-06,0.312495104000007,0.62574999232,1.4823749966720001,-1.8749987840000006
8.1085e-06,-0.46875494399999695,0.62574999232,1.483624996544,-1.8749987840000006
8.109e-06,1.0937451519999968,0.62574999232,1.483624996544,-1.5624988160000015
8.109500000000001e-06,0.312495104000007,0.62574999232,1.4811249968,-1.2499988480000006
8.11e-06,-0.46875494399999695,0.62574999232,1.479874996928,-1.2499988480000006
8.1105e-06,0.312495104000007,0.63199999168,1.4823749966720001,-1.5624988160000015
8.111e-06,-1.250004992000001,0.63199999168,1.483624996544,-1.5624988160000015
8.1115e-06,-0.46875494399999695,0.62574999232,1.484874996416,-1.5624988160000015
8.112000000000001e-06,0.312495104000007,0.63199999168,1.4823749966720001,-1.5624988160000015
8.1125e-06,-0.46875494399999695,0.61949999296,1.484874996416,-1.8749987840000006
8.113e-06,-0.46875494399999695,0.61949999296,1.483624996544,-1.5624988160000015
8.113500000000001e-06,-0.46875494399999695,0.63199999168,1.484874996416,-1.5624988160000015
8.114e-06,-0.46875494399999695,0.63199999168,1.484874996416,-1.5624988160000015
8.1145e-06,-0.46875494399999695,0.63199999168,1.483624996544,-1.5624988160000015
8.115000000000001e-06,1.0937451519999968,0.62574999232,1.4823749966720001,-1.2499988480000006
8.1155e-06,0.312495104000007,0.62574999232,1.4823749966720001,-1.2499988480000006
8.116e-06,0.312495104000007,0.61949999296,1.479874996928,-1.2499988480000006
8.116500000000001e-06,0.312495104000007,0.62574999232,1.4823749966720001,-1.5624988160000015
8.117e-06,0.312495104000007,0.63199999168,1.483624996544,-1.5624988160000015
8.1175e-06,0.312495104000007,0.62574999232,1.4823749966720001,-1.8749987840000006
8.118000000000001e-06,-0.46875494399999695,0.62574999232,1.4823749966720001,-1.2499988480000006
8.1185e-06,0.312495104000007,0.62574999232,1.4823749966720001,-1.5624988160000015
8.119e-06,-1.250004992000001,0.63199999168,1.4811249968,-1.5624988160000015
8.1195e-06,0.312495104000007,0.61949999296,1.4823749966720001,-1.5624988160000015
8.12e-06,0.312495104000007,0.62574999232,1.4823749966720001,-1.5624988160000015
8.120500000000001e-06,0.312495104000007,0.62574999232,1.483624996544,-1.8749987840000006
8.121e-06,-0.46875494399999695,0.63199999168,1.484874996416,-1.8749987840000006
8.1215e-06,-1.250004992000001,0.63199999168,1.484874996416,-1.8749987840000006
8.122000000000001e-06,0.312495104000007,0.62574999232,1.484874996416,-1.8749987840000006
8.1225e-06,-0.46875494399999695,0.62574999232,1.4811249968,-1.8749987840000006
8.123e-06,0.312495104000007,0.62574999232,1.479874996928,-1.8749987840000006
8.123500000000001e-06,0.312495104000007,0.62574999232,1.483624996544,-1.5624988160000015
8.124e-06,-0.46875494399999695,0.62574999232,1.484874996416,-1.8749987840000006
8.1245e-06,0.312495104000007,0.62574999232,1.486124996288,-1.8749987840000006
8.125000000000001e-06,0.312495104000007,0.6382499910399999,1.486124996288,-1.5624988160000015
8.1255e-06,-0.46875494399999695,0.62574999232,1.486124996288,-1.5624988160000015
8.126e-06,-0.46875494399999695,0.62574999232,1.486124996288,-1.2499988480000006
8.126500000000001e-06,0.312495104000007,0.62574999232,1.4823749966720001,-1.8749987840000006
8.127e-06,0.312495104000007,0.61949999296,1.4823749966720001,-1.8749987840000006
8.1275e-06,-0.46875494399999695,0.62574999232,1.483624996544,-2.1874987519999998
8.128e-06,-0.46875494399999695,0.63199999168,1.4823749966720001,-1.8749987840000006
8.1285e-06,0.312495104000007,0.62574999232,1.483624996544,-1.8749987840000006
8.129000000000001e-06,-0.46875494399999695,0.62574999232,1.483624996544,-1.5624988160000015
8.1295e-06,0.312495104000007,0.63199999168,1.486124996288,-1.5624988160000015
8.13e-06,0.312495104000007,0.62574999232,1.484874996416,-1.5624988160000015
8.130500000000001e-06,-0.46875494399999695,0.62574999232,1.486124996288,-1.8749987840000006
8.131e-06,-0.46875494399999695,0.63199999168,1.486124996288,-1.5624988160000015
8.1315e-06,0.312495104000007,0.62574999232,1.484874996416,-1.8749987840000006
8.132000000000001e-06,-0.46875494399999695,0.62574999232,1.4823749966720001,-1.8749987840000006
8.1325e-06,-0.46875494399999695,0.61949999296,1.4823749966720001,-1.8749987840000006
8.133e-06,0.312495104000007,0.62574999232,1.4811249968,-1.5624988160000015
8.133500000000001e-06,0.312495104000007,0.62574999232,1.4823749966720001,-1.5624988160000015
8.134e-06,0.312495104000007,0.62574999232,1.484874996416,-1.5624988160000015
8.1345e-06,0.312495104000007,0.63199999168,1.484874996416,-1.8749987840000006
8.135000000000001e-06,0.312495104000007,0.62574999232,1.4823749966720001,-1.8749987840000006
8.1355e-06,0.312495104000007,0.62574999232,1.484874996416,-1.8749987840000006
8.136e-06,0.312495104000007,0.61949999296,1.486124996288,-1.5624988160000015
8.1365e-06,0.312495104000007,0.61949999296,1.486124996288,-1.8749987840000006
8.137e-06,0.312495104000007,0.61949999296,1.483624996544,-1.5624988160000015
8.137500000000001e-06,0.312495104000007,0.62574999232,1.483624996544,-1.8749987840000006
8.138e-06,-0.46875494399999695,0.62574999232,1.486124996288,-1.5624988160000015
8.1385e-06,-0.46875494399999695,0.62574999232,1.486124996288,-1.8749987840000006
8.139000000000001e-06,-0.46875494399999695,0.63199999168,1.483624996544,-1.5624988160000015
8.1395e-06,0.312495104000007,0.62574999232,1.4823749966720001,-1.5624988160000015
8.14e-06,-0.46875494399999695,0.62574999232,1.4823749966720001,-1.5624988160000015
8.140500000000001e-06,0.312495104000007,0.61949999296,1.484874996416,-1.8749987840000006
8.141e-06,0.312495104000007,0.63199999168,1.484874996416,-1.8749987840000006
8.1415e-06,0.312495104000007,0.62574999232,1.483624996544,-1.5624988160000015
8.142000000000001e-06,0.312495104000007,0.61949999296,1.484874996416,-1.2499988480000006
8.1425e-06,-0.46875494399999695,0.62574999232,1.48737499616,-1.8749987840000006
8.143e-06,-0.46875494399999695,0.63199999168,1.48737499616,-1.8749987840000006
8.143500000000001e-06,0.312495104000007,0.62574999232,1.486124996288,-1.8749987840000006
8.144e-06,-0.46875494399999695,0.62574999232,1.4823749966720001,-1.8749987840000006
8.1445e-06,0.312495104000007,0.62574999232,1.483624996544,-1.8749987840000006
8.145e-06,-1.250004992000001,0.62574999232,1.484874996416,-1.8749987840000006
8.1455e-06,-1.250004992000001,0.62574999232,1.483624996544,-1.8749987840000006
8.146000000000001e-06,-0.46875494399999695,0.62574999232,1.4823749966720001,-1.8749987840000006
8.1465e-06,0.312495104000007,0.63199999168,1.479874996928,-1.8749987840000006
8.147e-06,0.312495104000007,0.63199999168,1.479874996928,-1.5624988160000015
8.147500000000001e-06,0.312495104000007,0.62574999232,1.4823749966720001,-1.8749987840000006
8.148e-06,-0.46875494399999695,0.63199999168,1.4811249968,-1.8749987840000006
8.1485e-06,-0.46875494399999695,0.63199999168,1.4811249968,-1.8749987840000006
8.149000000000001e-06,0.312495104000007,0.63199999168,1.4811249968,-1.5624988160000015
8.1495e-06,0.312495104000007,0.62574999232,1.479874996928,-1.5624988160000015
8.15e-06,0.312495104000007,0.62574999232,1.479874996928,-1.5624988160000015
8.150500000000001e-06,-0.46875494399999695,0.63199999168,1.4823749966720001,-1.8749987840000006
8.151e-06,0.312495104000007,0.63199999168,1.4811249968,-1.8749987840000006
8.1515e-06,0.312495104000007,0.61949999296,1.4823749966720001,-1.8749987840000006
8.152000000000001e-06,-0.46875494399999695,0.61949999296,1.4811249968,-1.5624988160000015
8.1525e-06,0.312495104000007,0.61949999296,1.483624996544,-1.8749987840000006
8.153e-06,-0.46875494399999695,0.62574999232,1.4823749966720001,-1.5624988160000015
8.1535e-06,-0.46875494399999695,0.62574999232,1.4811249968,-1.8749987840000006
8.154e-06,-0.46875494399999695,0.62574999232,1.479874996928,-1.8749987840000006
8.154500000000001e-06,-0.46875494399999695,0.62574999232,1.4823749966720001,-1.5624988160000015
8.155e-06,-0.46875494399999695,0.62574999232,1.4823749966720001,-1.5624988160000015
8.1555e-06,-0.46875494399999695,0.62574999232,1.4811249968,-1.8749987840000006
8.156000000000001e-06,0.312495104000007,0.61949999296,1.4823749966720001,-1.8749987840000006
8.1565e-06,0.312495104000007,0.62574999232,1.486124996288,-1.8749987840000006
8.157e-06,-0.46875494399999695,0.62574999232,1.486124996288,-1.5624988160000015
8.157500000000001e-06,0.312495104000007,0.63199999168,1.484874996416,-1.8749987840000006
8.158e-06,0.312495104000007,0.62574999232,1.483624996544,-1.5624988160000015
8.1585e-06,-0.46875494399999695,0.61949999296,1.4823749966720001,-1.8749987840000006
8.159000000000001e-06,-0.46875494399999695,0.61949999296,1.483624996544,-1.8749987840000006
8.1595e-06,-0.46875494399999695,0.61949999296,1.483624996544,-2.1874987519999998
8.16e-06,-1.250004992000001,0.62574999232,1.479874996928,-1.8749987840000006
8.160500000000001e-06,0.312495104000007,0.62574999232,1.4823749966720001,-1.8749987840000006
8.161e-06,0.312495104000007,0.62574999232,1.4823749966720001,-1.8749987840000006
8.1615e-06,-0.46875494399999695,0.62574999232,1.483624996544,-1.8749987840000006
8.162e-06,-0.46875494399999695,0.62574999232,1.484874996416,-1.8749987840000006
8.1625e-06,0.312495104000007,0.62574999232,1.486124996288,-1.8749987840000006
8.163000000000001e-06,0.312495104000007,0.63199999168,1.486124996288,-1.8749987840000006
8.1635e-06,-0.46875494399999695,0.62574999232,1.484874996416,-1.8749987840000006
8.164e-06,-0.46875494399999695,0.62574999232,1.484874996416,-1.8749987840000006
8.164500000000001e-06,0.312495104000007,0.63199999168,1.486124996288,-1.8749987840000006
8.165e-06,0.312495104000007,0.62574999232,1.48737499616,-1.5624988160000015
8.1655e-06,-0.46875494399999695,0.62574999232,1.48737499616,-1.8749987840000006
8.166000000000001e-06,-0.46875494399999695,0.62574999232,1.486124996288,-1.8749987840000006
8.1665e-06,-0.46875494399999695,0.62574999232,1.484874996416,-1.8749987840000006
8.167e-06,0.312495104000007,0.62574999232,1.4823749966720001,-1.8749987840000006
8.167500000000001e-06,-0.46875494399999695,0.62574999232,1.4823749966720001,-1.8749987840000006
8.168e-06,-1.250004992000001,0.62574999232,1.4811249968,-1.8749987840000006
8.1685e-06,0.312495104000007,0.62574999232,1.4823749966720001,-1.5624988160000015
8.169000000000001e-06,-0.46875494399999695,0.62574999232,1.4823749966720001,-1.8749987840000006
8.1695e-06,0.312495104000007,0.62574999232,1.4823749966720001,-1.8749987840000006
8.17e-06,0.312495104000007,0.62574999232,1.4811249968,-1.8749987840000006
8.1705e-06,-0.46875494399999695,0.62574999232,1.483624996544,-1.8749987840000006
8.171e-06,-0.46875494399999695,0.63199999168,1.483624996544,-1.8749987840000006
8.171500000000001e-06,0.312495104000007,0.62574999232,1.484874996416,-1.8749987840000006
8.172e-06,-0.46875494399999695,0.62574999232,1.483624996544,-1.8749987840000006
8.1725e-06,0.312495104000007,0.62574999232,1.483624996544,-1.8749987840000006
8.173000000000001e-06,0.312495104000007,0.62574999232,1.483624996544,-1.5624988160000015
8.1735e-06,-0.46875494399999695,0.61949999296,1.483624996544,-1.8749987840000006
8.174e-06,-0.46875494399999695,0.61949999296,1.484874996416,-1.5624988160000015
8.174500000000001e-06,0.312495104000007,0.61949999296,1.48737499616,-1.8749987840000006
8.175e-06,0.312495104000007,0.63199999168,1.486124996288,-1.8749987840000006
8.1755e-06,-0.46875494399999695,0.62574999232,1.484874996416,-2.1874987519999998
8.176000000000001e-06,-0.46875494399999695,0.62574999232,1.484874996416,-1.8749987840000006
8.1765e-06,-0.46875494399999695,0.61949999296,1.484874996416,-1.8749987840000006
8.177e-06,0.312495104000007,0.61949999296,1.4811249968,-1.5624988160000015
8.177500000000001e-06,-0.46875494399999695,0.62574999232,1.4811249968,-1.8749987840000006
8.178e-06,0.312495104000007,0.62574999232,1.4811249968,-1.8749987840000006
8.1785e-06,-0.46875494399999695,0.63199999168,1.4823749966720001,-1.8749987840000006
8.179e-06,0.312495104000007,0.63199999168,1.4811249968,-1.5624988160000015
8.1795e-06,-0.46875494399999695,0.62574999232,1.479874996928,-1.8749987840000006
8.180000000000001e-06,-1.250004992000001,0.62574999232,1.479874996928,-1.8749987840000006
8.1805e-06,-0.46875494399999695,0.63199999168,1.4811249968,-1.8749987840000006
8.181e-06,0.312495104000007,0.62574999232,1.4811249968,-1.8749987840000006
8.181500000000001e-06,0.312495104000007,0.62574999232,1.4823749966720001,-2.1874987519999998
8.182e-06,0.312495104000007,0.62574999232,1.483624996544,-1.8749987840000006
8.1825e-06,-0.46875494399999695,0.62574999232,1.4823749966720001,-2.1874987519999998
8.183000000000001e-06,-1.250004992000001,0.63199999168,1.4823749966720001,-1.8749987840000006
8.1835e-06,0.312495104000007,0.62574999232,1.4823749966720001,-2.1874987519999998
8.184e-06,-0.46875494399999695,0.62574999232,1.478624997056,-1.8749987840000006
8.184500000000001e-06,-0.46875494399999695,0.61949999296,1.477374997184,-2.1874987519999998
8.185e-06,-0.46875494399999695,0.62574999232,1.479874996928,-1.8749987840000006
8.1855e-06,0.312495104000007,0.63199999168,1.4823749966720001,-1.8749987840000006
8.186000000000001e-06,0.312495104000007,0.63199999168,1.4823749966720001,-1.8749987840000006
8.1865e-06,-0.46875494399999695,0.63199999168,1.4823749966720001,-1.8749987840000006
8.187e-06,0.312495104000007,0.6382499910399999,1.483624996544,-1.8749987840000006
8.1875e-06,0.312495104000007,0.62574999232,1.4823749966720001,-1.8749987840000006
8.188e-06,0.312495104000007,0.62574999232,1.4811249968,-1.8749987840000006
8.188500000000001e-06,-0.46875494399999695,0.63199999168,1.484874996416,-1.8749987840000006
8.189e-06,0.312495104000007,0.63199999168,1.484874996416,-2.1874987519999998
8.1895e-06,-0.46875494399999695,0.62574999232,1.484874996416,-1.8749987840000006
8.190000000000001e-06,0.312495104000007,0.62574999232,1.483624996544,-1.8749987840000006
8.1905e-06,0.312495104000007,0.61949999296,1.484874996416,-1.8749987840000006
8.191e-06,0.312495104000007,0.62574999232,1.484874996416,-1.8749987840000006
8.191500000000001e-06,0.312495104000007,0.61949999296,1.48737499616,-2.1874987519999998
8.192e-06,-0.46875494399999695,0.61949999296,1.483624996544,-1.8749987840000006
8.1925e-06,-0.46875494399999695,0.62574999232,1.486124996288,-2.1874987519999998
8.193000000000001e-06,0.312495104000007,0.62574999232,1.4823749966720001,-1.8749987840000006
8.1935e-06,0.312495104000007,0.63199999168,1.4823749966720001,-1.8749987840000006
8.194e-06,0.312495104000007,0.62574999232,1.484874996416,-1.8749987840000006
8.194500000000001e-06,-0.46875494399999695,0.63199999168,1.484874996416,-1.8749987840000006
8.195e-06,-0.46875494399999695,0.62574999232,1.4823749966720001,-1.8749987840000006
8.1955e-06,0.312495104000007,0.62574999232,1.4811249968,-1.8749987840000006
8.196e-06,-0.46875494399999695,0.61949999296,1.479874996928,-1.8749987840000006
8.1965e-06,-0.46875494399999695,0.61949999296,1.4823749966720001,-1.8749987840000006
8.197000000000001e-06,0.312495104000007,0.61949999296,1.483624996544,-1.5624988160000015
8.1975e-06,-0.46875494399999695,0.62574999232,1.483624996544,-1.8749987840000006
8.198e-06,-0.46875494399999695,0.62574999232,1.486124996288,-1.8749987840000006
8.198500000000001e-06,0.312495104000007,0.6132499936,1.48737499616,-1.8749987840000006
8.199e-06,0.312495104000007,0.62574999232,1.484874996416,-1.8749987840000006
8.1995e-06,0.312495104000007,0.62574999232,1.486124996288,-2.1874987519999998
8.200000000000001e-06,-0.46875494399999695,0.61949999296,1.486124996288,-1.8749987840000006
8.2005e-06,0.312495104000007,0.61949999296,1.483624996544,-1.8749987840000006
8.201e-06,0.312495104000007,0.62574999232,1.4811249968,-1.8749987840000006
8.201500000000001e-06,0.312495104000007,0.62574999232,1.4811249968,-2.1874987519999998
8.202e-06,-0.46875494399999695,0.62574999232,1.4811249968,-1.8749987840000006
8.2025e-06,-0.46875494399999695,0.62574999232,1.4823749966720001,-1.8749987840000006
8.203000000000001e-06,0.312495104000007,0.62574999232,1.479874996928,-1.8749987840000006
8.2035e-06,0.312495104000007,0.62574999232,1.4823749966720001,-1.5624988160000015
8.204e-06,-0.46875494399999695,0.62574999232,1.4811249968,-1.8749987840000006
8.2045e-06,-0.46875494399999695,0.63199999168,1.4823749966720001,-1.8749987840000006
8.205e-06,0.312495104000007,0.63199999168,1.4823749966720001,-1.8749987840000006
8.205500000000001e-06,-0.46875494399999695,0.62574999232,1.4823749966720001,-1.8749987840000006
8.206e-06,0.312495104000007,0.61949999296,1.483624996544,-1.8749987840000006
8.2065e-06,-0.46875494399999695,0.62574999232,1.483624996544,-1.5624988160000015
8.207000000000001e-06,0.312495104000007,0.62574999232,1.4823749966720001,-1.8749987840000006
8.2075e-06,1.0937451519999968,0.62574999232,1.483624996544,-2.1874987519999998
8.208e-06,0.312495104000007,0.63199999168,1.4823749966720001,-1.8749987840000006
8.208500000000001e-06,-0.46875494399999695,0.61949999296,1.483624996544,-2.1874987519999998
8.209e-06,-0.46875494399999695,0.61949999296,1.4811249968,-1.8749987840000006
8.2095e-06,0.312495104000007,0.61949999296,1.4823749966720001,-1.8749987840000006
8.210000000000001e-06,0.312495104000007,0.62574999232,1.4811249968,-1.8749987840000006
8.2105e-06,-0.46875494399999695,0.63199999168,1.4823749966720001,-1.8749987840000006
8.211e-06,-0.46875494399999695,0.62574999232,1.4823749966720001,-1.8749987840000006
8.211500000000001e-06,0.312495104000007,0.62574999232,1.483624996544,-1.8749987840000006
8.212e-06,-0.46875494399999695,0.62574999232,1.483624996544,-1.8749987840000006
8.2125e-06,0.312495104000007,0.62574999232,1.484874996416,-1.8749987840000006
8.213e-06,0.312495104000007,0.63199999168,1.484874996416,-1.8749987840000006
8.2135e-06,-0.46875494399999695,0.62574999232,1.48737499616,-1.8749987840000006
8.214000000000001e-06,-0.46875494399999695,0.62574999232,1.486124996288,-1.8749987840000006
8.2145e-06,0.312495104000007,0.62574999232,1.484874996416,-1.5624988160000015
8.215e-06,0.312495104000007,0.62574999232,1.4823749966720001,-1.8749987840000006
8.215500000000001e-06,-0.46875494399999695,0.62574999232,1.483624996544,-2.1874987519999998
8.216e-06,-0.46875494399999695,0.63199999168,1.483624996544,-1.8749987840000006
8.2165e-06,0.312495104000007,0.63199999168,1.484874996416,-1.8749987840000006
8.217000000000001e-06,0.312495104000007,0.63199999168,1.484874996416,-1.8749987840000006
8.2175e-06,0.312495104000007,0.63199999168,1.484874996416,-1.8749987840000006
8.218e-06,0.312495104000007,0.63199999168,1.4823749966720001,-1.8749987840000006
8.218500000000001e-06,-0.46875494399999695,0.63199999168,1.4823749966720001,-1.8749987840000006
8.219e-06,0.312495104000007,0.63199999168,1.4823749966720001,-1.8749987840000006
8.2195e-06,0.312495104000007,0.62574999232,1.4811249968,-1.5624988160000015
8.220000000000001e-06,-0.46875494399999695,0.62574999232,1.4811249968,-1.5624988160000015
8.2205e-06,-0.46875494399999695,0.63199999168,1.483624996544,-1.8749987840000006
8.221e-06,0.312495104000007,0.62574999232,1.483624996544,-1.8749987840000006
8.2215e-06,0.312495104000007,0.62574999232,1.4823749966720001,-1.8749987840000006
8.222e-06,-0.46875494399999695,0.62574999232,1.483624996544,-1.8749987840000006
8.222500000000001e-06,-0.46875494399999695,0.62574999232,1.484874996416,-1.8749987840000006
8.223e-06,0.312495104000007,0.63199999168,1.483624996544,-2.1874987519999998
8.2235e-06,-0.46875494399999695,0.61949999296,1.484874996416,-2.1874987519999998
8.224000000000001e-06,-1.250004992000001,0.62574999232,1.4823749966720001,-2.1874987519999998
8.2245e-06,-0.46875494399999695,0.62574999232,1.479874996928,-1.8749987840000006
8.225e-06,0.312495104000007,0.62574999232,1.478624997056,-1.8749987840000006
8.225500000000001e-06,0.312495104000007,0.63199999168,1.4823749966720001,-2.1874987519999998
8.226e-06,-0.46875494399999695,0.62574999232,1.483624996544,-1.8749987840000006
8.2265e-06,-0.46875494399999695,0.62574999232,1.483624996544,-2.1874987519999998
8.227000000000001e-06,0.312495104000007,0.61949999296,1.484874996416,-2.1874987519999998
8.2275e-06,-0.46875494399999695,0.62574999232,1.484874996416,-1.8749987840000006
8.228e-06,-0.46875494399999695,0.63199999168,1.4823749966720001,-2.1874987519999998
8.228500000000001e-06,-0.46875494399999695,0.63199999168,1.483624996544,-2.1874987519999998
8.229e-06,-0.46875494399999695,0.62574999232,1.484874996416,-1.8749987840000006
8.2295e-06,-0.46875494399999695,0.62574999232,1.483624996544,-1.8749987840000006
8.23e-06,-0.46875494399999695,0.62574999232,1.4823749966720001,-1.5624988160000015
8.2305e-06,-0.46875494399999695,0.62574999232,1.484874996416,-1.5624988160000015
8.231000000000001e-06,-0.46875494399999695,0.62574999232,1.483624996544,-1.8749987840000006
8.2315e-06,-1.250004992000001,0.62574999232,1.4823749966720001,-1.8749987840000006
8.232e-06,0.312495104000007,0.61949999296,1.4823749966720001,-1.8749987840000006
8.232500000000001e-06,0.312495104000007,0.62574999232,1.484874996416,-2.1874987519999998
8.233e-06,-0.46875494399999695,0.62574999232,1.484874996416,-1.8749987840000006
8.2335e-06,-0.46875494399999695,0.62574999232,1.483624996544,-1.8749987840000006
8.234000000000001e-06,-0.46875494399999695,0.61949999296,1.483624996544,-1.8749987840000006
8.2345e-06,0.312495104000007,0.61949999296,1.48737499616,-1.8749987840000006
8.235e-06,-0.46875494399999695,0.62574999232,1.48737499616,-1.8749987840000006
8.235500000000001e-06,-0.46875494399999695,0.62574999232,1.484874996416,-1.8749987840000006
8.236e-06,-1.250004992000001,0.62574999232,1.483624996544,-1.8749987840000006
8.2365e-06,-0.46875494399999695,0.62574999232,1.484874996416,-1.8749987840000006
8.237000000000001e-06,-0.46875494399999695,0.62574999232,1.4823749966720001,-1.8749987840000006
8.2375e-06,-0.46875494399999695,0.63199999168,1.4823749966720001,-1.8749987840000006
8.238e-06,-0.46875494399999695,0.62574999232,1.483624996544,-1.5624988160000015
8.2385e-06,-0.46875494399999695,0.63199999168,1.484874996416,-1.8749987840000006
8.239e-06,-0.46875494399999695,0.63199999168,1.4823749966720001,-1.8749987840000006
8.239500000000001e-06,-1.250004992000001,0.62574999232,1.484874996416,-2.1874987519999998
8.24e-06,-0.46875494399999695,0.62574999232,1.4823749966720001,-1.8749987840000006
8.2405e-06,-0.46875494399999695,0.62574999232,1.483624996544,-2.1874987519999998
8.241000000000001e-06,-0.46875494399999695,0.62574999232,1.4811249968,-1.8749987840000006
8.2415e-06,-0.46875494399999695,0.62574999232,1.4823749966720001,-1.8749987840000006
8.242e-06,0.312495104000007,0.62574999232,1.4823749966720001,-1.8749987840000006
8.242500000000001e-06,-0.46875494399999695,0.62574999232,1.479874996928,-1.8749987840000006
8.243e-06,-0.46875494399999695,0.6382499910399999,1.479874996928,-1.8749987840000006
8.2435e-06,0.312495104000007,0.62574999232,1.4811249968,-1.8749987840000006
8.244000000000001e-06,0.312495104000007,0.62574999232,1.4823749966720001,-1.8749987840000006
8.2445e-06,-0.46875494399999695,0.63199999168,1.484874996416,-2.1874987519999998
8.245e-06,0.312495104000007,0.63199999168,1.484874996416,-1.8749987840000006
8.245500000000001e-06,-0.46875494399999695,0.63199999168,1.4823749966720001,-1.8749987840000006
8.246e-06,0.312495104000007,0.62574999232,1.483624996544,-1.8749987840000006
8.2465e-06,-0.46875494399999695,0.62574999232,1.483624996544,-1.8749987840000006
8.247e-06,0.312495104000007,0.62574999232,1.4823749966720001,-2.1874987519999998
8.2475e-06,0.312495104000007,0.61949999296,1.4811249968,-1.8749987840000006
8.248000000000001e-06,-0.46875494399999695,0.63199999168,1.4811249968,-1.8749987840000006
8.2485e-06,1.0937451519999968,0.62574999232,1.483624996544,-1.8749987840000006
8.249e-06,0.312495104000007,0.62574999232,1.484874996416,-1.8749987840000006
8.249500000000001e-06,-1.250004992000001,0.63199999168,1.483624996544,-1.8749987840000006
8.25e-06,-0.46875494399999695,0.62574999232,1.4811249968,-1.8749987840000006
8.2505e-06,-0.46875494399999695,0.62574999232,1.479874996928,-1.8749987840000006
8.251000000000001e-06,-0.46875494399999695,0.63199999168,1.479874996928,-1.5624988160000015
8.2515e-06,0.312495104000007,0.62574999232,1.483624996544,-1.8749987840000006
8.252e-06,-0.46875494399999695,0.62574999232,1.483624996544,-1.8749987840000006
8.252500000000001e-06,-0.46875494399999695,0.63199999168,1.4823749966720001,-1.8749987840000006
8.253e-06,0.312495104000007,0.62574999232,1.4823749966720001,-1.8749987840000006
8.2535e-06,-0.46875494399999695,0.61949999296,1.4823749966720001,-1.8749987840000006
8.254000000000001e-06,-0.46875494399999695,0.62574999232,1.483624996544,-1.8749987840000006
8.2545e-06,-0.46875494399999695,0.63199999168,1.484874996416,-1.8749987840000006
8.255e-06,0.312495104000007,0.63199999168,1.4823749966720001,-1.8749987840000006
8.2555e-06,-0.46875494399999695,0.62574999232,1.4823749966720001,-1.8749987840000006
8.256e-06,0.312495104000007,0.63199999168,1.4811249968,-2.1874987519999998
8.256500000000001e-06,0.312495104000007,0.62574999232,1.483624996544,-2.1874987519999998
8.257e-06,-0.46875494399999695,0.61949999296,1.483624996544,-1.8749987840000006
8.2575e-06,-0.46875494399999695,0.62574999232,1.486124996288,-2.1874987519999998
8.258000000000001e-06,-0.46875494399999695,0.62574999232,1.484874996416,-1.8749987840000006
8.2585e-06,0.312495104000007,0.63199999168,1.4823749966720001,-2.1874987519999998
8.259e-06,-0.46875494399999695,0.62574999232,1.4811249968,-1.8749987840000006
8.259500000000001e-06,-0.46875494399999695,0.61949999296,1.483624996544,-1.8749987840000006
8.26e-06,0.312495104000007,0.61949999296,1.4823749966720001,-2.1874987519999998
8.2605e-06,-0.46875494399999695,0.63199999168,1.484874996416,-1.8749987840000006
8.261000000000001e-06,0.312495104000007,0.62574999232,1.484874996416,-2.1874987519999998
8.2615e-06,0.312495104000007,0.62574999232,1.4823749966720001,-1.8749987840000006
8.262e-06,0.312495104000007,0.61949999296,1.4823749966720001,-1.8749987840000006
8.262500000000001e-06,0.312495104000007,0.62574999232,1.4823749966720001,-1.8749987840000006
8.263e-06,0.312495104000007,0.63199999168,1.4811249968,-1.8749987840000006
8.2635e-06,-0.46875494399999695,0.62574999232,1.484874996416,-2.1874987519999998
8.264e-06,0.312495104000007,0.62574999232,1.483624996544,-1.8749987840000006
8.2645e-06,-0.46875494399999695,0.62574999232,1.483624996544,-2.1874987519999998
8.265000000000001e-06,-0.46875494399999695,0.62574999232,1.4823749966720001,-1.8749987840000006
8.2655e-06,-0.46875494399999695,0.62574999232,1.4823749966720001,-1.8749987840000006
8.266e-06,0.312495104000007,0.61949999296,1.4811249968,-2.1874987519999998
8.266500000000001e-06,-0.46875494399999695,0.61949999296,1.4823749966720001,-2.1874987519999998
8.267e-06,0.312495104000007,0.61949999296,1.484874996416,-1.8749987840000006
8.2675e-06,-0.46875494399999695,0.61949999296,1.483624996544,-1.8749987840000006
8.268000000000001e-06,0.312495104000007,0.61949999296,1.4823749966720001,-1.8749987840000006
8.2685e-06,-0.46875494399999695,0.62574999232,1.483624996544,-2.1874987519999998
8.269e-06,0.312495104000007,0.63199999168,1.486124996288,-2.1874987519999998
8.269500000000001e-06,0.312495104000007,0.62574999232,1.484874996416,-1.8749987840000006
8.27e-06,0.312495104000007,0.61949999296,1.484874996416,-1.8749987840000006
8.2705e-06,0.312495104000007,0.62574999232,1.4823749966720001,-1.8749987840000006
8.271000000000001e-06,0.312495104000007,0.62574999232,1.4811249968,-1.8749987840000006
8.2715e-06,-0.46875494399999695,0.62574999232,1.4823749966720001,-2.1874987519999998
8.272e-06,0.312495104000007,0.62574999232,1.479874996928,-1.8749987840000006
8.2725e-06,0.312495104000007,0.62574999232,1.483624996544,-2.1874987519999998
8.273e-06,0.312495104000007,0.62574999232,1.483624996544,-2.1874987519999998
8.273500000000001e-06,-0.46875494399999695,0.62574999232,1.483624996544,-2.1874987519999998
8.274e-06,-0.46875494399999695,0.62574999232,1.484874996416,-2.1874987519999998
8.2745e-06,-0.46875494399999695,0.62574999232,1.483624996544,-2.1874987519999998
8.275000000000001e-06,0.312495104000007,0.62574999232,1.483624996544,-2.1874987519999998
8.2755e-06,-0.46875494399999695,0.62574999232,1.483624996544,-1.8749987840000006
8.276e-06,0.312495104000007,0.62574999232,1.4823749966720001,-1.8749987840000006
8.276500000000001e-06,-0.46875494399999695,0.63199999168,1.4823749966720001,-2.1874987519999998
8.277e-06,0.312495104000007,0.62574999232,1.483624996544,-2.1874987519999998
8.2775e-06,-0.46875494399999695,0.62574999232,1.484874996416,-1.8749987840000006
8.278000000000001e-06,-0.46875494399999695,0.62574999232,1.483624996544,-1.8749987840000006
8.2785e-06,0.312495104000007,0.62574999232,1.484874996416,-1.8749987840000006
8.279e-06,-0.46875494399999695,0.63199999168,1.483624996544,-1.8749987840000006
8.279500000000001e-06,0.312495104000007,0.61949999296,1.483624996544,-2.1874987519999998
8.28e-06,0.312495104000007,0.62574999232,1.4811249968,-1.8749987840000006
8.2805e-06,-0.46875494399999695,0.62574999232,1.483624996544,-2.4999987200000007
8.281e-06,-0.46875494399999695,0.61949999296,1.484874996416,-1.8749987840000006
8.2815e-06,-0.46875494399999695,0.62574999232,1.486124996288,-1.8749987840000006
8.282000000000001e-06,0.312495104000007,0.62574999232,1.484874996416,-1.8749987840000006
8.2825e-06,0.312495104000007,0.62574999232,1.483624996544,-2.1874987519999998
8.283e-06,-0.46875494399999695,0.61949999296,1.484874996416,-2.1874987519999998
8.283500000000001e-06,0.312495104000007,0.62574999232,1.4811249968,-1.8749987840000006
8.284e-06,-0.46875494399999695,0.62574999232,1.4811249968,-1.8749987840000006
8.2845e-06,0.312495104000007,0.63199999168,1.486124996288,-2.1874987519999998
8.285000000000001e-06,-0.46875494399999695,0.62574999232,1.486124996288,-1.5624988160000015
8.2855e-06,-0.46875494399999695,0.62574999232,1.48737499616,-1.8749987840000006
8.286e-06,0.312495104000007,0.61949999296,1.488624996032,-1.5624988160000015
8.286500000000001e-06,0.312495104000007,0.62574999232,1.48737499616,-2.1874987519999998
8.287e-06,-0.46875494399999695,0.63199999168,1.484874996416,-1.8749987840000006
8.2875e-06,-0.46875494399999695,0.61949999296,1.486124996288,-2.1874987519999998
8.288000000000001e-06,-0.46875494399999695,0.62574999232,1.484874996416,-2.1874987519999998
8.2885e-06,-0.46875494399999695,0.62574999232,1.484874996416,-2.1874987519999998
8.289e-06,-1.250004992000001,0.62574999232,1.483624996544,-2.1874987519999998
8.289500000000001e-06,-0.46875494399999695,0.62574999232,1.484874996416,-2.1874987519999998
8.29e-06,0.312495104000007,0.63199999168,1.486124996288,-1.8749987840000006
8.290500000000001e-06,-0.46875494399999695,0.63199999168,1.488624996032,-1.8749987840000006
8.291e-06,0.312495104000007,0.63199999168,1.488624996032,-1.8749987840000006
8.2915e-06,0.312495104000007,0.62574999232,1.486124996288,-1.8749987840000006
8.292000000000001e-06,-0.46875494399999695,0.62574999232,1.483624996544,-2.1874987519999998
8.2925e-06,-0.46875494399999695,0.63199999168,1.483624996544,-2.1874987519999998
8.293e-06,-0.46875494399999695,0.63199999168,1.484874996416,-2.1874987519999998
8.293500000000001e-06,-0.46875494399999695,0.61949999296,1.486124996288,-1.8749987840000006
8.294e-06,-0.46875494399999695,0.61949999296,1.486124996288,-1.8749987840000006
8.2945e-06,0.312495104000007,0.61949999296,1.486124996288,-1.8749987840000006
8.295000000000001e-06,0.312495104000007,0.61949999296,1.484874996416,-1.8749987840000006
8.2955e-06,0.312495104000007,0.62574999232,1.486124996288,-2.4999987200000007
8.296e-06,0.312495104000007,0.63199999168,1.486124996288,-1.8749987840000006
8.296500000000001e-06,0.312495104000007,0.62574999232,1.488624996032,-2.1874987519999998
8.297e-06,0.312495104000007,0.62574999232,1.48737499616,-1.8749987840000006
8.2975e-06,0.312495104000007,0.62574999232,1.483624996544,-2.1874987519999998
8.298000000000001e-06,-0.46875494399999695,0.62574999232,1.483624996544,-2.1874987519999998
8.2985e-06,-0.46875494399999695,0.63199999168,1.483624996544,-2.1874987519999998
8.299000000000001e-06,-0.46875494399999695,0.63199999168,1.483624996544,-2.1874987519999998
8.2995e-06,0.312495104000007,0.62574999232,1.484874996416,-1.8749987840000006
8.3e-06,0.312495104000007,0.61949999296,1.484874996416,-2.1874987519999998
8.300500000000001e-06,-0.46875494399999695,0.61949999296,1.4823749966720001,-1.8749987840000006
8.301e-06,0.312495104000007,0.62574999232,1.4823749966720001,-2.1874987519999998
8.3015e-06,0.312495104000007,0.62574999232,1.483624996544,-2.1874987519999998
8.302000000000001e-06,0.312495104000007,0.62574999232,1.486124996288,-2.1874987519999998
8.3025e-06,0.312495104000007,0.63199999168,1.48737499616,-2.1874987519999998
8.303e-06,1.0937451519999968,0.62574999232,1.486124996288,-2.1874987519999998
8.303500000000001e-06,0.312495104000007,0.62574999232,1.486124996288,-2.1874987519999998
8.304e-06,0.312495104000007,0.61949999296,1.484874996416,-2.1874987519999998
8.3045e-06,0.312495104000007,0.62574999232,1.48737499616,-2.4999987200000007
8.305000000000001e-06,-0.46875494399999695,0.62574999232,1.48737499616,-2.1874987519999998
8.3055e-06,0.312495104000007,0.62574999232,1.48737499616,-2.1874987519999998
8.306e-06,0.312495104000007,0.62574999232,1.483624996544,-1.8749987840000006
8.306500000000001e-06,-0.46875494399999695,0.62574999232,1.483624996544,-2.4999987200000007
8.307e-06,-0.46875494399999695,0.63199999168,1.484874996416,-2.1874987519999998
8.307500000000001e-06,0.312495104000007,0.63199999168,1.48737499616,-2.1874987519999998
8.308e-06,0.312495104000007,0.62574999232,1.48737499616,-2.1874987519999998
8.3085e-06,0.312495104000007,0.61949999296,1.484874996416,-2.4999987200000007
8.309000000000001e-06,0.312495104000007,0.62574999232,1.484874996416,-2.4999987200000007
8.3095e-06,0.312495104000007,0.62574999232,1.486124996288,-2.1874987519999998
8.31e-06,-0.46875494399999695,0.62574999232,1.486124996288,-2.1874987519999998
8.310500000000001e-06,-0.46875494399999695,0.62574999232,1.486124996288,-2.1874987519999998
8.311e-06,0.312495104000007,0.63199999168,1.48737499616,-2.4999987200000007
8.3115e-06,-0.46875494399999695,0.61949999296,1.486124996288,-2.1874987519999998
8.312000000000001e-06,0.312495104000007,0.61949999296,1.4823749966720001,-2.1874987519999998
8.3125e-06,0.312495104000007,0.62574999232,1.483624996544,-2.4999987200000007
8.313e-06,-0.46875494399999695,0.62574999232,1.483624996544,-1.8749987840000006
8.313500000000001e-06,-0.46875494399999695,0.63199999168,1.483624996544,-2.1874987519999998
8.314e-06,0.312495104000007,0.62574999232,1.483624996544,-2.4999987200000007
8.3145e-06,-0.46875494399999695,0.63199999168,1.483624996544,-2.1874987519999998
8.315000000000001e-06,-0.46875494399999695,0.63199999168,1.486124996288,-1.8749987840000006
8.3155e-06,-0.46875494399999695,0.62574999232,1.484874996416,-1.8749987840000006
8.316000000000001e-06,0.312495104000007,0.62574999232,1.483624996544,-2.1874987519999998
8.3165e-06,0.312495104000007,0.62574999232,1.483624996544,-2.1874987519999998
8.317e-06,0.312495104000007,0.63199999168,1.483624996544,-2.1874987519999998
8.317500000000001e-06,-0.46875494399999695,0.61949999296,1.484874996416,-2.4999987200000007
8.318e-06,-0.46875494399999695,0.61949999296,1.484874996416,-2.1874987519999998
8.3185e-06,0.312495104000007,0.62574999232,1.484874996416,-2.1874987519999998
8.319000000000001e-06,0.312495104000007,0.63199999168,1.4823749966720001,-2.1874987519999998
8.3195e-06,0.312495104000007,0.61949999296,1.483624996544,-2.4999987200000007
8.32e-06,0.312495104000007,0.62574999232,1.4823749966720001,-2.1874987519999998
8.320500000000001e-06,0.312495104000007,0.62574999232,1.484874996416,-2.1874987519999998
8.321e-06,0.312495104000007,0.62574999232,1.483624996544,-1.8749987840000006
8.3215e-06,0.312495104000007,0.62574999232,1.4823749966720001,-2.1874987519999998
8.322000000000001e-06,0.312495104000007,0.62574999232,1.484874996416,-2.1874987519999998
8.3225e-06,-0.46875494399999695,0.63199999168,1.486124996288,-2.1874987519999998
8.323e-06,-0.46875494399999695,0.6382499910399999,1.484874996416,-1.8749987840000006
8.323500000000001e-06,0.312495104000007,0.62574999232,1.484874996416,-1.8749987840000006
8.324e-06,-0.46875494399999695,0.62574999232,1.484874996416,-2.1874987519999998
8.324500000000001e-06,0.312495104000007,0.63199999168,1.48737499616,-2.1874987519999998
8.325e-06,0.312495104000007,0.62574999232,1.48737499616,-2.1874987519999998
8.3255e-06,-0.46875494399999695,0.62574999232,1.484874996416,-2.1874987519999998
8.326000000000001e-06,0.312495104000007,0.63199999168,1.483624996544,-2.1874987519999998
8.3265e-06,0.312495104000007,0.63199999168,1.484874996416,-2.1874987519999998
8.327e-06,-0.46875494399999695,0.63199999168,1.483624996544,-1.8749987840000006
8.327500000000001e-06,0.312495104000007,0.61949999296,1.484874996416,-2.1874987519999998
8.328e-06,-0.46875494399999695,0.61949999296,1.483624996544,-2.1874987519999998
8.3285e-06,0.312495104000007,0.63199999168,1.486124996288,-2.4999987200000007
8.329000000000001e-06,0.312495104000007,0.63199999168,1.483624996544,-2.1874987519999998
8.3295e-06,0.312495104000007,0.63199999168,1.484874996416,-2.1874987519999998
8.33e-06,0.312495104000007,0.62574999232,1.483624996544,-1.8749987840000006
8.330500000000001e-06,-0.46875494399999695,0.63199999168,1.483624996544,-2.1874987519999998
8.331e-06,-0.46875494399999695,0.63199999168,1.486124996288,-1.8749987840000006
8.3315e-06,-0.46875494399999695,0.63199999168,1.48737499616,-2.1874987519999998
8.332000000000001e-06,-0.46875494399999695,0.62574999232,1.486124996288,-2.1874987519999998
8.3325e-06,-0.46875494399999695,0.62574999232,1.484874996416,-2.1874987519999998
8.333000000000001e-06,0.312495104000007,0.6382499910399999,1.484874996416,-2.1874987519999998
8.3335e-06,-0.46875494399999695,0.62574999232,1.483624996544,-2.1874987519999998
8.334e-06,-0.46875494399999695,0.62574999232,1.483624996544,-2.1874987519999998
8.334500000000001e-06,-0.46875494399999695,0.62574999232,1.484874996416,-1.8749987840000006
8.335e-06,0.312495104000007,0.63199999168,1.483624996544,-2.1874987519999998
8.3355e-06,-0.46875494399999695,0.62574999232,1.483624996544,-2.1874987519999998
8.336000000000001e-06,-0.46875494399999695,0.61949999296,1.4823749966720001,-2.1874987519999998
8.3365e-06,-0.46875494399999695,0.61949999296,1.483624996544,-2.4999987200000007
8.337e-06,0.312495104000007,0.63199999168,1.483624996544,-2.1874987519999998
8.337500000000001e-06,-0.46875494399999695,0.63199999168,1.483624996544,-2.1874987519999998
8.338e-06,0.312495104000007,0.63199999168,1.483624996544,-2.4999987200000007
8.3385e-06,-0.46875494399999695,0.62574999232,1.484874996416,-2.1874987519999998
8.339000000000001e-06,0.312495104000007,0.62574999232,1.484874996416,-2.1874987519999998
8.3395e-06,-0.46875494399999695,0.62574999232,1.484874996416,-2.1874987519999998
8.34e-06,-0.46875494399999695,0.62574999232,1.483624996544,-2.1874987519999998
8.340500000000001e-06,0.312495104000007,0.63199999168,1.486124996288,-2.4999987200000007
8.341e-06,0.312495104000007,0.63199999168,1.484874996416,-2.1874987519999998
8.341500000000001e-06,-0.46875494399999695,0.61949999296,1.4811249968,-2.4999987200000007
8.342e-06,0.312495104000007,0.62574999232,1.483624996544,-2.1874987519999998
8.3425e-06,-0.46875494399999695,0.62574999232,1.486124996288,-2.1874987519999998
8.343000000000001e-06,-0.46875494399999695,0.62574999232,1.486124996288,-2.1874987519999998
8.3435e-06,-0.46875494399999695,0.61949999296,1.484874996416,-2.4999987200000007
8.344e-06,0.312495104000007,0.61949999296,1.4823749966720001,-2.1874987519999998
8.344500000000001e-06,-0.46875494399999695,0.61949999296,1.486124996288,-2.4999987200000007
8.345e-06,0.312495104000007,0.61949999296,1.483624996544,-2.1874987519999998
8.3455e-06,0.312495104000007,0.62574999232,1.483624996544,-2.1874987519999998
8.346000000000001e-06,-0.46875494399999695,0.62574999232,1.483624996544,-2.1874987519999998
8.3465e-06,0.312495104000007,0.62574999232,1.486124996288,-2.1874987519999998
8.347e-06,0.312495104000007,0.62574999232,1.486124996288,-2.1874987519999998
8.347500000000001e-06,-0.46875494399999695,0.62574999232,1.486124996288,-1.8749987840000006
8.348e-06,-0.46875494399999695,0.62574999232,1.486124996288,-1.8749987840000006
8.3485e-06,-0.46875494399999695,0.63199999168,1.486124996288,-2.4999987200000007
8.349000000000001e-06,0.312495104000007,0.62574999232,1.484874996416,-2.1874987519999998
8.3495e-06,0.312495104000007,0.62574999232,1.4823749966720001,-2.4999987200000007
8.35e-06,-0.46875494399999695,0.62574999232,1.483624996544,-1.8749987840000006
8.3505e-06,-0.46875494399999695,0.62574999232,1.486124996288,-2.1874987519999998
8.351e-06,0.312495104000007,0.63199999168,1.484874996416,-2.1874987519999998
8.351500000000001e-06,0.312495104000007,0.62574999232,1.484874996416,-2.1874987519999998
8.352e-06,0.312495104000007,0.63199999168,1.4823749966720001,-2.1874987519999998
8.3525e-06,0.312495104000007,0.62574999232,1.484874996416,-2.1874987519999998
8.353000000000001e-06,0.312495104000007,0.62574999232,1.486124996288,-2.1874987519999998
8.3535e-06,0.312495104000007,0.62574999232,1.486124996288,-2.1874987519999998
8.354e-06,0.312495104000007,0.63199999168,1.486124996288,-2.1874987519999998
8.354500000000001e-06,0.312495104000007,0.62574999232,1.486124996288,-2.1874987519999998
8.355e-06,0.312495104000007,0.63199999168,1.4823749966720001,-2.1874987519999998
8.3555e-06,0.312495104000007,0.62574999232,1.4823749966720001,-2.1874987519999998
8.356000000000001e-06,0.312495104000007,0.62574999232,1.484874996416,-2.1874987519999998
8.3565e-06,-0.46875494399999695,0.61949999296,1.484874996416,-2.1874987519999998
8.357e-06,-0.46875494399999695,0.62574999232,1.483624996544,-2.1874987519999998
8.357500000000001e-06,0.312495104000007,0.61949999296,1.483624996544,-2.4999987200000007
8.358e-06,0.312495104000007,0.61949999296,1.484874996416,-1.8749987840000006
8.3585e-06,0.312495104000007,0.61949999296,1.484874996416,-2.1874987519999998
8.359e-06,0.312495104000007,0.62574999232,1.483624996544,-2.1874987519999998
8.3595e-06,-0.46875494399999695,0.62574999232,1.483624996544,-2.4999987200000007
8.360000000000001e-06,-1.250004992000001,0.62574999232,1.479874996928,-2.4999987200000007
8.3605e-06,-0.46875494399999695,0.61949999296,1.4823749966720001,-2.1874987519999998
8.361e-06,-0.46875494399999695,0.61949999296,1.4823749966720001,-1.8749987840000006
8.361500000000001e-06,-0.46875494399999695,0.62574999232,1.484874996416,-2.1874987519999998
8.362e-06,0.312495104000007,0.62574999232,1.484874996416,-1.8749987840000006
8.3625e-06,-0.46875494399999695,0.62574999232,1.484874996416,-2.1874987519999998
8.363000000000001e-06,0.312495104000007,0.63199999168,1.486124996288,-2.1874987519999998
8.3635e-06,0.312495104000007,0.62574999232,1.488624996032,-2.1874987519999998
8.364e-06,-0.46875494399999695,0.62574999232,1.486124996288,-1.8749987840000006
8.364500000000001e-06,-0.46875494399999695,0.62574999232,1.48737499616,-2.1874987519999998
8.365e-06,-0.46875494399999695,0.63199999168,1.484874996416,-2.1874987519999998
8.3655e-06,-0.46875494399999695,0.61949999296,1.483624996544,-2.1874987519999998
8.366000000000001e-06,0.312495104000007,0.61949999296,1.483624996544,-2.1874987519999998
8.3665e-06,0.312495104000007,0.63199999168,1.483624996544,-2.1874987519999998
8.367e-06,-0.46875494399999695,0.63199999168,1.4823749966720001,-1.8749987840000006
8.3675e-06,-0.46875494399999695,0.62574999232,1.483624996544,-2.8124986880000016
8.368e-06,0.312495104000007,0.62574999232,1.484874996416,-2.4999987200000007
8.368500000000001e-06,0.312495104000007,0.61949999296,1.484874996416,-2.4999987200000007
8.369e-06,-0.46875494399999695,0.62574999232,1.483624996544,-2.1874987519999998
8.3695e-06,0.312495104000007,0.62574999232,1.483624996544,-2.1874987519999998
8.370000000000001e-06,0.312495104000007,0.61949999296,1.4823749966720001,-1.8749987840000006
8.3705e-06,0.312495104000007,0.63199999168,1.483624996544,-2.1874987519999998
8.371e-06,0.312495104000007,0.62574999232,1.484874996416,-2.1874987519999998
8.371500000000001e-06,0.312495104000007,0.63199999168,1.483624996544,-2.1874987519999998
8.372e-06,-0.46875494399999695,0.63199999168,1.484874996416,-1.8749987840000006
8.3725e-06,-0.46875494399999695,0.63199999168,1.486124996288,-2.4999987200000007
8.373000000000001e-06,0.312495104000007,0.62574999232,1.486124996288,-2.1874987519999998
8.3735e-06,-0.46875494399999695,0.63199999168,1.486124996288,-2.1874987519999998
8.374e-06,0.312495104000007,0.62574999232,1.486124996288,-2.1874987519999998
8.374500000000001e-06,0.312495104000007,0.62574999232,1.48737499616,-2.1874987519999998
8.375e-06,0.312495104000007,0.62574999232,1.486124996288,-2.4999987200000007
8.3755e-06,-0.46875494399999695,0.62574999232,1.486124996288,-2.4999987200000007
8.376e-06,0.312495104000007,0.62574999232,1.4823749966720001,-2.4999987200000007
8.3765e-06,-0.46875494399999695,0.62574999232,1.483624996544,-2.4999987200000007
8.377000000000001e-06,-0.46875494399999695,0.62574999232,1.483624996544,-2.1874987519999998
8.3775e-06,0.312495104000007,0.62574999232,1.484874996416,-2.4999987200000007
8.378e-06,0.312495104000007,0.62574999232,1.486124996288,-2.1874987519999998
8.378500000000001e-06,-0.46875494399999695,0.62574999232,1.484874996416,-2.4999987200000007
8.379e-06,0.312495104000007,0.63199999168,1.486124996288,-2.1874987519999998
8.3795e-06,-0.46875494399999695,0.62574999232,1.484874996416,-1.8749987840000006
8.380000000000001e-06,-0.46875494399999695,0.63199999168,1.483624996544,-2.1874987519999998
8.3805e-06,-0.46875494399999695,0.63199999168,1.486124996288,-2.1874987519999998
8.381e-06,0.312495104000007,0.62574999232,1.48737499616,-2.1874987519999998
8.381500000000001e-06,-0.46875494399999695,0.62574999232,1.486124996288,-2.1874987519999998
8.382e-06,0.312495104000007,0.61949999296,1.486124996288,-2.1874987519999998
8.3825e-06,-0.46875494399999695,0.62574999232,1.484874996416,-2.1874987519999998
8.383000000000001e-06,-0.46875494399999695,0.62574999232,1.483624996544,-2.1874987519999998
8.3835e-06,0.312495104000007,0.62574999232,1.484874996416,-2.4999987200000007
8.384e-06,-0.46875494399999695,0.62574999232,1.4811249968,-2.1874987519999998
8.3845e-06,-0.46875494399999695,0.62574999232,1.484874996416,-2.4999987200000007
8.385e-06,-0.46875494399999695,0.62574999232,1.484874996416,-2.1874987519999998
8.385500000000001e-06,0.312495104000007,0.62574999232,1.484874996416,-2.1874987519999998
8.386e-06,0.312495104000007,0.62574999232,1.486124996288,-2.1874987519999998
8.3865e-06,-0.46875494399999695,0.62574999232,1.486124996288,-2.1874987519999998
8.387000000000001e-06,-0.46875494399999695,0.62574999232,1.48737499616,-2.1874987519999998
8.3875e-06,-0.46875494399999695,0.62574999232,1.48737499616,-2.1874987519999998
8.388e-06,-0.46875494399999695,0.62574999232,1.48737499616,-2.1874987519999998
8.388500000000001e-06,-0.46875494399999695,0.63199999168,1.486124996288,-2.1874987519999998
8.389e-06,0.312495104000007,0.62574999232,1.488624996032,-2.1874987519999998
8.3895e-06,-0.46875494399999695,0.62574999232,1.488624996032,-2.4999987200000007
8.390000000000001e-06,0.312495104000007,0.62574999232,1.48737499616,-2.1874987519999998
8.3905e-06,0.312495104000007,0.63199999168,1.48737499616,-2.1874987519999998
8.391e-06,0.312495104000007,0.63199999168,1.484874996416,-2.4999987200000007
8.391500000000001e-06,-0.46875494399999695,0.62574999232,1.484874996416,-2.4999987200000007
8.392e-06,-0.46875494399999695,0.63199999168,1.484874996416,-2.1874987519999998
8.3925e-06,0.312495104000007,0.62574999232,1.488624996032,-2.4999987200000007
8.393e-06,0.312495104000007,0.63199999168,1.48737499616,-2.1874987519999998
8.3935e-06,-0.46875494399999695,0.63199999168,1.48737499616,-2.4999987200000007
8.394000000000001e-06,0.312495104000007,0.63199999168,1.48737499616,-2.4999987200000007
8.3945e-06,-0.46875494399999695,0.63199999168,1.48737499616,-2.4999987200000007
8.395e-06,-0.46875494399999695,0.63199999168,1.486124996288,-2.1874987519999998
8.395500000000001e-06,-0.46875494399999695,0.62574999232,1.484874996416,-2.1874987519999998
8.396e-06,-0.46875494399999695,0.62574999232,1.483624996544,-2.4999987200000007
8.3965e-06,-0.46875494399999695,0.62574999232,1.484874996416,-2.4999987200000007
8.397000000000001e-06,0.312495104000007,0.62574999232,1.484874996416,-2.4999987200000007
8.3975e-06,-0.46875494399999695,0.62574999232,1.486124996288,-2.4999987200000007
8.398e-06,0.312495104000007,0.62574999232,1.486124996288,-2.1874987519999998
8.398500000000001e-06,-0.46875494399999695,0.63199999168,1.48737499616,-2.4999987200000007
8.399e-06,-0.46875494399999695,0.63199999168,1.484874996416,-2.4999987200000007
8.3995e-06,-1.250004992000001,0.62574999232,1.486124996288,-2.8124986880000016
8.400000000000001e-06,0.312495104000007,0.63199999168,1.484874996416,-2.4999987200000007
8.4005e-06,0.312495104000007,0.62574999232,1.486124996288,-2.4999987200000007
8.401e-06,0.312495104000007,0.62574999232,1.486124996288,-2.4999987200000007
8.4015e-06,0.312495104000007,0.62574999232,1.484874996416,-2.4999987200000007
8.402e-06,-0.46875494399999695,0.62574999232,1.484874996416,-2.4999987200000007
8.402500000000001e-06,-0.46875494399999695,0.62574999232,1.486124996288,-2.4999987200000007
8.403e-06,0.312495104000007,0.63199999168,1.48737499616,-2.1874987519999998
8.4035e-06,0.312495104000007,0.62574999232,1.486124996288,-2.4999987200000007
8.404000000000001e-06,-0.46875494399999695,0.63199999168,1.483624996544,-2.4999987200000007
8.4045e-06,-0.46875494399999695,0.63199999168,1.4823749966720001,-2.4999987200000007
8.405e-06,0.312495104000007,0.62574999232,1.484874996416,-2.1874987519999998
8.405500000000001e-06,0.312495104000007,0.62574999232,1.484874996416,-2.1874987519999998
8.406e-06,-0.46875494399999695,0.61949999296,1.483624996544,-2.1874987519999998
8.4065e-06,-0.46875494399999695,0.62574999232,1.486124996288,-2.1874987519999998
8.407000000000001e-06,0.312495104000007,0.62574999232,1.483624996544,-2.4999987200000007
8.4075e-06,0.312495104000007,0.62574999232,1.483624996544,-2.4999987200000007
8.408e-06,0.312495104000007,0.63199999168,1.483624996544,-2.4999987200000007
8.408500000000001e-06,0.312495104000007,0.62574999232,1.486124996288,-2.4999987200000007
8.409e-06,-0.46875494399999695,0.61949999296,1.484874996416,-2.4999987200000007
8.4095e-06,0.312495104000007,0.62574999232,1.48737499616,-2.4999987200000007
8.41e-06,-0.46875494399999695,0.62574999232,1.486124996288,-2.1874987519999998
8.4105e-06,-0.46875494399999695,0.62574999232,1.484874996416,-2.4999987200000007
8.411000000000001e-06,0.312495104000007,0.62574999232,1.484874996416,-2.1874987519999998
8.4115e-06,0.312495104000007,0.62574999232,1.486124996288,-2.1874987519999998
8.412e-06,-0.46875494399999695,0.62574999232,1.486124996288,-1.8749987840000006
8.412500000000001e-06,-0.46875494399999695,0.63199999168,1.484874996416,-2.4999987200000007
8.413e-06,0.312495104000007,0.62574999232,1.484874996416,-2.4999987200000007
8.4135e-06,0.312495104000007,0.62574999232,1.486124996288,-2.1874987519999998
8.414000000000001e-06,0.312495104000007,0.62574999232,1.48737499616,-2.1874987519999998
8.4145e-06,0.312495104000007,0.62574999232,1.48737499616,-2.1874987519999998
8.415e-06,0.312495104000007,0.63199999168,1.483624996544,-2.4999987200000007
8.415500000000001e-06,0.312495104000007,0.61949999296,1.484874996416,-2.1874987519999998
8.416e-06,0.312495104000007,0.61949999296,1.483624996544,-2.1874987519999998
8.4165e-06,-0.46875494399999695,0.61949999296,1.48737499616,-2.4999987200000007
8.417000000000001e-06,-0.46875494399999695,0.62574999232,1.486124996288,-2.1874987519999998
8.4175e-06,0.312495104000007,0.62574999232,1.484874996416,-2.1874987519999998
8.418e-06,0.312495104000007,0.62574999232,1.483624996544,-2.4999987200000007
8.4185e-06,0.312495104000007,0.62574999232,1.483624996544,-1.8749987840000006
8.419e-06,0.312495104000007,0.62574999232,1.484874996416,-2.1874987519999998
8.419500000000001e-06,0.312495104000007,0.62574999232,1.486124996288,-2.4999987200000007
8.42e-06,0.312495104000007,0.61949999296,1.48737499616,-2.4999987200000007
8.4205e-06,-0.46875494399999695,0.63199999168,1.488624996032,-2.4999987200000007
8.421000000000001e-06,0.312495104000007,0.62574999232,1.486124996288,-2.4999987200000007
8.4215e-06,0.312495104000007,0.62574999232,1.484874996416,-2.4999987200000007
8.422e-06,0.312495104000007,0.62574999232,1.484874996416,-2.1874987519999998
8.422500000000001e-06,0.312495104000007,0.62574999232,1.483624996544,-2.4999987200000007
8.423e-06,0.312495104000007,0.63199999168,1.4811249968,-2.4999987200000007
8.4235e-06,0.312495104000007,0.61949999296,1.4823749966720001,-2.8124986880000016
8.424000000000001e-06,0.312495104000007,0.61949999296,1.4823749966720001,-2.4999987200000007
8.4245e-06,-0.46875494399999695,0.61949999296,1.486124996288,-2.8124986880000016
8.425e-06,0.312495104000007,0.62574999232,1.486124996288,-2.4999987200000007
8.425500000000001e-06,0.312495104000007,0.62574999232,1.483624996544,-2.1874987519999998
8.426e-06,0.312495104000007,0.63199999168,1.484874996416,-2.4999987200000007
8.4265e-06,-0.46875494399999695,0.63199999168,1.486124996288,-2.1874987519999998
8.427e-06,-0.46875494399999695,0.6382499910399999,1.486124996288,-2.4999987200000007
8.4275e-06,0.312495104000007,0.63199999168,1.488624996032,-2.4999987200000007
8.428000000000001e-06,-0.46875494399999695,0.63199999168,1.488624996032,-2.4999987200000007
8.4285e-06,-0.46875494399999695,0.63199999168,1.48737499616,-2.4999987200000007
8.429e-06,-0.46875494399999695,0.63199999168,1.486124996288,-2.4999987200000007
8.429500000000001e-06,-0.46875494399999695,0.62574999232,1.484874996416,-2.4999987200000007
8.43e-06,-0.46875494399999695,0.62574999232,1.484874996416,-2.1874987519999998
8.4305e-06,-0.46875494399999695,0.62574999232,1.48737499616,-2.4999987200000007
8.431000000000001e-06,-0.46875494399999695,0.63199999168,1.484874996416,-2.4999987200000007
8.4315e-06,-0.46875494399999695,0.62574999232,1.486124996288,-2.4999987200000007
8.432e-06,0.312495104000007,0.62574999232,1.483624996544,-2.4999987200000007
8.432500000000001e-06,0.312495104000007,0.62574999232,1.484874996416,-2.4999987200000007
8.433e-06,-0.46875494399999695,0.62574999232,1.483624996544,-2.1874987519999998
8.4335e-06,0.312495104000007,0.62574999232,1.483624996544,-2.4999987200000007
8.434000000000001e-06,0.312495104000007,0.61949999296,1.483624996544,-2.1874987519999998
8.4345e-06,-0.46875494399999695,0.62574999232,1.483624996544,-2.4999987200000007
8.435e-06,-0.46875494399999695,0.62574999232,1.4823749966720001,-2.1874987519999998
8.4355e-06,-0.46875494399999695,0.62574999232,1.4823749966720001,-2.4999987200000007
8.436e-06,-0.46875494399999695,0.62574999232,1.4811249968,-2.1874987519999998
8.436500000000001e-06,0.312495104000007,0.63199999168,1.4823749966720001,-2.4999987200000007
8.437e-06,0.312495104000007,0.63199999168,1.486124996288,-2.4999987200000007
8.4375e-06,-0.46875494399999695,0.62574999232,1.486124996288,-2.4999987200000007
8.438000000000001e-06,-0.46875494399999695,0.62574999232,1.486124996288,-2.4999987200000007
8.4385e-06,-0.46875494399999695,0.62574999232,1.488624996032,-2.4999987200000007
8.439e-06,-0.46875494399999695,0.61949999296,1.48737499616,-2.4999987200000007
8.439500000000001e-06,-0.46875494399999695,0.61949999296,1.48737499616,-2.8124986880000016
8.44e-06,0.312495104000007,0.63199999168,1.483624996544,-2.4999987200000007
8.4405e-06,-0.46875494399999695,0.62574999232,1.48737499616,-2.4999987200000007
8.441000000000001e-06,0.312495104000007,0.62574999232,1.488624996032,-2.4999987200000007
8.4415e-06,0.312495104000007,0.63199999168,1.48737499616,-2.4999987200000007
8.442e-06,0.312495104000007,0.63199999168,1.486124996288,-2.4999987200000007
8.442500000000001e-06,-0.46875494399999695,0.63199999168,1.486124996288,-2.4999987200000007
8.443e-06,-0.46875494399999695,0.63199999168,1.486124996288,-2.4999987200000007
8.4435e-06,-0.46875494399999695,0.63199999168,1.486124996288,-2.4999987200000007
8.444e-06,-0.46875494399999695,0.62574999232,1.486124996288,-2.4999987200000007
8.4445e-06,-0.46875494399999695,0.63199999168,1.48737499616,-2.4999987200000007
8.445000000000001e-06,0.312495104000007,0.6382499910399999,1.488624996032,-2.4999987200000007
8.4455e-06,-0.46875494399999695,0.63199999168,1.486124996288,-2.4999987200000007
8.446e-06,-0.46875494399999695,0.62574999232,1.486124996288,-2.4999987200000007
8.446500000000001e-06,0.312495104000007,0.62574999232,1.484874996416,-2.1874987519999998
8.447e-06,0.312495104000007,0.62574999232,1.4823749966720001,-2.8124986880000016
8.4475e-06,0.312495104000007,0.62574999232,1.484874996416,-2.4999987200000007
8.448000000000001e-06,0.312495104000007,0.63199999168,1.484874996416,-2.4999987200000007
8.4485e-06,0.312495104000007,0.62574999232,1.48737499616,-2.8124986880000016
8.449e-06,0.312495104000007,0.63199999168,1.484874996416,-2.4999987200000007
8.449500000000001e-06,0.312495104000007,0.63199999168,1.484874996416,-2.1874987519999998
8.45e-06,0.312495104000007,0.63199999168,1.486124996288,-2.4999987200000007
8.4505e-06,0.312495104000007,0.62574999232,1.483624996544,-2.4999987200000007
8.451000000000001e-06,-0.46875494399999695,0.62574999232,1.484874996416,-2.1874987519999998
8.4515e-06,-0.46875494399999695,0.63199999168,1.486124996288,-2.4999987200000007
8.452e-06,0.312495104000007,0.62574999232,1.483624996544,-2.4999987200000007
8.4525e-06,-0.46875494399999695,0.6382499910399999,1.486124996288,-2.8124986880000016
8.453e-06,0.312495104000007,0.63199999168,1.484874996416,-2.4999987200000007
8.453500000000001e-06,0.312495104000007,0.62574999232,1.483624996544,-2.4999987200000007
8.454e-06,-0.46875494399999695,0.63199999168,1.484874996416,-2.4999987200000007
8.4545e-06,-0.46875494399999695,0.63199999168,1.48737499616,-2.4999987200000007
8.455000000000001e-06,0.312495104000007,0.63199999168,1.484874996416,-2.4999987200000007
8.4555e-06,0.312495104000007,0.62574999232,1.483624996544,-2.8124986880000016
8.456e-06,-0.46875494399999695,0.62574999232,1.4823749966720001,-2.4999987200000007
8.456500000000001e-06,-0.46875494399999695,0.62574999232,1.483624996544,-2.8124986880000016
8.457e-06,-1.250004992000001,0.63199999168,1.483624996544,-2.4999987200000007
8.4575e-06,0.312495104000007,0.6382499910399999,1.483624996544,-2.4999987200000007
8.458000000000001e-06,-0.46875494399999695,0.63199999168,1.483624996544,-2.4999987200000007
8.4585e-06,0.312495104000007,0.6382499910399999,1.483624996544,-2.4999987200000007
8.459e-06,1.0937451519999968,0.63199999168,1.484874996416,-2.1874987519999998
8.459500000000001e-06,0.312495104000007,0.62574999232,1.48737499616,-2.1874987519999998
8.46e-06,-0.46875494399999695,0.62574999232,1.486124996288,-2.4999987200000007
8.4605e-06,0.312495104000007,0.62574999232,1.484874996416,-2.4999987200000007
8.461e-06,0.312495104000007,0.63199999168,1.484874996416,-2.4999987200000007
8.4615e-06,0.312495104000007,0.62574999232,1.484874996416,-2.4999987200000007
8.462000000000001e-06,0.312495104000007,0.63199999168,1.486124996288,-2.1874987519999998
8.4625e-06,0.312495104000007,0.63199999168,1.48737499616,-2.1874987519999998
8.463e-06,0.312495104000007,0.63199999168,1.488624996032,-2.4999987200000007
8.463500000000001e-06,-0.46875494399999695,0.62574999232,1.488624996032,-2.4999987200000007
8.464e-06,0.312495104000007,0.63199999168,1.486124996288,-2.4999987200000007
8.4645e-06,1.0937451519999968,0.62574999232,1.48737499616,-2.8124986880000016
8.465000000000001e-06,-0.46875494399999695,0.62574999232,1.484874996416,-2.4999987200000007
8.4655e-06,0.312495104000007,0.62574999232,1.4823749966720001,-2.1874987519999998
8.466e-06,0.312495104000007,0.62574999232,1.483624996544,-2.4999987200000007
8.466500000000001e-06,-0.46875494399999695,0.6382499910399999,1.483624996544,-2.4999987200000007
8.467e-06,0.312495104000007,0.63199999168,1.484874996416,-2.4999987200000007
8.4675e-06,-0.46875494399999695,0.62574999232,1.484874996416,-2.4999987200000007
8.468000000000001e-06,0.312495104000007,0.63199999168,1.486124996288,-2.4999987200000007
8.4685e-06,1.0937451519999968,0.63199999168,1.488624996032,-2.4999987200000007
8.469e-06,0.312495104000007,0.63199999168,1.488624996032,-2.1874987519999998
8.4695e-06,-0.46875494399999695,0.63199999168,1.48737499616,-2.4999987200000007
8.47e-06,-0.46875494399999695,0.62574999232,1.486124996288,-2.4999987200000007
8.470500000000001e-06,0.312495104000007,0.62574999232,1.484874996416,-2.4999987200000007
8.471e-06,0.312495104000007,0.63199999168,1.483624996544,-2.4999987200000007
8.4715e-06,0.312495104000007,0.62574999232,1.4823749966720001,-2.4999987200000007
8.472000000000001e-06,0.312495104000007,0.62574999232,1.4823749966720001,-2.4999987200000007
8.4725e-06,1.0937451519999968,0.61949999296,1.484874996416,-2.4999987200000007
8.473e-06,0.312495104000007,0.63199999168,1.486124996288,-2.4999987200000007
8.473500000000001e-06,0.312495104000007,0.63199999168,1.48737499616,-2.4999987200000007
8.474e-06,0.312495104000007,0.62574999232,1.486124996288,-2.1874987519999998
8.4745e-06,0.312495104000007,0.62574999232,1.484874996416,-2.4999987200000007
8.475000000000001e-06,0.312495104000007,0.62574999232,1.483624996544,-2.1874987519999998
8.4755e-06,0.312495104000007,0.63199999168,1.484874996416,-2.4999987200000007
8.476e-06,-0.46875494399999695,0.61949999296,1.483624996544,-2.1874987519999998
8.476500000000001e-06,0.312495104000007,0.62574999232,1.484874996416,-2.8124986880000016
8.477e-06,0.312495104000007,0.62574999232,1.48737499616,-2.8124986880000016
8.4775e-06,0.312495104000007,0.62574999232,1.488624996032,-2.4999987200000007
8.478e-06,-0.46875494399999695,0.62574999232,1.486124996288,-2.1874987519999998
8.4785e-06,0.312495104000007,0.63199999168,1.486124996288,-2.1874987519999998
8.479000000000001e-06,0.312495104000007,0.63199999168,1.486124996288,-2.4999987200000007
8.4795e-06,0.312495104000007,0.62574999232,1.48737499616,-2.4999987200000007
8.48e-06,0.312495104000007,0.62574999232,1.484874996416,-2.4999987200000007
8.480500000000001e-06,0.312495104000007,0.62574999232,1.484874996416,-2.4999987200000007
8.481e-06,0.312495104000007,0.62574999232,1.4823749966720001,-2.1874987519999998
8.4815e-06,0.312495104000007,0.63199999168,1.483624996544,-2.4999987200000007
8.482000000000001e-06,0.312495104000007,0.63199999168,1.48737499616,-2.4999987200000007
8.4825e-06,-0.46875494399999695,0.6382499910399999,1.488624996032,-2.4999987200000007
8.483e-06,0.312495104000007,0.63199999168,1.486124996288,-2.4999987200000007
8.483500000000001e-06,0.312495104000007,0.63199999168,1.484874996416,-2.4999987200000007
8.484e-06,-0.46875494399999695,0.62574999232,1.483624996544,-2.4999987200000007
8.4845e-06,0.312495104000007,0.62574999232,1.484874996416,-2.4999987200000007
8.485000000000001e-06,0.312495104000007,0.62574999232,1.486124996288,-2.4999987200000007
8.4855e-06,-0.46875494399999695,0.62574999232,1.488624996032,-2.4999987200000007
8.486e-06,0.312495104000007,0.62574999232,1.488624996032,-2.4999987200000007
8.4865e-06,0.312495104000007,0.63199999168,1.491124995776,-2.4999987200000007
8.487e-06,0.312495104000007,0.63199999168,1.48737499616,-2.4999987200000007
8.487500000000001e-06,-0.46875494399999695,0.62574999232,1.48737499616,-2.8124986880000016
8.488e-06,0.312495104000007,0.62574999232,1.486124996288,-2.4999987200000007
8.4885e-06,0.312495104000007,0.61949999296,1.489874995904,-2.8124986880000016
8.489000000000001e-06,-0.46875494399999695,0.62574999232,1.486124996288,-2.4999987200000007
8.4895e-06,-0.46875494399999695,0.62574999232,1.483624996544,-2.4999987200000007
8.49e-06,0.312495104000007,0.61949999296,1.483624996544,-2.4999987200000007
8.490500000000001e-06,-0.46875494399999695,0.61949999296,1.486124996288,-2.8124986880000016
8.491e-06,-0.46875494399999695,0.62574999232,1.484874996416,-2.4999987200000007
8.4915e-06,0.312495104000007,0.61949999296,1.484874996416,-2.4999987200000007
8.492000000000001e-06,0.312495104000007,0.62574999232,1.484874996416,-2.4999987200000007
8.4925e-06,-0.46875494399999695,0.63199999168,1.488624996032,-2.4999987200000007
8.493e-06,-0.46875494399999695,0.63199999168,1.486124996288,-2.4999987200000007
8.493500000000001e-06,-0.46875494399999695,0.62574999232,1.4823749966720001,-2.4999987200000007
8.494e-06,0.312495104000007,0.63199999168,1.483624996544,-2.1874987519999998
8.4945e-06,-0.46875494399999695,0.62574999232,1.48737499616,-2.4999987200000007
8.495e-06,0.312495104000007,0.62574999232,1.483624996544,-2.4999987200000007
8.4955e-06,-0.46875494399999695,0.62574999232,1.486124996288,-2.8124986880000016
8.496000000000001e-06,0.312495104000007,0.63199999168,1.486124996288,-2.4999987200000007
8.4965e-06,-0.46875494399999695,0.62574999232,1.488624996032,-2.4999987200000007
8.497e-06,-0.46875494399999695,0.62574999232,1.48737499616,-2.1874987519999998
8.497500000000001e-06,0.312495104000007,0.62574999232,1.48737499616,-2.1874987519999998
8.498e-06,0.312495104000007,0.63199999168,1.491124995776,-2.1874987519999998
8.4985e-06,-0.46875494399999695,0.63199999168,1.489874995904,-2.4999987200000007
8.499000000000001e-06,-0.46875494399999695,0.63199999168,1.488624996032,-2.1874987519999998
8.4995e-06,0.312495104000007,0.62574999232,1.486124996288,-2.1874987519999998
8.5e-06,0.312495104000007,0.62574999232,1.483624996544,-2.4999987200000007
8.500500000000001e-06,1.0937451519999968,0.63199999168,1.484874996416,-2.4999987200000007
8.501e-06,0.312495104000007,0.63199999168,1.486124996288,-2.4999987200000007
8.5015e-06,0.312495104000007,0.63199999168,1.484874996416,-2.4999987200000007
8.502000000000001e-06,0.312495104000007,0.62574999232,1.488624996032,-2.1874987519999998
8.5025e-06,0.312495104000007,0.62574999232,1.48737499616,-2.4999987200000007
8.503e-06,-0.46875494399999695,0.62574999232,1.483624996544,-2.4999987200000007
8.5035e-06,0.312495104000007,0.62574999232,1.486124996288,-2.8124986880000016
8.504e-06,0.312495104000007,0.62574999232,1.484874996416,-2.4999987200000007
8.504500000000001e-06,0.312495104000007,0.63199999168,1.488624996032,-2.4999987200000007
8.505e-06,-0.46875494399999695,0.62574999232,1.484874996416,-2.4999987200000007
8.5055e-06,-0.46875494399999695,0.63199999168,1.484874996416,-2.1874987519999998
8.506000000000001e-06,0.312495104000007,0.63199999168,1.486124996288,-2.4999987200000007
8.5065e-06,1.0937451519999968,0.63199999168,1.489874995904,-2.4999987200000007
8.507e-06,-0.46875494399999695,0.63199999168,1.489874995904,-2.4999987200000007
8.507500000000001e-06,0.312495104000007,0.62574999232,1.488624996032,-2.4999987200000007
8.508e-06,-0.46875494399999695,0.62574999232,1.488624996032,-2.4999987200000007
8.5085e-06,-0.46875494399999695,0.62574999232,1.48737499616,-2.4999987200000007
8.509000000000001e-06,0.312495104000007,0.62574999232,1.486124996288,-2.4999987200000007
8.5095e-06,0.312495104000007,0.62574999232,1.484874996416,-2.4999987200000007
8.51e-06,0.312495104000007,0.62574999232,1.484874996416,-2.1874987519999998
8.510500000000001e-06,0.312495104000007,0.63199999168,1.4823749966720001,-2.4999987200000007
8.511e-06,0.312495104000007,0.63199999168,1.4823749966720001,-2.4999987200000007
8.5115e-06,-0.46875494399999695,0.63199999168,1.4823749966720001,-2.8124986880000016
8.512e-06,0.312495104000007,0.62574999232,1.484874996416,-2.4999987200000007
8.5125e-06,-0.46875494399999695,0.62574999232,1.488624996032,-2.8124986880000016
8.513000000000001e-06,0.312495104000007,0.62574999232,1.48737499616,-2.4999987200000007
8.5135e-06,0.312495104000007,0.62574999232,1.48737499616,-2.1874987519999998
8.514e-06,0.312495104000007,0.62574999232,1.48737499616,-2.4999987200000007
8.514500000000001e-06,0.312495104000007,0.63199999168,1.48737499616,-2.4999987200000007
8.515e-06,0.312495104000007,0.63199999168,1.48737499616,-2.1874987519999998
8.5155e-06,0.312495104000007,0.62574999232,1.488624996032,-2.4999987200000007
8.516000000000001e-06,0.312495104000007,0.62574999232,1.488624996032,-2.8124986880000016
8.5165e-06,0.312495104000007,0.62574999232,1.488624996032,-2.8124986880000016
8.517e-06,0.312495104000007,0.62574999232,1.486124996288,-2.4999987200000007
8.517500000000001e-06,0.312495104000007,0.62574999232,1.483624996544,-2.4999987200000007
8.518e-06,0.312495104000007,0.61949999296,1.4823749966720001,-2.1874987519999998
8.5185e-06,0.312495104000007,0.62574999232,1.486124996288,-2.4999987200000007
8.519000000000001e-06,0.312495104000007,0.62574999232,1.483624996544,-2.4999987200000007
8.5195e-06,0.312495104000007,0.62574999232,1.486124996288,-2.8124986880000016
8.52e-06,0.312495104000007,0.62574999232,1.486124996288,-2.4999987200000007
8.5205e-06,0.312495104000007,0.61949999296,1.486124996288,-2.4999987200000007
8.521e-06,0.312495104000007,0.63199999168,1.483624996544,-2.4999987200000007
8.521500000000001e-06,0.312495104000007,0.63199999168,1.484874996416,-2.4999987200000007
8.522e-06,0.312495104000007,0.62574999232,1.484874996416,-2.8124986880000016
8.5225e-06,0.312495104000007,0.62574999232,1.48737499616,-2.4999987200000007
8.523000000000001e-06,0.312495104000007,0.62574999232,1.484874996416,-2.4999987200000007
8.5235e-06,0.312495104000007,0.62574999232,1.484874996416,-2.4999987200000007
8.524e-06,-0.46875494399999695,0.62574999232,1.486124996288,-2.4999987200000007
8.524500000000001e-06,0.312495104000007,0.62574999232,1.48737499616,-2.4999987200000007
8.525e-06,0.312495104000007,0.63199999168,1.484874996416,-2.4999987200000007
8.5255e-06,0.312495104000007,0.63199999168,1.486124996288,-2.4999987200000007
8.526000000000001e-06,0.312495104000007,0.63199999168,1.48737499616,-2.4999987200000007
8.5265e-06,0.312495104000007,0.62574999232,1.486124996288,-2.4999987200000007
8.527e-06,0.312495104000007,0.63199999168,1.483624996544,-2.8124986880000016
8.527500000000001e-06,0.312495104000007,0.62574999232,1.486124996288,-2.8124986880000016
8.528e-06,0.312495104000007,0.63199999168,1.486124996288,-2.8124986880000016
8.5285e-06,-0.46875494399999695,0.62574999232,1.488624996032,-2.8124986880000016
8.529e-06,0.312495104000007,0.62574999232,1.48737499616,-2.4999987200000007
8.5295e-06,0.312495104000007,0.62574999232,1.48737499616,-2.4999987200000007
8.530000000000001e-06,0.312495104000007,0.62574999232,1.486124996288,-2.8124986880000016
8.5305e-06,-0.46875494399999695,0.62574999232,1.486124996288,-2.4999987200000007
8.531e-06,-0.46875494399999695,0.62574999232,1.484874996416,-2.4999987200000007
8.531500000000001e-06,0.312495104000007,0.62574999232,1.483624996544,-2.4999987200000007
8.532e-06,0.312495104000007,0.62574999232,1.486124996288,-2.4999987200000007
8.5325e-06,-0.46875494399999695,0.62574999232,1.488624996032,-2.8124986880000016
8.533000000000001e-06,0.312495104000007,0.63199999168,1.48737499616,-2.8124986880000016
8.5335e-06,-0.46875494399999695,0.62574999232,1.484874996416,-2.8124986880000016
8.534e-06,0.312495104000007,0.63199999168,1.484874996416,-2.4999987200000007
8.534500000000001e-06,0.312495104000007,0.63199999168,1.488624996032,-2.1874987519999998
8.535e-06,0.312495104000007,0.63199999168,1.486124996288,-2.4999987200000007
8.5355e-06,0.312495104000007,0.62574999232,1.486124996288,-3.1249986560000007
8.536000000000001e-06,0.312495104000007,0.63199999168,1.484874996416,-2.8124986880000016
8.5365e-06,-0.46875494399999695,0.62574999232,1.48737499616,-2.8124986880000016
8.537e-06,0.312495104000007,0.63199999168,1.48737499616,-2.8124986880000016
8.5375e-06,0.312495104000007,0.6382499910399999,1.486124996288,-2.8124986880000016
8.538e-06,0.312495104000007,0.63199999168,1.483624996544,-2.8124986880000016
8.538500000000001e-06,0.312495104000007,0.63199999168,1.486124996288,-2.4999987200000007
8.539e-06,0.312495104000007,0.63199999168,1.486124996288,-2.4999987200000007
8.5395e-06,0.312495104000007,0.63199999168,1.486124996288,-2.8124986880000016
8.540000000000001e-06,-0.46875494399999695,0.62574999232,1.483624996544,-2.4999987200000007
8.5405e-06,-0.46875494399999695,0.63199999168,1.484874996416,-2.8124986880000016
8.541e-06,0.312495104000007,0.63199999168,1.486124996288,-2.4999987200000007
8.541500000000001e-06,0.312495104000007,0.62574999232,1.48737499616,-2.8124986880000016
8.542e-06,0.312495104000007,0.62574999232,1.48737499616,-2.4999987200000007
8.5425e-06,0.312495104000007,0.63199999168,1.48737499616,-2.4999987200000007
8.543000000000001e-06,0.312495104000007,0.63199999168,1.484874996416,-2.4999987200000007
8.5435e-06,0.312495104000007,0.62574999232,1.486124996288,-2.4999987200000007
8.544e-06,0.312495104000007,0.63199999168,1.48737499616,-2.4999987200000007
8.544500000000001e-06,-0.46875494399999695,0.62574999232,1.489874995904,-2.8124986880000016
8.545e-06,-0.46875494399999695,0.61949999296,1.48737499616,-2.4999987200000007
8.5455e-06,0.312495104000007,0.62574999232,1.48737499616,-2.8124986880000016
8.546000000000001e-06,0.312495104000007,0.62574999232,1.491124995776,-2.4999987200000007
8.5465e-06,0.312495104000007,0.62574999232,1.491124995776,-2.4999987200000007
8.547000000000001e-06,-0.46875494399999695,0.6382499910399999,1.488624996032,-2.4999987200000007
8.5475e-06,0.312495104000007,0.63199999168,1.48737499616,-2.8124986880000016
8.548e-06,0.312495104000007,0.62574999232,1.48737499616,-2.8124986880000016
8.548500000000001e-06,-0.46875494399999695,0.62574999232,1.489874995904,-2.8124986880000016
8.549e-06,0.312495104000007,0.63199999168,1.48737499616,-2.4999987200000007
8.5495e-06,-0.46875494399999695,0.62574999232,1.484874996416,-2.8124986880000016
8.550000000000001e-06,0.312495104000007,0.61949999296,1.48737499616,-2.4999987200000007
8.5505e-06,0.312495104000007,0.62574999232,1.488624996032,-2.4999987200000007
8.551e-06,0.312495104000007,0.62574999232,1.486124996288,-2.4999987200000007
8.551500000000001e-06,-0.46875494399999695,0.62574999232,1.484874996416,-2.8124986880000016
8.552e-06,0.312495104000007,0.63199999168,1.4823749966720001,-2.8124986880000016
8.5525e-06,0.312495104000007,0.62574999232,1.488624996032,-2.8124986880000016
8.553000000000001e-06,0.312495104000007,0.62574999232,1.488624996032,-2.4999987200000007
8.5535e-06,0.312495104000007,0.62574999232,1.491124995776,-2.8124986880000016
8.554e-06,0.312495104000007,0.62574999232,1.488624996032,-2.4999987200000007
8.554500000000001e-06,0.312495104000007,0.62574999232,1.488624996032,-2.4999987200000007
8.555e-06,0.312495104000007,0.63199999168,1.486124996288,-2.4999987200000007
8.555500000000001e-06,0.312495104000007,0.62574999232,1.484874996416,-2.4999987200000007
8.556e-06,0.312495104000007,0.63199999168,1.486124996288,-2.4999987200000007
8.5565e-06,0.312495104000007,0.62574999232,1.488624996032,-2.4999987200000007
8.557000000000001e-06,0.312495104000007,0.63199999168,1.486124996288,-2.4999987200000007
8.5575e-06,-0.46875494399999695,0.62574999232,1.484874996416,-2.8124986880000016
8.558e-06,0.312495104000007,0.62574999232,1.486124996288,-2.4999987200000007
8.558500000000001e-06,0.312495104000007,0.63199999168,1.484874996416,-2.4999987200000007
8.559e-06,0.312495104000007,0.63199999168,1.483624996544,-2.4999987200000007
8.5595e-06,0.312495104000007,0.62574999232,1.484874996416,-2.8124986880000016
8.560000000000001e-06,-1.250004992000001,0.62574999232,1.483624996544,-2.4999987200000007
8.5605e-06,0.312495104000007,0.62574999232,1.488624996032,-2.8124986880000016
8.561e-06,-0.46875494399999695,0.62574999232,1.48737499616,-2.1874987519999998
8.561500000000001e-06,0.312495104000007,0.63199999168,1.488624996032,-2.4999987200000007
8.562e-06,0.312495104000007,0.62574999232,1.484874996416,-2.4999987200000007
8.5625e-06,0.312495104000007,0.62574999232,1.483624996544,-2.4999987200000007
8.563000000000001e-06,-0.46875494399999695,0.61949999296,1.484874996416,-2.4999987200000007
8.5635e-06,0.312495104000007,0.62574999232,1.488624996032,-2.4999987200000007
8.564000000000001e-06,0.312495104000007,0.62574999232,1.488624996032,-2.8124986880000016
8.5645e-06,0.312495104000007,0.62574999232,1.488624996032,-3.1249986560000007
8.565e-06,-0.46875494399999695,0.62574999232,1.48737499616,-2.4999987200000007
8.565500000000001e-06,-0.46875494399999695,0.62574999232,1.486124996288,-2.4999987200000007
8.566e-06,-0.46875494399999695,0.61949999296,1.486124996288,-2.4999987200000007
8.5665e-06,0.312495104000007,0.62574999232,1.488624996032,-2.4999987200000007
8.567000000000001e-06,1.0937451519999968,0.63199999168,1.491124995776,-2.4999987200000007
8.5675e-06,0.312495104000007,0.61949999296,1.491124995776,-2.8124986880000016
8.568e-06,0.312495104000007,0.62574999232,1.488624996032,-2.8124986880000016
8.568500000000001e-06,1.0937451519999968,0.61949999296,1.486124996288,-2.8124986880000016
8.569e-06,0.312495104000007,0.63199999168,1.486124996288,-2.4999987200000007
8.5695e-06,-0.46875494399999695,0.63199999168,1.48737499616,-2.4999987200000007
8.570000000000001e-06,0.312495104000007,0.62574999232,1.486124996288,-2.8124986880000016
8.5705e-06,-0.46875494399999695,0.61949999296,1.488624996032,-2.4999987200000007
8.571e-06,0.312495104000007,0.62574999232,1.489874995904,-2.4999987200000007
8.571500000000001e-06,-0.46875494399999695,0.62574999232,1.488624996032,-2.4999987200000007
8.572e-06,-0.46875494399999695,0.62574999232,1.48737499616,-2.4999987200000007
8.572500000000001e-06,0.312495104000007,0.62574999232,1.488624996032,-2.8124986880000016
8.573e-06,0.312495104000007,0.63199999168,1.491124995776,-2.4999987200000007
8.5735e-06,0.312495104000007,0.61949999296,1.491124995776,-2.8124986880000016
8.574000000000001e-06,-0.46875494399999695,0.61949999296,1.489874995904,-2.4999987200000007
8.5745e-06,-0.46875494399999695,0.62574999232,1.489874995904,-2.1874987519999998
8.575e-06,-0.46875494399999695,0.6382499910399999,1.488624996032,-2.4999987200000007
8.575500000000001e-06,0.312495104000007,0.62574999232,1.488624996032,-2.8124986880000016
8.576e-06,0.312495104000007,0.63199999168,1.486124996288,-2.4999987200000007
8.5765e-06,0.312495104000007,0.62574999232,1.488624996032,-2.4999987200000007
8.577000000000001e-06,0.312495104000007,0.62574999232,1.489874995904,-2.8124986880000016
8.5775e-06,-0.46875494399999695,0.62574999232,1.489874995904,-2.4999987200000007
8.578e-06,-0.46875494399999695,0.62574999232,1.486124996288,-2.4999987200000007
8.578500000000001e-06,-0.46875494399999695,0.62574999232,1.486124996288,-2.4999987200000007
8.579e-06,0.312495104000007,0.63199999168,1.489874995904,-2.4999987200000007
8.5795e-06,0.312495104000007,0.63199999168,1.491124995776,-2.4999987200000007
8.580000000000001e-06,-0.46875494399999695,0.61949999296,1.488624996032,-2.4999987200000007
8.5805e-06,-0.46875494399999695,0.63199999168,1.484874996416,-2.8124986880000016
8.581000000000001e-06,0.312495104000007,0.62574999232,1.484874996416,-2.8124986880000016
8.5815e-06,0.312495104000007,0.62574999232,1.486124996288,-2.8124986880000016
8.582e-06,-0.46875494399999695,0.62574999232,1.488624996032,-2.8124986880000016
8.582500000000001e-06,0.312495104000007,0.63199999168,1.488624996032,-2.4999987200000007
8.583e-06,0.312495104000007,0.62574999232,1.484874996416,-2.4999987200000007
8.5835e-06,-0.46875494399999695,0.61949999296,1.486124996288,-2.8124986880000016
8.584000000000001e-06,-0.46875494399999695,0.61949999296,1.486124996288,-2.4999987200000007
8.5845e-06,-0.46875494399999695,0.61949999296,1.489874995904,-2.8124986880000016
8.585e-06,0.312495104000007,0.62574999232,1.489874995904,-2.4999987200000007
8.585500000000001e-06,-0.46875494399999695,0.62574999232,1.488624996032,-2.4999987200000007
8.586e-06,0.312495104000007,0.63199999168,1.484874996416,-2.8124986880000016
8.5865e-06,0.312495104000007,0.63199999168,1.486124996288,-2.8124986880000016
8.587000000000001e-06,0.312495104000007,0.6382499910399999,1.486124996288,-2.4999987200000007
8.5875e-06,-0.46875494399999695,0.63199999168,1.486124996288,-2.4999987200000007
8.588e-06,-0.46875494399999695,0.62574999232,1.486124996288,-2.4999987200000007
8.588500000000001e-06,-0.46875494399999695,0.63199999168,1.488624996032,-2.8124986880000016
8.589e-06,-0.46875494399999695,0.63199999168,1.488624996032,-2.8124986880000016
8.589500000000001e-06,-0.46875494399999695,0.63199999168,1.486124996288,-2.4999987200000007
8.59e-06,-0.46875494399999695,0.62574999232,1.484874996416,-2.4999987200000007
8.5905e-06,0.312495104000007,0.62574999232,1.484874996416,-2.4999987200000007
8.591000000000001e-06,0.312495104000007,0.63199999168,1.486124996288,-2.4999987200000007
8.5915e-06,0.312495104000007,0.62574999232,1.488624996032,-3.1249986560000007
8.592e-06,0.312495104000007,0.62574999232,1.486124996288,-2.8124986880000016
8.592500000000001e-06,-0.46875494399999695,0.62574999232,1.488624996032,-3.1249986560000007
8.593e-06,-1.250004992000001,0.62574999232,1.484874996416,-2.8124986880000016
8.5935e-06,-0.46875494399999695,0.62574999232,1.483624996544,-2.8124986880000016
8.594000000000001e-06,0.312495104000007,0.63199999168,1.4823749966720001,-2.4999987200000007
8.5945e-06,0.312495104000007,0.63199999168,1.483624996544,-2.4999987200000007
8.595e-06,0.312495104000007,0.63199999168,1.483624996544,-2.4999987200000007
8.595500000000001e-06,-0.46875494399999695,0.63199999168,1.484874996416,-2.4999987200000007
8.596e-06,0.312495104000007,0.62574999232,1.483624996544,-2.8124986880000016
8.5965e-06,0.312495104000007,0.63199999168,1.484874996416,-2.8124986880000016
8.597000000000001e-06,0.312495104000007,0.6382499910399999,1.48737499616,-2.8124986880000016
8.5975e-06,-0.46875494399999695,0.62574999232,1.48737499616,-2.8124986880000016
8.598000000000001e-06,0.312495104000007,0.62574999232,1.486124996288,-2.4999987200000007
8.5985e-06,0.312495104000007,0.63199999168,1.486124996288,-2.8124986880000016
8.599e-06,-0.46875494399999695,0.63199999168,1.484874996416,-2.8124986880000016
8.599500000000001e-06,0.312495104000007,0.61949999296,1.486124996288,-2.8124986880000016
8.6e-06,-0.46875494399999695,0.61949999296,1.484874996416,-2.4999987200000007
8.6005e-06,-0.46875494399999695,0.62574999232,1.486124996288,-2.8124986880000016
8.601000000000001e-06,-0.46875494399999695,0.62574999232,1.486124996288,-2.4999987200000007
8.6015e-06,-0.46875494399999695,0.63199999168,1.484874996416,-2.8124986880000016
8.602e-06,0.312495104000007,0.62574999232,1.483624996544,-2.8124986880000016
8.602500000000001e-06,0.312495104000007,0.62574999232,1.483624996544,-2.4999987200000007
8.603e-06,1.0937451519999968,0.63199999168,1.4823749966720001,-2.4999987200000007
8.6035e-06,0.312495104000007,0.62574999232,1.484874996416,-2.8124986880000016
8.604000000000001e-06,-0.46875494399999695,0.63199999168,1.484874996416,-2.8124986880000016
8.6045e-06,-0.46875494399999695,0.63199999168,1.4823749966720001,-2.8124986880000016
8.605e-06,0.312495104000007,0.63199999168,1.4811249968,-2.8124986880000016
8.605500000000001e-06,0.312495104000007,0.62574999232,1.483624996544,-2.8124986880000016
8.606e-06,0.312495104000007,0.62574999232,1.486124996288,-2.4999987200000007
8.606500000000001e-06,-0.46875494399999695,0.63199999168,1.486124996288,-2.8124986880000016
8.607e-06,0.312495104000007,0.62574999232,1.486124996288,-2.8124986880000016
8.6075e-06,0.312495104000007,0.62574999232,1.486124996288,-3.1249986560000007
8.608000000000001e-06,0.312495104000007,0.63199999168,1.484874996416,-2.8124986880000016
8.6085e-06,-0.46875494399999695,0.62574999232,1.489874995904,-2.8124986880000016
8.609e-06,-0.46875494399999695,0.63199999168,1.488624996032,-2.4999987200000007
8.609500000000001e-06,0.312495104000007,0.63199999168,1.491124995776,-2.4999987200000007
8.61e-06,0.312495104000007,0.62574999232,1.48737499616,-2.4999987200000007
8.6105e-06,0.312495104000007,0.63199999168,1.48737499616,-2.8124986880000016
8.611000000000001e-06,-0.46875494399999695,0.63199999168,1.48737499616,-2.8124986880000016
8.6115e-06,-0.46875494399999695,0.63199999168,1.488624996032,-2.8124986880000016
8.612e-06,-0.46875494399999695,0.62574999232,1.48737499616,-2.4999987200000007
8.612500000000001e-06,-0.46875494399999695,0.63199999168,1.488624996032,-3.1249986560000007
8.613e-06,0.312495104000007,0.6382499910399999,1.488624996032,-2.8124986880000016
8.6135e-06,0.312495104000007,0.62574999232,1.486124996288,-2.8124986880000016
8.614000000000001e-06,0.312495104000007,0.63199999168,1.491124995776,-2.4999987200000007
8.6145e-06,-0.46875494399999695,0.63199999168,1.491124995776,-2.8124986880000016
8.615000000000001e-06,0.312495104000007,0.63199999168,1.489874995904,-3.1249986560000007
8.6155e-06,0.312495104000007,0.61949999296,1.489874995904,-2.8124986880000016
8.616e-06,0.312495104000007,0.61949999296,1.489874995904,-2.8124986880000016
8.616500000000001e-06,0.312495104000007,0.62574999232,1.491124995776,-2.8124986880000016
8.617e-06,0.312495104000007,0.62574999232,1.488624996032,-2.8124986880000016
8.6175e-06,-0.46875494399999695,0.62574999232,1.489874995904,-2.8124986880000016
8.618000000000001e-06,-0.46875494399999695,0.63199999168,1.48737499616,-2.8124986880000016
8.6185e-06,-0.46875494399999695,0.62574999232,1.489874995904,-2.8124986880000016
8.619e-06,-0.46875494399999695,0.6382499910399999,1.48737499616,-2.4999987200000007
8.619500000000001e-06,0.312495104000007,0.63199999168,1.484874996416,-2.8124986880000016
8.62e-06,0.312495104000007,0.62574999232,1.483624996544,-2.4999987200000007
8.6205e-06,0.312495104000007,0.63199999168,1.48737499616,-2.8124986880000016
8.621000000000001e-06,-0.46875494399999695,0.63199999168,1.486124996288,-3.1249986560000007
8.6215e-06,0.312495104000007,0.61949999296,1.483624996544,-2.8124986880000016
8.622e-06,0.312495104000007,0.63199999168,1.484874996416,-2.8124986880000016
8.622500000000001e-06,-0.46875494399999695,0.63199999168,1.48737499616,-2.8124986880000016
8.623e-06,-0.46875494399999695,0.63199999168,1.48737499616,-2.8124986880000016
8.623500000000001e-06,0.312495104000007,0.63199999168,1.48737499616,-3.1249986560000007
8.624e-06,0.312495104000007,0.62574999232,1.4823749966720001,-3.1249986560000007
8.6245e-06,0.312495104000007,0.62574999232,1.484874996416,-2.8124986880000016
8.625000000000001e-06,-0.46875494399999695,0.63199999168,1.486124996288,-2.4999987200000007
8.6255e-06,-0.46875494399999695,0.6382499910399999,1.488624996032,-2.8124986880000016
8.626e-06,0.312495104000007,0.6382499910399999,1.48737499616,-2.8124986880000016
8.626500000000001e-06,-0.46875494399999695,0.63199999168,1.483624996544,-3.1249986560000007
8.627e-06,-0.46875494399999695,0.63199999168,1.483624996544,-2.4999987200000007
8.6275e-06,-0.46875494399999695,0.63199999168,1.484874996416,-2.4999987200000007
8.628000000000001e-06,0.312495104000007,0.62574999232,1.486124996288,-2.8124986880000016
8.6285e-06,1.0937451519999968,0.63199999168,1.488624996032,-3.1249986560000007
8.629e-06,0.312495104000007,0.63199999168,1.486124996288,-2.8124986880000016
8.629500000000001e-06,-0.46875494399999695,0.62574999232,1.486124996288,-3.1249986560000007
8.63e-06,0.312495104000007,0.62574999232,1.48737499616,-2.8124986880000016
8.6305e-06,-0.46875494399999695,0.63199999168,1.488624996032,-2.8124986880000016
8.631000000000001e-06,-0.46875494399999695,0.63199999168,1.486124996288,-2.8124986880000016
8.6315e-06,-0.46875494399999695,0.62574999232,1.486124996288,-2.8124986880000016
8.632000000000001e-06,-0.46875494399999695,0.63199999168,1.486124996288,-2.8124986880000016
8.6325e-06,0.312495104000007,0.62574999232,1.48737499616,-3.1249986560000007
8.633e-06,0.312495104000007,0.63199999168,1.48737499616,-2.8124986880000016
8.633500000000001e-06,0.312495104000007,0.62574999232,1.48737499616,-2.4999987200000007
8.634e-06,0.312495104000007,0.62574999232,1.486124996288,-2.4999987200000007
8.6345e-06,1.0937451519999968,0.63199999168,1.486124996288,-2.8124986880000016
8.635000000000001e-06,0.312495104000007,0.63199999168,1.488624996032,-2.8124986880000016
8.6355e-06,-0.46875494399999695,0.62574999232,1.488624996032,-2.4999987200000007
8.636e-06,-0.46875494399999695,0.62574999232,1.486124996288,-2.4999987200000007
8.636500000000001e-06,-0.46875494399999695,0.63199999168,1.486124996288,-2.4999987200000007
8.637e-06,0.312495104000007,0.6382499910399999,1.489874995904,-2.8124986880000016
8.6375e-06,-0.46875494399999695,0.62574999232,1.488624996032,-2.8124986880000016
8.638000000000001e-06,0.312495104000007,0.62574999232,1.486124996288,-2.8124986880000016
8.6385e-06,0.312495104000007,0.62574999232,1.48737499616,-2.8124986880000016
8.639e-06,0.312495104000007,0.63199999168,1.486124996288,-2.8124986880000016
8.639500000000001e-06,0.312495104000007,0.62574999232,1.486124996288,-2.8124986880000016
8.64e-06,0.312495104000007,0.61949999296,1.484874996416,-2.8124986880000016
8.640500000000001e-06,0.312495104000007,0.62574999232,1.48737499616,-3.1249986560000007
8.641e-06,0.312495104000007,0.62574999232,1.48737499616,-2.8124986880000016
8.6415e-06,0.312495104000007,0.62574999232,1.48737499616,-2.8124986880000016
8.642000000000001e-06,0.312495104000007,0.62574999232,1.48737499616,-3.1249986560000007
8.6425e-06,-0.46875494399999695,0.62574999232,1.489874995904,-2.8124986880000016
8.643e-06,-0.46875494399999695,0.6382499910399999,1.489874995904,-2.8124986880000016
8.643500000000001e-06,0.312495104000007,0.63199999168,1.488624996032,-2.8124986880000016
8.644e-06,-0.46875494399999695,0.62574999232,1.486124996288,-2.4999987200000007
8.6445e-06,0.312495104000007,0.63199999168,1.488624996032,-2.4999987200000007
8.645000000000001e-06,0.312495104000007,0.63199999168,1.488624996032,-2.4999987200000007
8.6455e-06,-0.46875494399999695,0.63199999168,1.489874995904,-3.1249986560000007
8.646e-06,-0.46875494399999695,0.63199999168,1.488624996032,-2.8124986880000016
8.646500000000001e-06,-0.46875494399999695,0.62574999232,1.486124996288,-2.8124986880000016
8.647e-06,-0.46875494399999695,0.63199999168,1.4823749966720001,-2.8124986880000016
8.6475e-06,-0.46875494399999695,0.63199999168,1.484874996416,-3.1249986560000007
8.648000000000001e-06,-0.46875494399999695,0.63199999168,1.4823749966720001,-2.8124986880000016
8.6485e-06,-0.46875494399999695,0.61949999296,1.486124996288,-3.1249986560000007
8.649e-06,-1.250004992000001,0.62574999232,1.484874996416,-2.8124986880000016
8.6495e-06,0.312495104000007,0.62574999232,1.483624996544,-2.8124986880000016
8.65e-06,0.312495104000007,0.62574999232,1.483624996544,-2.8124986880000016
8.650500000000001e-06,0.312495104000007,0.63199999168,1.483624996544,-2.8124986880000016
8.651e-06,0.312495104000007,0.63199999168,1.483624996544,-2.8124986880000016
8.6515e-06,-0.46875494399999695,0.62574999232,1.486124996288,-2.4999987200000007
8.652000000000001e-06,0.312495104000007,0.62574999232,1.486124996288,-2.8124986880000016
8.6525e-06,0.312495104000007,0.63199999168,1.486124996288,-2.8124986880000016
8.653e-06,0.312495104000007,0.63199999168,1.486124996288,-2.8124986880000016
8.653500000000001e-06,0.312495104000007,0.63199999168,1.484874996416,-3.1249986560000007
8.654e-06,0.312495104000007,0.62574999232,1.484874996416,-2.8124986880000016
8.6545e-06,0.312495104000007,0.62574999232,1.488624996032,-2.4999987200000007
8.655000000000001e-06,-0.46875494399999695,0.63199999168,1.486124996288,-3.1249986560000007
8.6555e-06,0.312495104000007,0.62574999232,1.48737499616,-3.1249986560000007
8.656e-06,0.312495104000007,0.62574999232,1.48737499616,-3.1249986560000007
8.656500000000001e-06,0.312495104000007,0.62574999232,1.489874995904,-3.1249986560000007
8.657e-06,0.312495104000007,0.62574999232,1.48737499616,-2.8124986880000016
8.6575e-06,0.312495104000007,0.63199999168,1.484874996416,-2.8124986880000016
8.658e-06,0.312495104000007,0.62574999232,1.486124996288,-2.8124986880000016
8.6585e-06,0.312495104000007,0.63199999168,1.489874995904,-2.8124986880000016
8.659000000000001e-06,-0.46875494399999695,0.63199999168,1.491124995776,-2.4999987200000007
8.6595e-06,0.312495104000007,0.63199999168,1.488624996032,-2.8124986880000016
8.66e-06,0.312495104000007,0.61949999296,1.489874995904,-2.8124986880000016
8.660500000000001e-06,0.312495104000007,0.63199999168,1.491124995776,-3.1249986560000007
8.661e-06,0.312495104000007,0.62574999232,1.48737499616,-3.1249986560000007
8.6615e-06,0.312495104000007,0.61949999296,1.486124996288,-2.8124986880000016
8.662000000000001e-06,-0.46875494399999695,0.62574999232,1.48737499616,-2.8124986880000016
8.6625e-06,0.312495104000007,0.63199999168,1.48737499616,-2.4999987200000007
8.663e-06,0.312495104000007,0.63199999168,1.486124996288,-2.8124986880000016
8.663500000000001e-06,0.312495104000007,0.62574999232,1.486124996288,-3.1249986560000007
8.664e-06,0.312495104000007,0.62574999232,1.486124996288,-2.8124986880000016
8.6645e-06,0.312495104000007,0.62574999232,1.48737499616,-2.8124986880000016
8.665000000000001e-06,-0.46875494399999695,0.62574999232,1.48737499616,-2.8124986880000016
8.6655e-06,0.312495104000007,0.63199999168,1.48737499616,-2.8124986880000016
8.666e-06,0.312495104000007,0.63199999168,1.486124996288,-2.4999987200000007
8.6665e-06,-0.46875494399999695,0.63199999168,1.486124996288,-2.8124986880000016
8.667e-06,0.312495104000007,0.63199999168,1.483624996544,-2.8124986880000016
8.667500000000001e-06,0.312495104000007,0.62574999232,1.484874996416,-2.8124986880000016
8.668e-06,0.312495104000007,0.62574999232,1.48737499616,-2.8124986880000016
8.6685e-06,0.312495104000007,0.63199999168,1.48737499616,-3.1249986560000007
8.669000000000001e-06,0.312495104000007,0.63199999168,1.484874996416,-2.8124986880000016
8.6695e-06,0.312495104000007,0.62574999232,1.484874996416,-2.8124986880000016
8.67e-06,0.312495104000007,0.62574999232,1.484874996416,-2.8124986880000016
8.670500000000001e-06,-0.46875494399999695,0.62574999232,1.48737499616,-2.4999987200000007
8.671e-06,0.312495104000007,0.62574999232,1.484874996416,-2.8124986880000016
8.6715e-06,0.312495104000007,0.62574999232,1.486124996288,-3.1249986560000007
8.672000000000001e-06,0.312495104000007,0.61949999296,1.484874996416,-2.8124986880000016
8.6725e-06,1.0937451519999968,0.62574999232,1.486124996288,-3.1249986560000007
8.673e-06,0.312495104000007,0.62574999232,1.483624996544,-2.8124986880000016
8.673500000000001e-06,0.312495104000007,0.63199999168,1.483624996544,-2.8124986880000016
8.674e-06,0.312495104000007,0.63199999168,1.483624996544,-3.1249986560000007
8.6745e-06,0.312495104000007,0.62574999232,1.486124996288,-2.8124986880000016
8.675e-06,1.0937451519999968,0.63199999168,1.48737499616,-2.4999987200000007
8.6755e-06,0.312495104000007,0.62574999232,1.48737499616,-2.8124986880000016
8.676000000000001e-06,-1.250004992000001,0.62574999232,1.486124996288,-2.8124986880000016
8.6765e-06,0.312495104000007,0.63199999168,1.48737499616,-3.1249986560000007
8.677e-06,0.312495104000007,0.6382499910399999,1.486124996288,-2.8124986880000016
8.677500000000001e-06,-0.46875494399999695,0.62574999232,1.48737499616,-3.1249986560000007
8.678e-06,-0.46875494399999695,0.62574999232,1.489874995904,-2.8124986880000016
8.6785e-06,0.312495104000007,0.62574999232,1.4923749956480001,-2.8124986880000016
8.679000000000001e-06,0.312495104000007,0.63199999168,1.491124995776,-2.8124986880000016
8.6795e-06,0.312495104000007,0.62574999232,1.488624996032,-2.8124986880000016
8.68e-06,0.312495104000007,0.63199999168,1.48737499616,-2.8124986880000016
8.680500000000001e-06,0.312495104000007,0.62574999232,1.491124995776,-3.1249986560000007
8.681e-06,0.312495104000007,0.63199999168,1.488624996032,-2.8124986880000016
8.6815e-06,0.312495104000007,0.62574999232,1.48737499616,-2.8124986880000016
8.682000000000001e-06,0.312495104000007,0.62574999232,1.486124996288,-2.8124986880000016
8.6825e-06,-0.46875494399999695,0.63199999168,1.48737499616,-2.8124986880000016
8.683e-06,0.312495104000007,0.63199999168,1.486124996288,-2.8124986880000016
8.6835e-06,0.312495104000007,0.63199999168,1.48737499616,-2.8124986880000016
8.684e-06,-0.46875494399999695,0.62574999232,1.48737499616,-2.8124986880000016
8.684500000000001e-06,-0.46875494399999695,0.63199999168,1.48737499616,-3.1249986560000007
8.685e-06,0.312495104000007,0.63199999168,1.48737499616,-3.1249986560000007
8.6855e-06,0.312495104000007,0.63199999168,1.486124996288,-2.8124986880000016
8.686000000000001e-06,-0.46875494399999695,0.62574999232,1.486124996288,-2.8124986880000016
8.6865e-06,0.312495104000007,0.62574999232,1.484874996416,-2.8124986880000016
8.687e-06,-0.46875494399999695,0.63199999168,1.484874996416,-3.1249986560000007
8.687500000000001e-06,-0.46875494399999695,0.63199999168,1.486124996288,-3.1249986560000007
8.688e-06,-0.46875494399999695,0.63199999168,1.486124996288,-3.1249986560000007
8.6885e-06,-0.46875494399999695,0.62574999232,1.488624996032,-3.1249986560000007
8.689000000000001e-06,-0.46875494399999695,0.63199999168,1.4823749966720001,-2.8124986880000016
8.6895e-06,0.312495104000007,0.63199999168,1.4823749966720001,-2.8124986880000016
8.69e-06,0.312495104000007,0.63199999168,1.483624996544,-3.1249986560000007
8.690500000000001e-06,-0.46875494399999695,0.62574999232,1.483624996544,-2.8124986880000016
8.691e-06,-0.46875494399999695,0.63199999168,1.483624996544,-2.4999987200000007
8.6915e-06,0.312495104000007,0.63199999168,1.486124996288,-2.8124986880000016
8.692e-06,0.312495104000007,0.63199999168,1.484874996416,-2.8124986880000016
8.6925e-06,0.312495104000007,0.63199999168,1.48737499616,-2.8124986880000016
8.693000000000001e-06,0.312495104000007,0.62574999232,1.486124996288,-2.8124986880000016
8.6935e-06,-0.46875494399999695,0.63199999168,1.486124996288,-3.1249986560000007
8.694e-06,0.312495104000007,0.62574999232,1.488624996032,-2.8124986880000016
8.694500000000001e-06,0.312495104000007,0.62574999232,1.488624996032,-2.4999987200000007
8.695e-06,-0.46875494399999695,0.62574999232,1.48737499616,-2.8124986880000016
8.6955e-06,-1.250004992000001,0.62574999232,1.488624996032,-3.1249986560000007
8.696000000000001e-06,-1.250004992000001,0.62574999232,1.484874996416,-2.8124986880000016
8.6965e-06,-0.46875494399999695,0.62574999232,1.48737499616,-3.1249986560000007
8.697e-06,-0.46875494399999695,0.63199999168,1.48737499616,-2.8124986880000016
8.697500000000001e-06,-0.46875494399999695,0.6382499910399999,1.488624996032,-2.8124986880000016
8.698e-06,-0.46875494399999695,0.62574999232,1.488624996032,-2.8124986880000016
8.6985e-06,-0.46875494399999695,0.63199999168,1.488624996032,-2.8124986880000016
8.699000000000001e-06,0.312495104000007,0.63199999168,1.48737499616,-2.8124986880000016
8.6995e-06,0.312495104000007,0.62574999232,1.48737499616,-2.8124986880000016
8.7e-06,0.312495104000007,0.62574999232,1.48737499616,-3.1249986560000007
8.7005e-06,-0.46875494399999695,0.63199999168,1.491124995776,-3.1249986560000007
8.701e-06,0.312495104000007,0.62574999232,1.489874995904,-2.8124986880000016
8.701500000000001e-06,0.312495104000007,0.62574999232,1.48737499616,-3.1249986560000007
8.702e-06,0.312495104000007,0.63199999168,1.48737499616,-2.8124986880000016
8.7025e-06,0.312495104000007,0.63199999168,1.489874995904,-2.8124986880000016
8.703000000000001e-06,0.312495104000007,0.63199999168,1.48737499616,-3.1249986560000007
8.7035e-06,-0.46875494399999695,0.62574999232,1.48737499616,-3.1249986560000007
8.704e-06,0.312495104000007,0.63199999168,1.484874996416,-2.8124986880000016
8.704500000000001e-06,0.312495104000007,0.62574999232,1.48737499616,-3.1249986560000007
8.705e-06,0.312495104000007,0.62574999232,1.48737499616,-2.8124986880000016
8.7055e-06,0.312495104000007,0.62574999232,1.488624996032,-2.4999987200000007
8.706000000000001e-06,0.312495104000007,0.62574999232,1.48737499616,-2.8124986880000016
8.7065e-06,0.312495104000007,0.63199999168,1.48737499616,-2.8124986880000016
8.707e-06,-0.46875494399999695,0.63199999168,1.48737499616,-2.8124986880000016
8.707500000000001e-06,0.312495104000007,0.62574999232,1.486124996288,-2.4999987200000007
8.708e-06,0.312495104000007,0.61949999296,1.488624996032,-2.8124986880000016
8.7085e-06,-0.46875494399999695,0.62574999232,1.4923749956480001,-3.1249986560000007
8.709e-06,0.312495104000007,0.63199999168,1.491124995776,-2.8124986880000016
8.7095e-06,0.312495104000007,0.62574999232,1.491124995776,-2.8124986880000016
8.710000000000001e-06,0.312495104000007,0.63199999168,1.4923749956480001,-2.4999987200000007
8.7105e-06,0.312495104000007,0.62574999232,1.489874995904,-2.4999987200000007
8.711e-06,-0.46875494399999695,0.6382499910399999,1.48737499616,-2.8124986880000016
8.711500000000001e-06,0.312495104000007,0.61949999296,1.488624996032,-2.8124986880000016
8.712e-06,0.312495104000007,0.62574999232,1.488624996032,-2.8124986880000016
8.7125e-06,-0.46875494399999695,0.61949999296,1.489874995904,-2.8124986880000016
8.713000000000001e-06,0.312495104000007,0.62574999232,1.48737499616,-3.1249986560000007
8.7135e-06,0.312495104000007,0.62574999232,1.486124996288,-3.1249986560000007
8.714e-06,0.312495104000007,0.61949999296,1.488624996032,-3.1249986560000007
8.714500000000001e-06,0.312495104000007,0.62574999232,1.489874995904,-3.1249986560000007
8.715e-06,0.312495104000007,0.63199999168,1.491124995776,-2.8124986880000016
8.7155e-06,-0.46875494399999695,0.62574999232,1.491124995776,-2.8124986880000016
8.716000000000001e-06,-1.250004992000001,0.62574999232,1.48737499616,-3.1249986560000007
8.7165e-06,-0.46875494399999695,0.63199999168,1.484874996416,-3.1249986560000007
8.717e-06,-0.46875494399999695,0.63199999168,1.483624996544,-2.8124986880000016
8.7175e-06,0.312495104000007,0.62574999232,1.486124996288,-3.1249986560000007
8.718e-06,0.312495104000007,0.62574999232,1.486124996288,-2.8124986880000016
8.718500000000001e-06,0.312495104000007,0.63199999168,1.486124996288,-2.8124986880000016
8.719e-06,-0.46875494399999695,0.63199999168,1.486124996288,-3.1249986560000007
8.7195e-06,-0.46875494399999695,0.62574999232,1.488624996032,-3.1249986560000007
8.720000000000001e-06,0.312495104000007,0.62574999232,1.486124996288,-2.8124986880000016
8.7205e-06,-0.46875494399999695,0.62574999232,1.489874995904,-3.437498624
8.721e-06,-0.46875494399999695,0.62574999232,1.489874995904,-2.8124986880000016
8.721500000000001e-06,0.312495104000007,0.62574999232,1.488624996032,-2.8124986880000016
8.722e-06,0.312495104000007,0.62574999232,1.48737499616,-3.1249986560000007
8.7225e-06,-0.46875494399999695,0.62574999232,1.488624996032,-2.8124986880000016
8.723000000000001e-06,0.312495104000007,0.63199999168,1.489874995904,-2.8124986880000016
8.7235e-06,0.312495104000007,0.63199999168,1.488624996032,-2.8124986880000016
8.724e-06,-0.46875494399999695,0.63199999168,1.486124996288,-3.1249986560000007
8.724500000000001e-06,0.312495104000007,0.63199999168,1.48737499616,-3.1249986560000007
8.725e-06,0.312495104000007,0.62574999232,1.486124996288,-2.8124986880000016
8.7255e-06,-0.46875494399999695,0.62574999232,1.486124996288,-2.8124986880000016
8.726e-06,-0.46875494399999695,0.62574999232,1.484874996416,-2.8124986880000016
8.7265e-06,-0.46875494399999695,0.62574999232,1.4823749966720001,-2.8124986880000016
8.727000000000001e-06,-1.250004992000001,0.62574999232,1.483624996544,-2.8124986880000016
8.7275e-06,0.312495104000007,0.62574999232,1.486124996288,-3.1249986560000007
8.728e-06,-0.46875494399999695,0.62574999232,1.486124996288,-3.1249986560000007
8.728500000000001e-06,0.312495104000007,0.61949999296,1.486124996288,-2.8124986880000016
8.729e-06,0.312495104000007,0.61949999296,1.483624996544,-2.8124986880000016
8.7295e-06,0.312495104000007,0.62574999232,1.483624996544,-2.8124986880000016
8.730000000000001e-06,0.312495104000007,0.62574999232,1.484874996416,-2.8124986880000016
8.7305e-06,-0.46875494399999695,0.62574999232,1.486124996288,-2.8124986880000016
8.731e-06,-0.46875494399999695,0.6382499910399999,1.486124996288,-2.8124986880000016
8.731500000000001e-06,-0.46875494399999695,0.63199999168,1.484874996416,-2.8124986880000016
8.732e-06,-0.46875494399999695,0.62574999232,1.48737499616,-3.1249986560000007
8.7325e-06,-0.46875494399999695,0.63199999168,1.488624996032,-3.1249986560000007
8.733000000000001e-06,1.0937451519999968,0.63199999168,1.488624996032,-3.1249986560000007
8.7335e-06,0.312495104000007,0.62574999232,1.486124996288,-3.1249986560000007
8.734e-06,-0.46875494399999695,0.62574999232,1.484874996416,-2.8124986880000016
8.7345e-06,-0.46875494399999695,0.62574999232,1.484874996416,-2.4999987200000007
8.735e-06,0.312495104000007,0.6382499910399999,1.484874996416,-2.8124986880000016
8.735500000000001e-06,-0.46875494399999695,0.6382499910399999,1.486124996288,-3.1249986560000007
8.736e-06,0.312495104000007,0.63199999168,1.4823749966720001,-2.8124986880000016
8.7365e-06,1.0937451519999968,0.63199999168,1.483624996544,-3.1249986560000007
8.737000000000001e-06,-0.46875494399999695,0.62574999232,1.4823749966720001,-3.1249986560000007
8.7375e-06,0.312495104000007,0.63199999168,1.483624996544,-2.8124986880000016
8.738e-06,0.312495104000007,0.63199999168,1.486124996288,-2.8124986880000016
8.738500000000001e-06,-0.46875494399999695,0.63199999168,1.484874996416,-2.8124986880000016
8.739e-06,0.312495104000007,0.63199999168,1.484874996416,-2.8124986880000016
8.7395e-06,0.312495104000007,0.63199999168,1.484874996416,-2.4999987200000007
8.740000000000001e-06,-0.46875494399999695,0.62574999232,1.483624996544,-2.8124986880000016
8.7405e-06,0.312495104000007,0.63199999168,1.4823749966720001,-2.8124986880000016
8.741e-06,0.312495104000007,0.63199999168,1.483624996544,-2.8124986880000016
8.741500000000001e-06,-0.46875494399999695,0.62574999232,1.486124996288,-2.8124986880000016
8.742e-06,-0.46875494399999695,0.62574999232,1.486124996288,-3.1249986560000007
8.7425e-06,0.312495104000007,0.63199999168,1.484874996416,-2.8124986880000016
8.743e-06,0.312495104000007,0.63199999168,1.484874996416,-2.8124986880000016
8.7435e-06,0.312495104000007,0.63199999168,1.48737499616,-3.1249986560000007
8.744000000000001e-06,-0.46875494399999695,0.63199999168,1.486124996288,-2.8124986880000016
8.7445e-06,1.0937451519999968,0.62574999232,1.48737499616,-3.1249986560000007
8.745e-06,0.312495104000007,0.62574999232,1.486124996288,-2.8124986880000016
8.745500000000001e-06,0.312495104000007,0.63199999168,1.484874996416,-2.8124986880000016
8.746e-06,0.312495104000007,0.62574999232,1.486124996288,-2.8124986880000016
8.7465e-06,1.0937451519999968,0.62574999232,1.488624996032,-2.8124986880000016
8.747000000000001e-06,0.312495104000007,0.61949999296,1.48737499616,-2.8124986880000016
8.7475e-06,0.312495104000007,0.62574999232,1.486124996288,-2.8124986880000016
8.748e-06,-0.46875494399999695,0.62574999232,1.486124996288,-3.1249986560000007
8.748500000000001e-06,-0.46875494399999695,0.63199999168,1.486124996288,-3.1249986560000007
8.749e-06,-0.46875494399999695,0.63199999168,1.486124996288,-2.8124986880000016
8.7495e-06,0.312495104000007,0.62574999232,1.488624996032,-2.8124986880000016
8.750000000000001e-06,-0.46875494399999695,0.62574999232,1.488624996032,-2.8124986880000016
8.7505e-06,0.312495104000007,0.62574999232,1.489874995904,-3.1249986560000007
8.751e-06,-0.46875494399999695,0.63199999168,1.488624996032,-3.1249986560000007
8.7515e-06,-1.250004992000001,0.63199999168,1.48737499616,-3.1249986560000007
8.752e-06,-0.46875494399999695,0.63199999168,1.486124996288,-2.8124986880000016
8.752500000000001e-06,-0.46875494399999695,0.62574999232,1.489874995904,-3.437498624
8.753e-06,-1.250004992000001,0.63199999168,1.489874995904,-2.8124986880000016
8.7535e-06,0.312495104000007,0.63199999168,1.48737499616,-3.1249986560000007
8.754000000000001e-06,0.312495104000007,0.63199999168,1.488624996032,-2.8124986880000016
8.7545e-06,-0.46875494399999695,0.63199999168,1.488624996032,-2.8124986880000016
8.755e-06,-0.46875494399999695,0.63199999168,1.488624996032,-3.1249986560000007
8.755500000000001e-06,0.312495104000007,0.63199999168,1.488624996032,-3.1249986560000007
8.756e-06,-0.46875494399999695,0.62574999232,1.486124996288,-2.8124986880000016
8.7565e-06,-0.46875494399999695,0.62574999232,1.486124996288,-3.1249986560000007
8.757000000000001e-06,0.312495104000007,0.62574999232,1.484874996416,-2.8124986880000016
8.7575e-06,0.312495104000007,0.62574999232,1.484874996416,-3.1249986560000007
8.758e-06,-0.46875494399999695,0.62574999232,1.488624996032,-3.1249986560000007
8.758500000000001e-06,0.312495104000007,0.62574999232,1.488624996032,-3.1249986560000007
8.759e-06,-0.46875494399999695,0.63199999168,1.486124996288,-2.8124986880000016
8.7595e-06,-0.46875494399999695,0.62574999232,1.486124996288,-3.1249986560000007
8.76e-06,-1.250004992000001,0.62574999232,1.484874996416,-3.1249986560000007
8.7605e-06,-0.46875494399999695,0.61949999296,1.486124996288,-3.437498624
8.761000000000001e-06,-1.250004992000001,0.62574999232,1.483624996544,-2.8124986880000016
8.7615e-06,-0.46875494399999695,0.63199999168,1.484874996416,-2.8124986880000016
8.762e-06,0.312495104000007,0.62574999232,1.483624996544,-2.8124986880000016
8.762500000000001e-06,0.312495104000007,0.63199999168,1.483624996544,-2.8124986880000016
8.763e-06,0.312495104000007,0.62574999232,1.486124996288,-2.8124986880000016
8.7635e-06,-0.46875494399999695,0.63199999168,1.486124996288,-2.8124986880000016
8.764000000000001e-06,-0.46875494399999695,0.63199999168,1.4823749966720001,-2.8124986880000016
8.7645e-06,-0.46875494399999695,0.63199999168,1.483624996544,-3.1249986560000007
8.765e-06,0.312495104000007,0.63199999168,1.486124996288,-3.1249986560000007
8.765500000000001e-06,-0.46875494399999695,0.63199999168,1.48737499616,-3.1249986560000007
8.766e-06,-0.46875494399999695,0.63199999168,1.488624996032,-2.4999987200000007
8.7665e-06,-0.46875494399999695,0.63199999168,1.488624996032,-2.4999987200000007
8.767000000000001e-06,0.312495104000007,0.63199999168,1.486124996288,-2.8124986880000016
8.7675e-06,-1.250004992000001,0.62574999232,1.48737499616,-3.1249986560000007
8.768e-06,-1.250004992000001,0.63199999168,1.484874996416,-2.8124986880000016
8.7685e-06,-0.46875494399999695,0.62574999232,1.486124996288,-3.1249986560000007
8.769e-06,-0.46875494399999695,0.62574999232,1.484874996416,-3.1249986560000007
8.769500000000001e-06,-0.46875494399999695,0.62574999232,1.486124996288,-3.1249986560000007
8.77e-06,-0.46875494399999695,0.62574999232,1.484874996416,-2.8124986880000016
8.7705e-06,-0.46875494399999695,0.61949999296,1.484874996416,-2.8124986880000016
8.771000000000001e-06,-0.46875494399999695,0.62574999232,1.483624996544,-2.8124986880000016
8.7715e-06,0.312495104000007,0.62574999232,1.48737499616,-2.8124986880000016
8.772e-06,-0.46875494399999695,0.63199999168,1.488624996032,-2.8124986880000016
8.772500000000001e-06,-0.46875494399999695,0.63199999168,1.488624996032,-2.8124986880000016
8.773e-06,0.312495104000007,0.63199999168,1.486124996288,-3.1249986560000007
8.7735e-06,-0.46875494399999695,0.62574999232,1.483624996544,-3.1249986560000007
8.774000000000001e-06,-0.46875494399999695,0.62574999232,1.484874996416,-2.8124986880000016
8.7745e-06,-0.46875494399999695,0.62574999232,1.48737499616,-2.8124986880000016
8.775e-06,-0.46875494399999695,0.63199999168,1.483624996544,-3.1249986560000007
8.775500000000001e-06,-0.46875494399999695,0.62574999232,1.48737499616,-3.1249986560000007
8.776e-06,-1.250004992000001,0.62574999232,1.48737499616,-2.8124986880000016
8.7765e-06,-0.46875494399999695,0.62574999232,1.488624996032,-3.437498624
8.777e-06,-0.46875494399999695,0.63199999168,1.486124996288,-3.1249986560000007
8.7775e-06,0.312495104000007,0.62574999232,1.486124996288,-2.8124986880000016
8.778000000000001e-06,0.312495104000007,0.62574999232,1.486124996288,-2.8124986880000016
8.7785e-06,-0.46875494399999695,0.62574999232,1.488624996032,-3.437498624
8.779e-06,0.312495104000007,0.61949999296,1.489874995904,-3.1249986560000007
8.779500000000001e-06,-0.46875494399999695,0.63199999168,1.491124995776,-2.8124986880000016
8.78e-06,0.312495104000007,0.62574999232,1.491124995776,-2.8124986880000016
8.7805e-06,0.312495104000007,0.63199999168,1.489874995904,-2.8124986880000016
8.781000000000001e-06,0.312495104000007,0.62574999232,1.488624996032,-2.8124986880000016
8.7815e-06,0.312495104000007,0.62574999232,1.486124996288,-3.1249986560000007
8.782e-06,-0.46875494399999695,0.62574999232,1.486124996288,-2.8124986880000016
8.782500000000001e-06,-0.46875494399999695,0.62574999232,1.48737499616,-2.4999987200000007
8.783e-06,-0.46875494399999695,0.63199999168,1.48737499616,-3.1249986560000007
8.7835e-06,-0.46875494399999695,0.62574999232,1.489874995904,-3.1249986560000007
8.784000000000001e-06,-1.250004992000001,0.63199999168,1.48737499616,-3.1249986560000007
8.7845e-06,-0.46875494399999695,0.62574999232,1.489874995904,-3.437498624
8.785e-06,-0.46875494399999695,0.62574999232,1.48737499616,-3.1249986560000007
8.7855e-06,-0.46875494399999695,0.61949999296,1.488624996032,-3.1249986560000007
8.786e-06,0.312495104000007,0.61949999296,1.48737499616,-2.8124986880000016
8.786500000000001e-06,-0.46875494399999695,0.61949999296,1.488624996032,-3.1249986560000007
8.787e-06,-0.46875494399999695,0.62574999232,1.491124995776,-2.8124986880000016
8.7875e-06,0.312495104000007,0.62574999232,1.489874995904,-2.8124986880000016
8.788000000000001e-06,0.312495104000007,0.62574999232,1.488624996032,-3.1249986560000007
8.7885e-06,-0.46875494399999695,0.63199999168,1.48737499616,-3.1249986560000007
8.789e-06,1.0937451519999968,0.63199999168,1.48737499616,-2.8124986880000016
8.789500000000001e-06,0.312495104000007,0.62574999232,1.486124996288,-3.1249986560000007
8.79e-06,-0.46875494399999695,0.62574999232,1.486124996288,-3.1249986560000007
8.7905e-06,-0.46875494399999695,0.63199999168,1.489874995904,-3.1249986560000007
8.791000000000001e-06,0.312495104000007,0.63199999168,1.489874995904,-3.1249986560000007
8.7915e-06,0.312495104000007,0.62574999232,1.489874995904,-3.1249986560000007
8.792e-06,-0.46875494399999695,0.63199999168,1.488624996032,-3.1249986560000007
8.792500000000001e-06,0.312495104000007,0.62574999232,1.489874995904,-3.1249986560000007
8.793e-06,0.312495104000007,0.63199999168,1.48737499616,-3.1249986560000007
8.7935e-06,0.312495104000007,0.63199999168,1.488624996032,-3.1249986560000007
8.794e-06,0.312495104000007,0.62574999232,1.48737499616,-2.8124986880000016
8.7945e-06,-0.46875494399999695,0.63199999168,1.48737499616,-3.1249986560000007
8.795000000000001e-06,0.312495104000007,0.63199999168,1.48737499616,-2.8124986880000016
8.7955e-06,0.312495104000007,0.62574999232,1.486124996288,-3.1249986560000007
8.796e-06,0.312495104000007,0.62574999232,1.483624996544,-2.8124986880000016
8.796500000000001e-06,0.312495104000007,0.63199999168,1.484874996416,-3.437498624
8.797e-06,-0.46875494399999695,0.63199999168,1.486124996288,-2.8124986880000016
8.7975e-06,-0.46875494399999695,0.62574999232,1.483624996544,-3.1249986560000007
8.798000000000001e-06,-0.46875494399999695,0.62574999232,1.484874996416,-3.1249986560000007
8.7985e-06,0.312495104000007,0.62574999232,1.484874996416,-2.8124986880000016
8.799e-06,0.312495104000007,0.63199999168,1.484874996416,-3.1249986560000007
8.799500000000001e-06,0.312495104000007,0.62574999232,1.48737499616,-3.1249986560000007
8.8e-06,0.312495104000007,0.62574999232,1.488624996032,-3.1249986560000007
8.8005e-06,-0.46875494399999695,0.63199999168,1.488624996032,-3.437498624
8.801000000000001e-06,0.312495104000007,0.61949999296,1.488624996032,-3.1249986560000007
8.8015e-06,0.312495104000007,0.62574999232,1.489874995904,-3.1249986560000007
8.802e-06,0.312495104000007,0.62574999232,1.489874995904,-3.1249986560000007
8.802500000000001e-06,-0.46875494399999695,0.63199999168,1.488624996032,-3.1249986560000007
8.803e-06,-0.46875494399999695,0.62574999232,1.489874995904,-2.8124986880000016
8.803500000000001e-06,-0.46875494399999695,0.63199999168,1.488624996032,-2.8124986880000016
8.804e-06,-0.46875494399999695,0.63199999168,1.48737499616,-2.8124986880000016
8.8045e-06,-0.46875494399999695,0.63199999168,1.488624996032,-3.437498624
8.805000000000001e-06,0.312495104000007,0.62574999232,1.488624996032,-3.1249986560000007
8.8055e-06,0.312495104000007,0.62574999232,1.48737499616,-3.437498624
8.806e-06,-0.46875494399999695,0.62574999232,1.488624996032,-3.1249986560000007
8.806500000000001e-06,-0.46875494399999695,0.62574999232,1.491124995776,-2.8124986880000016
8.807e-06,-0.46875494399999695,0.63199999168,1.48737499616,-3.1249986560000007
8.8075e-06,0.312495104000007,0.61949999296,1.486124996288,-3.437498624
8.808000000000001e-06,0.312495104000007,0.62574999232,1.48737499616,-3.1249986560000007
8.8085e-06,0.312495104000007,0.61949999296,1.491124995776,-3.437498624
8.809e-06,-0.46875494399999695,0.62574999232,1.489874995904,-3.1249986560000007
8.809500000000001e-06,0.312495104000007,0.63199999168,1.489874995904,-2.8124986880000016
8.81e-06,0.312495104000007,0.62574999232,1.488624996032,-2.8124986880000016
8.8105e-06,-0.46875494399999695,0.62574999232,1.488624996032,-3.1249986560000007
8.811000000000001e-06,-0.46875494399999695,0.63199999168,1.48737499616,-2.8124986880000016
8.8115e-06,-0.46875494399999695,0.63199999168,1.488624996032,-2.8124986880000016
8.812000000000001e-06,0.312495104000007,0.62574999232,1.489874995904,-3.1249986560000007
8.8125e-06,0.312495104000007,0.63199999168,1.491124995776,-3.1249986560000007
8.813e-06,1.0937451519999968,0.63199999168,1.48737499616,-3.1249986560000007
8.813500000000001e-06,0.312495104000007,0.62574999232,1.486124996288,-3.1249986560000007
8.814e-06,0.312495104000007,0.62574999232,1.48737499616,-3.1249986560000007
8.8145e-06,-0.46875494399999695,0.63199999168,1.489874995904,-2.8124986880000016
8.815000000000001e-06,0.312495104000007,0.63199999168,1.48737499616,-3.1249986560000007
8.8155e-06,-0.46875494399999695,0.63199999168,1.488624996032,-3.1249986560000007
8.816e-06,-0.46875494399999695,0.63199999168,1.489874995904,-3.437498624
8.816500000000001e-06,-0.46875494399999695,0.62574999232,1.489874995904,-3.437498624
8.817e-06,0.312495104000007,0.62574999232,1.48737499616,-3.1249986560000007
8.8175e-06,0.312495104000007,0.63199999168,1.48737499616,-2.8124986880000016
8.818000000000001e-06,0.312495104000007,0.62574999232,1.48737499616,-2.8124986880000016
8.8185e-06,-0.46875494399999695,0.63199999168,1.48737499616,-3.437498624
8.819e-06,0.312495104000007,0.63199999168,1.48737499616,-2.8124986880000016
8.819500000000001e-06,-0.46875494399999695,0.62574999232,1.489874995904,-3.1249986560000007
8.82e-06,-0.46875494399999695,0.63199999168,1.488624996032,-3.1249986560000007
8.820500000000001e-06,0.312495104000007,0.63199999168,1.488624996032,-3.1249986560000007
8.821e-06,1.0937451519999968,0.63199999168,1.488624996032,-3.1249986560000007
8.8215e-06,0.312495104000007,0.62574999232,1.489874995904,-3.1249986560000007
8.822000000000001e-06,0.312495104000007,0.61949999296,1.489874995904,-3.1249986560000007
8.8225e-06,-0.46875494399999695,0.62574999232,1.489874995904,-3.1249986560000007
8.823e-06,0.312495104000007,0.63199999168,1.488624996032,-3.1249986560000007
8.823500000000001e-06,0.312495104000007,0.62574999232,1.489874995904,-3.1249986560000007
8.824e-06,0.312495104000007,0.63199999168,1.488624996032,-3.1249986560000007
8.8245e-06,0.312495104000007,0.61949999296,1.491124995776,-3.437498624
8.825000000000001e-06,-0.46875494399999695,0.61949999296,1.489874995904,-2.8124986880000016
8.8255e-06,0.312495104000007,0.62574999232,1.491124995776,-3.1249986560000007
8.826e-06,0.312495104000007,0.62574999232,1.488624996032,-3.1249986560000007
8.826500000000001e-06,-0.46875494399999695,0.62574999232,1.488624996032,-3.1249986560000007
8.827e-06,0.312495104000007,0.63199999168,1.489874995904,-3.1249986560000007
8.8275e-06,0.312495104000007,0.62574999232,1.488624996032,-3.1249986560000007
8.828000000000001e-06,0.312495104000007,0.61949999296,1.488624996032,-3.1249986560000007
8.8285e-06,-0.46875494399999695,0.62574999232,1.489874995904,-3.437498624
8.829000000000001e-06,0.312495104000007,0.62574999232,1.491124995776,-2.8124986880000016
8.8295e-06,0.312495104000007,0.62574999232,1.489874995904,-3.1249986560000007
8.83e-06,0.312495104000007,0.62574999232,1.489874995904,-3.1249986560000007
8.830500000000001e-06,0.312495104000007,0.63199999168,1.489874995904,-3.1249986560000007
8.831e-06,0.312495104000007,0.63199999168,1.488624996032,-3.1249986560000007
8.8315e-06,-0.46875494399999695,0.62574999232,1.491124995776,-3.1249986560000007
8.832000000000001e-06,0.312495104000007,0.62574999232,1.489874995904,-3.1249986560000007
8.8325e-06,1.0937451519999968,0.61949999296,1.491124995776,-3.437498624
8.833e-06,-0.46875494399999695,0.62574999232,1.4923749956480001,-3.1249986560000007
8.833500000000001e-06,0.312495104000007,0.62574999232,1.491124995776,-3.1249986560000007
8.834e-06,0.312495104000007,0.61949999296,1.489874995904,-3.1249986560000007
8.8345e-06,0.312495104000007,0.61949999296,1.489874995904,-3.1249986560000007
8.835000000000001e-06,-0.46875494399999695,0.62574999232,1.488624996032,-2.8124986880000016
8.8355e-06,-0.46875494399999695,0.62574999232,1.48737499616,-2.8124986880000016
8.836e-06,0.312495104000007,0.62574999232,1.486124996288,-3.1249986560000007
8.836500000000001e-06,1.0937451519999968,0.62574999232,1.48737499616,-3.1249986560000007
8.837e-06,0.312495104000007,0.63199999168,1.48737499616,-3.1249986560000007
8.837500000000001e-06,0.312495104000007,0.62574999232,1.48737499616,-3.1249986560000007
8.838e-06,-0.46875494399999695,0.62574999232,1.488624996032,-2.8124986880000016
8.8385e-06,-0.46875494399999695,0.62574999232,1.488624996032,-2.8124986880000016
8.839000000000001e-06,1.0937451519999968,0.62574999232,1.486124996288,-3.1249986560000007
8.8395e-06,1.0937451519999968,0.61949999296,1.488624996032,-3.1249986560000007
8.84e-06,0.312495104000007,0.62574999232,1.48737499616,-3.437498624
8.840500000000001e-06,0.312495104000007,0.62574999232,1.488624996032,-3.437498624
8.841e-06,-0.46875494399999695,0.62574999232,1.484874996416,-3.1249986560000007
8.8415e-06,-0.46875494399999695,0.62574999232,1.486124996288,-2.8124986880000016
8.842000000000001e-06,0.312495104000007,0.62574999232,1.48737499616,-3.1249986560000007
8.8425e-06,-0.46875494399999695,0.62574999232,1.488624996032,-3.1249986560000007
8.843e-06,0.312495104000007,0.63199999168,1.48737499616,-3.1249986560000007
8.843500000000001e-06,-0.46875494399999695,0.61949999296,1.486124996288,-2.8124986880000016
8.844e-06,-0.46875494399999695,0.61949999296,1.486124996288,-3.1249986560000007
8.8445e-06,0.312495104000007,0.62574999232,1.486124996288,-3.437498624
8.845000000000001e-06,0.312495104000007,0.63199999168,1.486124996288,-3.1249986560000007
8.8455e-06,0.312495104000007,0.61949999296,1.486124996288,-3.437498624
8.846000000000001e-06,-0.46875494399999695,0.61949999296,1.486124996288,-3.1249986560000007
8.8465e-06,0.312495104000007,0.62574999232,1.486124996288,-2.8124986880000016
8.847e-06,0.312495104000007,0.63199999168,1.4823749966720001,-3.1249986560000007
8.847500000000001e-06,-0.46875494399999695,0.62574999232,1.4823749966720001,-3.437498624
8.848e-06,0.312495104000007,0.63199999168,1.483624996544,-3.1249986560000007
8.8485e-06,0.312495104000007,0.62574999232,1.488624996032,-3.437498624
8.849000000000001e-06,0.312495104000007,0.62574999232,1.48737499616,-3.1249986560000007
8.8495e-06,-0.46875494399999695,0.63199999168,1.48737499616,-3.1249986560000007
8.85e-06,0.312495104000007,0.62574999232,1.488624996032,-3.1249986560000007
8.850500000000001e-06,-0.46875494399999695,0.63199999168,1.488624996032,-3.1249986560000007
8.851e-06,-0.46875494399999695,0.63199999168,1.488624996032,-2.8124986880000016
8.8515e-06,-0.46875494399999695,0.62574999232,1.488624996032,-3.1249986560000007
8.852000000000001e-06,-0.46875494399999695,0.62574999232,1.486124996288,-3.1249986560000007
8.8525e-06,0.312495104000007,0.62574999232,1.48737499616,-3.437498624
8.853e-06,0.312495104000007,0.63199999168,1.488624996032,-3.1249986560000007
8.853500000000001e-06,0.312495104000007,0.62574999232,1.48737499616,-3.437498624
8.854e-06,0.312495104000007,0.61949999296,1.48737499616,-3.1249986560000007
8.854500000000001e-06,0.312495104000007,0.63199999168,1.489874995904,-2.8124986880000016
8.855e-06,0.312495104000007,0.63199999168,1.48737499616,-3.1249986560000007
8.8555e-06,0.312495104000007,0.63199999168,1.484874996416,-3.1249986560000007
8.856000000000001e-06,0.312495104000007,0.61949999296,1.483624996544,-3.437498624
8.8565e-06,-0.46875494399999695,0.62574999232,1.486124996288,-3.437498624
8.857e-06,0.312495104000007,0.62574999232,1.486124996288,-3.1249986560000007
8.857500000000001e-06,0.312495104000007,0.63199999168,1.486124996288,-3.1249986560000007
8.858e-06,0.312495104000007,0.62574999232,1.484874996416,-3.1249986560000007
8.8585e-06,-0.46875494399999695,0.62574999232,1.484874996416,-3.1249986560000007
8.859000000000001e-06,-0.46875494399999695,0.63199999168,1.486124996288,-3.1249986560000007
8.8595e-06,0.312495104000007,0.62574999232,1.48737499616,-3.1249986560000007
8.86e-06,-0.46875494399999695,0.62574999232,1.486124996288,-3.1249986560000007
8.860500000000001e-06,0.312495104000007,0.62574999232,1.48737499616,-3.1249986560000007
8.861e-06,1.0937451519999968,0.62574999232,1.488624996032,-2.8124986880000016
8.8615e-06,0.312495104000007,0.61949999296,1.488624996032,-3.1249986560000007
8.862000000000001e-06,-0.46875494399999695,0.62574999232,1.488624996032,-3.1249986560000007
8.8625e-06,-0.46875494399999695,0.63199999168,1.491124995776,-2.8124986880000016
8.863000000000001e-06,-0.46875494399999695,0.6382499910399999,1.488624996032,-3.1249986560000007
8.8635e-06,0.312495104000007,0.62574999232,1.488624996032,-3.437498624
8.864e-06,0.312495104000007,0.61949999296,1.486124996288,-3.1249986560000007
8.864500000000001e-06,0.312495104000007,0.62574999232,1.48737499616,-3.437498624
8.865e-06,0.312495104000007,0.61949999296,1.488624996032,-3.1249986560000007
8.8655e-06,-0.46875494399999695,0.62574999232,1.489874995904,-3.1249986560000007
8.866000000000001e-06,0.312495104000007,0.61949999296,1.491124995776,-3.1249986560000007
8.8665e-06,0.312495104000007,0.62574999232,1.491124995776,-3.1249986560000007
8.867e-06,-0.46875494399999695,0.62574999232,1.488624996032,-3.1249986560000007
8.867500000000001e-06,0.312495104000007,0.62574999232,1.488624996032,-3.1249986560000007
8.868e-06,0.312495104000007,0.62574999232,1.486124996288,-3.1249986560000007
8.8685e-06,1.0937451519999968,0.63199999168,1.48737499616,-3.1249986560000007
8.869000000000001e-06,0.312495104000007,0.63199999168,1.486124996288,-3.1249986560000007
8.8695e-06,0.312495104000007,0.62574999232,1.48737499616,-3.1249986560000007
8.87e-06,0.312495104000007,0.62574999232,1.48737499616,-3.1249986560000007
8.870500000000001e-06,0.312495104000007,0.62574999232,1.491124995776,-3.1249986560000007
8.871e-06,0.312495104000007,0.63199999168,1.489874995904,-3.1249986560000007
8.871500000000001e-06,0.312495104000007,0.62574999232,1.483624996544,-3.437498624
8.872e-06,1.0937451519999968,0.62574999232,1.484874996416,-3.1249986560000007
8.8725e-06,1.0937451519999968,0.62574999232,1.489874995904,-3.7499985920000007
8.873000000000001e-06,1.0937451519999968,0.62574999232,1.489874995904,-3.437498624
8.8735e-06,0.312495104000007,0.61949999296,1.48737499616,-3.437498624
8.874e-06,0.312495104000007,0.62574999232,1.488624996032,-3.1249986560000007
8.874500000000001e-06,0.312495104000007,0.62574999232,1.489874995904,-3.1249986560000007
8.875e-06,0.312495104000007,0.62574999232,1.489874995904,-2.8124986880000016
8.8755e-06,0.312495104000007,0.62574999232,1.489874995904,-3.1249986560000007
8.876000000000001e-06,0.312495104000007,0.61949999296,1.489874995904,-3.1249986560000007
8.8765e-06,0.312495104000007,0.63199999168,1.491124995776,-3.1249986560000007
8.877e-06,0.312495104000007,0.63199999168,1.488624996032,-3.1249986560000007
8.877500000000001e-06,0.312495104000007,0.62574999232,1.48737499616,-3.1249986560000007
8.878e-06,0.312495104000007,0.61949999296,1.488624996032,-3.1249986560000007
8.8785e-06,0.312495104000007,0.61949999296,1.489874995904,-3.1249986560000007
8.879000000000001e-06,0.312495104000007,0.62574999232,1.488624996032,-3.1249986560000007
8.8795e-06,0.312495104000007,0.62574999232,1.488624996032,-3.1249986560000007
8.880000000000001e-06,0.312495104000007,0.62574999232,1.48737499616,-3.437498624
8.8805e-06,0.312495104000007,0.62574999232,1.491124995776,-3.437498624
8.881e-06,-0.46875494399999695,0.62574999232,1.489874995904,-3.437498624
8.881500000000001e-06,0.312495104000007,0.61949999296,1.489874995904,-3.1249986560000007
8.882e-06,0.312495104000007,0.62574999232,1.489874995904,-3.1249986560000007
8.8825e-06,-0.46875494399999695,0.63199999168,1.489874995904,-3.1249986560000007
8.883000000000001e-06,1.0937451519999968,0.63199999168,1.488624996032,-2.8124986880000016
8.8835e-06,0.312495104000007,0.63199999168,1.489874995904,-3.1249986560000007
8.884e-06,0.312495104000007,0.62574999232,1.489874995904,-3.1249986560000007
8.884500000000001e-06,0.312495104000007,0.63199999168,1.491124995776,-3.1249986560000007
8.885e-06,0.312495104000007,0.62574999232,1.489874995904,-3.1249986560000007
8.8855e-06,0.312495104000007,0.62574999232,1.48737499616,-3.437498624
8.886000000000001e-06,0.312495104000007,0.63199999168,1.484874996416,-3.1249986560000007
8.8865e-06,0.312495104000007,0.62574999232,1.48737499616,-3.1249986560000007
8.887e-06,0.312495104000007,0.62574999232,1.484874996416,-3.437498624
8.887500000000001e-06,-0.46875494399999695,0.62574999232,1.48737499616,-3.437498624
8.888e-06,0.312495104000007,0.62574999232,1.48737499616,-3.1249986560000007
8.888500000000001e-06,0.312495104000007,0.61949999296,1.489874995904,-3.437498624
8.889e-06,-0.46875494399999695,0.61949999296,1.489874995904,-3.1249986560000007
8.8895e-06,1.0937451519999968,0.62574999232,1.491124995776,-3.1249986560000007
8.890000000000001e-06,0.312495104000007,0.62574999232,1.488624996032,-3.1249986560000007
8.8905e-06,0.312495104000007,0.62574999232,1.488624996032,-3.1249986560000007
8.891e-06,0.312495104000007,0.63199999168,1.488624996032,-3.1249986560000007
8.891500000000001e-06,0.312495104000007,0.62574999232,1.488624996032,-3.1249986560000007
8.892e-06,0.312495104000007,0.63199999168,1.48737499616,-3.1249986560000007
8.8925e-06,0.312495104000007,0.62574999232,1.486124996288,-3.1249986560000007
8.893000000000001e-06,-0.46875494399999695,0.61949999296,1.484874996416,-2.8124986880000016
8.8935e-06,0.312495104000007,0.62574999232,1.48737499616,-3.1249986560000007
8.894e-06,-0.46875494399999695,0.62574999232,1.491124995776,-3.1249986560000007
8.894500000000001e-06,0.312495104000007,0.62574999232,1.4923749956480001,-2.8124986880000016
8.895e-06,0.312495104000007,0.62574999232,1.489874995904,-3.1249986560000007
8.8955e-06,-0.46875494399999695,0.61949999296,1.488624996032,-3.437498624
8.896000000000001e-06,0.312495104000007,0.63199999168,1.488624996032,-2.8124986880000016
8.8965e-06,0.312495104000007,0.61949999296,1.489874995904,-3.1249986560000007
8.897000000000001e-06,-0.46875494399999695,0.61949999296,1.486124996288,-3.1249986560000007
8.8975e-06,0.312495104000007,0.62574999232,1.48737499616,-3.1249986560000007
8.898e-06,0.312495104000007,0.62574999232,1.486124996288,-3.1249986560000007
8.898500000000001e-06,0.312495104000007,0.63199999168,1.486124996288,-3.437498624
8.899e-06,-0.46875494399999695,0.63199999168,1.484874996416,-3.1249986560000007
8.8995e-06,-0.46875494399999695,0.62574999232,1.486124996288,-3.1249986560000007
8.900000000000001e-06,-0.46875494399999695,0.62574999232,1.488624996032,-3.1249986560000007
8.9005e-06,0.312495104000007,0.62574999232,1.489874995904,-3.1249986560000007
8.901e-06,0.312495104000007,0.61949999296,1.488624996032,-3.1249986560000007
8.901500000000001e-06,0.312495104000007,0.62574999232,1.48737499616,-3.437498624
8.902e-06,0.312495104000007,0.62574999232,1.488624996032,-3.1249986560000007
8.9025e-06,0.312495104000007,0.62574999232,1.489874995904,-3.1249986560000007
8.903000000000001e-06,0.312495104000007,0.63199999168,1.488624996032,-3.437498624
8.9035e-06,0.312495104000007,0.63199999168,1.488624996032,-3.437498624
8.904e-06,0.312495104000007,0.62574999232,1.486124996288,-3.1249986560000007
8.904500000000001e-06,-0.46875494399999695,0.61949999296,1.48737499616,-3.437498624
8.905e-06,-0.46875494399999695,0.63199999168,1.48737499616,-3.1249986560000007
8.905500000000001e-06,0.312495104000007,0.63199999168,1.488624996032,-3.1249986560000007
8.906e-06,-0.46875494399999695,0.62574999232,1.48737499616,-3.1249986560000007
8.9065e-06,0.312495104000007,0.62574999232,1.48737499616,-3.437498624
8.907000000000001e-06,0.312495104000007,0.63199999168,1.48737499616,-2.8124986880000016
8.9075e-06,0.312495104000007,0.63199999168,1.488624996032,-2.8124986880000016
8.908e-06,-0.46875494399999695,0.62574999232,1.48737499616,-3.1249986560000007
8.908500000000001e-06,-0.46875494399999695,0.63199999168,1.488624996032,-3.1249986560000007
8.909e-06,0.312495104000007,0.62574999232,1.48737499616,-2.8124986880000016
8.9095e-06,0.312495104000007,0.62574999232,1.48737499616,-3.1249986560000007
8.910000000000001e-06,0.312495104000007,0.62574999232,1.489874995904,-2.8124986880000016
8.9105e-06,-0.46875494399999695,0.62574999232,1.491124995776,-3.1249986560000007
8.911e-06,0.312495104000007,0.62574999232,1.489874995904,-3.1249986560000007
8.911500000000001e-06,-0.46875494399999695,0.61949999296,1.489874995904,-3.1249986560000007
8.912e-06,0.312495104000007,0.62574999232,1.488624996032,-3.1249986560000007
8.9125e-06,-0.46875494399999695,0.61949999296,1.4923749956480001,-3.437498624
8.913000000000001e-06,0.312495104000007,0.61949999296,1.491124995776,-3.1249986560000007
8.9135e-06,0.312495104000007,0.62574999232,1.491124995776,-3.437498624
8.914000000000001e-06,0.312495104000007,0.63199999168,1.488624996032,-3.1249986560000007
8.9145e-06,0.312495104000007,0.63199999168,1.488624996032,-3.437498624
8.915e-06,0.312495104000007,0.63199999168,1.48737499616,-3.437498624
8.915500000000001e-06,-0.46875494399999695,0.62574999232,1.489874995904,-3.1249986560000007
8.916e-06,0.312495104000007,0.62574999232,1.488624996032,-3.1249986560000007
8.9165e-06,0.312495104000007,0.61949999296,1.486124996288,-3.437498624
8.917000000000001e-06,0.312495104000007,0.61949999296,1.483624996544,-3.1249986560000007
8.9175e-06,-0.46875494399999695,0.62574999232,1.486124996288,-3.437498624
8.918e-06,0.312495104000007,0.62574999232,1.48737499616,-3.1249986560000007
8.918500000000001e-06,0.312495104000007,0.62574999232,1.486124996288,-3.1249986560000007
8.919e-06,-0.46875494399999695,0.63199999168,1.484874996416,-3.1249986560000007
8.9195e-06,-0.46875494399999695,0.61949999296,1.488624996032,-2.8124986880000016
8.920000000000001e-06,0.312495104000007,0.61949999296,1.488624996032,-3.1249986560000007
8.9205e-06,-0.46875494399999695,0.61949999296,1.491124995776,-3.437498624
8.921e-06,-0.46875494399999695,0.62574999232,1.489874995904,-3.1249986560000007
8.921500000000001e-06,0.312495104000007,0.62574999232,1.488624996032,-3.1249986560000007
8.922e-06,-0.46875494399999695,0.62574999232,1.48737499616,-2.8124986880000016
8.922500000000001e-06,-0.46875494399999695,0.62574999232,1.488624996032,-3.437498624
8.923e-06,0.312495104000007,0.63199999168,1.48737499616,-3.1249986560000007
8.9235e-06,-0.46875494399999695,0.62574999232,1.486124996288,-3.1249986560000007
8.924000000000001e-06,0.312495104000007,0.62574999232,1.484874996416,-3.1249986560000007
8.9245e-06,1.0937451519999968,0.62574999232,1.48737499616,-3.437498624
8.925e-06,0.312495104000007,0.62574999232,1.48737499616,-3.1249986560000007
8.925500000000001e-06,-0.46875494399999695,0.62574999232,1.486124996288,-3.437498624
8.926e-06,-0.46875494399999695,0.62574999232,1.489874995904,-3.437498624
8.9265e-06,0.312495104000007,0.62574999232,1.489874995904,-3.1249986560000007
8.927000000000001e-06,0.312495104000007,0.63199999168,1.48737499616,-3.1249986560000007
8.9275e-06,0.312495104000007,0.61949999296,1.48737499616,-3.1249986560000007
8.928e-06,-0.46875494399999695,0.61949999296,1.48737499616,-3.437498624
8.928500000000001e-06,-0.46875494399999695,0.62574999232,1.491124995776,-3.7499985920000007
8.929e-06,-0.46875494399999695,0.62574999232,1.48737499616,-3.1249986560000007
8.9295e-06,-0.46875494399999695,0.62574999232,1.488624996032,-3.1249986560000007
8.930000000000001e-06,0.312495104000007,0.62574999232,1.491124995776,-3.437498624
8.9305e-06,0.312495104000007,0.62574999232,1.488624996032,-3.437498624
8.931000000000001e-06,-0.46875494399999695,0.63199999168,1.48737499616,-3.1249986560000007
8.9315e-06,-0.46875494399999695,0.62574999232,1.488624996032,-3.1249986560000007
8.932e-06,-0.46875494399999695,0.61949999296,1.489874995904,-3.1249986560000007
8.932500000000001e-06,0.312495104000007,0.61949999296,1.489874995904,-3.1249986560000007
8.933e-06,1.0937451519999968,0.62574999232,1.488624996032,-3.1249986560000007
8.9335e-06,-0.46875494399999695,0.61949999296,1.486124996288,-3.437498624
8.934000000000001e-06,-0.46875494399999695,0.62574999232,1.486124996288,-3.1249986560000007
8.9345e-06,0.312495104000007,0.62574999232,1.488624996032,-2.8124986880000016
8.935e-06,-0.46875494399999695,0.63199999168,1.488624996032,-3.1249986560000007
8.935500000000001e-06,0.312495104000007,0.62574999232,1.488624996032,-3.437498624
8.936e-06,0.312495104000007,0.62574999232,1.491124995776,-2.8124986880000016
8.9365e-06,-0.46875494399999695,0.61949999296,1.489874995904,-3.437498624
8.937000000000001e-06,-0.46875494399999695,0.62574999232,1.48737499616,-3.1249986560000007
8.9375e-06,0.312495104000007,0.62574999232,1.48737499616,-3.437498624
8.938e-06,0.312495104000007,0.62574999232,1.488624996032,-3.1249986560000007
8.938500000000001e-06,-0.46875494399999695,0.62574999232,1.48737499616,-3.1249986560000007
8.939e-06,0.312495104000007,0.62574999232,1.48737499616,-3.1249986560000007
8.939500000000001e-06,-0.46875494399999695,0.62574999232,1.48737499616,-3.1249986560000007
8.94e-06,-0.46875494399999695,0.61949999296,1.48737499616,-3.1249986560000007
8.9405e-06,-0.46875494399999695,0.62574999232,1.488624996032,-3.1249986560000007
8.941000000000001e-06,-0.46875494399999695,0.63199999168,1.489874995904,-3.1249986560000007
8.9415e-06,-0.46875494399999695,0.62574999232,1.489874995904,-3.1249986560000007
8.942e-06,0.312495104000007,0.61949999296,1.489874995904,-3.1249986560000007
8.942500000000001e-06,0.312495104000007,0.62574999232,1.489874995904,-3.1249986560000007
8.943e-06,0.312495104000007,0.63199999168,1.488624996032,-3.437498624
8.9435e-06,-1.250004992000001,0.62574999232,1.489874995904,-3.437498624
8.944000000000001e-06,-0.46875494399999695,0.62574999232,1.48737499616,-3.437498624
8.9445e-06,-0.46875494399999695,0.61949999296,1.489874995904,-3.437498624
8.945e-06,-0.46875494399999695,0.62574999232,1.489874995904,-3.1249986560000007
8.945500000000001e-06,0.312495104000007,0.62574999232,1.491124995776,-3.1249986560000007
8.946e-06,-0.46875494399999695,0.62574999232,1.4923749956480001,-3.1249986560000007
8.9465e-06,-0.46875494399999695,0.62574999232,1.4923749956480001,-3.437498624
8.947000000000001e-06,0.312495104000007,0.62574999232,1.4923749956480001,-3.1249986560000007
8.9475e-06,-0.46875494399999695,0.62574999232,1.49362499552,-3.1249986560000007
8.948000000000001e-06,0.312495104000007,0.61949999296,1.4923749956480001,-3.1249986560000007
8.9485e-06,0.312495104000007,0.62574999232,1.491124995776,-3.437498624
8.949e-06,1.0937451519999968,0.62574999232,1.488624996032,-3.1249986560000007
8.949500000000001e-06,0.312495104000007,0.62574999232,1.488624996032,-3.1249986560000007
8.95e-06,-0.46875494399999695,0.62574999232,1.488624996032,-3.1249986560000007
8.9505e-06,-0.46875494399999695,0.62574999232,1.489874995904,-3.1249986560000007
8.951000000000001e-06,0.312495104000007,0.63199999168,1.48737499616,-3.1249986560000007
8.9515e-06,-0.46875494399999695,0.62574999232,1.489874995904,-3.1249986560000007
8.952e-06,-0.46875494399999695,0.63199999168,1.488624996032,-3.437498624
8.952500000000001e-06,0.312495104000007,0.62574999232,1.489874995904,-3.437498624
8.953e-06,0.312495104000007,0.62574999232,1.48737499616,-3.1249986560000007
8.9535e-06,0.312495104000007,0.62574999232,1.486124996288,-2.8124986880000016
8.954000000000001e-06,0.312495104000007,0.62574999232,1.486124996288,-3.1249986560000007
8.9545e-06,0.312495104000007,0.62574999232,1.488624996032,-3.437498624
8.955e-06,-0.46875494399999695,0.62574999232,1.489874995904,-3.437498624
8.955500000000001e-06,0.312495104000007,0.63199999168,1.489874995904,-3.1249986560000007
8.956e-06,-0.46875494399999695,0.62574999232,1.488624996032,-3.1249986560000007
8.9565e-06,-0.46875494399999695,0.62574999232,1.48737499616,-3.437498624
8.957e-06,0.312495104000007,0.62574999232,1.488624996032,-2.8124986880000016
8.9575e-06,-0.46875494399999695,0.62574999232,1.48737499616,-3.1249986560000007
8.958000000000001e-06,0.312495104000007,0.61949999296,1.48737499616,-3.1249986560000007
8.9585e-06,0.312495104000007,0.61949999296,1.48737499616,-3.437498624
8.959e-06,0.312495104000007,0.62574999232,1.484874996416,-3.437498624
8.959500000000001e-06,0.312495104000007,0.62574999232,1.48737499616,-3.437498624
8.96e-06,0.312495104000007,0.61949999296,1.48737499616,-3.1249986560000007
8.9605e-06,-0.46875494399999695,0.62574999232,1.488624996032,-3.437498624
8.961000000000001e-06,0.312495104000007,0.62574999232,1.48737499616,-3.1249986560000007
8.9615e-06,0.312495104000007,0.62574999232,1.48737499616,-3.437498624
8.962e-06,0.312495104000007,0.62574999232,1.488624996032,-3.1249986560000007
8.962500000000001e-06,-0.46875494399999695,0.62574999232,1.488624996032,-3.1249986560000007
8.963e-06,0.312495104000007,0.62574999232,1.491124995776,-3.1249986560000007
8.9635e-06,0.312495104000007,0.62574999232,1.489874995904,-3.1249986560000007
8.964000000000001e-06,-0.46875494399999695,0.62574999232,1.486124996288,-3.1249986560000007
8.9645e-06,0.312495104000007,0.6382499910399999,1.488624996032,-3.1249986560000007
8.965e-06,0.312495104000007,0.62574999232,1.491124995776,-3.1249986560000007
8.9655e-06,0.312495104000007,0.62574999232,1.488624996032,-3.437498624
8.966e-06,0.312495104000007,0.62574999232,1.488624996032,-3.437498624
8.966500000000001e-06,0.312495104000007,0.63199999168,1.489874995904,-3.1249986560000007
8.967e-06,0.312495104000007,0.63199999168,1.488624996032,-3.437498624
8.9675e-06,0.312495104000007,0.63199999168,1.488624996032,-3.1249986560000007
8.968000000000001e-06,0.312495104000007,0.62574999232,1.489874995904,-3.1249986560000007
8.9685e-06,0.312495104000007,0.62574999232,1.49362499552,-3.1249986560000007
8.969e-06,0.312495104000007,0.62574999232,1.49362499552,-3.1249986560000007
8.969500000000001e-06,-0.46875494399999695,0.63199999168,1.4923749956480001,-3.1249986560000007
8.97e-06,0.312495104000007,0.63199999168,1.491124995776,-3.1249986560000007
8.9705e-06,-0.46875494399999695,0.63199999168,1.489874995904,-3.437498624
8.971000000000001e-06,0.312495104000007,0.63199999168,1.488624996032,-3.1249986560000007
8.9715e-06,-0.46875494399999695,0.62574999232,1.488624996032,-3.1249986560000007
8.972e-06,-0.46875494399999695,0.61949999296,1.489874995904,-3.437498624
8.972500000000001e-06,0.312495104000007,0.63199999168,1.489874995904,-3.437498624
8.973e-06,0.312495104000007,0.63199999168,1.489874995904,-3.1249986560000007
8.9735e-06,-0.46875494399999695,0.62574999232,1.489874995904,-3.437498624
8.974e-06,-0.46875494399999695,0.62574999232,1.489874995904,-3.1249986560000007
8.9745e-06,0.312495104000007,0.63199999168,1.489874995904,-3.1249986560000007
8.975000000000001e-06,0.312495104000007,0.6382499910399999,1.488624996032,-3.437498624
8.9755e-06,0.312495104000007,0.63199999168,1.488624996032,-3.437498624
8.976e-06,0.312495104000007,0.63199999168,1.486124996288,-3.1249986560000007
8.976500000000001e-06,-0.46875494399999695,0.62574999232,1.488624996032,-3.7499985920000007
8.977e-06,0.312495104000007,0.63199999168,1.488624996032,-3.1249986560000007
8.9775e-06,0.312495104000007,0.63199999168,1.489874995904,-3.1249986560000007
8.978000000000001e-06,-0.46875494399999695,0.62574999232,1.489874995904,-3.1249986560000007
8.9785e-06,0.312495104000007,0.62574999232,1.489874995904,-3.437498624
8.979e-06,0.312495104000007,0.63199999168,1.489874995904,-2.8124986880000016
8.979500000000001e-06,0.312495104000007,0.62574999232,1.489874995904,-3.437498624
8.98e-06,-0.46875494399999695,0.62574999232,1.489874995904,-3.437498624
8.9805e-06,0.312495104000007,0.62574999232,1.489874995904,-3.437498624
8.981000000000001e-06,0.312495104000007,0.63199999168,1.488624996032,-3.1249986560000007
8.9815e-06,-0.46875494399999695,0.62574999232,1.489874995904,-3.437498624
8.982e-06,0.312495104000007,0.62574999232,1.488624996032,-3.1249986560000007
8.9825e-06,-0.46875494399999695,0.61949999296,1.489874995904,-3.1249986560000007
8.983e-06,0.312495104000007,0.62574999232,1.488624996032,-3.1249986560000007
8.983500000000001e-06,-0.46875494399999695,0.62574999232,1.488624996032,-3.437498624
8.984e-06,0.312495104000007,0.62574999232,1.486124996288,-3.437498624
8.9845e-06,0.312495104000007,0.62574999232,1.489874995904,-3.437498624
8.985000000000001e-06,-1.250004992000001,0.61949999296,1.489874995904,-3.1249986560000007
8.9855e-06,-0.46875494399999695,0.62574999232,1.489874995904,-2.8124986880000016
8.986e-06,0.312495104000007,0.62574999232,1.489874995904,-3.1249986560000007
8.986500000000001e-06,-0.46875494399999695,0.63199999168,1.491124995776,-3.437498624
8.987e-06,-0.46875494399999695,0.61949999296,1.491124995776,-3.1249986560000007
8.9875e-06,-0.46875494399999695,0.62574999232,1.491124995776,-3.1249986560000007
8.988000000000001e-06,-0.46875494399999695,0.63199999168,1.488624996032,-3.437498624
8.9885e-06,0.312495104000007,0.63199999168,1.489874995904,-3.437498624
8.989e-06,0.312495104000007,0.63199999168,1.491124995776,-3.437498624
8.989500000000001e-06,-0.46875494399999695,0.62574999232,1.48737499616,-3.437498624
8.99e-06,-0.46875494399999695,0.62574999232,1.48737499616,-3.1249986560000007
8.9905e-06,0.312495104000007,0.62574999232,1.486124996288,-3.1249986560000007
8.991e-06,-0.46875494399999695,0.62574999232,1.484874996416,-3.437498624
8.9915e-06,0.312495104000007,0.61949999296,1.488624996032,-3.437498624
8.992000000000001e-06,0.312495104000007,0.63199999168,1.486124996288,-3.437498624
8.9925e-06,0.312495104000007,0.62574999232,1.48737499616,-3.7499985920000007
8.993e-06,-0.46875494399999695,0.62574999232,1.484874996416,-3.1249986560000007
8.993500000000001e-06,-0.46875494399999695,0.62574999232,1.488624996032,-3.1249986560000007
8.994e-06,-0.46875494399999695,0.62574999232,1.491124995776,-3.1249986560000007
8.9945e-06,-0.46875494399999695,0.63199999168,1.48737499616,-3.437498624
8.995000000000001e-06,0.312495104000007,0.62574999232,1.483624996544,-3.1249986560000007
8.9955e-06,-0.46875494399999695,0.61949999296,1.486124996288,-3.1249986560000007
8.996e-06,-1.250004992000001,0.62574999232,1.488624996032,-3.437498624
8.996500000000001e-06,-0.46875494399999695,0.63199999168,1.48737499616,-3.437498624
8.997e-06,0.312495104000007,0.63199999168,1.486124996288,-3.437498624
8.9975e-06,0.312495104000007,0.62574999232,1.48737499616,-3.437498624
8.998000000000001e-06,0.312495104000007,0.62574999232,1.48737499616,-3.1249986560000007
8.9985e-06,-0.46875494399999695,0.62574999232,1.48737499616,-3.1249986560000007
8.999e-06,-0.46875494399999695,0.63199999168,1.484874996416,-3.437498624
8.9995e-06,0.312495104000007,0.62574999232,1.488624996032,-3.437498624
9e-06,0.312495104000007,0.63199999168,1.489874995904,-3.437498624
9.000500000000001e-06,0.312495104000007,0.62574999232,1.489874995904,-3.7499985920000007
9.001e-06,-0.46875494399999695,0.63199999168,1.488624996032,-3.1249986560000007
9.0015e-06,-0.46875494399999695,0.62574999232,1.488624996032,-3.437498624
9.002000000000001e-06,-0.46875494399999695,0.62574999232,1.48737499616,-3.1249986560000007
9.0025e-06,0.312495104000007,0.62574999232,1.486124996288,-3.437498624
9.003e-06,0.312495104000007,0.63199999168,1.486124996288,-3.1249986560000007
9.003500000000001e-06,0.312495104000007,0.63199999168,1.488624996032,-3.1249986560000007
9.004e-06,-0.46875494399999695,0.62574999232,1.489874995904,-3.1249986560000007
9.0045e-06,-0.46875494399999695,0.63199999168,1.489874995904,-3.437498624
9.005000000000001e-06,0.312495104000007,0.62574999232,1.488624996032,-3.1249986560000007
9.0055e-06,0.312495104000007,0.62574999232,1.48737499616,-3.437498624
9.006e-06,0.312495104000007,0.62574999232,1.489874995904,-2.8124986880000016
9.006500000000001e-06,0.312495104000007,0.62574999232,1.491124995776,-3.437498624
9.007e-06,0.312495104000007,0.62574999232,1.488624996032,-3.437498624
9.0075e-06,0.312495104000007,0.62574999232,1.48737499616,-3.7499985920000007
9.008e-06,-0.46875494399999695,0.62574999232,1.488624996032,-3.7499985920000007
9.0085e-06,0.312495104000007,0.62574999232,1.491124995776,-3.437498624
9.009000000000001e-06,-0.46875494399999695,0.62574999232,1.49362499552,-3.1249986560000007
9.0095e-06,0.312495104000007,0.62574999232,1.491124995776,-3.437498624
9.01e-06,0.312495104000007,0.62574999232,1.489874995904,-3.437498624
9.010500000000001e-06,-0.46875494399999695,0.62574999232,1.489874995904,-3.437498624
9.011e-06,0.312495104000007,0.62574999232,1.491124995776,-3.1249986560000007
9.0115e-06,0.312495104000007,0.62574999232,1.4923749956480001,-3.437498624
9.012000000000001e-06,-0.46875494399999695,0.62574999232,1.4923749956480001,-3.1249986560000007
9.0125e-06,-0.46875494399999695,0.62574999232,1.491124995776,-3.1249986560000007
9.013e-06,0.312495104000007,0.63199999168,1.489874995904,-3.1249986560000007
9.013500000000001e-06,0.312495104000007,0.62574999232,1.489874995904,-3.437498624
9.014e-06,0.312495104000007,0.62574999232,1.488624996032,-3.437498624
9.0145e-06,0.312495104000007,0.61949999296,1.489874995904,-3.437498624
9.015000000000001e-06,-0.46875494399999695,0.62574999232,1.491124995776,-3.437498624
9.0155e-06,-0.46875494399999695,0.61949999296,1.489874995904,-3.437498624
9.016e-06,0.312495104000007,0.61949999296,1.488624996032,-3.437498624
9.0165e-06,0.312495104000007,0.61949999296,1.489874995904,-3.437498624
9.017e-06,-0.46875494399999695,0.61949999296,1.488624996032,-3.437498624
9.017500000000001e-06,-0.46875494399999695,0.61949999296,1.488624996032,-3.1249986560000007
9.018e-06,0.312495104000007,0.61949999296,1.489874995904,-3.1249986560000007
9.0185e-06,-0.46875494399999695,0.61949999296,1.489874995904,-3.437498624
9.019000000000001e-06,-0.46875494399999695,0.63199999168,1.488624996032,-3.437498624
9.0195e-06,0.312495104000007,0.62574999232,1.486124996288,-3.437498624
9.02e-06,-0.46875494399999695,0.62574999232,1.48737499616,-3.437498624
9.020500000000001e-06,-0.46875494399999695,0.62574999232,1.489874995904,-3.437498624
9.021e-06,0.312495104000007,0.62574999232,1.489874995904,-3.437498624
9.0215e-06,0.312495104000007,0.62574999232,1.488624996032,-3.437498624
9.022000000000001e-06,0.312495104000007,0.61949999296,1.486124996288,-3.437498624
9.0225e-06,0.312495104000007,0.62574999232,1.486124996288,-3.437498624
9.023e-06,-0.46875494399999695,0.63199999168,1.48737499616,-3.437498624
9.023500000000001e-06,0.312495104000007,0.61949999296,1.488624996032,-3.437498624
9.024e-06,0.312495104000007,0.61949999296,1.488624996032,-3.437498624
9.0245e-06,-0.46875494399999695,0.61949999296,1.4923749956480001,-3.437498624
9.025e-06,0.312495104000007,0.62574999232,1.4923749956480001,-3.437498624
9.0255e-06,0.312495104000007,0.61949999296,1.491124995776,-3.437498624
9.026000000000001e-06,-0.46875494399999695,0.62574999232,1.489874995904,-3.437498624
9.0265e-06,-0.46875494399999695,0.62574999232,1.489874995904,-3.437498624
9.027e-06,0.312495104000007,0.62574999232,1.488624996032,-3.1249986560000007
9.027500000000001e-06,0.312495104000007,0.62574999232,1.488624996032,-3.1249986560000007
9.028e-06,-0.46875494399999695,0.62574999232,1.48737499616,-3.437498624
9.0285e-06,0.312495104000007,0.62574999232,1.488624996032,-3.437498624
9.029000000000001e-06,-0.46875494399999695,0.61949999296,1.488624996032,-3.1249986560000007
9.0295e-06,-0.46875494399999695,0.62574999232,1.488624996032,-3.437498624
9.03e-06,-0.46875494399999695,0.63199999168,1.489874995904,-3.1249986560000007
9.030500000000001e-06,0.312495104000007,0.62574999232,1.489874995904,-3.437498624
9.031e-06,0.312495104000007,0.62574999232,1.48737499616,-3.437498624
9.0315e-06,0.312495104000007,0.63199999168,1.491124995776,-3.437498624
9.032000000000001e-06,0.312495104000007,0.62574999232,1.491124995776,-3.437498624
9.0325e-06,0.312495104000007,0.62574999232,1.491124995776,-3.7499985920000007
9.033e-06,0.312495104000007,0.62574999232,1.486124996288,-3.1249986560000007
9.0335e-06,-0.46875494399999695,0.61949999296,1.484874996416,-3.1249986560000007
9.034e-06,0.312495104000007,0.61949999296,1.488624996032,-3.1249986560000007
9.034500000000001e-06,-0.46875494399999695,0.62574999232,1.491124995776,-3.437498624
9.035e-06,-0.46875494399999695,0.62574999232,1.491124995776,-3.1249986560000007
9.0355e-06,0.312495104000007,0.62574999232,1.489874995904,-3.1249986560000007
9.036000000000001e-06,-0.46875494399999695,0.62574999232,1.489874995904,-3.437498624
9.0365e-06,-0.46875494399999695,0.63199999168,1.488624996032,-3.7499985920000007
9.037e-06,0.312495104000007,0.62574999232,1.489874995904,-3.437498624
9.037500000000001e-06,0.312495104000007,0.62574999232,1.491124995776,-3.437498624
9.038e-06,0.312495104000007,0.62574999232,1.491124995776,-3.437498624
9.0385e-06,-0.46875494399999695,0.63199999168,1.4923749956480001,-3.1249986560000007
9.039000000000001e-06,0.312495104000007,0.63199999168,1.491124995776,-3.437498624
9.0395e-06,-0.46875494399999695,0.61949999296,1.48737499616,-3.437498624
9.04e-06,-0.46875494399999695,0.62574999232,1.486124996288,-3.437498624
9.040500000000001e-06,0.312495104000007,0.62574999232,1.48737499616,-3.7499985920000007
9.041e-06,-0.46875494399999695,0.62574999232,1.48737499616,-3.437498624
9.0415e-06,0.312495104000007,0.62574999232,1.486124996288,-3.437498624
9.042e-06,0.312495104000007,0.62574999232,1.48737499616,-3.437498624
9.0425e-06,-0.46875494399999695,0.61949999296,1.488624996032,-3.437498624
9.043000000000001e-06,-0.46875494399999695,0.62574999232,1.489874995904,-2.8124986880000016
9.0435e-06,0.312495104000007,0.61949999296,1.491124995776,-3.1249986560000007
9.044e-06,0.312495104000007,0.62574999232,1.4923749956480001,-3.1249986560000007
9.044500000000001e-06,1.0937451519999968,0.63199999168,1.491124995776,-3.437498624
9.045e-06,0.312495104000007,0.62574999232,1.48737499616,-3.1249986560000007
9.0455e-06,-0.46875494399999695,0.62574999232,1.48737499616,-3.437498624
9.046000000000001e-06,0.312495104000007,0.62574999232,1.48737499616,-3.437498624
9.0465e-06,-0.46875494399999695,0.62574999232,1.488624996032,-3.437498624
9.047e-06,-0.46875494399999695,0.62574999232,1.488624996032,-3.437498624
9.047500000000001e-06,-0.46875494399999695,0.61949999296,1.488624996032,-3.1249986560000007
9.048e-06,0.312495104000007,0.62574999232,1.488624996032,-3.437498624
9.0485e-06,0.312495104000007,0.62574999232,1.488624996032,-3.7499985920000007
9.049000000000001e-06,0.312495104000007,0.62574999232,1.48737499616,-3.7499985920000007
9.0495e-06,0.312495104000007,0.63199999168,1.48737499616,-3.437498624
9.05e-06,0.312495104000007,0.61949999296,1.486124996288,-3.1249986560000007
9.0505e-06,-0.46875494399999695,0.62574999232,1.488624996032,-3.437498624
9.051e-06,0.312495104000007,0.61949999296,1.486124996288,-3.437498624
9.051500000000001e-06,0.312495104000007,0.61949999296,1.48737499616,-3.1249986560000007
9.052e-06,-0.46875494399999695,0.61949999296,1.48737499616,-3.1249986560000007
9.0525e-06,-0.46875494399999695,0.62574999232,1.488624996032,-3.437498624
9.053000000000001e-06,0.312495104000007,0.63199999168,1.488624996032,-3.437498624
9.0535e-06,0.312495104000007,0.61949999296,1.488624996032,-3.437498624
9.054e-06,0.312495104000007,0.62574999232,1.488624996032,-3.437498624
9.054500000000001e-06,0.312495104000007,0.62574999232,1.488624996032,-3.1249986560000007
9.055e-06,0.312495104000007,0.63199999168,1.486124996288,-3.1249986560000007
9.0555e-06,0.312495104000007,0.61949999296,1.488624996032,-3.1249986560000007
9.056000000000001e-06,0.312495104000007,0.62574999232,1.488624996032,-3.437498624
9.0565e-06,0.312495104000007,0.62574999232,1.489874995904,-3.437498624
9.057e-06,0.312495104000007,0.61949999296,1.488624996032,-3.1249986560000007
9.057500000000001e-06,0.312495104000007,0.61949999296,1.489874995904,-3.437498624
9.058e-06,0.312495104000007,0.62574999232,1.488624996032,-3.1249986560000007
9.0585e-06,-0.46875494399999695,0.62574999232,1.488624996032,-3.437498624
9.059000000000001e-06,-0.46875494399999695,0.61949999296,1.491124995776,-2.8124986880000016
9.0595e-06,-0.46875494399999695,0.62574999232,1.491124995776,-3.1249986560000007
9.060000000000001e-06,-0.46875494399999695,0.62574999232,1.489874995904,-3.437498624
9.0605e-06,-0.46875494399999695,0.62574999232,1.491124995776,-3.1249986560000007
9.061e-06,0.312495104000007,0.62574999232,1.4923749956480001,-3.1249986560000007
9.061500000000001e-06,0.312495104000007,0.62574999232,1.491124995776,-3.437498624
9.062e-06,0.312495104000007,0.61949999296,1.48737499616,-3.437498624
9.0625e-06,0.312495104000007,0.61949999296,1.489874995904,-3.437498624
9.063000000000001e-06,0.312495104000007,0.62574999232,1.491124995776,-3.7499985920000007
9.0635e-06,0.312495104000007,0.62574999232,1.489874995904,-3.437498624
9.064e-06,0.312495104000007,0.61949999296,1.489874995904,-3.437498624
9.064500000000001e-06,1.0937451519999968,0.62574999232,1.489874995904,-3.437498624
9.065e-06,0.312495104000007,0.62574999232,1.486124996288,-3.437498624
9.0655e-06,0.312495104000007,0.63199999168,1.486124996288,-3.1249986560000007
9.066000000000001e-06,0.312495104000007,0.62574999232,1.486124996288,-3.1249986560000007
9.0665e-06,-0.46875494399999695,0.62574999232,1.488624996032,-3.437498624
9.067e-06,-0.46875494399999695,0.61949999296,1.489874995904,-3.1249986560000007
9.067500000000001e-06,0.312495104000007,0.62574999232,1.489874995904,-3.1249986560000007
9.068e-06,0.312495104000007,0.62574999232,1.48737499616,-3.1249986560000007
9.068500000000001e-06,-0.46875494399999695,0.63199999168,1.48737499616,-3.437498624
9.069e-06,0.312495104000007,0.62574999232,1.48737499616,-3.437498624
9.0695e-06,-0.46875494399999695,0.62574999232,1.48737499616,-3.437498624
9.070000000000001e-06,-0.46875494399999695,0.62574999232,1.48737499616,-3.1249986560000007
9.0705e-06,0.312495104000007,0.62574999232,1.48737499616,-3.1249986560000007
9.071e-06,0.312495104000007,0.62574999232,1.486124996288,-3.437498624
9.071500000000001e-06,-0.46875494399999695,0.61949999296,1.488624996032,-3.437498624
9.072e-06,0.312495104000007,0.62574999232,1.48737499616,-3.437498624
9.0725e-06,0.312495104000007,0.62574999232,1.489874995904,-3.7499985920000007
9.073000000000001e-06,0.312495104000007,0.62574999232,1.489874995904,-3.437498624
9.0735e-06,0.312495104000007,0.62574999232,1.4923749956480001,-3.437498624
9.074e-06,0.312495104000007,0.62574999232,1.49362499552,-3.1249986560000007
9.074500000000001e-06,-0.46875494399999695,0.62574999232,1.49362499552,-3.437498624
9.075e-06,0.312495104000007,0.62574999232,1.491124995776,-3.1249986560000007
9.0755e-06,0.312495104000007,0.62574999232,1.489874995904,-3.1249986560000007
9.076000000000001e-06,-0.46875494399999695,0.61949999296,1.48737499616,-3.437498624
9.0765e-06,0.312495104000007,0.61949999296,1.488624996032,-3.7499985920000007
9.077000000000001e-06,0.312495104000007,0.62574999232,1.489874995904,-3.1249986560000007
9.0775e-06,-0.46875494399999695,0.62574999232,1.489874995904,-3.437498624
9.078e-06,0.312495104000007,0.61949999296,1.488624996032,-3.1249986560000007
9.078500000000001e-06,0.312495104000007,0.62574999232,1.489874995904,-3.1249986560000007
9.079e-06,0.312495104000007,0.62574999232,1.48737499616,-3.437498624
9.0795e-06,-0.46875494399999695,0.62574999232,1.488624996032,-3.437498624
9.080000000000001e-06,0.312495104000007,0.62574999232,1.488624996032,-3.437498624
9.0805e-06,-0.46875494399999695,0.61949999296,1.489874995904,-3.7499985920000007
9.081e-06,-0.46875494399999695,0.62574999232,1.48737499616,-3.1249986560000007
9.081500000000001e-06,-0.46875494399999695,0.62574999232,1.488624996032,-3.437498624
9.082e-06,0.312495104000007,0.62574999232,1.488624996032,-3.1249986560000007
9.0825e-06,-0.46875494399999695,0.62574999232,1.48737499616,-3.437498624
9.083000000000001e-06,-0.46875494399999695,0.63199999168,1.486124996288,-3.1249986560000007
9.0835e-06,0.312495104000007,0.63199999168,1.486124996288,-3.1249986560000007
9.084e-06,-0.46875494399999695,0.61949999296,1.488624996032,-3.1249986560000007
9.084500000000001e-06,-0.46875494399999695,0.62574999232,1.489874995904,-3.437498624
9.085e-06,-0.46875494399999695,0.62574999232,1.488624996032,-3.1249986560000007
9.085500000000001e-06,0.312495104000007,0.62574999232,1.486124996288,-3.7499985920000007
9.086e-06,-0.46875494399999695,0.61949999296,1.488624996032,-3.437498624
9.0865e-06,-0.46875494399999695,0.62574999232,1.488624996032,-3.1249986560000007
9.087000000000001e-06,-0.46875494399999695,0.63199999168,1.48737499616,-3.437498624
9.0875e-06,0.312495104000007,0.61949999296,1.491124995776,-3.437498624
9.088e-06,-0.46875494399999695,0.61949999296,1.489874995904,-3.437498624
9.088500000000001e-06,-0.46875494399999695,0.62574999232,1.491124995776,-3.7499985920000007
9.089e-06,-0.46875494399999695,0.62574999232,1.488624996032,-3.437498624
9.0895e-06,0.312495104000007,0.62574999232,1.488624996032,-3.437498624
9.090000000000001e-06,0.312495104000007,0.63199999168,1.491124995776,-3.1249986560000007
9.0905e-06,-0.46875494399999695,0.63199999168,1.489874995904,-3.437498624
9.091e-06,0.312495104000007,0.63199999168,1.488624996032,-3.1249986560000007
9.091500000000001e-06,0.312495104000007,0.63199999168,1.486124996288,-3.437498624
9.092e-06,0.312495104000007,0.61949999296,1.48737499616,-3.7499985920000007
9.0925e-06,-0.46875494399999695,0.62574999232,1.489874995904,-3.437498624
9.093000000000001e-06,0.312495104000007,0.62574999232,1.491124995776,-3.1249986560000007
9.0935e-06,0.312495104000007,0.62574999232,1.491124995776,-3.437498624
9.094000000000001e-06,-0.46875494399999695,0.62574999232,1.489874995904,-3.437498624
9.0945e-06,0.312495104000007,0.62574999232,1.489874995904,-3.437498624
9.095e-06,0.312495104000007,0.61949999296,1.486124996288,-3.437498624
9.095500000000001e-06,0.312495104000007,0.61949999296,1.48737499616,-3.7499985920000007
9.096e-06,0.312495104000007,0.62574999232,1.48737499616,-3.437498624
9.0965e-06,-0.46875494399999695,0.62574999232,1.488624996032,-3.437498624
9.097000000000001e-06,0.312495104000007,0.62574999232,1.48737499616,-3.437498624
9.0975e-06,0.312495104000007,0.62574999232,1.491124995776,-3.437498624
9.098e-06,-0.46875494399999695,0.62574999232,1.491124995776,-3.437498624
9.098500000000001e-06,-0.46875494399999695,0.61949999296,1.488624996032,-3.437498624
9.099e-06,-0.46875494399999695,0.62574999232,1.488624996032,-3.1249986560000007
9.0995e-06,-0.46875494399999695,0.62574999232,1.491124995776,-3.437498624
9.100000000000001e-06,-0.46875494399999695,0.62574999232,1.489874995904,-3.437498624
9.1005e-06,0.312495104000007,0.63199999168,1.488624996032,-3.437498624
9.101e-06,0.312495104000007,0.62574999232,1.488624996032,-3.437498624
9.101500000000001e-06,0.312495104000007,0.62574999232,1.48737499616,-3.7499985920000007
9.102e-06,-0.46875494399999695,0.62574999232,1.488624996032,-3.437498624
9.102500000000001e-06,-0.46875494399999695,0.62574999232,1.491124995776,-3.437498624
9.103e-06,-1.250004992000001,0.62574999232,1.488624996032,-3.437498624
9.1035e-06,-1.250004992000001,0.61949999296,1.48737499616,-3.7499985920000007
9.104000000000001e-06,0.312495104000007,0.62574999232,1.484874996416,-3.7499985920000007
9.1045e-06,-0.46875494399999695,0.61949999296,1.488624996032,-3.7499985920000007
9.105e-06,-0.46875494399999695,0.61949999296,1.489874995904,-3.437498624
9.105500000000001e-06,0.312495104000007,0.61949999296,1.491124995776,-3.437498624
9.106e-06,0.312495104000007,0.62574999232,1.489874995904,-3.437498624
9.1065e-06,-0.46875494399999695,0.62574999232,1.489874995904,-3.7499985920000007
9.107000000000001e-06,0.312495104000007,0.62574999232,1.489874995904,-3.1249986560000007
9.1075e-06,0.312495104000007,0.61949999296,1.488624996032,-3.437498624
9.108e-06,-0.46875494399999695,0.61949999296,1.489874995904,-3.7499985920000007
9.108500000000001e-06,0.312495104000007,0.61949999296,1.489874995904,-3.437498624
9.109e-06,0.312495104000007,0.63199999168,1.488624996032,-3.437498624
9.1095e-06,-0.46875494399999695,0.62574999232,1.48737499616,-3.7499985920000007
9.110000000000001e-06,-0.46875494399999695,0.62574999232,1.489874995904,-3.437498624
9.1105e-06,0.312495104000007,0.62574999232,1.491124995776,-3.437498624
9.111000000000001e-06,-0.46875494399999695,0.62574999232,1.489874995904,-3.437498624
9.1115e-06,0.312495104000007,0.61949999296,1.491124995776,-3.7499985920000007
9.112e-06,-1.250004992000001,0.61949999296,1.489874995904,-3.437498624
9.112500000000001e-06,-0.46875494399999695,0.62574999232,1.491124995776,-3.7499985920000007
9.113e-06,0.312495104000007,0.62574999232,1.488624996032,-3.437498624
9.1135e-06,0.312495104000007,0.62574999232,1.486124996288,-3.437498624
9.114000000000001e-06,0.312495104000007,0.62574999232,1.48737499616,-3.7499985920000007
9.1145e-06,-0.46875494399999695,0.62574999232,1.489874995904,-3.7499985920000007
9.115e-06,0.312495104000007,0.63199999168,1.491124995776,-3.437498624
9.115500000000001e-06,0.312495104000007,0.63199999168,1.489874995904,-3.437498624
9.116e-06,0.312495104000007,0.62574999232,1.48737499616,-3.437498624
9.1165e-06,-0.46875494399999695,0.62574999232,1.488624996032,-3.437498624
9.117000000000001e-06,0.312495104000007,0.62574999232,1.488624996032,-3.437498624
9.1175e-06,-0.46875494399999695,0.62574999232,1.486124996288,-3.7499985920000007
9.118e-06,-0.46875494399999695,0.62574999232,1.486124996288,-3.437498624
9.118500000000001e-06,0.312495104000007,0.61949999296,1.488624996032,-3.437498624
9.119e-06,-0.46875494399999695,0.62574999232,1.491124995776,-3.437498624
9.119500000000001e-06,0.312495104000007,0.61949999296,1.491124995776,-4.062498560000002
9.12e-06,0.312495104000007,0.61949999296,1.488624996032,-3.7499985920000007
9.1205e-06,0.312495104000007,0.61949999296,1.489874995904,-4.062498560000002
9.121000000000001e-06,-0.46875494399999695,0.61949999296,1.488624996032,-3.437498624
9.1215e-06,0.312495104000007,0.61949999296,1.489874995904,-3.437498624
9.122e-06,-0.46875494399999695,0.61949999296,1.491124995776,-3.437498624
9.122500000000001e-06,-0.46875494399999695,0.62574999232,1.491124995776,-3.7499985920000007
9.123e-06,0.312495104000007,0.62574999232,1.491124995776,-3.437498624
9.1235e-06,-0.46875494399999695,0.62574999232,1.491124995776,-3.437498624
9.124000000000001e-06,0.312495104000007,0.61949999296,1.489874995904,-3.437498624
9.1245e-06,0.312495104000007,0.62574999232,1.489874995904,-3.437498624
9.125e-06,0.312495104000007,0.62574999232,1.488624996032,-3.437498624
9.125500000000001e-06,0.312495104000007,0.62574999232,1.488624996032,-3.437498624
9.126e-06,-0.46875494399999695,0.62574999232,1.48737499616,-3.437498624
9.1265e-06,-0.46875494399999695,0.62574999232,1.48737499616,-3.437498624
9.127000000000001e-06,0.312495104000007,0.62574999232,1.488624996032,-3.437498624
9.1275e-06,0.312495104000007,0.62574999232,1.489874995904,-3.437498624
9.128000000000001e-06,0.312495104000007,0.62574999232,1.48737499616,-3.437498624
9.1285e-06,1.0937451519999968,0.62574999232,1.48737499616,-3.437498624
9.129e-06,-0.46875494399999695,0.62574999232,1.486124996288,-3.437498624
9.129500000000001e-06,-0.46875494399999695,0.62574999232,1.484874996416,-3.437498624
9.13e-06,0.312495104000007,0.61949999296,1.484874996416,-3.437498624
9.1305e-06,0.312495104000007,0.62574999232,1.486124996288,-3.437498624
9.131000000000001e-06,0.312495104000007,0.63199999168,1.488624996032,-3.1249986560000007
9.1315e-06,-0.46875494399999695,0.62574999232,1.48737499616,-3.1249986560000007
9.132e-06,0.312495104000007,0.61949999296,1.48737499616,-3.437498624
9.132500000000001e-06,0.312495104000007,0.62574999232,1.491124995776,-3.7499985920000007
9.133e-06,1.0937451519999968,0.63199999168,1.49362499552,-3.437498624
9.1335e-06,0.312495104000007,0.62574999232,1.491124995776,-3.7499985920000007
9.134000000000001e-06,0.312495104000007,0.62574999232,1.491124995776,-3.1249986560000007
9.1345e-06,0.312495104000007,0.62574999232,1.491124995776,-3.7499985920000007
9.135e-06,-0.46875494399999695,0.62574999232,1.491124995776,-3.7499985920000007
9.135500000000001e-06,0.312495104000007,0.62574999232,1.49362499552,-3.7499985920000007
9.136e-06,0.312495104000007,0.62574999232,1.491124995776,-3.7499985920000007
9.136500000000001e-06,1.0937451519999968,0.61949999296,1.489874995904,-3.7499985920000007
9.137e-06,-0.46875494399999695,0.61949999296,1.486124996288,-3.437498624
9.1375e-06,0.312495104000007,0.61949999296,1.48737499616,-3.437498624
9.138000000000001e-06,0.312495104000007,0.61949999296,1.48737499616,-3.437498624
9.1385e-06,0.312495104000007,0.62574999232,1.48737499616,-3.437498624
9.139e-06,0.312495104000007,0.62574999232,1.488624996032,-3.437498624
9.139500000000001e-06,0.312495104000007,0.62574999232,1.491124995776,-3.437498624
9.14e-06,0.312495104000007,0.62574999232,1.489874995904,-3.1249986560000007
9.1405e-06,-0.46875494399999695,0.62574999232,1.491124995776,-3.437498624
9.141000000000001e-06,0.312495104000007,0.62574999232,1.4923749956480001,-3.437498624
9.1415e-06,0.312495104000007,0.61949999296,1.489874995904,-3.7499985920000007
9.142e-06,-0.46875494399999695,0.62574999232,1.4923749956480001,-3.437498624
9.142500000000001e-06,0.312495104000007,0.62574999232,1.4923749956480001,-3.1249986560000007
9.143e-06,-0.46875494399999695,0.63199999168,1.491124995776,-3.1249986560000007
9.1435e-06,-0.46875494399999695,0.62574999232,1.49362499552,-3.7499985920000007
9.144000000000001e-06,0.312495104000007,0.61949999296,1.489874995904,-3.7499985920000007
9.1445e-06,0.312495104000007,0.61949999296,1.488624996032,-3.7499985920000007
9.145000000000001e-06,-1.250004992000001,0.61949999296,1.48737499616,-3.7499985920000007
9.1455e-06,-0.46875494399999695,0.62574999232,1.489874995904,-3.437498624
9.146e-06,-0.46875494399999695,0.62574999232,1.488624996032,-3.437498624
9.146500000000001e-06,-0.46875494399999695,0.62574999232,1.488624996032,-3.7499985920000007
9.147e-06,0.312495104000007,0.62574999232,1.488624996032,-3.7499985920000007
9.1475e-06,0.312495104000007,0.62574999232,1.488624996032,-3.437498624
9.148000000000001e-06,0.312495104000007,0.61949999296,1.489874995904,-3.437498624
9.1485e-06,0.312495104000007,0.62574999232,1.491124995776,-3.437498624
9.149e-06,0.312495104000007,0.63199999168,1.491124995776,-3.437498624
9.149500000000001e-06,0.312495104000007,0.62574999232,1.488624996032,-3.7499985920000007
9.15e-06,0.312495104000007,0.61949999296,1.48737499616,-3.7499985920000007
9.1505e-06,-0.46875494399999695,0.61949999296,1.489874995904,-3.437498624
9.151000000000001e-06,0.312495104000007,0.62574999232,1.488624996032,-3.437498624
9.1515e-06,0.312495104000007,0.61949999296,1.48737499616,-3.7499985920000007
9.152e-06,0.312495104000007,0.62574999232,1.486124996288,-3.437498624
9.152500000000001e-06,-0.46875494399999695,0.62574999232,1.488624996032,-3.7499985920000007
9.153e-06,0.312495104000007,0.62574999232,1.48737499616,-3.1249986560000007
9.153500000000001e-06,0.312495104000007,0.62574999232,1.486124996288,-3.7499985920000007
9.154e-06,0.312495104000007,0.62574999232,1.48737499616,-3.437498624
9.1545e-06,0.312495104000007,0.62574999232,1.488624996032,-3.437498624
9.155000000000001e-06,0.312495104000007,0.61949999296,1.488624996032,-3.437498624
9.1555e-06,-0.46875494399999695,0.62574999232,1.488624996032,-3.437498624
9.156e-06,-0.46875494399999695,0.61949999296,1.48737499616,-3.1249986560000007
9.156500000000001e-06,-0.46875494399999695,0.62574999232,1.48737499616,-3.437498624
9.157e-06,0.312495104000007,0.62574999232,1.488624996032,-3.1249986560000007
9.1575e-06,-0.46875494399999695,0.62574999232,1.48737499616,-3.7499985920000007
9.158000000000001e-06,0.312495104000007,0.61949999296,1.488624996032,-3.437498624
9.1585e-06,-0.46875494399999695,0.62574999232,1.488624996032,-3.437498624
9.159e-06,0.312495104000007,0.62574999232,1.489874995904,-3.437498624
9.159500000000001e-06,0.312495104000007,0.62574999232,1.491124995776,-3.7499985920000007
9.16e-06,0.312495104000007,0.61949999296,1.48737499616,-3.437498624
9.1605e-06,-0.46875494399999695,0.62574999232,1.488624996032,-3.7499985920000007
9.161000000000001e-06,-0.46875494399999695,0.62574999232,1.489874995904,-3.437498624
9.1615e-06,0.312495104000007,0.63199999168,1.488624996032,-3.437498624
9.162000000000001e-06,-0.46875494399999695,0.62574999232,1.48737499616,-3.437498624
9.1625e-06,0.312495104000007,0.62574999232,1.48737499616,-3.437498624
9.163e-06,0.312495104000007,0.62574999232,1.48737499616,-3.437498624
9.163500000000001e-06,-0.46875494399999695,0.62574999232,1.486124996288,-3.1249986560000007
9.164e-06,0.312495104000007,0.61949999296,1.48737499616,-3.1249986560000007
9.1645e-06,0.312495104000007,0.61949999296,1.488624996032,-3.7499985920000007
9.165000000000001e-06,-0.46875494399999695,0.61949999296,1.488624996032,-3.437498624
9.1655e-06,-0.46875494399999695,0.62574999232,1.48737499616,-3.7499985920000007
9.166e-06,0.312495104000007,0.62574999232,1.486124996288,-3.437498624
9.166500000000001e-06,0.312495104000007,0.63199999168,1.48737499616,-3.437498624
9.167e-06,0.312495104000007,0.63199999168,1.489874995904,-3.437498624
9.1675e-06,0.312495104000007,0.62574999232,1.491124995776,-3.437498624
9.168000000000001e-06,0.312495104000007,0.62574999232,1.488624996032,-3.437498624
9.1685e-06,-0.46875494399999695,0.61949999296,1.491124995776,-3.437498624
9.169e-06,0.312495104000007,0.62574999232,1.489874995904,-3.437498624
9.169500000000001e-06,0.312495104000007,0.62574999232,1.489874995904,-3.1249986560000007
9.17e-06,0.312495104000007,0.62574999232,1.489874995904,-3.437498624
9.170500000000001e-06,-0.46875494399999695,0.62574999232,1.488624996032,-3.1249986560000007
9.171e-06,0.312495104000007,0.63199999168,1.48737499616,-2.8124986880000016
9.1715e-06,0.312495104000007,0.62574999232,1.48737499616,-3.1249986560000007
9.172000000000001e-06,-0.46875494399999695,0.62574999232,1.486124996288,-3.1249986560000007
9.1725e-06,-0.46875494399999695,0.62574999232,1.48737499616,-3.1249986560000007
9.173e-06,0.312495104000007,0.62574999232,1.489874995904,-3.1249986560000007
9.173500000000001e-06,-0.46875494399999695,0.61949999296,1.489874995904,-3.7499985920000007
9.174e-06,0.312495104000007,0.62574999232,1.489874995904,-3.1249986560000007
9.1745e-06,-0.46875494399999695,0.62574999232,1.488624996032,-3.1249986560000007
9.175000000000001e-06,0.312495104000007,0.62574999232,1.48737499616,-3.437498624
9.1755e-06,0.312495104000007,0.61949999296,1.489874995904,-3.7499985920000007
9.176e-06,0.312495104000007,0.61949999296,1.488624996032,-3.1249986560000007
9.176500000000001e-06,-0.46875494399999695,0.61949999296,1.4923749956480001,-3.7499985920000007
9.177e-06,-0.46875494399999695,0.62574999232,1.4923749956480001,-3.437498624
9.1775e-06,0.312495104000007,0.62574999232,1.491124995776,-3.437498624
9.178000000000001e-06,0.312495104000007,0.62574999232,1.48737499616,-3.1249986560000007
9.1785e-06,-0.46875494399999695,0.62574999232,1.486124996288,-3.437498624
9.179000000000001e-06,0.312495104000007,0.61949999296,1.489874995904,-3.437498624
9.1795e-06,0.312495104000007,0.62574999232,1.4923749956480001,-3.1249986560000007
9.18e-06,-0.46875494399999695,0.62574999232,1.489874995904,-3.437498624
9.180500000000001e-06,-0.46875494399999695,0.63199999168,1.488624996032,-3.437498624
9.181e-06,0.312495104000007,0.62574999232,1.488624996032,-3.437498624
9.1815e-06,0.312495104000007,0.62574999232,1.48737499616,-3.7499985920000007
9.182000000000001e-06,0.312495104000007,0.62574999232,1.491124995776,-3.437498624
9.1825e-06,-0.46875494399999695,0.63199999168,1.49362499552,-3.437498624
9.183e-06,0.312495104000007,0.63199999168,1.491124995776,-3.437498624
9.183500000000001e-06,0.312495104000007,0.62574999232,1.489874995904,-3.7499985920000007
9.184e-06,0.312495104000007,0.62574999232,1.488624996032,-3.437498624
9.1845e-06,-0.46875494399999695,0.62574999232,1.491124995776,-3.7499985920000007
9.185000000000001e-06,-0.46875494399999695,0.62574999232,1.49362499552,-3.7499985920000007
9.1855e-06,0.312495104000007,0.62574999232,1.491124995776,-3.7499985920000007
9.186e-06,0.312495104000007,0.63199999168,1.488624996032,-3.437498624
9.186500000000001e-06,-0.46875494399999695,0.62574999232,1.488624996032,-3.7499985920000007
9.187e-06,1.0937451519999968,0.62574999232,1.48737499616,-3.437498624
9.187500000000001e-06,0.312495104000007,0.62574999232,1.488624996032,-3.437498624
9.188e-06,0.312495104000007,0.61949999296,1.4923749956480001,-3.437498624
9.1885e-06,0.312495104000007,0.62574999232,1.4923749956480001,-3.7499985920000007
9.189000000000001e-06,1.0937451519999968,0.62574999232,1.49362499552,-3.437498624
9.1895e-06,0.312495104000007,0.62574999232,1.491124995776,-3.437498624
9.19e-06,0.312495104000007,0.62574999232,1.488624996032,-3.437498624
9.190500000000001e-06,0.312495104000007,0.62574999232,1.488624996032,-3.437498624
9.191e-06,0.312495104000007,0.63199999168,1.491124995776,-3.7499985920000007
9.1915e-06,-0.46875494399999695,0.62574999232,1.49362499552,-3.7499985920000007
9.192000000000001e-06,-0.46875494399999695,0.62574999232,1.491124995776,-3.7499985920000007
9.1925e-06,0.312495104000007,0.62574999232,1.489874995904,-3.437498624
9.193e-06,0.312495104000007,0.62574999232,1.488624996032,-3.437498624
9.193500000000001e-06,0.312495104000007,0.62574999232,1.489874995904,-3.437498624
9.194e-06,0.312495104000007,0.61949999296,1.491124995776,-3.437498624
9.1945e-06,0.312495104000007,0.62574999232,1.488624996032,-3.1249986560000007
9.195000000000001e-06,0.312495104000007,0.61949999296,1.486124996288,-3.437498624
9.1955e-06,0.312495104000007,0.61949999296,1.486124996288,-3.437498624
9.196000000000001e-06,-0.46875494399999695,0.61949999296,1.48737499616,-3.437498624
9.1965e-06,-0.46875494399999695,0.62574999232,1.489874995904,-3.437498624
9.197e-06,0.312495104000007,0.62574999232,1.489874995904,-3.437498624
9.197500000000001e-06,-0.46875494399999695,0.62574999232,1.489874995904,-3.7499985920000007
9.198e-06,1.0937451519999968,0.62574999232,1.488624996032,-3.1249986560000007
9.1985e-06,0.312495104000007,0.62574999232,1.488624996032,-3.437498624
9.199000000000001e-06,0.312495104000007,0.62574999232,1.486124996288,-3.437498624
9.1995e-06,-0.46875494399999695,0.61949999296,1.488624996032,-3.7499985920000007
9.2e-06,0.312495104000007,0.62574999232,1.48737499616,-3.7499985920000007
9.200500000000001e-06,1.0937451519999968,0.62574999232,1.489874995904,-4.062498560000002
9.201e-06,-0.46875494399999695,0.62574999232,1.489874995904,-3.437498624
9.2015e-06,0.312495104000007,0.62574999232,1.491124995776,-3.437498624
9.202000000000001e-06,0.312495104000007,0.61949999296,1.488624996032,-3.1249986560000007
9.2025e-06,0.312495104000007,0.61949999296,1.48737499616,-3.7499985920000007
9.203e-06,0.312495104000007,0.62574999232,1.486124996288,-3.437498624
9.203500000000001e-06,-0.46875494399999695,0.62574999232,1.489874995904,-3.1249986560000007
9.204e-06,0.312495104000007,0.62574999232,1.491124995776,-3.437498624
9.204500000000001e-06,0.312495104000007,0.62574999232,1.491124995776,-3.7499985920000007
9.205e-06,0.312495104000007,0.62574999232,1.488624996032,-3.7499985920000007
9.2055e-06,0.312495104000007,0.62574999232,1.486124996288,-3.7499985920000007
9.206000000000001e-06,-0.46875494399999695,0.62574999232,1.48737499616,-3.437498624
9.2065e-06,-0.46875494399999695,0.62574999232,1.488624996032,-3.437498624
9.207e-06,0.312495104000007,0.63199999168,1.488624996032,-3.437498624
9.207500000000001e-06,0.312495104000007,0.61949999296,1.489874995904,-4.062498560000002
9.208e-06,-0.46875494399999695,0.61949999296,1.488624996032,-3.7499985920000007
9.2085e-06,0.312495104000007,0.61949999296,1.491124995776,-4.062498560000002
9.209000000000001e-06,0.312495104000007,0.62574999232,1.489874995904,-3.437498624
9.2095e-06,0.312495104000007,0.63199999168,1.491124995776,-3.437498624
9.21e-06,-0.46875494399999695,0.63199999168,1.488624996032,-3.437498624
9.210500000000001e-06,0.312495104000007,0.63199999168,1.48737499616,-3.437498624
9.211e-06,0.312495104000007,0.62574999232,1.48737499616,-3.437498624
9.2115e-06,0.312495104000007,0.62574999232,1.489874995904,-3.437498624
9.212000000000001e-06,-0.46875494399999695,0.62574999232,1.489874995904,-3.437498624
9.2125e-06,-0.46875494399999695,0.63199999168,1.489874995904,-3.7499985920000007
9.213000000000001e-06,0.312495104000007,0.62574999232,1.489874995904,-3.1249986560000007
9.2135e-06,0.312495104000007,0.62574999232,1.488624996032,-3.437498624
9.214e-06,0.312495104000007,0.62574999232,1.48737499616,-3.1249986560000007
9.214500000000001e-06,-0.46875494399999695,0.62574999232,1.488624996032,-3.437498624
9.215e-06,-0.46875494399999695,0.63199999168,1.489874995904,-3.437498624
9.2155e-06,-0.46875494399999695,0.62574999232,1.491124995776,-3.7499985920000007
9.216000000000001e-06,0.312495104000007,0.62574999232,1.488624996032,-3.7499985920000007
9.2165e-06,0.312495104000007,0.62574999232,1.48737499616,-4.062498560000002
9.217e-06,-0.46875494399999695,0.62574999232,1.486124996288,-3.437498624
9.217500000000001e-06,0.312495104000007,0.62574999232,1.489874995904,-3.7499985920000007
9.218e-06,-0.46875494399999695,0.62574999232,1.491124995776,-3.1249986560000007
9.2185e-06,-0.46875494399999695,0.62574999232,1.4923749956480001,-3.7499985920000007
9.219000000000001e-06,-0.46875494399999695,0.62574999232,1.4923749956480001,-3.437498624
9.2195e-06,-0.46875494399999695,0.62574999232,1.491124995776,-3.1249986560000007
9.22e-06,-0.46875494399999695,0.62574999232,1.489874995904,-3.437498624
9.220500000000001e-06,-0.46875494399999695,0.62574999232,1.4923749956480001,-3.437498624
9.221e-06,1.0937451519999968,0.62574999232,1.491124995776,-3.437498624
9.221500000000001e-06,0.312495104000007,0.61949999296,1.489874995904,-3.437498624
9.222e-06,0.312495104000007,0.62574999232,1.491124995776,-3.437498624
9.2225e-06,-0.46875494399999695,0.63199999168,1.489874995904,-3.437498624
9.223000000000001e-06,-0.46875494399999695,0.63199999168,1.48737499616,-3.7499985920000007
9.2235e-06,-0.46875494399999695,0.62574999232,1.488624996032,-3.7499985920000007
9.224e-06,-0.46875494399999695,0.62574999232,1.48737499616,-3.7499985920000007
9.224500000000001e-06,0.312495104000007,0.62574999232,1.488624996032,-3.7499985920000007
9.225e-06,-0.46875494399999695,0.62574999232,1.486124996288,-3.437498624
9.2255e-06,0.312495104000007,0.62574999232,1.484874996416,-3.7499985920000007
9.226000000000001e-06,0.312495104000007,0.62574999232,1.486124996288,-3.437498624
9.2265e-06,0.312495104000007,0.62574999232,1.48737499616,-3.437498624
9.227e-06,-0.46875494399999695,0.63199999168,1.488624996032,-3.1249986560000007
9.227500000000001e-06,0.312495104000007,0.62574999232,1.489874995904,-3.1249986560000007
9.228e-06,-0.46875494399999695,0.62574999232,1.489874995904,-3.1249986560000007
9.2285e-06,-0.46875494399999695,0.62574999232,1.488624996032,-3.7499985920000007
9.229000000000001e-06,0.312495104000007,0.62574999232,1.488624996032,-3.437498624
9.2295e-06,0.312495104000007,0.61949999296,1.488624996032,-3.7499985920000007
9.230000000000001e-06,-0.46875494399999695,0.62574999232,1.489874995904,-3.437498624
9.2305e-06,-0.46875494399999695,0.62574999232,1.489874995904,-3.437498624
9.231e-06,0.312495104000007,0.62574999232,1.484874996416,-3.437498624
9.231500000000001e-06,0.312495104000007,0.62574999232,1.486124996288,-3.7499985920000007
9.232e-06,-0.46875494399999695,0.62574999232,1.488624996032,-3.7499985920000007
9.2325e-06,0.312495104000007,0.62574999232,1.491124995776,-3.7499985920000007
9.233000000000001e-06,0.312495104000007,0.62574999232,1.48737499616,-3.437498624
9.2335e-06,0.312495104000007,0.62574999232,1.48737499616,-3.7499985920000007
9.234e-06,0.312495104000007,0.62574999232,1.488624996032,-3.437498624
9.234500000000001e-06,0.312495104000007,0.62574999232,1.491124995776,-3.7499985920000007
9.235e-06,0.312495104000007,0.62574999232,1.491124995776,-3.437498624
9.2355e-06,0.312495104000007,0.61949999296,1.489874995904,-3.1249986560000007
9.236000000000001e-06,0.312495104000007,0.61949999296,1.491124995776,-3.437498624
9.2365e-06,0.312495104000007,0.61949999296,1.4923749956480001,-3.437498624
9.237e-06,0.312495104000007,0.63199999168,1.49362499552,-3.437498624
9.237500000000001e-06,0.312495104000007,0.62574999232,1.491124995776,-3.7499985920000007
9.238e-06,-0.46875494399999695,0.62574999232,1.488624996032,-3.437498624
9.238500000000001e-06,-0.46875494399999695,0.62574999232,1.488624996032,-3.437498624
9.239e-06,-0.46875494399999695,0.62574999232,1.48737499616,-3.7499985920000007
9.2395e-06,-0.46875494399999695,0.61949999296,1.488624996032,-3.7499985920000007
9.240000000000001e-06,0.312495104000007,0.62574999232,1.488624996032,-3.437498624
9.2405e-06,0.312495104000007,0.61949999296,1.488624996032,-3.7499985920000007
9.241e-06,0.312495104000007,0.62574999232,1.48737499616,-3.437498624
9.241500000000001e-06,0.312495104000007,0.62574999232,1.488624996032,-3.7499985920000007
9.242e-06,0.312495104000007,0.61949999296,1.491124995776,-3.7499985920000007
9.2425e-06,0.312495104000007,0.62574999232,1.491124995776,-3.437498624
9.243000000000001e-06,-0.46875494399999695,0.62574999232,1.491124995776,-3.437498624
9.2435e-06,-0.46875494399999695,0.62574999232,1.489874995904,-3.437498624
9.244e-06,0.312495104000007,0.61949999296,1.491124995776,-3.7499985920000007
9.244500000000001e-06,0.312495104000007,0.62574999232,1.4923749956480001,-3.437498624
9.245e-06,0.312495104000007,0.61949999296,1.491124995776,-3.437498624
9.2455e-06,-0.46875494399999695,0.62574999232,1.489874995904,-3.437498624
9.246000000000001e-06,0.312495104000007,0.62574999232,1.491124995776,-3.437498624
9.2465e-06,-0.46875494399999695,0.62574999232,1.4923749956480001,-3.437498624
9.247000000000001e-06,-0.46875494399999695,0.62574999232,1.48737499616,-3.437498624
9.2475e-06,-0.46875494399999695,0.62574999232,1.48737499616,-3.7499985920000007
9.248e-06,0.312495104000007,0.62574999232,1.488624996032,-3.7499985920000007
9.248500000000001e-06,0.312495104000007,0.61949999296,1.491124995776,-3.437498624
9.249e-06,0.312495104000007,0.61949999296,1.491124995776,-3.7499985920000007
9.2495e-06,-0.46875494399999695,0.61949999296,1.491124995776,-3.437498624
9.250000000000001e-06,0.312495104000007,0.61949999296,1.489874995904,-3.7499985920000007
9.2505e-06,-0.46875494399999695,0.61949999296,1.488624996032,-3.7499985920000007
9.251e-06,0.312495104000007,0.61949999296,1.488624996032,-3.437498624
9.251500000000001e-06,0.312495104000007,0.61949999296,1.489874995904,-3.437498624
9.252e-06,0.312495104000007,0.61949999296,1.489874995904,-3.437498624
9.2525e-06,-0.46875494399999695,0.61949999296,1.491124995776,-3.437498624
9.253000000000001e-06,0.312495104000007,0.62574999232,1.491124995776,-3.437498624
9.2535e-06,0.312495104000007,0.61949999296,1.4923749956480001,-3.437498624
9.254e-06,-0.46875494399999695,0.61949999296,1.49362499552,-3.437498624
9.254500000000001e-06,0.312495104000007,0.61949999296,1.49362499552,-3.7499985920000007
9.255e-06,0.312495104000007,0.6132499936,1.4923749956480001,-3.437498624
9.2555e-06,-0.46875494399999695,0.61949999296,1.489874995904,-3.7499985920000007
9.256e-06,-0.46875494399999695,0.62574999232,1.486124996288,-3.437498624
9.2565e-06,0.312495104000007,0.62574999232,1.489874995904,-3.7499985920000007
9.257000000000001e-06,-0.46875494399999695,0.61949999296,1.489874995904,-3.437498624
9.2575e-06,0.312495104000007,0.62574999232,1.491124995776,-3.437498624
9.258e-06,0.312495104000007,0.62574999232,1.488624996032,-3.437498624
9.258500000000001e-06,-0.46875494399999695,0.62574999232,1.489874995904,-3.437498624
9.259e-06,0.312495104000007,0.62574999232,1.491124995776,-3.1249986560000007
9.2595e-06,0.312495104000007,0.61949999296,1.4923749956480001,-3.1249986560000007
9.260000000000001e-06,-0.46875494399999695,0.62574999232,1.491124995776,-3.1249986560000007
9.2605e-06,-0.46875494399999695,0.61949999296,1.489874995904,-3.437498624
9.261e-06,0.312495104000007,0.61949999296,1.491124995776,-3.437498624
9.261500000000001e-06,-0.46875494399999695,0.61949999296,1.491124995776,-3.437498624
9.262e-06,0.312495104000007,0.61949999296,1.4923749956480001,-3.437498624
9.2625e-06,0.312495104000007,0.62574999232,1.4923749956480001,-3.1249986560000007
9.263000000000001e-06,-0.46875494399999695,0.61949999296,1.489874995904,-3.7499985920000007
9.2635e-06,0.312495104000007,0.62574999232,1.48737499616,-3.7499985920000007
9.264e-06,0.312495104000007,0.61949999296,1.488624996032,-3.7499985920000007
9.2645e-06,-0.46875494399999695,0.62574999232,1.4923749956480001,-3.7499985920000007
9.265e-06,0.312495104000007,0.62574999232,1.488624996032,-3.437498624
9.265500000000001e-06,0.312495104000007,0.61949999296,1.486124996288,-3.7499985920000007
9.266e-06,0.312495104000007,0.62574999232,1.488624996032,-3.437498624
9.2665e-06,-0.46875494399999695,0.61949999296,1.488624996032,-3.7499985920000007
9.267000000000001e-06,-0.46875494399999695,0.62574999232,1.489874995904,-3.437498624
9.2675e-06,-0.46875494399999695,0.62574999232,1.489874995904,-3.437498624
9.268e-06,-0.46875494399999695,0.61949999296,1.488624996032,-3.437498624
9.268500000000001e-06,-0.46875494399999695,0.62574999232,1.48737499616,-3.7499985920000007
9.269e-06,0.312495104000007,0.62574999232,1.486124996288,-3.437498624
9.2695e-06,-0.46875494399999695,0.62574999232,1.488624996032,-3.7499985920000007
9.270000000000001e-06,-0.46875494399999695,0.62574999232,1.4923749956480001,-3.437498624
9.2705e-06,0.312495104000007,0.61949999296,1.494874995392,-3.437498624
9.271e-06,0.312495104000007,0.63199999168,1.491124995776,-3.437498624
9.271500000000001e-06,0.312495104000007,0.62574999232,1.488624996032,-3.7499985920000007
9.272e-06,0.312495104000007,0.61949999296,1.486124996288,-3.7499985920000007
9.2725e-06,0.312495104000007,0.62574999232,1.488624996032,-3.7499985920000007
9.273e-06,0.312495104000007,0.63199999168,1.48737499616,-3.437498624
9.2735e-06,0.312495104000007,0.63199999168,1.491124995776,-3.7499985920000007
9.274000000000001e-06,0.312495104000007,0.62574999232,1.491124995776,-3.7499985920000007
9.2745e-06,-0.46875494399999695,0.62574999232,1.491124995776,-3.437498624
9.275e-06,-0.46875494399999695,0.61949999296,1.4923749956480001,-3.1249986560000007
9.275500000000001e-06,-0.46875494399999695,0.62574999232,1.491124995776,-3.1249986560000007
9.276e-06,-0.46875494399999695,0.61949999296,1.48737499616,-3.437498624
9.2765e-06,0.312495104000007,0.61949999296,1.488624996032,-3.7499985920000007
9.277000000000001e-06,0.312495104000007,0.62574999232,1.488624996032,-3.437498624
9.2775e-06,-0.46875494399999695,0.61949999296,1.488624996032,-3.7499985920000007
9.278e-06,0.312495104000007,0.62574999232,1.489874995904,-3.437498624
9.278500000000001e-06,0.312495104000007,0.62574999232,1.488624996032,-3.437498624
9.279e-06,0.312495104000007,0.62574999232,1.484874996416,-3.437498624
9.2795e-06,-0.46875494399999695,0.62574999232,1.486124996288,-3.7499985920000007
9.280000000000001e-06,0.312495104000007,0.63199999168,1.48737499616,-3.437498624
9.2805e-06,-0.46875494399999695,0.61949999296,1.488624996032,-3.7499985920000007
9.281e-06,-0.46875494399999695,0.63199999168,1.486124996288,-3.437498624
9.2815e-06,0.312495104000007,0.62574999232,1.486124996288,-3.7499985920000007
9.282e-06,0.312495104000007,0.62574999232,1.489874995904,-3.437498624
9.282500000000001e-06,-0.46875494399999695,0.62574999232,1.491124995776,-3.7499985920000007
9.283e-06,0.312495104000007,0.62574999232,1.491124995776,-3.437498624
9.2835e-06,0.312495104000007,0.61949999296,1.491124995776,-3.7499985920000007
9.284000000000001e-06,0.312495104000007,0.61949999296,1.488624996032,-3.437498624
9.2845e-06,1.0937451519999968,0.63199999168,1.488624996032,-3.7499985920000007
9.285e-06,0.312495104000007,0.62574999232,1.488624996032,-3.437498624
9.285500000000001e-06,-0.46875494399999695,0.61949999296,1.491124995776,-3.7499985920000007
9.286e-06,-0.46875494399999695,0.6132499936,1.4923749956480001,-3.437498624
9.2865e-06,0.312495104000007,0.6132499936,1.491124995776,-3.437498624
9.287000000000001e-06,0.312495104000007,0.61949999296,1.48737499616,-3.437498624
9.2875e-06,0.312495104000007,0.61949999296,1.48737499616,-3.7499985920000007
9.288e-06,0.312495104000007,0.62574999232,1.486124996288,-3.7499985920000007
9.288500000000001e-06,0.312495104000007,0.62574999232,1.489874995904,-3.7499985920000007
9.289e-06,0.312495104000007,0.62574999232,1.488624996032,-3.7499985920000007
9.2895e-06,0.312495104000007,0.61949999296,1.488624996032,-3.7499985920000007
9.29e-06,0.312495104000007,0.62574999232,1.488624996032,-3.437498624
9.2905e-06,1.0937451519999968,0.62574999232,1.489874995904,-3.7499985920000007
9.291000000000001e-06,1.0937451519999968,0.62574999232,1.491124995776,-3.437498624
9.2915e-06,0.312495104000007,0.61949999296,1.489874995904,-3.437498624
9.292e-06,-0.46875494399999695,0.61949999296,1.489874995904,-3.437498624
9.292500000000001e-06,0.312495104000007,0.61949999296,1.491124995776,-3.7499985920000007
9.293e-06,0.312495104000007,0.62574999232,1.491124995776,-3.437498624
9.2935e-06,-0.46875494399999695,0.62574999232,1.489874995904,-3.7499985920000007
9.294000000000001e-06,1.0937451519999968,0.61949999296,1.489874995904,-3.1249986560000007
9.2945e-06,-0.46875494399999695,0.62574999232,1.491124995776,-3.7499985920000007
9.295e-06,0.312495104000007,0.62574999232,1.488624996032,-3.437498624
9.295500000000001e-06,0.312495104000007,0.62574999232,1.489874995904,-3.7499985920000007
9.296e-06,0.312495104000007,0.61949999296,1.489874995904,-3.437498624
9.2965e-06,0.312495104000007,0.61949999296,1.491124995776,-3.437498624
9.297000000000001e-06,0.312495104000007,0.62574999232,1.491124995776,-3.437498624
9.2975e-06,0.312495104000007,0.62574999232,1.491124995776,-3.437498624
9.298e-06,1.0937451519999968,0.62574999232,1.48737499616,-3.437498624
9.2985e-06,0.312495104000007,0.61949999296,1.488624996032,-3.7499985920000007
9.299e-06,0.312495104000007,0.62574999232,1.488624996032,-3.437498624
9.299500000000001e-06,0.312495104000007,0.62574999232,1.488624996032,-3.437498624
9.3e-06,-0.46875494399999695,0.61949999296,1.489874995904,-3.437498624
9.3005e-06,0.312495104000007,0.61949999296,1.489874995904,-3.7499985920000007
9.301000000000001e-06,0.312495104000007,0.63199999168,1.489874995904,-3.437498624
9.3015e-06,0.312495104000007,0.62574999232,1.488624996032,-3.7499985920000007
9.302e-06,0.312495104000007,0.61949999296,1.489874995904,-3.7499985920000007
9.302500000000001e-06,0.312495104000007,0.62574999232,1.489874995904,-3.437498624
9.303e-06,0.312495104000007,0.63199999168,1.488624996032,-3.437498624
9.3035e-06,-0.46875494399999695,0.61949999296,1.488624996032,-4.062498560000002
9.304000000000001e-06,0.312495104000007,0.62574999232,1.486124996288,-3.7499985920000007
9.3045e-06,0.312495104000007,0.62574999232,1.48737499616,-3.7499985920000007
9.305e-06,0.312495104000007,0.61949999296,1.48737499616,-3.437498624
9.305500000000001e-06,0.312495104000007,0.62574999232,1.48737499616,-3.7499985920000007
9.306e-06,0.312495104000007,0.61949999296,1.486124996288,-3.7499985920000007
9.3065e-06,-0.46875494399999695,0.61949999296,1.484874996416,-3.7499985920000007
9.307e-06,-0.46875494399999695,0.61949999296,1.486124996288,-3.437498624
9.3075e-06,0.312495104000007,0.62574999232,1.488624996032,-3.437498624
9.308000000000001e-06,0.312495104000007,0.61949999296,1.488624996032,-3.437498624
9.3085e-06,-0.46875494399999695,0.61949999296,1.486124996288,-4.062498560000002
9.309e-06,0.312495104000007,0.62574999232,1.486124996288,-3.437498624
9.309500000000001e-06,-0.46875494399999695,0.61949999296,1.486124996288,-3.7499985920000007
9.31e-06,0.312495104000007,0.61949999296,1.48737499616,-3.437498624
9.3105e-06,-0.46875494399999695,0.62574999232,1.488624996032,-3.437498624
9.311000000000001e-06,0.312495104000007,0.61949999296,1.489874995904,-3.7499985920000007
9.3115e-06,0.312495104000007,0.61949999296,1.489874995904,-3.7499985920000007
9.312e-06,0.312495104000007,0.61949999296,1.489874995904,-3.437498624
9.312500000000001e-06,0.312495104000007,0.61949999296,1.489874995904,-3.7499985920000007
9.313e-06,-0.46875494399999695,0.62574999232,1.488624996032,-3.437498624
9.3135e-06,0.312495104000007,0.62574999232,1.488624996032,-3.7499985920000007
9.314000000000001e-06,0.312495104000007,0.62574999232,1.486124996288,-3.437498624
9.3145e-06,-0.46875494399999695,0.61949999296,1.486124996288,-3.7499985920000007
9.315e-06,0.312495104000007,0.63199999168,1.48737499616,-3.437498624
9.315500000000001e-06,0.312495104000007,0.62574999232,1.489874995904,-3.437498624
9.316e-06,-0.46875494399999695,0.61949999296,1.488624996032,-4.062498560000002
9.316500000000001e-06,-0.46875494399999695,0.61949999296,1.489874995904,-3.7499985920000007
9.317e-06,0.312495104000007,0.61949999296,1.489874995904,-3.437498624
9.3175e-06,0.312495104000007,0.61949999296,1.48737499616,-3.437498624
9.318000000000001e-06,-0.46875494399999695,0.61949999296,1.486124996288,-3.437498624
9.3185e-06,-0.46875494399999695,0.62574999232,1.491124995776,-3.7499985920000007
9.319e-06,0.312495104000007,0.62574999232,1.4923749956480001,-3.437498624
9.319500000000001e-06,-0.46875494399999695,0.62574999232,1.488624996032,-3.7499985920000007
9.32e-06,-0.46875494399999695,0.61949999296,1.486124996288,-3.7499985920000007
9.3205e-06,-0.46875494399999695,0.61949999296,1.491124995776,-4.062498560000002
9.321000000000001e-06,-0.46875494399999695,0.62574999232,1.489874995904,-3.7499985920000007
9.3215e-06,0.312495104000007,0.61949999296,1.488624996032,-3.437498624
9.322e-06,0.312495104000007,0.62574999232,1.488624996032,-3.437498624
9.322500000000001e-06,0.312495104000007,0.62574999232,1.489874995904,-3.437498624
9.323e-06,-0.46875494399999695,0.62574999232,1.489874995904,-3.437498624
9.3235e-06,0.312495104000007,0.61949999296,1.489874995904,-3.7499985920000007
9.324000000000001e-06,-0.46875494399999695,0.62574999232,1.48737499616,-3.437498624
9.3245e-06,-0.46875494399999695,0.61949999296,1.489874995904,-3.437498624
9.325000000000001e-06,-0.46875494399999695,0.61949999296,1.4923749956480001,-3.437498624
9.3255e-06,0.312495104000007,0.62574999232,1.4923749956480001,-3.7499985920000007
9.326e-06,-0.46875494399999695,0.62574999232,1.4923749956480001,-3.437498624
9.326500000000001e-06,-0.46875494399999695,0.62574999232,1.49362499552,-3.1249986560000007
9.327e-06,0.312495104000007,0.62574999232,1.491124995776,-3.437498624
9.3275e-06,-0.46875494399999695,0.61949999296,1.489874995904,-3.7499985920000007
9.328000000000001e-06,0.312495104000007,0.61949999296,1.489874995904,-3.437498624
9.3285e-06,0.312495104000007,0.61949999296,1.4923749956480001,-3.7499985920000007
9.329e-06,0.312495104000007,0.61949999296,1.4923749956480001,-3.437498624
9.329500000000001e-06,-0.46875494399999695,0.62574999232,1.4923749956480001,-3.437498624
9.33e-06,-0.46875494399999695,0.62574999232,1.491124995776,-3.1249986560000007
9.3305e-06,-0.46875494399999695,0.62574999232,1.489874995904,-3.7499985920000007
9.331000000000001e-06,-0.46875494399999695,0.62574999232,1.48737499616,-3.7499985920000007
9.3315e-06,0.312495104000007,0.62574999232,1.488624996032,-3.7499985920000007
9.332e-06,0.312495104000007,0.61949999296,1.48737499616,-3.437498624
9.332500000000001e-06,0.312495104000007,0.63199999168,1.489874995904,-3.7499985920000007
9.333e-06,-0.46875494399999695,0.62574999232,1.491124995776,-3.7499985920000007
9.333500000000001e-06,-0.46875494399999695,0.61949999296,1.489874995904,-3.7499985920000007
9.334e-06,0.312495104000007,0.61949999296,1.489874995904,-3.437498624
9.3345e-06,0.312495104000007,0.61949999296,1.491124995776,-3.437498624
9.335000000000001e-06,-0.46875494399999695,0.62574999232,1.488624996032,-3.7499985920000007
9.3355e-06,-0.46875494399999695,0.61949999296,1.489874995904,-3.7499985920000007
9.336e-06,-0.46875494399999695,0.62574999232,1.489874995904,-3.7499985920000007
9.336500000000001e-06,0.312495104000007,0.62574999232,1.491124995776,-4.062498560000002
9.337e-06,-0.46875494399999695,0.62574999232,1.491124995776,-3.7499985920000007
9.3375e-06,0.312495104000007,0.62574999232,1.489874995904,-3.7499985920000007
9.338000000000001e-06,-0.46875494399999695,0.61949999296,1.489874995904,-3.7499985920000007
9.3385e-06,-0.46875494399999695,0.62574999232,1.488624996032,-3.7499985920000007
9.339e-06,-0.46875494399999695,0.62574999232,1.48737499616,-3.437498624
9.339500000000001e-06,-0.46875494399999695,0.61949999296,1.489874995904,-3.1249986560000007
9.34e-06,-0.46875494399999695,0.61949999296,1.488624996032,-3.437498624
9.3405e-06,-0.46875494399999695,0.61949999296,1.488624996032,-4.062498560000002
9.341000000000001e-06,1.0937451519999968,0.62574999232,1.488624996032,-3.437498624
9.3415e-06,0.312495104000007,0.61949999296,1.489874995904,-3.7499985920000007
9.342000000000001e-06,-0.46875494399999695,0.61949999296,1.491124995776,-3.7499985920000007
9.3425e-06,-0.46875494399999695,0.6132499936,1.491124995776,-3.7499985920000007
9.343e-06,-0.46875494399999695,0.62574999232,1.489874995904,-3.437498624
9.343500000000001e-06,-0.46875494399999695,0.61949999296,1.491124995776,-3.7499985920000007
9.344e-06,0.312495104000007,0.61949999296,1.489874995904,-3.7499985920000007
9.3445e-06,-0.46875494399999695,0.61949999296,1.489874995904,-4.062498560000002
9.345000000000001e-06,0.312495104000007,0.61949999296,1.489874995904,-3.437498624
9.3455e-06,0.312495104000007,0.62574999232,1.491124995776,-3.437498624
9.346e-06,0.312495104000007,0.62574999232,1.488624996032,-3.437498624
9.346500000000001e-06,-0.46875494399999695,0.61949999296,1.489874995904,-3.437498624
9.347e-06,0.312495104000007,0.61949999296,1.491124995776,-3.437498624
9.3475e-06,0.312495104000007,0.61949999296,1.49362499552,-3.437498624
9.348000000000001e-06,-0.46875494399999695,0.61949999296,1.491124995776,-3.437498624
9.3485e-06,-0.46875494399999695,0.62574999232,1.491124995776,-3.7499985920000007
9.349e-06,-0.46875494399999695,0.63199999168,1.489874995904,-3.437498624
9.349500000000001e-06,-0.46875494399999695,0.61949999296,1.489874995904,-3.7499985920000007
9.35e-06,-0.46875494399999695,0.61949999296,1.489874995904,-3.7499985920000007
9.350500000000001e-06,0.312495104000007,0.61949999296,1.491124995776,-3.7499985920000007
9.351e-06,0.312495104000007,0.62574999232,1.488624996032,-3.7499985920000007
9.3515e-06,0.312495104000007,0.61949999296,1.488624996032,-4.062498560000002
9.352000000000001e-06,0.312495104000007,0.62574999232,1.489874995904,-3.7499985920000007
9.3525e-06,0.312495104000007,0.61949999296,1.49362499552,-3.7499985920000007
9.353e-06,-0.46875494399999695,0.61949999296,1.491124995776,-3.437498624
9.353500000000001e-06,0.312495104000007,0.61949999296,1.489874995904,-3.437498624
9.354e-06,0.312495104000007,0.62574999232,1.491124995776,-3.7499985920000007
9.3545e-06,0.312495104000007,0.62574999232,1.491124995776,-3.7499985920000007
9.355000000000001e-06,-0.46875494399999695,0.62574999232,1.49362499552,-3.7499985920000007
9.3555e-06,0.312495104000007,0.62574999232,1.49362499552,-3.437498624
9.356e-06,-0.46875494399999695,0.61949999296,1.491124995776,-3.437498624
9.356500000000001e-06,-0.46875494399999695,0.63199999168,1.491124995776,-4.062498560000002
9.357e-06,0.312495104000007,0.62574999232,1.491124995776,-3.437498624
9.3575e-06,0.312495104000007,0.61949999296,1.489874995904,-3.7499985920000007
9.358000000000001e-06,-0.46875494399999695,0.61949999296,1.489874995904,-3.437498624
9.3585e-06,-0.46875494399999695,0.61949999296,1.491124995776,-3.437498624
9.359000000000001e-06,0.312495104000007,0.62574999232,1.491124995776,-3.7499985920000007
9.3595e-06,0.312495104000007,0.61949999296,1.491124995776,-3.7499985920000007
9.36e-06,0.312495104000007,0.62574999232,1.488624996032,-3.7499985920000007
9.360500000000001e-06,0.312495104000007,0.61949999296,1.489874995904,-3.7499985920000007
9.361e-06,0.312495104000007,0.61949999296,1.491124995776,-3.7499985920000007
9.3615e-06,-0.46875494399999695,0.61949999296,1.491124995776,-3.7499985920000007
9.362000000000001e-06,0.312495104000007,0.61949999296,1.489874995904,-3.437498624
9.3625e-06,-0.46875494399999695,0.61949999296,1.489874995904,-3.7499985920000007
9.363e-06,-0.46875494399999695,0.61949999296,1.489874995904,-3.7499985920000007
9.363500000000001e-06,-0.46875494399999695,0.62574999232,1.488624996032,-3.437498624
9.364e-06,-0.46875494399999695,0.61949999296,1.48737499616,-3.437498624
9.3645e-06,-0.46875494399999695,0.62574999232,1.489874995904,-3.437498624
9.365000000000001e-06,0.312495104000007,0.62574999232,1.489874995904,-3.437498624
9.3655e-06,0.312495104000007,0.61949999296,1.488624996032,-3.7499985920000007
9.366e-06,0.312495104000007,0.61949999296,1.489874995904,-3.7499985920000007
9.366500000000001e-06,0.312495104000007,0.6132499936,1.491124995776,-3.437498624
9.367e-06,-0.46875494399999695,0.61949999296,1.488624996032,-3.437498624
9.367500000000001e-06,-0.46875494399999695,0.61949999296,1.488624996032,-3.7499985920000007
9.368e-06,-0.46875494399999695,0.61949999296,1.488624996032,-3.7499985920000007
9.3685e-06,-0.46875494399999695,0.61949999296,1.489874995904,-3.7499985920000007
9.369000000000001e-06,-1.250004992000001,0.61949999296,1.48737499616,-3.437498624
9.3695e-06,-0.46875494399999695,0.61949999296,1.489874995904,-3.7499985920000007
9.37e-06,0.312495104000007,0.61949999296,1.488624996032,-3.7499985920000007
9.370500000000001e-06,-1.250004992000001,0.62574999232,1.491124995776,-3.7499985920000007
9.371e-06,-0.46875494399999695,0.62574999232,1.489874995904,-3.437498624
9.3715e-06,-0.46875494399999695,0.62574999232,1.48737499616,-3.437498624
9.372000000000001e-06,-0.46875494399999695,0.61949999296,1.486124996288,-3.437498624
9.3725e-06,-0.46875494399999695,0.62574999232,1.48737499616,-4.062498560000002
9.373e-06,-0.46875494399999695,0.62574999232,1.488624996032,-3.7499985920000007
9.373500000000001e-06,-0.46875494399999695,0.61949999296,1.489874995904,-3.7499985920000007
9.374e-06,-0.46875494399999695,0.61949999296,1.4923749956480001,-3.437498624
9.3745e-06,-0.46875494399999695,0.62574999232,1.49362499552,-3.437498624
9.375000000000001e-06,-0.46875494399999695,0.62574999232,1.489874995904,-3.7499985920000007
9.3755e-06,-0.46875494399999695,0.61949999296,1.489874995904,-3.7499985920000007
9.376000000000001e-06,0.312495104000007,0.61949999296,1.48737499616,-3.7499985920000007
9.3765e-06,0.312495104000007,0.61949999296,1.489874995904,-4.062498560000002
9.377e-06,-0.46875494399999695,0.61949999296,1.489874995904,-3.7499985920000007
9.377500000000001e-06,0.312495104000007,0.62574999232,1.489874995904,-3.7499985920000007
9.378e-06,0.312495104000007,0.62574999232,1.488624996032,-3.437498624
9.3785e-06,-0.46875494399999695,0.62574999232,1.488624996032,-3.7499985920000007
9.379000000000001e-06,0.312495104000007,0.61949999296,1.491124995776,-3.437498624
9.3795e-06,-0.46875494399999695,0.62574999232,1.491124995776,-3.437498624
9.38e-06,0.312495104000007,0.61949999296,1.489874995904,-3.7499985920000007
9.380500000000001e-06,-0.46875494399999695,0.62574999232,1.489874995904,-3.7499985920000007
9.381e-06,-0.46875494399999695,0.63199999168,1.489874995904,-3.437498624
9.3815e-06,0.312495104000007,0.62574999232,1.48737499616,-3.7499985920000007
9.382000000000001e-06,-0.46875494399999695,0.61949999296,1.488624996032,-3.7499985920000007
9.3825e-06,0.312495104000007,0.61949999296,1.491124995776,-3.437498624
9.383e-06,-0.46875494399999695,0.61949999296,1.491124995776,-3.437498624
9.383500000000001e-06,0.312495104000007,0.61949999296,1.4923749956480001,-3.7499985920000007
9.384e-06,-0.46875494399999695,0.61949999296,1.491124995776,-3.7499985920000007
9.384500000000001e-06,0.312495104000007,0.61949999296,1.4923749956480001,-3.7499985920000007
9.385e-06,0.312495104000007,0.6132499936,1.4923749956480001,-3.7499985920000007
9.3855e-06,0.312495104000007,0.6132499936,1.489874995904,-4.062498560000002
9.386000000000001e-06,0.312495104000007,0.61949999296,1.4923749956480001,-3.437498624
9.3865e-06,-0.46875494399999695,0.61949999296,1.49362499552,-3.7499985920000007
9.387e-06,0.312495104000007,0.62574999232,1.49362499552,-3.437498624
9.387500000000001e-06,0.312495104000007,0.62574999232,1.491124995776,-3.437498624
9.388e-06,0.312495104000007,0.61949999296,1.489874995904,-3.437498624
9.3885e-06,1.0937451519999968,0.61949999296,1.491124995776,-3.7499985920000007
9.389000000000001e-06,0.312495104000007,0.62574999232,1.488624996032,-3.437498624
9.3895e-06,0.312495104000007,0.61949999296,1.486124996288,-3.7499985920000007
9.39e-06,0.312495104000007,0.61949999296,1.488624996032,-3.437498624
9.390500000000001e-06,0.312495104000007,0.6132499936,1.488624996032,-3.437498624
9.391e-06,-0.46875494399999695,0.62574999232,1.48737499616,-3.437498624
9.3915e-06,-0.46875494399999695,0.61949999296,1.489874995904,-3.7499985920000007
9.392000000000001e-06,0.312495104000007,0.62574999232,1.489874995904,-3.437498624
9.3925e-06,-0.46875494399999695,0.62574999232,1.4923749956480001,-3.7499985920000007
9.393000000000001e-06,-0.46875494399999695,0.62574999232,1.489874995904,-3.437498624
9.3935e-06,0.312495104000007,0.62574999232,1.491124995776,-3.437498624
9.394e-06,0.312495104000007,0.62574999232,1.491124995776,-3.437498624
9.394500000000001e-06,0.312495104000007,0.6132499936,1.489874995904,-3.437498624
9.395e-06,-0.46875494399999695,0.61949999296,1.488624996032,-3.7499985920000007
9.3955e-06,0.312495104000007,0.62574999232,1.491124995776,-3.7499985920000007
9.396000000000001e-06,0.312495104000007,0.62574999232,1.489874995904,-3.437498624
9.3965e-06,0.312495104000007,0.61949999296,1.48737499616,-4.062498560000002
9.397e-06,0.312495104000007,0.62574999232,1.48737499616,-3.437498624
9.397500000000001e-06,0.312495104000007,0.62574999232,1.488624996032,-3.7499985920000007
9.398e-06,0.312495104000007,0.61949999296,1.489874995904,-3.7499985920000007
9.3985e-06,0.312495104000007,0.61949999296,1.488624996032,-3.437498624
9.399000000000001e-06,0.312495104000007,0.62574999232,1.489874995904,-3.7499985920000007
9.3995e-06,0.312495104000007,0.62574999232,1.49362499552,-3.7499985920000007
9.4e-06,0.312495104000007,0.61949999296,1.491124995776,-3.437498624
9.400500000000001e-06,0.312495104000007,0.61949999296,1.489874995904,-3.7499985920000007
9.401e-06,0.312495104000007,0.62574999232,1.48737499616,-3.437498624
9.401500000000001e-06,0.312495104000007,0.62574999232,1.48737499616,-3.7499985920000007
9.402e-06,0.312495104000007,0.61949999296,1.486124996288,-3.7499985920000007
9.4025e-06,0.312495104000007,0.62574999232,1.48737499616,-3.7499985920000007
9.403000000000001e-06,0.312495104000007,0.61949999296,1.486124996288,-3.437498624
9.4035e-06,0.312495104000007,0.61949999296,1.48737499616,-3.437498624
9.404e-06,-0.46875494399999695,0.61949999296,1.48737499616,-3.7499985920000007
9.404500000000001e-06,-0.46875494399999695,0.61949999296,1.48737499616,-4.062498560000002
9.405e-06,0.312495104000007,0.62574999232,1.488624996032,-3.437498624
9.4055e-06,0.312495104000007,0.61949999296,1.488624996032,-3.7499985920000007
9.406000000000001e-06,0.312495104000007,0.61949999296,1.489874995904,-3.437498624
9.4065e-06,0.312495104000007,0.61949999296,1.49362499552,-3.7499985920000007
9.407e-06,0.312495104000007,0.62574999232,1.491124995776,-3.7499985920000007
9.407500000000001e-06,0.312495104000007,0.61949999296,1.488624996032,-3.7499985920000007
9.408e-06,0.312495104000007,0.61949999296,1.48737499616,-3.7499985920000007
9.4085e-06,1.0937451519999968,0.61949999296,1.48737499616,-4.062498560000002
9.409000000000001e-06,0.312495104000007,0.61949999296,1.48737499616,-3.7499985920000007
9.4095e-06,0.312495104000007,0.61949999296,1.484874996416,-3.7499985920000007
9.410000000000001e-06,0.312495104000007,0.61949999296,1.484874996416,-3.7499985920000007
9.4105e-06,-0.46875494399999695,0.62574999232,1.48737499616,-3.7499985920000007
9.411e-06,0.312495104000007,0.61949999296,1.488624996032,-3.437498624
9.411500000000001e-06,0.312495104000007,0.62574999232,1.488624996032,-3.7499985920000007
9.412e-06,0.312495104000007,0.61949999296,1.48737499616,-3.7499985920000007
9.4125e-06,0.312495104000007,0.62574999232,1.486124996288,-4.062498560000002
9.413000000000001e-06,0.312495104000007,0.62574999232,1.484874996416,-3.437498624
9.4135e-06,0.312495104000007,0.62574999232,1.486124996288,-3.7499985920000007
9.414e-06,-0.46875494399999695,0.61949999296,1.48737499616,-3.437498624
9.414500000000001e-06,-0.46875494399999695,0.61949999296,1.48737499616,-3.7499985920000007
9.415e-06,0.312495104000007,0.6132499936,1.488624996032,-3.7499985920000007
9.4155e-06,0.312495104000007,0.61949999296,1.491124995776,-4.062498560000002
9.416000000000001e-06,0.312495104000007,0.61949999296,1.491124995776,-3.7499985920000007
9.4165e-06,0.312495104000007,0.61949999296,1.491124995776,-4.062498560000002
9.417e-06,0.312495104000007,0.61949999296,1.489874995904,-3.437498624
9.417500000000001e-06,0.312495104000007,0.61949999296,1.488624996032,-4.062498560000002
9.418e-06,0.312495104000007,0.61949999296,1.48737499616,-3.7499985920000007
9.418500000000001e-06,0.312495104000007,0.61949999296,1.488624996032,-3.437498624
9.419e-06,-0.46875494399999695,0.61949999296,1.489874995904,-3.437498624
9.4195e-06,0.312495104000007,0.61949999296,1.489874995904,-3.7499985920000007
9.420000000000001e-06,0.312495104000007,0.61949999296,1.48737499616,-3.437498624
9.4205e-06,-0.46875494399999695,0.62574999232,1.48737499616,-3.7499985920000007
9.421e-06,0.312495104000007,0.62574999232,1.488624996032,-3.7499985920000007
9.421500000000001e-06,0.312495104000007,0.62574999232,1.4923749956480001,-3.7499985920000007
9.422e-06,-0.46875494399999695,0.61949999296,1.4923749956480001,-3.7499985920000007
9.4225e-06,-0.46875494399999695,0.61949999296,1.491124995776,-3.437498624
9.423000000000001e-06,-0.46875494399999695,0.62574999232,1.489874995904,-3.437498624
9.4235e-06,-0.46875494399999695,0.61949999296,1.488624996032,-3.7499985920000007
9.424e-06,-0.46875494399999695,0.61949999296,1.48737499616,-3.7499985920000007
9.424500000000001e-06,-0.46875494399999695,0.61949999296,1.489874995904,-4.062498560000002
9.425e-06,-0.46875494399999695,0.61949999296,1.488624996032,-3.7499985920000007
9.4255e-06,0.312495104000007,0.61949999296,1.48737499616,-3.7499985920000007
9.426000000000001e-06,-0.46875494399999695,0.62574999232,1.489874995904,-3.7499985920000007
9.4265e-06,-0.46875494399999695,0.61949999296,1.491124995776,-3.7499985920000007
9.427000000000001e-06,0.312495104000007,0.61949999296,1.488624996032,-3.437498624
9.4275e-06,0.312495104000007,0.62574999232,1.486124996288,-3.437498624
9.428e-06,0.312495104000007,0.61949999296,1.48737499616,-3.7499985920000007
9.428500000000001e-06,-0.46875494399999695,0.61949999296,1.489874995904,-3.7499985920000007
9.429e-06,0.312495104000007,0.62574999232,1.491124995776,-3.437498624
9.4295e-06,0.312495104000007,0.62574999232,1.488624996032,-3.7499985920000007
9.430000000000001e-06,0.312495104000007,0.62574999232,1.489874995904,-3.437498624
9.4305e-06,0.312495104000007,0.62574999232,1.4923749956480001,-3.437498624
9.431e-06,0.312495104000007,0.61949999296,1.491124995776,-3.7499985920000007
9.431500000000001e-06,0.312495104000007,0.61949999296,1.491124995776,-3.7499985920000007
9.432e-06,0.312495104000007,0.61949999296,1.488624996032,-3.7499985920000007
9.4325e-06,0.312495104000007,0.61949999296,1.489874995904,-3.7499985920000007
9.433000000000001e-06,0.312495104000007,0.61949999296,1.489874995904,-3.7499985920000007
9.4335e-06,-0.46875494399999695,0.61949999296,1.491124995776,-3.7499985920000007
9.434e-06,0.312495104000007,0.61949999296,1.488624996032,-3.7499985920000007
9.434500000000001e-06,-0.46875494399999695,0.62574999232,1.488624996032,-3.437498624
9.435e-06,-0.46875494399999695,0.61949999296,1.489874995904,-3.437498624
9.435500000000001e-06,-0.46875494399999695,0.62574999232,1.491124995776,-3.437498624
9.436e-06,0.312495104000007,0.61949999296,1.489874995904,-3.437498624
9.4365e-06,-0.46875494399999695,0.61949999296,1.489874995904,-3.7499985920000007
9.437000000000001e-06,0.312495104000007,0.62574999232,1.491124995776,-3.7499985920000007
9.4375e-06,0.312495104000007,0.61949999296,1.4923749956480001,-3.7499985920000007
9.438e-06,-0.46875494399999695,0.61949999296,1.489874995904,-3.437498624
9.438500000000001e-06,-0.46875494399999695,0.62574999232,1.491124995776,-3.7499985920000007
9.439e-06,0.312495104000007,0.61949999296,1.489874995904,-3.7499985920000007
9.4395e-06,0.312495104000007,0.6132499936,1.491124995776,-3.7499985920000007
9.440000000000001e-06,0.312495104000007,0.61949999296,1.489874995904,-3.437498624
9.4405e-06,-0.46875494399999695,0.61949999296,1.489874995904,-4.062498560000002
9.441e-06,-0.46875494399999695,0.61949999296,1.486124996288,-3.7499985920000007
9.441500000000001e-06,0.312495104000007,0.61949999296,1.486124996288,-3.437498624
9.442e-06,0.312495104000007,0.61949999296,1.488624996032,-4.062498560000002
9.4425e-06,-0.46875494399999695,0.6132499936,1.491124995776,-4.062498560000002
9.443000000000001e-06,-0.46875494399999695,0.61949999296,1.48737499616,-3.7499985920000007
9.4435e-06,-0.46875494399999695,0.62574999232,1.48737499616,-3.7499985920000007
9.444000000000001e-06,0.312495104000007,0.61949999296,1.488624996032,-3.7499985920000007
9.4445e-06,-0.46875494399999695,0.61949999296,1.49362499552,-3.7499985920000007
9.445e-06,0.312495104000007,0.63199999168,1.4923749956480001,-3.7499985920000007
9.445500000000001e-06,-0.46875494399999695,0.61949999296,1.489874995904,-3.7499985920000007
9.446e-06,-0.46875494399999695,0.61949999296,1.488624996032,-3.7499985920000007
9.4465e-06,0.312495104000007,0.61949999296,1.491124995776,-3.7499985920000007
9.447000000000001e-06,-0.46875494399999695,0.61949999296,1.491124995776,-3.437498624
9.4475e-06,0.312495104000007,0.61949999296,1.489874995904,-3.7499985920000007
9.448e-06,0.312495104000007,0.61949999296,1.488624996032,-3.7499985920000007
9.448500000000001e-06,-0.46875494399999695,0.61949999296,1.4923749956480001,-3.7499985920000007
9.449e-06,0.312495104000007,0.62574999232,1.4923749956480001,-3.437498624
9.4495e-06,0.312495104000007,0.62574999232,1.491124995776,-3.7499985920000007
9.450000000000001e-06,0.312495104000007,0.61949999296,1.489874995904,-3.437498624
9.4505e-06,-0.46875494399999695,0.61949999296,1.488624996032,-3.7499985920000007
9.451e-06,0.312495104000007,0.62574999232,1.488624996032,-3.437498624
9.451500000000001e-06,-0.46875494399999695,0.62574999232,1.491124995776,-3.437498624
9.452e-06,-0.46875494399999695,0.61949999296,1.4923749956480001,-3.437498624
9.452500000000001e-06,-0.46875494399999695,0.61949999296,1.49362499552,-3.7499985920000007
9.453e-06,0.312495104000007,0.62574999232,1.4923749956480001,-3.7499985920000007
9.4535e-06,-0.46875494399999695,0.61949999296,1.491124995776,-3.7499985920000007
9.454000000000001e-06,-0.46875494399999695,0.61949999296,1.491124995776,-3.7499985920000007
9.4545e-06,0.312495104000007,0.61949999296,1.4923749956480001,-3.7499985920000007
9.455e-06,0.312495104000007,0.6132499936,1.489874995904,-3.7499985920000007
9.455500000000001e-06,0.312495104000007,0.61949999296,1.489874995904,-3.7499985920000007
9.456e-06,0.312495104000007,0.61949999296,1.488624996032,-3.7499985920000007
9.4565e-06,-0.46875494399999695,0.61949999296,1.488624996032,-4.062498560000002
9.457000000000001e-06,-0.46875494399999695,0.61949999296,1.488624996032,-3.437498624
9.4575e-06,0.312495104000007,0.61949999296,1.489874995904,-3.7499985920000007
9.458e-06,0.312495104000007,0.61949999296,1.488624996032,-3.7499985920000007
9.458500000000001e-06,0.312495104000007,0.61949999296,1.489874995904,-3.437498624
9.459e-06,0.312495104000007,0.61949999296,1.489874995904,-3.437498624
9.4595e-06,0.312495104000007,0.61949999296,1.4923749956480001,-3.437498624
9.460000000000001e-06,0.312495104000007,0.61949999296,1.4923749956480001,-3.7499985920000007
9.4605e-06,1.0937451519999968,0.61949999296,1.49362499552,-3.7499985920000007
9.461000000000001e-06,1.0937451519999968,0.62574999232,1.491124995776,-3.7499985920000007
9.4615e-06,-0.46875494399999695,0.61949999296,1.488624996032,-3.7499985920000007
9.462e-06,-0.46875494399999695,0.61949999296,1.489874995904,-3.437498624
9.462500000000001e-06,-0.46875494399999695,0.6132499936,1.491124995776,-3.437498624
9.463e-06,0.312495104000007,0.61949999296,1.489874995904,-3.437498624
9.4635e-06,-0.46875494399999695,0.61949999296,1.488624996032,-3.7499985920000007
9.464000000000001e-06,-1.250004992000001,0.61949999296,1.48737499616,-3.437498624
9.4645e-06,0.312495104000007,0.61949999296,1.491124995776,-3.7499985920000007
9.465e-06,0.312495104000007,0.61949999296,1.489874995904,-3.437498624
9.465500000000001e-06,0.312495104000007,0.62574999232,1.491124995776,-3.7499985920000007
9.466e-06,0.312495104000007,0.62574999232,1.489874995904,-3.437498624
9.4665e-06,0.312495104000007,0.61949999296,1.489874995904,-3.7499985920000007
9.467000000000001e-06,0.312495104000007,0.61949999296,1.488624996032,-3.437498624
9.4675e-06,-0.46875494399999695,0.62574999232,1.491124995776,-3.437498624
9.468e-06,0.312495104000007,0.62574999232,1.489874995904,-3.437498624
9.468500000000001e-06,-0.46875494399999695,0.63199999168,1.489874995904,-3.437498624
9.469e-06,0.312495104000007,0.62574999232,1.489874995904,-3.437498624
9.469500000000001e-06,-0.46875494399999695,0.62574999232,1.491124995776,-3.437498624
9.47e-06,-0.46875494399999695,0.61949999296,1.491124995776,-3.437498624
9.4705e-06,0.312495104000007,0.6132499936,1.488624996032,-3.437498624
9.471000000000001e-06,-0.46875494399999695,0.61949999296,1.486124996288,-3.7499985920000007
9.4715e-06,0.312495104000007,0.61949999296,1.489874995904,-3.437498624
9.472e-06,-0.46875494399999695,0.61949999296,1.491124995776,-3.7499985920000007
9.472500000000001e-06,-0.46875494399999695,0.61949999296,1.489874995904,-3.7499985920000007
9.473e-06,-0.46875494399999695,0.61949999296,1.48737499616,-3.437498624
9.4735e-06,0.312495104000007,0.62574999232,1.489874995904,-3.7499985920000007
9.474000000000001e-06,0.312495104000007,0.61949999296,1.49362499552,-3.437498624
9.4745e-06,0.312495104000007,0.6132499936,1.491124995776,-3.7499985920000007
9.475e-06,-0.46875494399999695,0.62574999232,1.491124995776,-3.437498624
9.475500000000001e-06,-0.46875494399999695,0.62574999232,1.488624996032,-3.7499985920000007
9.476e-06,-0.46875494399999695,0.6132499936,1.489874995904,-3.7499985920000007
9.4765e-06,-0.46875494399999695,0.61949999296,1.491124995776,-3.7499985920000007
9.477000000000001e-06,0.312495104000007,0.61949999296,1.4923749956480001,-3.437498624
9.4775e-06,-0.46875494399999695,0.62574999232,1.491124995776,-3.7499985920000007
9.478000000000001e-06,0.312495104000007,0.61949999296,1.488624996032,-3.437498624
9.4785e-06,0.312495104000007,0.62574999232,1.488624996032,-3.437498624
9.479e-06,0.312495104000007,0.62574999232,1.488624996032,-3.437498624
9.479500000000001e-06,0.312495104000007,0.61949999296,1.489874995904,-3.7499985920000007
9.48e-06,0.312495104000007,0.61949999296,1.489874995904,-3.437498624
9.4805e-06,0.312495104000007,0.61949999296,1.4923749956480001,-3.7499985920000007
9.481000000000001e-06,0.312495104000007,0.61949999296,1.4923749956480001,-3.437498624
9.4815e-06,-0.46875494399999695,0.61949999296,1.494874995392,-3.7499985920000007
9.482e-06,-0.46875494399999695,0.61949999296,1.4923749956480001,-3.7499985920000007
9.482500000000001e-06,-0.46875494399999695,0.61949999296,1.489874995904,-3.7499985920000007
9.483e-06,-0.46875494399999695,0.61949999296,1.488624996032,-3.7499985920000007
9.4835e-06,-0.46875494399999695,0.61949999296,1.488624996032,-3.437498624
9.484000000000001e-06,-0.46875494399999695,0.61949999296,1.489874995904,-3.437498624
9.4845e-06,-0.46875494399999695,0.61949999296,1.4923749956480001,-3.7499985920000007
9.485e-06,0.312495104000007,0.61949999296,1.491124995776,-3.437498624
9.485500000000001e-06,0.312495104000007,0.61949999296,1.488624996032,-3.7499985920000007
9.486e-06,0.312495104000007,0.61949999296,1.489874995904,-3.7499985920000007
9.486500000000001e-06,0.312495104000007,0.61949999296,1.4923749956480001,-3.437498624
9.487e-06,0.312495104000007,0.6132499936,1.489874995904,-3.7499985920000007
9.4875e-06,-0.46875494399999695,0.6132499936,1.488624996032,-3.7499985920000007
9.488000000000001e-06,0.312495104000007,0.61949999296,1.488624996032,-3.7499985920000007
9.4885e-06,0.312495104000007,0.61949999296,1.489874995904,-3.7499985920000007
9.489e-06,-0.46875494399999695,0.61949999296,1.488624996032,-3.437498624
9.489500000000001e-06,0.312495104000007,0.6132499936,1.491124995776,-3.437498624
9.49e-06,0.312495104000007,0.61949999296,1.489874995904,-3.437498624
9.4905e-06,0.312495104000007,0.62574999232,1.489874995904,-3.7499985920000007
9.491000000000001e-06,-0.46875494399999695,0.61949999296,1.491124995776,-3.437498624
9.4915e-06,0.312495104000007,0.61949999296,1.488624996032,-3.437498624
9.492e-06,-0.46875494399999695,0.61949999296,1.48737499616,-3.7499985920000007
9.492500000000001e-06,0.312495104000007,0.61949999296,1.489874995904,-3.7499985920000007
9.493e-06,0.312495104000007,0.62574999232,1.488624996032,-3.437498624
9.4935e-06,-0.46875494399999695,0.61949999296,1.488624996032,-3.7499985920000007
9.494000000000001e-06,0.312495104000007,0.61949999296,1.489874995904,-3.7499985920000007
9.4945e-06,0.312495104000007,0.6132499936,1.49362499552,-3.7499985920000007
9.495000000000001e-06,-0.46875494399999695,0.61949999296,1.491124995776,-3.437498624
9.4955e-06,-0.46875494399999695,0.61949999296,1.489874995904,-3.7499985920000007
9.496e-06,0.312495104000007,0.61949999296,1.489874995904,-3.7499985920000007
9.496500000000001e-06,-0.46875494399999695,0.61949999296,1.4923749956480001,-4.062498560000002
9.497e-06,0.312495104000007,0.61949999296,1.4923749956480001,-3.7499985920000007
9.4975e-06,0.312495104000007,0.61949999296,1.4923749956480001,-3.7499985920000007
9.498000000000001e-06,-0.46875494399999695,0.62574999232,1.491124995776,-3.437498624
9.4985e-06,0.312495104000007,0.61949999296,1.489874995904,-3.7499985920000007
9.499e-06,0.312495104000007,0.61949999296,1.489874995904,-3.437498624
9.499500000000001e-06,-0.46875494399999695,0.62574999232,1.489874995904,-3.437498624
9.5e-06,-0.46875494399999695,0.61949999296,1.4923749956480001,-3.7499985920000007
9.5005e-06,-0.46875494399999695,0.61949999296,1.491124995776,-3.7499985920000007
9.501000000000001e-06,0.312495104000007,0.61949999296,1.491124995776,-3.437498624
9.5015e-06,-0.46875494399999695,0.61949999296,1.489874995904,-3.7499985920000007
9.502e-06,-0.46875494399999695,0.61949999296,1.489874995904,-3.7499985920000007
9.502500000000001e-06,-0.46875494399999695,0.62574999232,1.489874995904,-3.7499985920000007
9.503e-06,0.312495104000007,0.63199999168,1.489874995904,-3.7499985920000007
9.503500000000001e-06,0.312495104000007,0.61949999296,1.488624996032,-3.7499985920000007
9.504e-06,0.312495104000007,0.61949999296,1.488624996032,-3.7499985920000007
9.5045e-06,-0.46875494399999695,0.61949999296,1.491124995776,-3.7499985920000007
9.505000000000001e-06,0.312495104000007,0.61949999296,1.489874995904,-3.7499985920000007
9.5055e-06,0.312495104000007,0.62574999232,1.491124995776,-3.7499985920000007
9.506e-06,0.312495104000007,0.62574999232,1.489874995904,-3.7499985920000007
9.506500000000001e-06,-0.46875494399999695,0.62574999232,1.48737499616,-4.062498560000002
9.507e-06,0.312495104000007,0.61949999296,1.48737499616,-3.7499985920000007
9.5075e-06,0.312495104000007,0.61949999296,1.48737499616,-3.7499985920000007
9.508000000000001e-06,-0.46875494399999695,0.61949999296,1.488624996032,-3.7499985920000007
9.5085e-06,-0.46875494399999695,0.62574999232,1.489874995904,-3.7499985920000007
9.509e-06,0.312495104000007,0.61949999296,1.489874995904,-3.437498624
9.509500000000001e-06,-0.46875494399999695,0.61949999296,1.48737499616,-3.7499985920000007
9.51e-06,-0.46875494399999695,0.61949999296,1.486124996288,-3.437498624
9.5105e-06,0.312495104000007,0.62574999232,1.48737499616,-3.437498624
9.511000000000001e-06,0.312495104000007,0.61949999296,1.488624996032,-3.437498624
9.5115e-06,0.312495104000007,0.61949999296,1.491124995776,-3.7499985920000007
9.512000000000001e-06,-0.46875494399999695,0.61949999296,1.491124995776,-3.7499985920000007
9.5125e-06,0.312495104000007,0.61949999296,1.491124995776,-4.062498560000002
9.513e-06,0.312495104000007,0.61949999296,1.489874995904,-3.7499985920000007
9.513500000000001e-06,-0.46875494399999695,0.62574999232,1.49362499552,-3.7499985920000007
9.514e-06,0.312495104000007,0.62574999232,1.4923749956480001,-3.437498624
9.5145e-06,-0.46875494399999695,0.62574999232,1.489874995904,-3.7499985920000007
9.515000000000001e-06,0.312495104000007,0.62574999232,1.486124996288,-3.7499985920000007
9.5155e-06,0.312495104000007,0.61949999296,1.486124996288,-3.437498624
9.516e-06,0.312495104000007,0.6132499936,1.48737499616,-3.437498624
9.516500000000001e-06,0.312495104000007,0.62574999232,1.489874995904,-3.7499985920000007
9.517e-06,0.312495104000007,0.61949999296,1.489874995904,-3.437498624
9.5175e-06,-0.46875494399999695,0.6132499936,1.491124995776,-4.062498560000002
9.518000000000001e-06,-0.46875494399999695,0.6132499936,1.4923749956480001,-3.7499985920000007
9.5185e-06,-0.46875494399999695,0.61949999296,1.4923749956480001,-3.7499985920000007
9.519e-06,-0.46875494399999695,0.62574999232,1.489874995904,-3.7499985920000007
9.519500000000001e-06,0.312495104000007,0.61949999296,1.491124995776,-4.062498560000002
9.52e-06,-0.46875494399999695,0.61949999296,1.491124995776,-3.7499985920000007
9.520500000000001e-06,-0.46875494399999695,0.61949999296,1.494874995392,-4.374998528000001
9.521e-06,0.312495104000007,0.61949999296,1.491124995776,-3.7499985920000007
9.5215e-06,0.312495104000007,0.61949999296,1.491124995776,-3.7499985920000007
9.522000000000001e-06,0.312495104000007,0.61949999296,1.491124995776,-3.7499985920000007
9.5225e-06,0.312495104000007,0.61949999296,1.491124995776,-4.062498560000002
9.523e-06,0.312495104000007,0.61949999296,1.491124995776,-4.062498560000002
9.523500000000001e-06,0.312495104000007,0.63199999168,1.489874995904,-3.437498624
9.524e-06,0.312495104000007,0.62574999232,1.489874995904,-3.7499985920000007
9.5245e-06,-0.46875494399999695,0.61949999296,1.489874995904,-3.7499985920000007
9.525000000000001e-06,0.312495104000007,0.61949999296,1.4923749956480001,-3.437498624
9.5255e-06,-0.46875494399999695,0.6132499936,1.491124995776,-3.7499985920000007
9.526e-06,-0.46875494399999695,0.61949999296,1.491124995776,-3.7499985920000007
9.526500000000001e-06,0.312495104000007,0.61949999296,1.491124995776,-3.7499985920000007
9.527e-06,0.312495104000007,0.61949999296,1.491124995776,-3.7499985920000007
9.5275e-06,0.312495104000007,0.61949999296,1.488624996032,-3.7499985920000007
9.528000000000001e-06,0.312495104000007,0.61949999296,1.48737499616,-3.437498624
9.5285e-06,0.312495104000007,0.61949999296,1.488624996032,-3.7499985920000007
9.529000000000001e-06,0.312495104000007,0.61949999296,1.48737499616,-3.437498624
9.5295e-06,0.312495104000007,0.61949999296,1.491124995776,-3.437498624
9.53e-06,0.312495104000007,0.61949999296,1.49362499552,-3.437498624
9.530500000000001e-06,-0.46875494399999695,0.6132499936,1.491124995776,-3.7499985920000007
9.531e-06,-0.46875494399999695,0.61949999296,1.489874995904,-3.437498624
9.5315e-06,-0.46875494399999695,0.62574999232,1.489874995904,-3.437498624
9.532000000000001e-06,-0.46875494399999695,0.61949999296,1.489874995904,-3.7499985920000007
9.5325e-06,-0.46875494399999695,0.61949999296,1.491124995776,-3.7499985920000007
9.533e-06,-0.46875494399999695,0.62574999232,1.491124995776,-3.7499985920000007
9.533500000000001e-06,0.312495104000007,0.61949999296,1.489874995904,-3.7499985920000007
9.534e-06,-0.46875494399999695,0.61949999296,1.491124995776,-3.7499985920000007
9.5345e-06,-0.46875494399999695,0.61949999296,1.4923749956480001,-3.7499985920000007
9.535000000000001e-06,-0.46875494399999695,0.61949999296,1.491124995776,-4.062498560000002
9.5355e-06,0.312495104000007,0.61949999296,1.491124995776,-3.7499985920000007
9.536e-06,0.312495104000007,0.61949999296,1.489874995904,-3.7499985920000007
9.536500000000001e-06,-0.46875494399999695,0.62574999232,1.489874995904,-3.7499985920000007
9.537e-06,0.312495104000007,0.62574999232,1.489874995904,-3.437498624
9.537500000000001e-06,0.312495104000007,0.62574999232,1.4923749956480001,-3.7499985920000007
9.538e-06,0.312495104000007,0.61949999296,1.491124995776,-3.7499985920000007
9.5385e-06,-0.46875494399999695,0.6132499936,1.488624996032,-3.7499985920000007
9.539000000000001e-06,0.312495104000007,0.61949999296,1.48737499616,-3.437498624
9.5395e-06,0.312495104000007,0.6132499936,1.488624996032,-3.437498624
9.54e-06,-0.46875494399999695,0.61949999296,1.488624996032,-3.437498624
9.540500000000001e-06,0.312495104000007,0.62574999232,1.489874995904,-3.7499985920000007
9.541e-06,0.312495104000007,0.61949999296,1.491124995776,-3.437498624
9.5415e-06,0.312495104000007,0.6132499936,1.489874995904,-3.7499985920000007
9.542000000000001e-06,0.312495104000007,0.61949999296,1.489874995904,-3.7499985920000007
9.5425e-06,-0.46875494399999695,0.62574999232,1.489874995904,-3.7499985920000007
9.543e-06,-0.46875494399999695,0.61949999296,1.488624996032,-4.062498560000002
9.543500000000001e-06,-0.46875494399999695,0.61949999296,1.489874995904,-3.7499985920000007
9.544e-06,0.312495104000007,0.61949999296,1.488624996032,-3.7499985920000007
9.5445e-06,0.312495104000007,0.61949999296,1.489874995904,-4.062498560000002
9.545000000000001e-06,-0.46875494399999695,0.61949999296,1.489874995904,-3.7499985920000007
9.5455e-06,-0.46875494399999695,0.6132499936,1.488624996032,-3.7499985920000007
9.546000000000001e-06,0.312495104000007,0.61949999296,1.491124995776,-3.437498624
9.5465e-06,-0.46875494399999695,0.62574999232,1.4923749956480001,-3.7499985920000007
9.547e-06,-0.46875494399999695,0.62574999232,1.491124995776,-3.7499985920000007
9.547500000000001e-06,-0.46875494399999695,0.62574999232,1.4923749956480001,-3.437498624
9.548e-06,0.312495104000007,0.61949999296,1.4923749956480001,-3.7499985920000007
9.5485e-06,0.312495104000007,0.61949999296,1.4923749956480001,-3.437498624
9.549000000000001e-06,0.312495104000007,0.62574999232,1.489874995904,-3.437498624
9.5495e-06,0.312495104000007,0.61949999296,1.489874995904,-3.7499985920000007
9.55e-06,0.312495104000007,0.61949999296,1.48737499616,-3.7499985920000007
9.550500000000001e-06,-0.46875494399999695,0.61949999296,1.488624996032,-3.7499985920000007
9.551e-06,-0.46875494399999695,0.61949999296,1.488624996032,-3.7499985920000007
9.5515e-06,-0.46875494399999695,0.61949999296,1.488624996032,-3.7499985920000007
9.552000000000001e-06,-0.46875494399999695,0.61949999296,1.483624996544,-3.437498624
9.5525e-06,1.0937451519999968,0.6132499936,1.48737499616,-4.062498560000002
9.553e-06,0.312495104000007,0.61949999296,1.491124995776,-3.7499985920000007
9.553500000000001e-06,0.312495104000007,0.61949999296,1.491124995776,-3.437498624
9.554e-06,0.312495104000007,0.61949999296,1.489874995904,-3.7499985920000007
9.554500000000001e-06,0.312495104000007,0.62574999232,1.491124995776,-4.062498560000002
9.555e-06,-0.46875494399999695,0.61949999296,1.4923749956480001,-3.7499985920000007
9.5555e-06,-0.46875494399999695,0.61949999296,1.49362499552,-3.437498624
9.556000000000001e-06,0.312495104000007,0.6132499936,1.4923749956480001,-3.437498624
9.5565e-06,-0.46875494399999695,0.61949999296,1.4923749956480001,-3.7499985920000007
9.557e-06,0.312495104000007,0.61949999296,1.491124995776,-3.437498624
9.557500000000001e-06,-0.46875494399999695,0.61949999296,1.491124995776,-3.7499985920000007
9.558e-06,-0.46875494399999695,0.61949999296,1.4923749956480001,-3.437498624
9.5585e-06,0.312495104000007,0.6132499936,1.491124995776,-3.437498624
9.559000000000001e-06,0.312495104000007,0.61949999296,1.488624996032,-3.7499985920000007
9.5595e-06,-0.46875494399999695,0.61949999296,1.489874995904,-3.7499985920000007
9.56e-06,0.312495104000007,0.62574999232,1.489874995904,-3.437498624
9.560500000000001e-06,-0.46875494399999695,0.61949999296,1.4923749956480001,-4.062498560000002
9.561e-06,-1.250004992000001,0.61949999296,1.491124995776,-3.437498624
9.5615e-06,0.312495104000007,0.6132499936,1.491124995776,-3.7499985920000007
9.562000000000001e-06,0.312495104000007,0.61949999296,1.491124995776,-3.7499985920000007
9.5625e-06,0.312495104000007,0.61949999296,1.489874995904,-3.7499985920000007
9.563e-06,-0.46875494399999695,0.62574999232,1.488624996032,-3.437498624
9.5635e-06,0.312495104000007,0.61949999296,1.489874995904,-3.437498624
9.564e-06,-0.46875494399999695,0.6132499936,1.489874995904,-4.062498560000002
9.564500000000001e-06,-0.46875494399999695,0.61949999296,1.489874995904,-4.062498560000002
9.565e-06,0.312495104000007,0.62574999232,1.488624996032,-3.437498624
9.5655e-06,0.312495104000007,0.62574999232,1.489874995904,-3.7499985920000007
9.566000000000001e-06,0.312495104000007,0.61949999296,1.491124995776,-3.437498624
9.5665e-06,0.312495104000007,0.61949999296,1.4923749956480001,-3.437498624
9.567e-06,0.312495104000007,0.62574999232,1.491124995776,-3.7499985920000007
9.567500000000001e-06,0.312495104000007,0.6132499936,1.491124995776,-4.062498560000002
9.568e-06,-0.46875494399999695,0.61949999296,1.491124995776,-4.062498560000002
9.5685e-06,0.312495104000007,0.61949999296,1.4923749956480001,-3.7499985920000007
9.569000000000001e-06,0.312495104000007,0.61949999296,1.489874995904,-3.7499985920000007
9.5695e-06,0.312495104000007,0.61949999296,1.491124995776,-3.7499985920000007
9.57e-06,0.312495104000007,0.62574999232,1.489874995904,-3.7499985920000007
9.570500000000001e-06,-0.46875494399999695,0.62574999232,1.4923749956480001,-3.7499985920000007
9.571e-06,0.312495104000007,0.61949999296,1.4923749956480001,-3.7499985920000007
9.5715e-06,-0.46875494399999695,0.61949999296,1.4923749956480001,-3.437498624
9.572000000000001e-06,0.312495104000007,0.61949999296,1.49362499552,-3.7499985920000007
9.5725e-06,-0.46875494399999695,0.61949999296,1.4923749956480001,-3.7499985920000007
9.573000000000001e-06,0.312495104000007,0.62574999232,1.491124995776,-3.7499985920000007
9.5735e-06,-0.46875494399999695,0.61949999296,1.491124995776,-3.7499985920000007
9.574e-06,-0.46875494399999695,0.61949999296,1.491124995776,-3.437498624
9.574500000000001e-06,-0.46875494399999695,0.61949999296,1.489874995904,-3.437498624
9.575e-06,0.312495104000007,0.61949999296,1.488624996032,-3.7499985920000007
9.5755e-06,0.312495104000007,0.6132499936,1.488624996032,-4.062498560000002
9.576000000000001e-06,0.312495104000007,0.61949999296,1.48737499616,-3.7499985920000007
9.5765e-06,0.312495104000007,0.61949999296,1.489874995904,-4.062498560000002
9.577e-06,0.312495104000007,0.61949999296,1.491124995776,-3.7499985920000007
9.577500000000001e-06,0.312495104000007,0.61949999296,1.49362499552,-3.7499985920000007
9.578e-06,0.312495104000007,0.62574999232,1.491124995776,-3.7499985920000007
9.5785e-06,0.312495104000007,0.6132499936,1.489874995904,-4.062498560000002
9.579000000000001e-06,-0.46875494399999695,0.62574999232,1.489874995904,-3.437498624
9.5795e-06,0.312495104000007,0.62574999232,1.488624996032,-3.437498624
9.58e-06,-0.46875494399999695,0.61949999296,1.48737499616,-3.7499985920000007
9.580500000000001e-06,-0.46875494399999695,0.62574999232,1.488624996032,-3.7499985920000007
9.581e-06,0.312495104000007,0.63199999168,1.489874995904,-3.437498624
9.581500000000001e-06,0.312495104000007,0.61949999296,1.489874995904,-3.7499985920000007
9.582e-06,-0.46875494399999695,0.62574999232,1.489874995904,-3.7499985920000007
9.5825e-06,0.312495104000007,0.61949999296,1.489874995904,-3.7499985920000007
9.583000000000001e-06,0.312495104000007,0.61949999296,1.488624996032,-4.062498560000002
9.5835e-06,0.312495104000007,0.61949999296,1.488624996032,-4.062498560000002
9.584e-06,0.312495104000007,0.61949999296,1.491124995776,-3.7499985920000007
9.584500000000001e-06,-0.46875494399999695,0.62574999232,1.4923749956480001,-3.7499985920000007
9.585e-06,-1.250004992000001,0.61949999296,1.489874995904,-3.7499985920000007
9.5855e-06,0.312495104000007,0.62574999232,1.48737499616,-3.7499985920000007
9.586000000000001e-06,0.312495104000007,0.61949999296,1.486124996288,-3.7499985920000007
9.5865e-06,-0.46875494399999695,0.61949999296,1.488624996032,-3.7499985920000007
9.587e-06,0.312495104000007,0.62574999232,1.491124995776,-3.437498624
9.587500000000001e-06,0.312495104000007,0.6132499936,1.49362499552,-3.7499985920000007
9.588e-06,0.312495104000007,0.61949999296,1.4923749956480001,-4.062498560000002
9.5885e-06,0.312495104000007,0.61949999296,1.4923749956480001,-4.062498560000002
9.589000000000001e-06,-0.46875494399999695,0.61949999296,1.4923749956480001,-3.7499985920000007
9.5895e-06,0.312495104000007,0.62574999232,1.489874995904,-3.7499985920000007
9.590000000000001e-06,0.312495104000007,0.61949999296,1.489874995904,-3.437498624
9.5905e-06,0.312495104000007,0.62574999232,1.491124995776,-3.7499985920000007
9.591e-06,0.312495104000007,0.63199999168,1.491124995776,-4.062498560000002
9.591500000000001e-06,0.312495104000007,0.62574999232,1.49362499552,-4.062498560000002
9.592e-06,-0.46875494399999695,0.62574999232,1.491124995776,-3.7499985920000007
9.5925e-06,0.312495104000007,0.62574999232,1.494874995392,-4.062498560000002
9.593000000000001e-06,0.312495104000007,0.62574999232,1.494874995392,-3.7499985920000007
9.5935e-06,0.312495104000007,0.62574999232,1.49362499552,-4.062498560000002
9.594e-06,-0.46875494399999695,0.62574999232,1.491124995776,-3.437498624
9.594500000000001e-06,-0.46875494399999695,0.62574999232,1.489874995904,-3.7499985920000007
9.595e-06,0.312495104000007,0.62574999232,1.491124995776,-3.7499985920000007
9.5955e-06,0.312495104000007,0.62574999232,1.4923749956480001,-3.437498624
9.596000000000001e-06,0.312495104000007,0.61949999296,1.4923749956480001,-3.7499985920000007
9.5965e-06,0.312495104000007,0.62574999232,1.49362499552,-3.437498624
9.597e-06,0.312495104000007,0.61949999296,1.4923749956480001,-3.437498624
9.597500000000001e-06,0.312495104000007,0.62574999232,1.491124995776,-3.437498624
9.598e-06,1.0937451519999968,0.61949999296,1.4923749956480001,-3.437498624
9.598500000000001e-06,0.312495104000007,0.6132499936,1.49362499552,-3.7499985920000007
9.599e-06,-0.46875494399999695,0.61949999296,1.489874995904,-3.7499985920000007
9.5995e-06,0.312495104000007,0.61949999296,1.488624996032,-3.7499985920000007
9.600000000000001e-06,-0.46875494399999695,0.61949999296,1.488624996032,-3.437498624
9.6005e-06,0.312495104000007,0.61949999296,1.491124995776,-3.7499985920000007
9.601e-06,0.312495104000007,0.61949999296,1.491124995776,-3.437498624
9.601500000000001e-06,0.312495104000007,0.61949999296,1.491124995776,-3.7499985920000007
9.602e-06,0.312495104000007,0.61949999296,1.489874995904,-3.7499985920000007
9.6025e-06,-0.46875494399999695,0.62574999232,1.489874995904,-3.7499985920000007
9.603000000000001e-06,0.312495104000007,0.62574999232,1.488624996032,-3.7499985920000007
9.6035e-06,0.312495104000007,0.62574999232,1.489874995904,-3.7499985920000007
9.604e-06,-0.46875494399999695,0.61949999296,1.491124995776,-3.437498624
9.604500000000001e-06,-0.46875494399999695,0.61949999296,1.491124995776,-4.062498560000002
9.605e-06,0.312495104000007,0.61949999296,1.489874995904,-3.7499985920000007
9.6055e-06,0.312495104000007,0.61949999296,1.489874995904,-3.437498624
9.606000000000001e-06,0.312495104000007,0.61949999296,1.491124995776,-3.437498624
9.6065e-06,0.312495104000007,0.62574999232,1.4923749956480001,-3.437498624
9.607000000000001e-06,0.312495104000007,0.62574999232,1.489874995904,-3.437498624
9.6075e-06,0.312495104000007,0.62574999232,1.488624996032,-4.062498560000002
9.608e-06,0.312495104000007,0.61949999296,1.489874995904,-3.7499985920000007
9.608500000000001e-06,0.312495104000007,0.61949999296,1.49362499552,-4.062498560000002
9.609e-06,0.312495104000007,0.61949999296,1.491124995776,-3.7499985920000007
9.6095e-06,0.312495104000007,0.61949999296,1.491124995776,-3.7499985920000007
9.610000000000001e-06,0.312495104000007,0.62574999232,1.491124995776,-3.7499985920000007
9.6105e-06,-0.46875494399999695,0.62574999232,1.4923749956480001,-3.7499985920000007
9.611e-06,0.312495104000007,0.61949999296,1.491124995776,-3.437498624
9.611500000000001e-06,0.312495104000007,0.61949999296,1.4923749956480001,-3.7499985920000007
9.612e-06,0.312495104000007,0.6132499936,1.4923749956480001,-3.7499985920000007
9.6125e-06,1.0937451519999968,0.61949999296,1.4923749956480001,-3.7499985920000007
9.613000000000001e-06,0.312495104000007,0.6132499936,1.49362499552,-3.437498624
9.6135e-06,0.312495104000007,0.61949999296,1.49362499552,-3.7499985920000007
9.614e-06,0.312495104000007,0.62574999232,1.4923749956480001,-3.437498624
9.614500000000001e-06,0.312495104000007,0.61949999296,1.4923749956480001,-3.7499985920000007
9.615e-06,0.312495104000007,0.61949999296,1.491124995776,-3.7499985920000007
9.615500000000001e-06,-0.46875494399999695,0.61949999296,1.49362499552,-3.7499985920000007
9.616e-06,0.312495104000007,0.61949999296,1.4923749956480001,-3.7499985920000007
9.6165e-06,-0.46875494399999695,0.61949999296,1.489874995904,-3.7499985920000007
9.617000000000001e-06,0.312495104000007,0.61949999296,1.488624996032,-3.437498624
9.6175e-06,-0.46875494399999695,0.62574999232,1.491124995776,-3.7499985920000007
9.618e-06,0.312495104000007,0.62574999232,1.488624996032,-3.437498624
9.618500000000001e-06,0.312495104000007,0.62574999232,1.48737499616,-3.7499985920000007
9.619e-06,0.312495104000007,0.61949999296,1.48737499616,-3.437498624
9.6195e-06,-0.46875494399999695,0.61949999296,1.491124995776,-3.7499985920000007
9.620000000000001e-06,-0.46875494399999695,0.61949999296,1.489874995904,-3.437498624
9.6205e-06,0.312495104000007,0.61949999296,1.4923749956480001,-3.437498624
9.621e-06,0.312495104000007,0.62574999232,1.491124995776,-3.437498624
9.621500000000001e-06,0.312495104000007,0.61949999296,1.488624996032,-3.7499985920000007
9.622e-06,0.312495104000007,0.61949999296,1.489874995904,-3.7499985920000007
9.6225e-06,-0.46875494399999695,0.61949999296,1.4923749956480001,-3.437498624
9.623000000000001e-06,-0.46875494399999695,0.61949999296,1.489874995904,-3.7499985920000007
9.6235e-06,0.312495104000007,0.61949999296,1.491124995776,-3.7499985920000007
9.624000000000001e-06,0.312495104000007,0.62574999232,1.488624996032,-3.7499985920000007
9.6245e-06,1.0937451519999968,0.61949999296,1.491124995776,-3.7499985920000007
9.625e-06,0.312495104000007,0.6132499936,1.489874995904,-3.437498624
9.625500000000001e-06,0.312495104000007,0.6132499936,1.491124995776,-3.437498624
9.626e-06,-0.46875494399999695,0.61949999296,1.48737499616,-3.437498624
9.6265e-06,0.312495104000007,0.61949999296,1.488624996032,-3.7499985920000007
9.627000000000001e-06,-0.46875494399999695,0.61949999296,1.488624996032,-3.437498624
9.6275e-06,0.312495104000007,0.61949999296,1.488624996032,-3.437498624
9.628e-06,-0.46875494399999695,0.61949999296,1.486124996288,-3.7499985920000007
9.628500000000001e-06,-0.46875494399999695,0.61949999296,1.48737499616,-3.7499985920000007
9.629e-06,0.312495104000007,0.61949999296,1.486124996288,-3.437498624
9.6295e-06,0.312495104000007,0.61949999296,1.486124996288,-3.7499985920000007
9.630000000000001e-06,0.312495104000007,0.61949999296,1.488624996032,-3.437498624
9.6305e-06,0.312495104000007,0.6132499936,1.489874995904,-3.7499985920000007
9.631e-06,0.312495104000007,0.6132499936,1.486124996288,-3.7499985920000007
9.631500000000001e-06,0.312495104000007,0.61949999296,1.486124996288,-3.7499985920000007
9.632e-06,0.312495104000007,0.61949999296,1.486124996288,-3.7499985920000007
9.632500000000001e-06,-0.46875494399999695,0.61949999296,1.489874995904,-3.437498624
9.633e-06,0.312495104000007,0.6132499936,1.491124995776,-3.7499985920000007
9.6335e-06,0.312495104000007,0.61949999296,1.489874995904,-3.7499985920000007
9.634000000000001e-06,0.312495104000007,0.61949999296,1.48737499616,-3.437498624
9.6345e-06,0.312495104000007,0.61949999296,1.488624996032,-3.7499985920000007
9.635e-06,-0.46875494399999695,0.62574999232,1.491124995776,-3.437498624
9.635500000000001e-06,-0.46875494399999695,0.6132499936,1.491124995776,-3.437498624
9.636e-06,0.312495104000007,0.61949999296,1.491124995776,-3.7499985920000007
9.6365e-06,1.0937451519999968,0.6132499936,1.489874995904,-3.7499985920000007
9.637000000000001e-06,0.312495104000007,0.61949999296,1.489874995904,-3.7499985920000007
9.6375e-06,-0.46875494399999695,0.61949999296,1.48737499616,-3.7499985920000007
9.638e-06,-0.46875494399999695,0.61949999296,1.486124996288,-3.7499985920000007
9.638500000000001e-06,0.312495104000007,0.62574999232,1.48737499616,-4.062498560000002
9.639e-06,0.312495104000007,0.61949999296,1.486124996288,-3.7499985920000007
9.6395e-06,0.312495104000007,0.61949999296,1.48737499616,-4.062498560000002
9.640000000000001e-06,0.312495104000007,0.61949999296,1.486124996288,-3.7499985920000007
9.6405e-06,0.312495104000007,0.61949999296,1.489874995904,-4.062498560000002
9.641000000000001e-06,-0.46875494399999695,0.6132499936,1.488624996032,-3.7499985920000007
9.6415e-06,0.312495104000007,0.61949999296,1.48737499616,-3.7499985920000007
9.642e-06,0.312495104000007,0.62574999232,1.486124996288,-3.7499985920000007
9.642500000000001e-06,-0.46875494399999695,0.61949999296,1.48737499616,-3.7499985920000007
9.643e-06,0.312495104000007,0.62574999232,1.489874995904,-3.437498624
9.6435e-06,0.312495104000007,0.6132499936,1.489874995904,-3.437498624
9.644000000000001e-06,-0.46875494399999695,0.6132499936,1.488624996032,-3.7499985920000007
9.6445e-06,-0.46875494399999695,0.61949999296,1.489874995904,-3.7499985920000007
9.645e-06,-0.46875494399999695,0.61949999296,1.49362499552,-3.437498624
9.645500000000001e-06,-0.46875494399999695,0.61949999296,1.49362499552,-3.7499985920000007
9.646e-06,0.312495104000007,0.6132499936,1.494874995392,-3.437498624
9.6465e-06,-0.46875494399999695,0.6132499936,1.494874995392,-3.437498624
9.647000000000001e-06,0.312495104000007,0.61949999296,1.49362499552,-3.7499985920000007
9.6475e-06,-0.46875494399999695,0.6132499936,1.491124995776,-3.7499985920000007
9.648e-06,0.312495104000007,0.61949999296,1.491124995776,-3.7499985920000007
9.648500000000001e-06,-0.46875494399999695,0.61949999296,1.49362499552,-4.062498560000002
9.649e-06,0.312495104000007,0.6132499936,1.491124995776,-3.7499985920000007
9.649500000000001e-06,0.312495104000007,0.61949999296,1.491124995776,-3.7499985920000007
9.65e-06,-0.46875494399999695,0.61949999296,1.489874995904,-3.7499985920000007
9.6505e-06,-0.46875494399999695,0.6132499936,1.491124995776,-3.7499985920000007
9.651000000000001e-06,0.312495104000007,0.61949999296,1.4923749956480001,-3.437498624
9.6515e-06,0.312495104000007,0.61949999296,1.49362499552,-3.7499985920000007
9.652e-06,0.312495104000007,0.61949999296,1.489874995904,-3.7499985920000007
9.652500000000001e-06,0.312495104000007,0.61949999296,1.491124995776,-4.062498560000002
9.653e-06,0.312495104000007,0.61949999296,1.4923749956480001,-3.437498624
9.6535e-06,-0.46875494399999695,0.61949999296,1.491124995776,-3.7499985920000007
9.654000000000001e-06,-0.46875494399999695,0.61949999296,1.491124995776,-3.7499985920000007
9.6545e-06,-0.46875494399999695,0.61949999296,1.4923749956480001,-3.7499985920000007
9.655e-06,0.312495104000007,0.61949999296,1.49362499552,-4.062498560000002
9.655500000000001e-06,0.312495104000007,0.6132499936,1.49362499552,-4.062498560000002
9.656e-06,0.312495104000007,0.61949999296,1.4923749956480001,-3.7499985920000007
9.6565e-06,0.312495104000007,0.6132499936,1.491124995776,-4.062498560000002
9.657000000000001e-06,0.312495104000007,0.6132499936,1.489874995904,-3.7499985920000007
9.6575e-06,-0.46875494399999695,0.61949999296,1.4923749956480001,-3.7499985920000007
9.658000000000001e-06,0.312495104000007,0.61949999296,1.4923749956480001,-3.437498624
9.6585e-06,-0.46875494399999695,0.6132499936,1.491124995776,-3.7499985920000007
9.659e-06,0.312495104000007,0.61949999296,1.4923749956480001,-3.7499985920000007
9.659500000000001e-06,0.312495104000007,0.6132499936,1.491124995776,-3.7499985920000007
9.66e-06,-0.46875494399999695,0.61949999296,1.489874995904,-3.7499985920000007
9.6605e-06,-0.46875494399999695,0.62574999232,1.4923749956480001,-4.062498560000002
9.661000000000001e-06,-0.46875494399999695,0.61949999296,1.49362499552,-3.7499985920000007
9.6615e-06,-0.46875494399999695,0.61949999296,1.4923749956480001,-3.7499985920000007
9.662e-06,-0.46875494399999695,0.61949999296,1.49362499552,-3.437498624
9.662500000000001e-06,-0.46875494399999695,0.61949999296,1.494874995392,-3.7499985920000007
9.663e-06,-0.46875494399999695,0.61949999296,1.49362499552,-3.7499985920000007
9.6635e-06,0.312495104000007,0.61949999296,1.491124995776,-4.062498560000002
9.664000000000001e-06,0.312495104000007,0.61949999296,1.491124995776,-3.7499985920000007
9.6645e-06,-0.46875494399999695,0.6132499936,1.49362499552,-4.062498560000002
9.665e-06,-1.250004992000001,0.6132499936,1.4923749956480001,-3.7499985920000007
9.665500000000001e-06,0.312495104000007,0.6132499936,1.494874995392,-4.062498560000002
9.666e-06,0.312495104000007,0.6132499936,1.494874995392,-3.7499985920000007
9.666500000000001e-06,-0.46875494399999695,0.61949999296,1.4923749956480001,-3.7499985920000007
9.667e-06,-0.46875494399999695,0.6132499936,1.491124995776,-3.7499985920000007
9.6675e-06,-0.46875494399999695,0.6132499936,1.489874995904,-3.437498624
9.668000000000001e-06,0.312495104000007,0.6132499936,1.48737499616,-3.437498624
9.6685e-06,0.312495104000007,0.61949999296,1.489874995904,-3.7499985920000007
9.669e-06,0.312495104000007,0.61949999296,1.4923749956480001,-3.7499985920000007
9.669500000000001e-06,-0.46875494399999695,0.61949999296,1.4923749956480001,-3.7499985920000007
9.67e-06,-0.46875494399999695,0.61949999296,1.4923749956480001,-3.437498624
9.6705e-06,-0.46875494399999695,0.6132499936,1.489874995904,-3.7499985920000007
9.671000000000001e-06,-0.46875494399999695,0.6132499936,1.488624996032,-3.7499985920000007
9.6715e-06,0.312495104000007,0.61949999296,1.491124995776,-3.7499985920000007
9.672e-06,0.312495104000007,0.61949999296,1.4923749956480001,-3.7499985920000007
9.672500000000001e-06,-0.46875494399999695,0.6132499936,1.49362499552,-4.062498560000002
9.673e-06,0.312495104000007,0.61949999296,1.4923749956480001,-3.7499985920000007
9.6735e-06,-0.46875494399999695,0.62574999232,1.49362499552,-3.7499985920000007
9.674000000000001e-06,0.312495104000007,0.61949999296,1.49362499552,-3.7499985920000007
9.6745e-06,0.312495104000007,0.62574999232,1.489874995904,-3.7499985920000007
9.675000000000001e-06,0.312495104000007,0.61949999296,1.491124995776,-3.7499985920000007
9.6755e-06,0.312495104000007,0.6132499936,1.491124995776,-3.437498624
9.676e-06,0.312495104000007,0.61949999296,1.489874995904,-3.7499985920000007
9.676500000000001e-06,0.312495104000007,0.61949999296,1.491124995776,-3.7499985920000007
9.677e-06,0.312495104000007,0.61949999296,1.4923749956480001,-3.437498624
9.6775e-06,0.312495104000007,0.61949999296,1.491124995776,-3.7499985920000007
9.678000000000001e-06,0.312495104000007,0.6132499936,1.4923749956480001,-3.437498624
9.6785e-06,-0.46875494399999695,0.61949999296,1.49362499552,-3.437498624
9.679e-06,0.312495104000007,0.6132499936,1.4923749956480001,-3.7499985920000007
9.679500000000001e-06,0.312495104000007,0.6132499936,1.4923749956480001,-3.7499985920000007
9.68e-06,0.312495104000007,0.61949999296,1.489874995904,-3.7499985920000007
9.6805e-06,0.312495104000007,0.6132499936,1.491124995776,-4.062498560000002
9.681000000000001e-06,-0.46875494399999695,0.6132499936,1.491124995776,-3.7499985920000007
9.6815e-06,-0.46875494399999695,0.61949999296,1.489874995904,-3.7499985920000007
9.682e-06,0.312495104000007,0.61949999296,1.4923749956480001,-3.437498624
9.682500000000001e-06,0.312495104000007,0.61949999296,1.489874995904,-3.7499985920000007
9.683e-06,-0.46875494399999695,0.61949999296,1.488624996032,-3.7499985920000007
9.683500000000001e-06,-0.46875494399999695,0.6132499936,1.489874995904,-3.7499985920000007
9.684e-06,-0.46875494399999695,0.61949999296,1.489874995904,-4.062498560000002
9.6845e-06,-0.46875494399999695,0.61949999296,1.489874995904,-4.062498560000002
9.685000000000001e-06,0.312495104000007,0.61949999296,1.489874995904,-3.7499985920000007
9.6855e-06,-0.46875494399999695,0.61949999296,1.489874995904,-3.7499985920000007
9.686e-06,-0.46875494399999695,0.6132499936,1.49362499552,-3.7499985920000007
9.686500000000001e-06,0.312495104000007,0.6132499936,1.49362499552,-3.7499985920000007
9.687e-06,-0.46875494399999695,0.62574999232,1.491124995776,-3.7499985920000007
9.6875e-06,0.312495104000007,0.61949999296,1.491124995776,-3.7499985920000007
9.688000000000001e-06,-0.46875494399999695,0.61949999296,1.489874995904,-3.7499985920000007
9.6885e-06,-0.46875494399999695,0.61949999296,1.4923749956480001,-4.062498560000002
9.689e-06,0.312495104000007,0.61949999296,1.489874995904,-3.7499985920000007
9.689500000000001e-06,0.312495104000007,0.62574999232,1.489874995904,-3.437498624
9.69e-06,0.312495104000007,0.61949999296,1.4923749956480001,-3.437498624
9.6905e-06,-0.46875494399999695,0.61949999296,1.491124995776,-3.437498624
9.691000000000001e-06,-0.46875494399999695,0.6132499936,1.491124995776,-3.437498624
9.6915e-06,0.312495104000007,0.61949999296,1.489874995904,-3.437498624
9.692000000000001e-06,0.312495104000007,0.61949999296,1.491124995776,-3.437498624
9.6925e-06,-0.46875494399999695,0.61949999296,1.49362499552,-4.062498560000002
9.693e-06,0.312495104000007,0.61949999296,1.49362499552,-3.7499985920000007
9.693500000000001e-06,-0.46875494399999695,0.61949999296,1.4923749956480001,-3.7499985920000007
9.694e-06,0.312495104000007,0.62574999232,1.488624996032,-3.7499985920000007
9.6945e-06,0.312495104000007,0.61949999296,1.488624996032,-3.7499985920000007
9.695000000000001e-06,-1.250004992000001,0.62574999232,1.488624996032,-3.7499985920000007
9.6955e-06,0.312495104000007,0.61949999296,1.491124995776,-4.062498560000002
9.696e-06,0.312495104000007,0.61949999296,1.489874995904,-3.437498624
9.696500000000001e-06,1.0937451519999968,0.61949999296,1.491124995776,-4.062498560000002
9.697e-06,0.312495104000007,0.61949999296,1.489874995904,-3.7499985920000007
9.6975e-06,-0.46875494399999695,0.61949999296,1.491124995776,-3.7499985920000007
9.698000000000001e-06,0.312495104000007,0.61949999296,1.488624996032,-3.7499985920000007
9.6985e-06,-0.46875494399999695,0.62574999232,1.489874995904,-3.7499985920000007
9.699e-06,0.312495104000007,0.61949999296,1.4923749956480001,-3.437498624
9.699500000000001e-06,-0.46875494399999695,0.61949999296,1.4923749956480001,-3.437498624
9.7e-06,-1.250004992000001,0.61949999296,1.4923749956480001,-3.7499985920000007
9.700500000000001e-06,0.312495104000007,0.6132499936,1.4923749956480001,-3.7499985920000007
9.701e-06,0.312495104000007,0.61949999296,1.4923749956480001,-3.437498624
9.7015e-06,0.312495104000007,0.61949999296,1.491124995776,-3.7499985920000007
9.702000000000001e-06,0.312495104000007,0.61949999296,1.491124995776,-3.437498624
9.7025e-06,-0.46875494399999695,0.61949999296,1.491124995776,-3.437498624
9.703e-06,0.312495104000007,0.61949999296,1.489874995904,-3.7499985920000007
9.703500000000001e-06,1.0937451519999968,0.61949999296,1.489874995904,-3.7499985920000007
9.704e-06,0.312495104000007,0.61949999296,1.4923749956480001,-3.7499985920000007
9.7045e-06,-0.46875494399999695,0.61949999296,1.494874995392,-3.7499985920000007
9.705000000000001e-06,-0.46875494399999695,0.61949999296,1.4923749956480001,-3.437498624
9.7055e-06,-0.46875494399999695,0.61949999296,1.488624996032,-3.7499985920000007
9.706e-06,0.312495104000007,0.61949999296,1.484874996416,-3.7499985920000007
9.706500000000001e-06,0.312495104000007,0.61949999296,1.486124996288,-3.7499985920000007
9.707e-06,-0.46875494399999695,0.61949999296,1.489874995904,-3.437498624
9.7075e-06,-0.46875494399999695,0.61949999296,1.489874995904,-3.7499985920000007
9.708000000000001e-06,-0.46875494399999695,0.61949999296,1.491124995776,-4.062498560000002
9.7085e-06,-0.46875494399999695,0.61949999296,1.489874995904,-3.7499985920000007
9.709000000000001e-06,0.312495104000007,0.62574999232,1.4923749956480001,-3.437498624
9.7095e-06,-0.46875494399999695,0.61949999296,1.494874995392,-3.7499985920000007
9.71e-06,-0.46875494399999695,0.61949999296,1.49362499552,-3.437498624
9.710500000000001e-06,-0.46875494399999695,0.62574999232,1.4923749956480001,-3.7499985920000007
9.711e-06,-0.46875494399999695,0.62574999232,1.489874995904,-3.7499985920000007
9.7115e-06,-0.46875494399999695,0.61949999296,1.491124995776,-3.7499985920000007
9.712000000000001e-06,-0.46875494399999695,0.61949999296,1.489874995904,-3.7499985920000007
9.7125e-06,-0.46875494399999695,0.61949999296,1.489874995904,-4.062498560000002
9.713e-06,0.312495104000007,0.62574999232,1.4923749956480001,-3.7499985920000007
9.713500000000001e-06,0.312495104000007,0.62574999232,1.49362499552,-3.7499985920000007
9.714e-06,0.312495104000007,0.62574999232,1.491124995776,-3.437498624
9.7145e-06,-0.46875494399999695,0.62574999232,1.489874995904,-3.7499985920000007
9.715000000000001e-06,-0.46875494399999695,0.61949999296,1.489874995904,-3.437498624
9.7155e-06,0.312495104000007,0.6132499936,1.489874995904,-3.7499985920000007
9.716e-06,-0.46875494399999695,0.61949999296,1.49362499552,-3.437498624
9.716500000000001e-06,-0.46875494399999695,0.61949999296,1.4923749956480001,-3.7499985920000007
9.717e-06,0.312495104000007,0.61949999296,1.4923749956480001,-3.437498624
9.717500000000001e-06,-0.46875494399999695,0.61949999296,1.4923749956480001,-3.7499985920000007
9.718e-06,0.312495104000007,0.61949999296,1.49362499552,-3.7499985920000007
9.7185e-06,-0.46875494399999695,0.62574999232,1.4923749956480001,-3.437498624
9.719000000000001e-06,0.312495104000007,0.62574999232,1.491124995776,-3.7499985920000007
9.7195e-06,-1.250004992000001,0.61949999296,1.4923749956480001,-3.7499985920000007
9.72e-06,0.312495104000007,0.61949999296,1.489874995904,-3.7499985920000007
9.720500000000001e-06,-0.46875494399999695,0.61949999296,1.489874995904,-3.7499985920000007
9.721e-06,-0.46875494399999695,0.61949999296,1.488624996032,-3.437498624
9.7215e-06,-0.46875494399999695,0.62574999232,1.48737499616,-3.7499985920000007
9.722000000000001e-06,0.312495104000007,0.61949999296,1.48737499616,-3.7499985920000007
9.7225e-06,0.312495104000007,0.61949999296,1.488624996032,-3.7499985920000007
9.723e-06,-0.46875494399999695,0.61949999296,1.488624996032,-3.437498624
9.723500000000001e-06,0.312495104000007,0.61949999296,1.489874995904,-3.437498624
9.724e-06,0.312495104000007,0.61949999296,1.488624996032,-3.437498624
9.7245e-06,0.312495104000007,0.62574999232,1.489874995904,-3.437498624
9.725000000000001e-06,0.312495104000007,0.61949999296,1.491124995776,-3.437498624
9.7255e-06,0.312495104000007,0.61949999296,1.489874995904,-3.7499985920000007
9.726000000000001e-06,-0.46875494399999695,0.61949999296,1.489874995904,-3.437498624
9.7265e-06,-0.46875494399999695,0.6132499936,1.4923749956480001,-3.7499985920000007
9.727e-06,-0.46875494399999695,0.62574999232,1.4923749956480001,-4.062498560000002
9.727500000000001e-06,0.312495104000007,0.61949999296,1.491124995776,-3.7499985920000007
9.728e-06,-0.46875494399999695,0.62574999232,1.489874995904,-3.7499985920000007
9.7285e-06,-0.46875494399999695,0.6132499936,1.494874995392,-4.062498560000002
9.729000000000001e-06,0.312495104000007,0.6132499936,1.494874995392,-3.7499985920000007
9.7295e-06,0.312495104000007,0.61949999296,1.4961249952640001,-3.437498624
9.73e-06,1.0937451519999968,0.61949999296,1.4923749956480001,-3.437498624
9.730500000000001e-06,0.312495104000007,0.62574999232,1.489874995904,-3.7499985920000007
9.731e-06,0.312495104000007,0.61949999296,1.489874995904,-3.7499985920000007
9.7315e-06,0.312495104000007,0.62574999232,1.488624996032,-3.7499985920000007
9.732000000000001e-06,0.312495104000007,0.61949999296,1.489874995904,-3.7499985920000007
9.7325e-06,0.312495104000007,0.61949999296,1.49362499552,-3.7499985920000007
9.733e-06,0.312495104000007,0.62574999232,1.49362499552,-3.437498624
9.733500000000001e-06,-0.46875494399999695,0.61949999296,1.4923749956480001,-3.7499985920000007
9.734e-06,0.312495104000007,0.6132499936,1.491124995776,-3.437498624
9.734500000000001e-06,0.312495104000007,0.62574999232,1.49362499552,-3.437498624
9.735e-06,0.312495104000007,0.62574999232,1.49362499552,-3.7499985920000007
9.7355e-06,0.312495104000007,0.6132499936,1.491124995776,-3.7499985920000007
9.736000000000001e-06,1.0937451519999968,0.6132499936,1.489874995904,-3.437498624
9.7365e-06,1.0937451519999968,0.6132499936,1.489874995904,-4.062498560000002
9.737e-06,0.312495104000007,0.61949999296,1.48737499616,-3.437498624
9.737500000000001e-06,0.312495104000007,0.61949999296,1.48737499616,-3.7499985920000007
9.738e-06,0.312495104000007,0.6132499936,1.489874995904,-3.437498624
9.7385e-06,0.312495104000007,0.6132499936,1.489874995904,-3.7499985920000007
9.739000000000001e-06,-0.46875494399999695,0.61949999296,1.48737499616,-3.7499985920000007
9.7395e-06,0.312495104000007,0.6132499936,1.48737499616,-3.7499985920000007
9.74e-06,0.312495104000007,0.61949999296,1.48737499616,-3.437498624
9.740500000000001e-06,-0.46875494399999695,0.61949999296,1.489874995904,-3.7499985920000007
9.741e-06,1.0937451519999968,0.61949999296,1.49362499552,-3.7499985920000007
9.7415e-06,1.0937451519999968,0.61949999296,1.49362499552,-3.7499985920000007
9.742000000000001e-06,0.312495104000007,0.61949999296,1.49362499552,-3.7499985920000007
9.7425e-06,0.312495104000007,0.62574999232,1.49362499552,-3.7499985920000007
9.743000000000001e-06,0.312495104000007,0.61949999296,1.489874995904,-3.7499985920000007
9.7435e-06,0.312495104000007,0.61949999296,1.488624996032,-3.7499985920000007
9.744e-06,0.312495104000007,0.61949999296,1.48737499616,-3.7499985920000007
9.744500000000001e-06,0.312495104000007,0.61949999296,1.489874995904,-4.062498560000002
9.745e-06,0.312495104000007,0.62574999232,1.489874995904,-3.7499985920000007
9.7455e-06,-0.46875494399999695,0.62574999232,1.491124995776,-3.7499985920000007
9.746000000000001e-06,1.0937451519999968,0.61949999296,1.4923749956480001,-3.7499985920000007
9.7465e-06,0.312495104000007,0.62574999232,1.489874995904,-3.437498624
9.747e-06,-0.46875494399999695,0.61949999296,1.486124996288,-3.437498624
9.747500000000001e-06,0.312495104000007,0.6132499936,1.488624996032,-3.437498624
9.748e-06,-0.46875494399999695,0.61949999296,1.489874995904,-3.7499985920000007
9.7485e-06,0.312495104000007,0.61949999296,1.491124995776,-4.062498560000002
9.749000000000001e-06,0.312495104000007,0.61949999296,1.491124995776,-3.7499985920000007
9.7495e-06,0.312495104000007,0.61949999296,1.4923749956480001,-3.7499985920000007
9.75e-06,-0.46875494399999695,0.61949999296,1.491124995776,-3.7499985920000007
9.750500000000001e-06,-0.46875494399999695,0.61949999296,1.49362499552,-3.7499985920000007
9.751e-06,-1.250004992000001,0.62574999232,1.489874995904,-3.7499985920000007
9.751500000000001e-06,0.312495104000007,0.61949999296,1.48737499616,-4.062498560000002
9.752e-06,-0.46875494399999695,0.61949999296,1.488624996032,-3.7499985920000007
9.7525e-06,-0.46875494399999695,0.61949999296,1.49362499552,-3.7499985920000007
9.753000000000001e-06,0.312495104000007,0.61949999296,1.491124995776,-3.7499985920000007
9.7535e-06,-0.46875494399999695,0.6132499936,1.489874995904,-3.7499985920000007
9.754e-06,-0.46875494399999695,0.61949999296,1.489874995904,-3.7499985920000007
9.754500000000001e-06,-0.46875494399999695,0.61949999296,1.491124995776,-3.7499985920000007
9.755e-06,-0.46875494399999695,0.61949999296,1.488624996032,-3.437498624
9.7555e-06,0.312495104000007,0.61949999296,1.491124995776,-3.7499985920000007
9.756000000000001e-06,-0.46875494399999695,0.61949999296,1.4923749956480001,-3.7499985920000007
9.7565e-06,0.312495104000007,0.61949999296,1.491124995776,-4.062498560000002
9.757e-06,0.312495104000007,0.61949999296,1.491124995776,-3.7499985920000007
9.757500000000001e-06,0.312495104000007,0.61949999296,1.489874995904,-3.7499985920000007
9.758e-06,-0.46875494399999695,0.61949999296,1.49362499552,-3.437498624
9.7585e-06,-0.46875494399999695,0.61949999296,1.494874995392,-3.7499985920000007
9.759000000000001e-06,0.312495104000007,0.61949999296,1.4923749956480001,-3.7499985920000007
9.7595e-06,0.312495104000007,0.6132499936,1.491124995776,-3.7499985920000007
9.760000000000001e-06,0.312495104000007,0.6132499936,1.489874995904,-3.7499985920000007
9.7605e-06,-0.46875494399999695,0.60699999424,1.491124995776,-3.7499985920000007
9.761e-06,0.312495104000007,0.61949999296,1.489874995904,-3.437498624
9.761500000000001e-06,0.312495104000007,0.60699999424,1.488624996032,-3.7499985920000007
9.762e-06,0.312495104000007,0.6132499936,1.488624996032,-3.437498624
9.7625e-06,0.312495104000007,0.6132499936,1.488624996032,-3.7499985920000007
9.763000000000001e-06,0.312495104000007,0.6132499936,1.489874995904,-3.7499985920000007
9.7635e-06,0.312495104000007,0.6132499936,1.4923749956480001,-3.7499985920000007
9.764e-06,0.312495104000007,0.61949999296,1.491124995776,-3.7499985920000007
9.764500000000001e-06,0.312495104000007,0.61949999296,1.4923749956480001,-3.7499985920000007
9.765e-06,0.312495104000007,0.61949999296,1.49362499552,-3.437498624
9.7655e-06,0.312495104000007,0.61949999296,1.4923749956480001,-3.7499985920000007
9.766000000000001e-06,0.312495104000007,0.6132499936,1.491124995776,-3.437498624
9.7665e-06,0.312495104000007,0.6132499936,1.4923749956480001,-3.437498624
9.767e-06,0.312495104000007,0.61949999296,1.488624996032,-3.7499985920000007
9.767500000000001e-06,-0.46875494399999695,0.61949999296,1.489874995904,-4.062498560000002
9.768e-06,0.312495104000007,0.61949999296,1.488624996032,-3.7499985920000007
9.768500000000001e-06,-0.46875494399999695,0.6132499936,1.491124995776,-3.7499985920000007
9.769e-06,-0.46875494399999695,0.6132499936,1.491124995776,-3.7499985920000007
9.7695e-06,0.312495104000007,0.6132499936,1.489874995904,-3.7499985920000007
9.770000000000001e-06,0.312495104000007,0.6132499936,1.488624996032,-3.437498624
9.7705e-06,0.312495104000007,0.6132499936,1.48737499616,-3.7499985920000007
9.771e-06,0.312495104000007,0.61949999296,1.489874995904,-3.437498624
9.771500000000001e-06,0.312495104000007,0.6132499936,1.4923749956480001,-3.437498624
9.772e-06,0.312495104000007,0.6132499936,1.491124995776,-3.7499985920000007
9.7725e-06,-0.46875494399999695,0.61949999296,1.488624996032,-3.7499985920000007
9.773000000000001e-06,0.312495104000007,0.62574999232,1.48737499616,-3.437498624
9.7735e-06,0.312495104000007,0.61949999296,1.488624996032,-4.062498560000002
9.774e-06,0.312495104000007,0.61949999296,1.489874995904,-3.7499985920000007
9.774500000000001e-06,0.312495104000007,0.6132499936,1.49362499552,-3.7499985920000007
9.775e-06,-0.46875494399999695,0.61949999296,1.4923749956480001,-3.7499985920000007
9.7755e-06,0.312495104000007,0.6132499936,1.491124995776,-3.7499985920000007
9.776000000000001e-06,0.312495104000007,0.61949999296,1.491124995776,-3.7499985920000007
9.7765e-06,1.0937451519999968,0.61949999296,1.494874995392,-3.7499985920000007
9.777000000000001e-06,0.312495104000007,0.61949999296,1.49362499552,-3.437498624
9.7775e-06,0.312495104000007,0.62574999232,1.4923749956480001,-3.7499985920000007
9.778e-06,0.312495104000007,0.61949999296,1.489874995904,-3.7499985920000007
9.778500000000001e-06,1.0937451519999968,0.6132499936,1.489874995904,-3.7499985920000007
9.779e-06,0.312495104000007,0.61949999296,1.4923749956480001,-3.437498624
9.7795e-06,0.312495104000007,0.61949999296,1.49362499552,-3.437498624
9.780000000000001e-06,-0.46875494399999695,0.61949999296,1.4923749956480001,-3.437498624
9.7805e-06,-0.46875494399999695,0.61949999296,1.4923749956480001,-3.437498624
9.781e-06,0.312495104000007,0.6132499936,1.49362499552,-3.437498624
9.781500000000001e-06,0.312495104000007,0.61949999296,1.489874995904,-3.7499985920000007
9.782e-06,-0.46875494399999695,0.6132499936,1.491124995776,-3.437498624
9.7825e-06,0.312495104000007,0.6132499936,1.49362499552,-3.437498624
9.783000000000001e-06,0.312495104000007,0.6132499936,1.4923749956480001,-3.437498624
9.7835e-06,1.0937451519999968,0.6132499936,1.49362499552,-3.7499985920000007
9.784e-06,0.312495104000007,0.61949999296,1.491124995776,-3.7499985920000007
9.784500000000001e-06,-0.46875494399999695,0.61949999296,1.4923749956480001,-3.7499985920000007
9.785e-06,0.312495104000007,0.61949999296,1.4923749956480001,-3.437498624
9.785500000000001e-06,0.312495104000007,0.62574999232,1.4923749956480001,-3.437498624
9.786e-06,0.312495104000007,0.61949999296,1.489874995904,-3.437498624
9.7865e-06,0.312495104000007,0.6132499936,1.491124995776,-3.7499985920000007
9.787000000000001e-06,-0.46875494399999695,0.62574999232,1.4923749956480001,-3.437498624
9.7875e-06,0.312495104000007,0.61949999296,1.489874995904,-3.437498624
9.788e-06,0.312495104000007,0.61949999296,1.488624996032,-3.7499985920000007
9.788500000000001e-06,-0.46875494399999695,0.61949999296,1.488624996032,-3.7499985920000007
9.789e-06,0.312495104000007,0.61949999296,1.489874995904,-3.1249986560000007
9.7895e-06,-0.46875494399999695,0.61949999296,1.489874995904,-3.7499985920000007
9.790000000000001e-06,0.312495104000007,0.61949999296,1.488624996032,-3.7499985920000007
9.7905e-06,0.312495104000007,0.6132499936,1.491124995776,-3.437498624
9.791e-06,0.312495104000007,0.61949999296,1.489874995904,-3.7499985920000007
9.791500000000001e-06,0.312495104000007,0.6132499936,1.491124995776,-4.062498560000002
9.792e-06,0.312495104000007,0.61949999296,1.489874995904,-3.7499985920000007
9.7925e-06,0.312495104000007,0.61949999296,1.491124995776,-4.062498560000002
9.793000000000001e-06,0.312495104000007,0.61949999296,1.491124995776,-3.437498624
9.7935e-06,0.312495104000007,0.62574999232,1.491124995776,-3.7499985920000007
9.794000000000001e-06,0.312495104000007,0.61949999296,1.489874995904,-3.7499985920000007
9.7945e-06,0.312495104000007,0.6132499936,1.4923749956480001,-3.437498624
9.795e-06,0.312495104000007,0.62574999232,1.49362499552,-3.437498624
9.795500000000001e-06,0.312495104000007,0.62574999232,1.4923749956480001,-3.1249986560000007
9.796e-06,0.312495104000007,0.6132499936,1.489874995904,-3.437498624
9.7965e-06,0.312495104000007,0.61949999296,1.49362499552,-3.7499985920000007
9.797000000000001e-06,0.312495104000007,0.61949999296,1.494874995392,-3.437498624
9.7975e-06,-0.46875494399999695,0.61949999296,1.49362499552,-3.7499985920000007
9.798e-06,0.312495104000007,0.6132499936,1.4923749956480001,-3.437498624
9.798500000000001e-06,-0.46875494399999695,0.61949999296,1.4923749956480001,-3.7499985920000007
9.799e-06,1.0937451519999968,0.61949999296,1.488624996032,-3.7499985920000007
9.7995e-06,0.312495104000007,0.61949999296,1.489874995904,-3.7499985920000007
9.800000000000001e-06,0.312495104000007,0.61949999296,1.489874995904,-3.437498624
9.8005e-06,0.312495104000007,0.6132499936,1.4923749956480001,-3.7499985920000007
9.801e-06,0.312495104000007,0.6132499936,1.491124995776,-3.7499985920000007
9.801500000000001e-06,0.312495104000007,0.61949999296,1.491124995776,-3.7499985920000007
9.802e-06,0.312495104000007,0.61949999296,1.4923749956480001,-3.437498624
9.802500000000001e-06,-0.46875494399999695,0.61949999296,1.491124995776,-3.7499985920000007
9.803e-06,-0.46875494399999695,0.61949999296,1.491124995776,-3.437498624
9.8035e-06,0.312495104000007,0.61949999296,1.489874995904,-3.437498624
9.804000000000001e-06,0.312495104000007,0.61949999296,1.489874995904,-3.437498624
9.8045e-06,-0.46875494399999695,0.61949999296,1.491124995776,-4.062498560000002
9.805e-06,0.312495104000007,0.61949999296,1.491124995776,-3.437498624
9.805500000000001e-06,0.312495104000007,0.61949999296,1.491124995776,-3.7499985920000007
9.806e-06,0.312495104000007,0.61949999296,1.491124995776,-3.437498624
9.8065e-06,-0.46875494399999695,0.6132499936,1.4923749956480001,-3.1249986560000007
9.807000000000001e-06,0.312495104000007,0.61949999296,1.489874995904,-3.437498624
9.8075e-06,0.312495104000007,0.61949999296,1.489874995904,-3.7499985920000007
9.808e-06,0.312495104000007,0.61949999296,1.489874995904,-3.437498624
9.808500000000001e-06,0.312495104000007,0.61949999296,1.491124995776,-3.7499985920000007
9.809e-06,0.312495104000007,0.6132499936,1.489874995904,-3.437498624
9.8095e-06,0.312495104000007,0.6132499936,1.4923749956480001,-3.437498624
9.810000000000001e-06,-0.46875494399999695,0.61949999296,1.4923749956480001,-3.7499985920000007
9.8105e-06,-0.46875494399999695,0.61949999296,1.488624996032,-3.7499985920000007
9.811000000000001e-06,0.312495104000007,0.61949999296,1.488624996032,-3.437498624
9.8115e-06,0.312495104000007,0.6132499936,1.491124995776,-3.437498624
9.812e-06,0.312495104000007,0.6132499936,1.4923749956480001,-3.437498624
9.812500000000001e-06,0.312495104000007,0.61949999296,1.49362499552,-3.7499985920000007
9.813e-06,-0.46875494399999695,0.6132499936,1.4923749956480001,-3.437498624
9.8135e-06,0.312495104000007,0.61949999296,1.489874995904,-3.437498624
9.814000000000001e-06,0.312495104000007,0.61949999296,1.491124995776,-3.437498624
9.8145e-06,0.312495104000007,0.61949999296,1.491124995776,-3.437498624
9.815e-06,0.312495104000007,0.61949999296,1.489874995904,-3.7499985920000007
9.815500000000001e-06,0.312495104000007,0.6132499936,1.489874995904,-3.7499985920000007
9.816e-06,0.312495104000007,0.61949999296,1.488624996032,-3.7499985920000007
9.8165e-06,0.312495104000007,0.61949999296,1.4923749956480001,-4.062498560000002
9.817000000000001e-06,0.312495104000007,0.61949999296,1.488624996032,-3.7499985920000007
9.8175e-06,0.312495104000007,0.6132499936,1.489874995904,-3.7499985920000007
9.818e-06,0.312495104000007,0.61949999296,1.489874995904,-3.7499985920000007
9.818500000000001e-06,-0.46875494399999695,0.61949999296,1.491124995776,-3.7499985920000007
9.819e-06,-0.46875494399999695,0.6132499936,1.491124995776,-3.437498624
9.819500000000001e-06,-0.46875494399999695,0.6132499936,1.4923749956480001,-3.437498624
9.820000000000001e-06,-0.46875494399999695,0.61949999296,1.4923749956480001,-3.7499985920000007
9.8205e-06,0.312495104000007,0.62574999232,1.49362499552,-3.7499985920000007
9.821000000000001e-06,0.312495104000007,0.61949999296,1.49362499552,-3.437498624
9.8215e-06,0.312495104000007,0.6132499936,1.4923749956480001,-3.7499985920000007
9.822e-06,-0.46875494399999695,0.6132499936,1.491124995776,-3.437498624
9.822500000000001e-06,-0.46875494399999695,0.6132499936,1.491124995776,-3.437498624
9.823e-06,0.312495104000007,0.6132499936,1.4923749956480001,-3.7499985920000007
9.8235e-06,0.312495104000007,0.61949999296,1.491124995776,-3.7499985920000007
9.824000000000001e-06,0.312495104000007,0.61949999296,1.488624996032,-3.7499985920000007
9.8245e-06,-0.46875494399999695,0.61949999296,1.491124995776,-3.7499985920000007
9.825e-06,-0.46875494399999695,0.6132499936,1.491124995776,-3.437498624
9.825500000000001e-06,0.312495104000007,0.6132499936,1.4923749956480001,-3.7499985920000007
9.826e-06,0.312495104000007,0.6132499936,1.489874995904,-3.7499985920000007
9.8265e-06,0.312495104000007,0.61949999296,1.491124995776,-3.7499985920000007
9.827000000000001e-06,-0.46875494399999695,0.61949999296,1.491124995776,-3.437498624
9.8275e-06,0.312495104000007,0.61949999296,1.489874995904,-3.437498624
9.828000000000001e-06,-0.46875494399999695,0.61949999296,1.488624996032,-3.437498624
9.828500000000001e-06,0.312495104000007,0.61949999296,1.488624996032,-3.437498624
9.829e-06,0.312495104000007,0.61949999296,1.488624996032,-3.437498624
9.829500000000001e-06,-0.46875494399999695,0.61949999296,1.491124995776,-3.437498624
9.83e-06,-0.46875494399999695,0.61949999296,1.4923749956480001,-3.437498624
9.8305e-06,-0.46875494399999695,0.6132499936,1.491124995776,-3.437498624
9.831000000000001e-06,-0.46875494399999695,0.6132499936,1.489874995904,-3.7499985920000007
9.8315e-06,0.312495104000007,0.61949999296,1.491124995776,-3.7499985920000007
9.832e-06,0.312495104000007,0.61949999296,1.488624996032,-3.7499985920000007
9.832500000000001e-06,0.312495104000007,0.61949999296,1.489874995904,-4.062498560000002
9.833e-06,0.312495104000007,0.6132499936,1.489874995904,-3.437498624
9.8335e-06,-0.46875494399999695,0.6132499936,1.489874995904,-3.437498624
9.834000000000001e-06,-0.46875494399999695,0.61949999296,1.48737499616,-3.437498624
9.8345e-06,-0.46875494399999695,0.6132499936,1.489874995904,-3.7499985920000007
9.835e-06,0.312495104000007,0.61949999296,1.491124995776,-3.437498624
9.835500000000001e-06,0.312495104000007,0.6132499936,1.489874995904,-3.7499985920000007
9.836e-06,0.312495104000007,0.6132499936,1.489874995904,-3.437498624
9.836500000000001e-06,-0.46875494399999695,0.6132499936,1.489874995904,-3.7499985920000007
9.837000000000001e-06,0.312495104000007,0.61949999296,1.491124995776,-3.437498624
9.8375e-06,0.312495104000007,0.6132499936,1.491124995776,-4.062498560000002
9.838000000000001e-06,-0.46875494399999695,0.6132499936,1.489874995904,-3.7499985920000007
9.8385e-06,-0.46875494399999695,0.6132499936,1.489874995904,-3.437498624
9.839e-06,-0.46875494399999695,0.6132499936,1.48737499616,-3.7499985920000007
9.839500000000001e-06,-0.46875494399999695,0.6132499936,1.48737499616,-3.7499985920000007
9.84e-06,-0.46875494399999695,0.61949999296,1.48737499616,-3.7499985920000007
9.8405e-06,-0.46875494399999695,0.6132499936,1.489874995904,-3.7499985920000007
9.841000000000001e-06,-0.46875494399999695,0.6132499936,1.488624996032,-3.7499985920000007
9.8415e-06,-0.46875494399999695,0.6132499936,1.489874995904,-3.7499985920000007
9.842e-06,0.312495104000007,0.61949999296,1.488624996032,-3.7499985920000007
9.842500000000001e-06,-0.46875494399999695,0.62574999232,1.491124995776,-3.7499985920000007
9.843e-06,-0.46875494399999695,0.61949999296,1.489874995904,-3.437498624
9.8435e-06,0.312495104000007,0.6132499936,1.489874995904,-3.437498624
9.844000000000001e-06,-0.46875494399999695,0.6132499936,1.489874995904,-3.437498624
9.8445e-06,0.312495104000007,0.61949999296,1.488624996032,-3.437498624
9.845000000000001e-06,0.312495104000007,0.61949999296,1.48737499616,-3.437498624
9.845500000000001e-06,0.312495104000007,0.6132499936,1.489874995904,-3.7499985920000007
9.846e-06,-0.46875494399999695,0.6132499936,1.489874995904,-3.437498624
9.846500000000001e-06,0.312495104000007,0.61949999296,1.491124995776,-3.7499985920000007
9.847e-06,-0.46875494399999695,0.62574999232,1.488624996032,-3.437498624
9.8475e-06,0.312495104000007,0.61949999296,1.488624996032,-3.437498624
9.848000000000001e-06,0.312495104000007,0.61949999296,1.484874996416,-3.437498624
9.8485e-06,0.312495104000007,0.61949999296,1.484874996416,-3.7499985920000007
9.849e-06,-0.46875494399999695,0.61949999296,1.484874996416,-3.7499985920000007
9.849500000000001e-06,0.312495104000007,0.61949999296,1.48737499616,-3.7499985920000007
9.85e-06,-0.46875494399999695,0.6132499936,1.486124996288,-3.7499985920000007
9.8505e-06,0.312495104000007,0.6132499936,1.48737499616,-3.7499985920000007
9.851000000000001e-06,0.312495104000007,0.61949999296,1.48737499616,-3.1249986560000007
9.8515e-06,0.312495104000007,0.61949999296,1.48737499616,-3.437498624
9.852e-06,-0.46875494399999695,0.61949999296,1.488624996032,-3.7499985920000007
9.852500000000001e-06,-0.46875494399999695,0.61949999296,1.491124995776,-3.7499985920000007
9.853e-06,0.312495104000007,0.61949999296,1.491124995776,-3.437498624
9.853500000000001e-06,-0.46875494399999695,0.6132499936,1.4923749956480001,-3.7499985920000007
9.854000000000001e-06,-0.46875494399999695,0.6132499936,1.491124995776,-3.437498624
9.8545e-06,0.312495104000007,0.6132499936,1.488624996032,-3.437498624
9.855000000000001e-06,0.312495104000007,0.61949999296,1.486124996288,-3.7499985920000007
9.8555e-06,0.312495104000007,0.61949999296,1.489874995904,-3.7499985920000007
9.856e-06,0.312495104000007,0.61949999296,1.489874995904,-3.437498624
9.856500000000001e-06,0.312495104000007,0.6132499936,1.4923749956480001,-3.7499985920000007
9.857e-06,-0.46875494399999695,0.61949999296,1.489874995904,-3.437498624
9.8575e-06,-0.46875494399999695,0.6132499936,1.488624996032,-3.7499985920000007
9.858000000000001e-06,0.312495104000007,0.6132499936,1.488624996032,-3.437498624
9.8585e-06,0.312495104000007,0.6132499936,1.489874995904,-3.7499985920000007
9.859e-06,1.0937451519999968,0.61949999296,1.488624996032,-3.437498624
9.859500000000001e-06,0.312495104000007,0.61949999296,1.488624996032,-3.437498624
9.86e-06,0.312495104000007,0.61949999296,1.489874995904,-3.7499985920000007
9.8605e-06,0.312495104000007,0.61949999296,1.491124995776,-3.7499985920000007
9.861000000000001e-06,0.312495104000007,0.61949999296,1.489874995904,-3.437498624
9.8615e-06,0.312495104000007,0.61949999296,1.488624996032,-3.7499985920000007
9.862e-06,-0.46875494399999695,0.6132499936,1.486124996288,-3.437498624
9.862500000000001e-06,0.312495104000007,0.62574999232,1.488624996032,-3.437498624
9.863e-06,-0.46875494399999695,0.62574999232,1.488624996032,-3.7499985920000007
9.863500000000001e-06,0.312495104000007,0.61949999296,1.488624996032,-3.7499985920000007
9.864e-06,-0.46875494399999695,0.61949999296,1.486124996288,-3.7499985920000007
9.8645e-06,-0.46875494399999695,0.6132499936,1.48737499616,-3.7499985920000007
9.865000000000001e-06,0.312495104000007,0.61949999296,1.483624996544,-3.437498624
9.8655e-06,-0.46875494399999695,0.61949999296,1.48737499616,-3.437498624
9.866e-06,0.312495104000007,0.61949999296,1.48737499616,-3.437498624
9.866500000000001e-06,0.312495104000007,0.61949999296,1.488624996032,-3.7499985920000007
9.867e-06,-0.46875494399999695,0.6132499936,1.48737499616,-3.437498624
9.8675e-06,0.312495104000007,0.6132499936,1.48737499616,-3.437498624
9.868000000000001e-06,0.312495104000007,0.6132499936,1.488624996032,-3.437498624
9.8685e-06,0.312495104000007,0.6132499936,1.491124995776,-3.7499985920000007
9.869e-06,0.312495104000007,0.61949999296,1.491124995776,-3.437498624
9.869500000000001e-06,0.312495104000007,0.61949999296,1.489874995904,-3.7499985920000007
9.87e-06,-0.46875494399999695,0.61949999296,1.489874995904,-3.7499985920000007
9.8705e-06,0.312495104000007,0.6132499936,1.491124995776,-3.7499985920000007
9.871000000000001e-06,0.312495104000007,0.61949999296,1.488624996032,-3.7499985920000007
9.8715e-06,1.0937451519999968,0.61949999296,1.489874995904,-3.7499985920000007
9.872000000000001e-06,0.312495104000007,0.61949999296,1.489874995904,-3.437498624
9.8725e-06,0.312495104000007,0.61949999296,1.491124995776,-3.7499985920000007
9.873e-06,0.312495104000007,0.61949999296,1.489874995904,-3.7499985920000007
9.873500000000001e-06,0.312495104000007,0.61949999296,1.491124995776,-3.7499985920000007
9.874e-06,0.312495104000007,0.6132499936,1.491124995776,-3.7499985920000007
9.8745e-06,0.312495104000007,0.61949999296,1.488624996032,-3.7499985920000007
9.875000000000001e-06,0.312495104000007,0.61949999296,1.48737499616,-3.437498624
9.8755e-06,-0.46875494399999695,0.61949999296,1.488624996032,-3.437498624
9.876e-06,-0.46875494399999695,0.6132499936,1.489874995904,-3.437498624
9.876500000000001e-06,-0.46875494399999695,0.61949999296,1.491124995776,-3.437498624
9.877e-06,0.312495104000007,0.61949999296,1.491124995776,-3.1249986560000007
9.8775e-06,-0.46875494399999695,0.61949999296,1.489874995904,-3.7499985920000007
9.878000000000001e-06,0.312495104000007,0.6132499936,1.48737499616,-3.437498624
9.8785e-06,0.312495104000007,0.61949999296,1.48737499616,-3.7499985920000007
9.879e-06,0.312495104000007,0.62574999232,1.488624996032,-3.7499985920000007
9.879500000000001e-06,1.0937451519999968,0.61949999296,1.491124995776,-3.7499985920000007
9.88e-06,0.312495104000007,0.61949999296,1.488624996032,-3.7499985920000007
9.880500000000001e-06,0.312495104000007,0.6132499936,1.489874995904,-3.437498624
9.881e-06,0.312495104000007,0.6132499936,1.488624996032,-3.7499985920000007
9.8815e-06,0.312495104000007,0.6132499936,1.488624996032,-3.7499985920000007
9.882000000000001e-06,0.312495104000007,0.6132499936,1.486124996288,-3.437498624
9.8825e-06,0.312495104000007,0.61949999296,1.48737499616,-3.7499985920000007
9.883e-06,0.312495104000007,0.61949999296,1.491124995776,-3.437498624
9.883500000000001e-06,0.312495104000007,0.61949999296,1.49362499552,-3.437498624
9.884e-06,0.312495104000007,0.6132499936,1.489874995904,-3.437498624
9.8845e-06,0.312495104000007,0.6132499936,1.489874995904,-3.7499985920000007
9.885000000000001e-06,0.312495104000007,0.6132499936,1.491124995776,-3.437498624
9.8855e-06,0.312495104000007,0.6132499936,1.491124995776,-3.7499985920000007
9.886e-06,1.0937451519999968,0.61949999296,1.491124995776,-3.437498624
9.886500000000001e-06,0.312495104000007,0.61949999296,1.4923749956480001,-3.7499985920000007
9.887e-06,-0.46875494399999695,0.61949999296,1.491124995776,-3.437498624
9.8875e-06,-1.250004992000001,0.6132499936,1.49362499552,-3.7499985920000007
9.888000000000001e-06,0.312495104000007,0.6132499936,1.491124995776,-3.7499985920000007
9.8885e-06,1.0937451519999968,0.61949999296,1.489874995904,-4.062498560000002
9.889000000000001e-06,0.312495104000007,0.6132499936,1.489874995904,-3.437498624
9.8895e-06,0.312495104000007,0.6132499936,1.4923749956480001,-3.437498624
9.89e-06,0.312495104000007,0.6132499936,1.491124995776,-3.7499985920000007
9.890500000000001e-06,-0.46875494399999695,0.6132499936,1.489874995904,-3.437498624
9.891e-06,0.312495104000007,0.61949999296,1.491124995776,-3.1249986560000007
9.8915e-06,0.312495104000007,0.6132499936,1.489874995904,-3.1249986560000007
9.892000000000001e-06,-0.46875494399999695,0.6132499936,1.488624996032,-3.437498624
9.8925e-06,-0.46875494399999695,0.61949999296,1.488624996032,-3.7499985920000007
9.893e-06,-0.46875494399999695,0.6132499936,1.491124995776,-3.7499985920000007
9.893500000000001e-06,-0.46875494399999695,0.61949999296,1.491124995776,-3.7499985920000007
9.894e-06,-0.46875494399999695,0.61949999296,1.4923749956480001,-3.437498624
9.8945e-06,-0.46875494399999695,0.6132499936,1.494874995392,-3.437498624
9.895000000000001e-06,-0.46875494399999695,0.61949999296,1.49362499552,-3.437498624
9.8955e-06,0.312495104000007,0.6132499936,1.489874995904,-3.7499985920000007
9.896e-06,-0.46875494399999695,0.61949999296,1.48737499616,-3.7499985920000007
9.896500000000001e-06,0.312495104000007,0.6132499936,1.488624996032,-3.7499985920000007
9.897e-06,0.312495104000007,0.61949999296,1.489874995904,-3.437498624
9.897500000000001e-06,-0.46875494399999695,0.61949999296,1.491124995776,-3.7499985920000007
9.898e-06,0.312495104000007,0.61949999296,1.491124995776,-3.437498624
9.8985e-06,-0.46875494399999695,0.61949999296,1.489874995904,-3.7499985920000007
9.899000000000001e-06,0.312495104000007,0.61949999296,1.488624996032,-3.437498624
9.8995e-06,0.312495104000007,0.6132499936,1.491124995776,-3.437498624
9.9e-06,-0.46875494399999695,0.6132499936,1.489874995904,-3.437498624
9.900500000000001e-06,-0.46875494399999695,0.6132499936,1.491124995776,-3.7499985920000007
9.901e-06,0.312495104000007,0.61949999296,1.488624996032,-3.7499985920000007
9.9015e-06,0.312495104000007,0.6132499936,1.488624996032,-3.7499985920000007
9.902000000000001e-06,0.312495104000007,0.6132499936,1.489874995904,-3.1249986560000007
9.9025e-06,0.312495104000007,0.6132499936,1.491124995776,-3.437498624
9.903e-06,-0.46875494399999695,0.6132499936,1.488624996032,-3.7499985920000007
9.903500000000001e-06,-0.46875494399999695,0.6132499936,1.491124995776,-3.7499985920000007
9.904e-06,0.312495104000007,0.61949999296,1.4923749956480001,-3.7499985920000007
9.9045e-06,0.312495104000007,0.6132499936,1.494874995392,-3.7499985920000007
9.905000000000001e-06,0.312495104000007,0.6132499936,1.4923749956480001,-3.437498624
9.9055e-06,0.312495104000007,0.61949999296,1.491124995776,-3.7499985920000007
9.906000000000001e-06,0.312495104000007,0.6132499936,1.4923749956480001,-3.437498624
9.9065e-06,-0.46875494399999695,0.61949999296,1.4923749956480001,-3.7499985920000007
9.907e-06,-0.46875494399999695,0.6132499936,1.491124995776,-3.7499985920000007
9.907500000000001e-06,0.312495104000007,0.6132499936,1.489874995904,-3.437498624
9.908e-06,-0.46875494399999695,0.6132499936,1.489874995904,-3.437498624
9.9085e-06,-0.46875494399999695,0.6132499936,1.494874995392,-3.7499985920000007
9.909000000000001e-06,0.312495104000007,0.6132499936,1.494874995392,-3.437498624
9.9095e-06,0.312495104000007,0.6132499936,1.49362499552,-3.7499985920000007
9.91e-06,0.312495104000007,0.6132499936,1.49362499552,-3.437498624
9.910500000000001e-06,-0.46875494399999695,0.62574999232,1.49362499552,-3.437498624
9.911e-06,-0.46875494399999695,0.61949999296,1.489874995904,-3.437498624
9.9115e-06,-0.46875494399999695,0.61949999296,1.488624996032,-3.7499985920000007
9.912000000000001e-06,-0.46875494399999695,0.61949999296,1.489874995904,-3.7499985920000007
9.9125e-06,0.312495104000007,0.6132499936,1.49362499552,-3.7499985920000007
9.913e-06,-0.46875494399999695,0.6132499936,1.4923749956480001,-3.437498624
9.913500000000001e-06,0.312495104000007,0.6132499936,1.4923749956480001,-3.437498624
9.914e-06,-0.46875494399999695,0.6132499936,1.4923749956480001,-3.437498624
9.914500000000001e-06,0.312495104000007,0.6132499936,1.491124995776,-3.7499985920000007
9.915e-06,0.312495104000007,0.61949999296,1.491124995776,-3.1249986560000007
9.9155e-06,0.312495104000007,0.6132499936,1.491124995776,-3.437498624
9.916000000000001e-06,-1.250004992000001,0.6132499936,1.4923749956480001,-3.7499985920000007
9.9165e-06,-0.46875494399999695,0.61949999296,1.4923749956480001,-4.062498560000002
9.917e-06,0.312495104000007,0.61949999296,1.491124995776,-3.437498624
9.917500000000001e-06,0.312495104000007,0.6132499936,1.489874995904,-3.7499985920000007
9.918e-06,-0.46875494399999695,0.61949999296,1.488624996032,-3.437498624
9.9185e-06,-0.46875494399999695,0.6132499936,1.489874995904,-3.437498624
9.919000000000001e-06,0.312495104000007,0.61949999296,1.48737499616,-3.437498624
9.9195e-06,-0.46875494399999695,0.61949999296,1.486124996288,-3.7499985920000007
9.92e-06,0.312495104000007,0.61949999296,1.48737499616,-3.437498624
9.920500000000001e-06,-0.46875494399999695,0.61949999296,1.491124995776,-3.7499985920000007
9.921e-06,-0.46875494399999695,0.61949999296,1.491124995776,-3.437498624
9.9215e-06,0.312495104000007,0.61949999296,1.491124995776,-3.7499985920000007
9.922000000000001e-06,-0.46875494399999695,0.6132499936,1.49362499552,-3.7499985920000007
9.9225e-06,-0.46875494399999695,0.6132499936,1.494874995392,-3.437498624
9.923000000000001e-06,-0.46875494399999695,0.61949999296,1.491124995776,-3.1249986560000007
9.9235e-06,-0.46875494399999695,0.6132499936,1.489874995904,-3.1249986560000007
9.924e-06,-0.46875494399999695,0.6132499936,1.488624996032,-3.437498624
9.924500000000001e-06,-0.46875494399999695,0.61949999296,1.489874995904,-3.437498624
9.925e-06,0.312495104000007,0.61949999296,1.491124995776,-3.437498624
9.9255e-06,0.312495104000007,0.6132499936,1.488624996032,-3.7499985920000007
9.926000000000001e-06,-0.46875494399999695,0.60699999424,1.489874995904,-3.1249986560000007
9.9265e-06,-0.46875494399999695,0.6132499936,1.4923749956480001,-3.437498624
9.927e-06,0.312495104000007,0.61949999296,1.491124995776,-3.7499985920000007
9.927500000000001e-06,0.312495104000007,0.61949999296,1.491124995776,-3.7499985920000007
9.928e-06,-0.46875494399999695,0.61949999296,1.489874995904,-3.437498624
9.9285e-06,-0.46875494399999695,0.61949999296,1.4923749956480001,-3.7499985920000007
9.929000000000001e-06,0.312495104000007,0.6132499936,1.489874995904,-3.437498624
9.9295e-06,-0.46875494399999695,0.62574999232,1.49362499552,-3.437498624
9.93e-06,0.312495104000007,0.61949999296,1.49362499552,-3.437498624
9.930500000000001e-06,-0.46875494399999695,0.6132499936,1.491124995776,-3.437498624
9.931e-06,-0.46875494399999695,0.61949999296,1.491124995776,-3.437498624
9.931500000000001e-06,-0.46875494399999695,0.61949999296,1.4923749956480001,-3.437498624
9.932e-06,-0.46875494399999695,0.61949999296,1.494874995392,-3.437498624
9.9325e-06,-0.46875494399999695,0.61949999296,1.49362499552,-3.437498624
9.933000000000001e-06,0.312495104000007,0.61949999296,1.491124995776,-3.437498624
9.9335e-06,-0.46875494399999695,0.61949999296,1.489874995904,-3.7499985920000007
9.934e-06,-0.46875494399999695,0.6132499936,1.49362499552,-3.437498624
9.934500000000001e-06,0.312495104000007,0.6132499936,1.494874995392,-3.437498624
9.935e-06,0.312495104000007,0.6132499936,1.4923749956480001,-3.7499985920000007
9.9355e-06,-0.46875494399999695,0.6132499936,1.491124995776,-3.7499985920000007
9.936000000000001e-06,0.312495104000007,0.61949999296,1.489874995904,-3.7499985920000007
9.9365e-06,0.312495104000007,0.6132499936,1.49362499552,-3.7499985920000007
9.937e-06,-0.46875494399999695,0.6132499936,1.49362499552,-3.7499985920000007
9.937500000000001e-06,0.312495104000007,0.60699999424,1.49362499552,-3.7499985920000007
9.938e-06,0.312495104000007,0.61949999296,1.4923749956480001,-3.437498624
9.9385e-06,1.0937451519999968,0.61949999296,1.494874995392,-3.7499985920000007
9.939000000000001e-06,1.0937451519999968,0.61949999296,1.49362499552,-3.437498624
9.9395e-06,0.312495104000007,0.61949999296,1.491124995776,-3.7499985920000007
9.940000000000001e-06,-0.46875494399999695,0.61949999296,1.489874995904,-3.437498624
9.9405e-06,-0.46875494399999695,0.61949999296,1.489874995904,-3.7499985920000007
9.941e-06,0.312495104000007,0.61949999296,1.489874995904,-3.7499985920000007
9.941500000000001e-06,0.312495104000007,0.61949999296,1.488624996032,-3.7499985920000007
9.942e-06,0.312495104000007,0.6132499936,1.489874995904,-3.437498624
9.9425e-06,-0.46875494399999695,0.61949999296,1.4923749956480001,-3.1249986560000007
9.943000000000001e-06,0.312495104000007,0.61949999296,1.489874995904,-3.437498624
9.9435e-06,0.312495104000007,0.6132499936,1.491124995776,-4.062498560000002
9.944e-06,0.312495104000007,0.61949999296,1.491124995776,-3.7499985920000007
9.944500000000001e-06,0.312495104000007,0.6132499936,1.491124995776,-4.062498560000002
9.945e-06,-0.46875494399999695,0.6132499936,1.491124995776,-3.437498624
9.9455e-06,-0.46875494399999695,0.60699999424,1.491124995776,-3.437498624
9.946000000000001e-06,0.312495104000007,0.6132499936,1.491124995776,-3.437498624
9.9465e-06,0.312495104000007,0.6132499936,1.491124995776,-3.7499985920000007
9.947e-06,1.0937451519999968,0.6132499936,1.491124995776,-3.437498624
9.947500000000001e-06,0.312495104000007,0.61949999296,1.4923749956480001,-3.437498624
9.948e-06,0.312495104000007,0.6132499936,1.491124995776,-3.437498624
9.948500000000001e-06,-0.46875494399999695,0.61949999296,1.489874995904,-3.7499985920000007
9.949e-06,0.312495104000007,0.61949999296,1.489874995904,-3.437498624
9.9495e-06,0.312495104000007,0.61949999296,1.489874995904,-3.7499985920000007
9.950000000000001e-06,0.312495104000007,0.61949999296,1.491124995776,-3.437498624
9.9505e-06,-0.46875494399999695,0.6132499936,1.489874995904,-3.1249986560000007
9.951e-06,0.312495104000007,0.62574999232,1.486124996288,-3.7499985920000007
9.951500000000001e-06,-0.46875494399999695,0.6132499936,1.48737499616,-3.7499985920000007
9.952e-06,0.312495104000007,0.61949999296,1.486124996288,-3.7499985920000007
9.9525e-06,0.312495104000007,0.61949999296,1.491124995776,-3.7499985920000007
9.953000000000001e-06,-0.46875494399999695,0.61949999296,1.489874995904,-3.437498624
9.9535e-06,0.312495104000007,0.61949999296,1.488624996032,-3.437498624
9.954e-06,-0.46875494399999695,0.61949999296,1.491124995776,-3.437498624
9.954500000000001e-06,0.312495104000007,0.6132499936,1.49362499552,-3.7499985920000007
9.955e-06,-0.46875494399999695,0.6132499936,1.4923749956480001,-3.437498624
9.9555e-06,0.312495104000007,0.6132499936,1.4923749956480001,-3.437498624
9.956000000000001e-06,-0.46875494399999695,0.6132499936,1.489874995904,-3.437498624
9.9565e-06,-0.46875494399999695,0.61949999296,1.491124995776,-3.7499985920000007
9.957000000000001e-06,0.312495104000007,0.61949999296,1.491124995776,-3.437498624
9.9575e-06,0.312495104000007,0.6132499936,1.489874995904,-3.7499985920000007
9.958e-06,-0.46875494399999695,0.61949999296,1.489874995904,-3.7499985920000007
9.958500000000001e-06,0.312495104000007,0.61949999296,1.4923749956480001,-3.7499985920000007
9.959e-06,-0.46875494399999695,0.6132499936,1.491124995776,-3.437498624
9.9595e-06,-0.46875494399999695,0.6132499936,1.491124995776,-3.7499985920000007
9.960000000000001e-06,0.312495104000007,0.61949999296,1.488624996032,-3.7499985920000007
9.9605e-06,-0.46875494399999695,0.61949999296,1.48737499616,-3.7499985920000007
9.961e-06,-0.46875494399999695,0.6132499936,1.488624996032,-3.7499985920000007
9.961500000000001e-06,0.312495104000007,0.6132499936,1.4923749956480001,-3.7499985920000007
9.962e-06,0.312495104000007,0.61949999296,1.49362499552,-3.437498624
9.9625e-06,0.312495104000007,0.6132499936,1.49362499552,-3.7499985920000007
9.963000000000001e-06,0.312495104000007,0.6132499936,1.4923749956480001,-3.437498624
9.9635e-06,0.312495104000007,0.6132499936,1.4923749956480001,-3.1249986560000007
9.964e-06,-0.46875494399999695,0.6132499936,1.491124995776,-3.437498624
9.964500000000001e-06,0.312495104000007,0.6132499936,1.49362499552,-3.437498624
9.965e-06,0.312495104000007,0.6132499936,1.494874995392,-3.437498624
9.965500000000001e-06,0.312495104000007,0.6132499936,1.4923749956480001,-3.7499985920000007
9.966e-06,0.312495104000007,0.6132499936,1.491124995776,-3.7499985920000007
9.9665e-06,0.312495104000007,0.6132499936,1.491124995776,-3.7499985920000007
9.967000000000001e-06,0.312495104000007,0.6132499936,1.488624996032,-3.7499985920000007
9.9675e-06,-0.46875494399999695,0.6132499936,1.489874995904,-3.437498624
9.968e-06,0.312495104000007,0.61949999296,1.4923749956480001,-3.437498624
9.968500000000001e-06,0.312495104000007,0.6132499936,1.4923749956480001,-3.437498624
9.969e-06,-0.46875494399999695,0.60699999424,1.489874995904,-3.1249986560000007
9.9695e-06,0.312495104000007,0.6132499936,1.491124995776,-3.1249986560000007
9.970000000000001e-06,0.312495104000007,0.6132499936,1.49362499552,-3.437498624
9.9705e-06,-0.46875494399999695,0.6132499936,1.491124995776,-3.437498624
9.971e-06,0.312495104000007,0.6132499936,1.488624996032,-3.437498624
9.971500000000001e-06,0.312495104000007,0.6132499936,1.489874995904,-3.437498624
9.972e-06,-0.46875494399999695,0.6132499936,1.489874995904,-3.437498624
9.9725e-06,-0.46875494399999695,0.61949999296,1.489874995904,-3.7499985920000007
9.973000000000001e-06,0.312495104000007,0.6132499936,1.491124995776,-3.7499985920000007
9.9735e-06,-0.46875494399999695,0.6132499936,1.491124995776,-3.7499985920000007
9.974000000000001e-06,-0.46875494399999695,0.61949999296,1.4923749956480001,-3.7499985920000007
9.9745e-06,-0.46875494399999695,0.6132499936,1.494874995392,-3.437498624
9.975e-06,0.312495104000007,0.6132499936,1.4923749956480001,-3.437498624
9.975500000000001e-06,0.312495104000007,0.6132499936,1.488624996032,-3.7499985920000007
9.976e-06,0.312495104000007,0.61949999296,1.48737499616,-3.7499985920000007
9.9765e-06,0.312495104000007,0.6132499936,1.489874995904,-3.437498624
9.977000000000001e-06,0.312495104000007,0.6132499936,1.489874995904,-3.1249986560000007
9.9775e-06,0.312495104000007,0.61949999296,1.491124995776,-3.1249986560000007
9.978e-06,0.312495104000007,0.6132499936,1.4923749956480001,-3.1249986560000007
9.978500000000001e-06,-0.46875494399999695,0.6132499936,1.489874995904,-3.437498624
9.979e-06,0.312495104000007,0.6132499936,1.489874995904,-3.437498624
9.9795e-06,0.312495104000007,0.61949999296,1.491124995776,-3.437498624
9.980000000000001e-06,-0.46875494399999695,0.6132499936,1.4923749956480001,-3.437498624
9.9805e-06,0.312495104000007,0.6132499936,1.491124995776,-3.7499985920000007
9.981e-06,0.312495104000007,0.6132499936,1.491124995776,-3.437498624
9.981500000000001e-06,0.312495104000007,0.6132499936,1.491124995776,-3.7499985920000007
9.982e-06,0.312495104000007,0.6132499936,1.4923749956480001,-3.437498624
9.982500000000001e-06,0.312495104000007,0.6132499936,1.494874995392,-3.437498624
9.983e-06,-0.46875494399999695,0.6132499936,1.49362499552,-3.437498624
9.9835e-06,-0.46875494399999695,0.6132499936,1.491124995776,-3.7499985920000007
9.984000000000001e-06,0.312495104000007,0.61949999296,1.489874995904,-3.437498624
9.9845e-06,-0.46875494399999695,0.6132499936,1.4923749956480001,-3.7499985920000007
9.985e-06,0.312495104000007,0.6132499936,1.489874995904,-3.437498624
9.985500000000001e-06,0.312495104000007,0.6132499936,1.491124995776,-3.437498624
9.986e-06,0.312495104000007,0.6132499936,1.491124995776,-3.437498624
9.9865e-06,-0.46875494399999695,0.6132499936,1.489874995904,-3.437498624
9.987000000000001e-06,-0.46875494399999695,0.6132499936,1.48737499616,-3.437498624
9.9875e-06,0.312495104000007,0.6132499936,1.48737499616,-3.437498624
9.988e-06,-0.46875494399999695,0.6132499936,1.48737499616,-3.437498624
9.988500000000001e-06,1.0937451519999968,0.6132499936,1.489874995904,-3.437498624
9.989e-06,0.312495104000007,0.61949999296,1.491124995776,-3.437498624
9.9895e-06,0.312495104000007,0.61949999296,1.489874995904,-3.437498624
9.990000000000001e-06,0.312495104000007,0.61949999296,1.489874995904,-3.437498624
9.9905e-06,0.312495104000007,0.61949999296,1.491124995776,-3.437498624
9.991000000000001e-06,-1.250004992000001,0.61949999296,1.489874995904,-3.437498624
9.9915e-06,0.312495104000007,0.6132499936,1.491124995776,-3.7499985920000007
9.992e-06,0.312495104000007,0.61949999296,1.488624996032,-3.437498624
9.992500000000001e-06,-0.46875494399999695,0.61949999296,1.491124995776,-3.7499985920000007
9.993e-06,-0.46875494399999695,0.6132499936,1.491124995776,-3.437498624
9.9935e-06,0.312495104000007,0.60699999424,1.488624996032,-3.437498624
9.994000000000001e-06,0.312495104000007,0.61949999296,1.489874995904,-3.437498624
9.9945e-06,0.312495104000007,0.61949999296,1.491124995776,-3.7499985920000007
9.995e-06,0.312495104000007,0.6132499936,1.4923749956480001,-3.7499985920000007
9.995500000000001e-06,0.312495104000007,0.6132499936,1.4923749956480001,-3.437498624
9.996e-06,0.312495104000007,0.6132499936,1.489874995904,-3.437498624
9.9965e-06,1.0937451519999968,0.61949999296,1.488624996032,-3.437498624
9.997000000000001e-06,0.312495104000007,0.61949999296,1.488624996032,-3.437498624
9.9975e-06,0.312495104000007,0.6132499936,1.489874995904,-3.437498624
9.998e-06,-0.46875494399999695,0.6132499936,1.4923749956480001,-3.1249986560000007
9.998500000000001e-06,-0.46875494399999695,0.6132499936,1.491124995776,-3.437498624
9.999e-06,0.312495104000007,0.6132499936,1.488624996032,-3.437498624
9.999500000000001e-06,0.312495104000007,0.6132499936,1.488624996032,-3.7499985920000007
1e-05,0.312495104000007,0.61949999296,1.489874995904,-3.437498624
1.00005e-05,1.0937451519999968,0.6132499936,1.491124995776,-3.7499985920000007
1.0001000000000001e-05,0.312495104000007,0.6132499936,1.48737499616,-3.437498624
1.00015e-05,0.312495104000007,0.6132499936,1.48737499616,-3.437498624
1.0002e-05,1.0937451519999968,0.6132499936,1.488624996032,-3.7499985920000007
1.0002500000000001e-05,0.312495104000007,0.61949999296,1.488624996032,-4.062498560000002
1.0003e-05,0.312495104000007,0.61949999296,1.488624996032,-3.437498624
1.00035e-05,0.312495104000007,0.6132499936,1.489874995904,-3.437498624
1.0004000000000001e-05,0.312495104000007,0.61949999296,1.489874995904,-3.437498624
1.00045e-05,-0.46875494399999695,0.61949999296,1.4923749956480001,-3.437498624
1.0005e-05,0.312495104000007,0.61949999296,1.491124995776,-3.437498624
1.0005500000000001e-05,-0.46875494399999695,0.6132499936,1.488624996032,-3.7499985920000007
1.0006e-05,0.312495104000007,0.6132499936,1.488624996032,-3.437498624
1.00065e-05,-0.46875494399999695,0.6132499936,1.488624996032,-3.437498624
1.0007000000000001e-05,0.312495104000007,0.6132499936,1.488624996032,-3.7499985920000007
1.00075e-05,0.312495104000007,0.61949999296,1.491124995776,-3.7499985920000007
1.0008000000000001e-05,1.0937451519999968,0.61949999296,1.4923749956480001,-3.7499985920000007
1.00085e-05,1.0937451519999968,0.6132499936,1.49362499552,-3.7499985920000007
1.0009e-05,0.312495104000007,0.61949999296,1.489874995904,-3.437498624
1.0009500000000001e-05,0.312495104000007,0.6132499936,1.4923749956480001,-3.437498624
1.001e-05,0.312495104000007,0.61949999296,1.491124995776,-3.437498624
1.00105e-05,0.312495104000007,0.6132499936,1.489874995904,-3.7499985920000007
1.0011000000000001e-05,-0.46875494399999695,0.61949999296,1.489874995904,-3.437498624
1.00115e-05,0.312495104000007,0.6132499936,1.48737499616,-3.437498624
1.0012e-05,-0.46875494399999695,0.6132499936,1.48737499616,-3.7499985920000007
1.0012500000000001e-05,0.312495104000007,0.61949999296,1.48737499616,-3.7499985920000007
1.0013e-05,0.312495104000007,0.6132499936,1.488624996032,-3.437498624
1.00135e-05,-0.46875494399999695,0.61949999296,1.491124995776,-3.7499985920000007
1.0014000000000001e-05,-0.46875494399999695,0.6132499936,1.489874995904,-3.437498624
1.00145e-05,0.312495104000007,0.61949999296,1.489874995904,-3.437498624
1.0015e-05,0.312495104000007,0.6132499936,1.491124995776,-3.437498624
1.0015500000000001e-05,0.312495104000007,0.6132499936,1.49362499552,-3.7499985920000007
1.0016e-05,0.312495104000007,0.6132499936,1.489874995904,-3.7499985920000007
1.0016500000000001e-05,0.312495104000007,0.6132499936,1.489874995904,-3.7499985920000007
1.0017e-05,0.312495104000007,0.60699999424,1.489874995904,-3.437498624
1.00175e-05,0.312495104000007,0.60699999424,1.489874995904,-3.7499985920000007
1.0018000000000001e-05,1.0937451519999968,0.6132499936,1.488624996032,-3.437498624
1.00185e-05,1.0937451519999968,0.6132499936,1.488624996032,-3.437498624
1.0019e-05,1.0937451519999968,0.61949999296,1.488624996032,-3.1249986560000007
1.0019500000000001e-05,0.312495104000007,0.61949999296,1.489874995904,-3.1249986560000007
1.002e-05,-0.46875494399999695,0.6132499936,1.4923749956480001,-3.1249986560000007
1.00205e-05,0.312495104000007,0.61949999296,1.491124995776,-3.437498624
1.0021000000000001e-05,-0.46875494399999695,0.6132499936,1.489874995904,-3.437498624
1.00215e-05,0.312495104000007,0.6132499936,1.48737499616,-3.437498624
1.0022e-05,0.312495104000007,0.6132499936,1.48737499616,-3.437498624
1.0022500000000001e-05,0.312495104000007,0.6132499936,1.4923749956480001,-3.437498624
1.0023e-05,0.312495104000007,0.61949999296,1.4923749956480001,-3.437498624
1.00235e-05,0.312495104000007,0.61949999296,1.4923749956480001,-3.7499985920000007
1.0024000000000001e-05,0.312495104000007,0.61949999296,1.489874995904,-3.437498624
1.00245e-05,0.312495104000007,0.61949999296,1.491124995776,-3.7499985920000007
1.0025000000000001e-05,0.312495104000007,0.6132499936,1.489874995904,-3.7499985920000007
1.00255e-05,0.312495104000007,0.6132499936,1.488624996032,-3.437498624
1.0026e-05,-0.46875494399999695,0.61949999296,1.491124995776,-3.437498624
1.0026500000000001e-05,-0.46875494399999695,0.6132499936,1.491124995776,-3.1249986560000007
1.0027e-05,0.312495104000007,0.6132499936,1.488624996032,-3.437498624
1.00275e-05,0.312495104000007,0.61949999296,1.488624996032,-3.437498624
1.0028000000000001e-05,0.312495104000007,0.6132499936,1.488624996032,-3.1249986560000007
1.00285e-05,-0.46875494399999695,0.61949999296,1.491124995776,-3.1249986560000007
1.0029e-05,0.312495104000007,0.6132499936,1.491124995776,-3.437498624
1.0029500000000001e-05,-0.46875494399999695,0.61949999296,1.4923749956480001,-3.7499985920000007
1.003e-05,0.312495104000007,0.6132499936,1.491124995776,-3.437498624
1.00305e-05,-0.46875494399999695,0.6132499936,1.491124995776,-3.437498624
1.0031000000000001e-05,-0.46875494399999695,0.6132499936,1.489874995904,-3.7499985920000007
1.00315e-05,0.312495104000007,0.6132499936,1.4923749956480001,-3.7499985920000007
1.0032e-05,0.312495104000007,0.6132499936,1.4923749956480001,-3.437498624
1.0032500000000001e-05,0.312495104000007,0.6132499936,1.49362499552,-3.437498624
1.0033e-05,0.312495104000007,0.61949999296,1.4923749956480001,-3.1249986560000007
1.0033500000000001e-05,0.312495104000007,0.6132499936,1.491124995776,-3.437498624
1.0034e-05,0.312495104000007,0.6132499936,1.489874995904,-3.1249986560000007
1.00345e-05,-0.46875494399999695,0.6132499936,1.491124995776,-3.437498624
1.0035000000000001e-05,-0.46875494399999695,0.61949999296,1.489874995904,-3.1249986560000007
1.00355e-05,0.312495104000007,0.61949999296,1.489874995904,-3.1249986560000007
1.0036e-05,0.312495104000007,0.61949999296,1.488624996032,-3.437498624
1.0036500000000001e-05,0.312495104000007,0.61949999296,1.489874995904,-3.437498624
1.0037e-05,0.312495104000007,0.6132499936,1.488624996032,-3.437498624
1.00375e-05,-1.250004992000001,0.6132499936,1.488624996032,-3.7499985920000007
1.0038000000000001e-05,-0.46875494399999695,0.61949999296,1.488624996032,-3.1249986560000007
1.00385e-05,-0.46875494399999695,0.6132499936,1.491124995776,-3.437498624
1.0039e-05,-0.46875494399999695,0.6132499936,1.489874995904,-3.437498624
1.0039500000000001e-05,-0.46875494399999695,0.6132499936,1.491124995776,-3.7499985920000007
1.004e-05,-0.46875494399999695,0.6132499936,1.488624996032,-3.437498624
1.00405e-05,0.312495104000007,0.6132499936,1.488624996032,-3.7499985920000007
1.0041000000000001e-05,-0.46875494399999695,0.6132499936,1.491124995776,-3.1249986560000007
1.00415e-05,-0.46875494399999695,0.6132499936,1.491124995776,-3.437498624
1.0042000000000001e-05,0.312495104000007,0.61949999296,1.4923749956480001,-3.437498624
1.00425e-05,0.312495104000007,0.61949999296,1.491124995776,-3.7499985920000007
1.0043e-05,0.312495104000007,0.61949999296,1.489874995904,-3.1249986560000007
1.0043500000000001e-05,0.312495104000007,0.6132499936,1.491124995776,-3.1249986560000007
1.0044e-05,0.312495104000007,0.6132499936,1.491124995776,-3.1249986560000007
1.00445e-05,0.312495104000007,0.61949999296,1.4923749956480001,-3.437498624
1.0045000000000001e-05,0.312495104000007,0.6132499936,1.4923749956480001,-3.437498624
1.00455e-05,0.312495104000007,0.6132499936,1.488624996032,-3.7499985920000007
1.0046e-05,0.312495104000007,0.60699999424,1.489874995904,-3.437498624
1.0046500000000001e-05,0.312495104000007,0.6132499936,1.49362499552,-3.437498624
1.0047e-05,0.312495104000007,0.6132499936,1.49362499552,-3.437498624
1.00475e-05,1.0937451519999968,0.60699999424,1.4923749956480001,-3.437498624
1.0048000000000001e-05,1.0937451519999968,0.6132499936,1.488624996032,-3.437498624
1.00485e-05,1.8749952000000008,0.6132499936,1.491124995776,-3.437498624
1.0049e-05,1.8749952000000008,0.6132499936,1.491124995776,-3.437498624
1.0049500000000001e-05,3.4374952960000087,0.6132499936,1.4923749956480001,-3.1249986560000007
1.005e-05,4.2187453439999985,0.61949999296,1.491124995776,-3.1249986560000007
1.0050500000000001e-05,4.2187453439999985,0.6132499936,1.491124995776,-3.437498624
1.0051e-05,5.781245440000006,0.6132499936,1.489874995904,-3.437498624
1.00515e-05,6.562495487999996,0.6132499936,1.491124995776,-3.437498624
1.0052000000000001e-05,8.124995584000004,0.61949999296,1.491124995776,-3.437498624
1.00525e-05,8.906245632000008,0.61949999296,1.49362499552,-3.7499985920000007
1.0053e-05,10.468745728000002,0.61949999296,1.494874995392,-3.437498624
1.0053500000000001e-05,11.249995776000006,0.61949999296,1.4923749956480001,-3.437498624
1.0054e-05,12.812495872,0.61949999296,1.49362499552,-3.1249986560000007
1.00545e-05,13.593745920000003,0.61949999296,1.49362499552,-3.1249986560000007
1.0055000000000001e-05,15.156246015999997,0.6132499936,1.4923749956480001,-3.437498624
1.00555e-05,15.937496064000001,0.6132499936,1.494874995392,-3.7499985920000007
1.0056e-05,16.718746112000005,0.61949999296,1.494874995392,-3.437498624
1.0056500000000001e-05,17.499996160000002,0.6132499936,1.494874995392,-3.437498624
1.0057e-05,18.281246208,0.6132499936,1.4923749956480001,-3.437498624
1.00575e-05,19.843746304,0.6132499936,1.491124995776,-3.437498624
1.0058000000000001e-05,20.624996352000004,0.6132499936,1.491124995776,-3.437498624
1.00585e-05,20.624996352000004,0.61949999296,1.4923749956480001,-3.437498624
1.0059000000000001e-05,22.187496448000005,0.61949999296,1.4923749956480001,-3.437498624
1.00595e-05,23.749996544,0.61949999296,1.489874995904,-3.437498624
1.006e-05,24.531246592000002,0.61949999296,1.489874995904,-3.1249986560000007
1.0060500000000001e-05,26.093746688000003,0.61949999296,1.4923749956480001,-3.437498624
1.0061e-05,26.093746688000003,0.61949999296,1.49362499552,-3.437498624
1.00615e-05,26.874996736,0.61949999296,1.4923749956480001,-3.437498624
1.0062000000000001e-05,27.656246784000004,0.61949999296,1.491124995776,-3.1249986560000007
1.00625e-05,29.218746880000005,0.61949999296,1.491124995776,-3.437498624
1.0063e-05,29.218746880000005,0.6132499936,1.489874995904,-3.7499985920000007
1.0063500000000001e-05,28.437496832,0.61949999296,1.491124995776,-4.062498560000002
1.0064e-05,27.656246784000004,0.61949999296,1.489874995904,-3.7499985920000007
1.00645e-05,27.656246784000004,0.61949999296,1.4923749956480001,-3.7499985920000007
1.0065000000000001e-05,26.874996736,0.61949999296,1.49362499552,-3.437498624
1.00655e-05,26.093746688000003,0.6132499936,1.49362499552,-3.437498624
1.0066e-05,25.31249664,0.61949999296,1.491124995776,-3.437498624
1.0066500000000001e-05,23.749996544,0.61949999296,1.491124995776,-3.437498624
1.0067e-05,23.749996544,0.61949999296,1.4923749956480001,-3.437498624
1.0067500000000001e-05,22.187496448000005,0.61949999296,1.494874995392,-3.1249986560000007
1.0068e-05,22.187496448000005,0.61949999296,1.497374995136,-3.437498624
1.00685e-05,22.968746496,0.61949999296,1.497374995136,-3.7499985920000007
1.0069000000000001e-05,23.749996544,0.61949999296,1.4961249952640001,-3.437498624
1.00695e-05,23.749996544,0.61949999296,1.4961249952640001,-3.437498624
1.007e-05,24.531246592000002,0.61949999296,1.497374995136,-3.1249986560000007
1.0070500000000001e-05,24.531246592000002,0.61949999296,1.498624995008,-3.437498624
1.0071e-05,26.093746688000003,0.6132499936,1.497374995136,-3.7499985920000007
1.00715e-05,25.31249664,0.6132499936,1.497374995136,-3.7499985920000007
1.0072000000000001e-05,26.874996736,0.61949999296,1.4961249952640001,-3.7499985920000007
1.00725e-05,26.093746688000003,0.61949999296,1.49987499488,-3.7499985920000007
1.0073e-05,26.093746688000003,0.61949999296,1.497374995136,-3.437498624
1.0073500000000001e-05,25.31249664,0.61949999296,1.497374995136,-3.437498624
1.0074e-05,24.531246592000002,0.61949999296,1.498624995008,-3.437498624
1.00745e-05,24.531246592000002,0.6132499936,1.498624995008,-3.437498624
1.0075000000000001e-05,23.749996544,0.61949999296,1.497374995136,-3.437498624
1.00755e-05,22.968746496,0.61949999296,1.4961249952640001,-3.437498624
1.0076000000000001e-05,22.968746496,0.61949999296,1.4961249952640001,-3.1249986560000007
1.0076500000000001e-05,22.968746496,0.61949999296,1.498624995008,-3.437498624
1.0077e-05,24.531246592000002,0.6132499936,1.49987499488,-3.437498624
1.0077500000000001e-05,24.531246592000002,0.61949999296,1.497374995136,-3.437498624
1.0078e-05,25.31249664,0.6132499936,1.498624995008,-3.1249986560000007
1.00785e-05,24.531246592000002,0.6132499936,1.498624995008,-3.437498624
1.0079000000000001e-05,24.531246592000002,0.6132499936,1.497374995136,-3.437498624
1.00795e-05,24.531246592000002,0.6132499936,1.498624995008,-3.7499985920000007
1.008e-05,24.531246592000002,0.6132499936,1.497374995136,-3.437498624
1.0080500000000001e-05,25.31249664,0.6132499936,1.49987499488,-3.437498624
1.0081e-05,25.31249664,0.6132499936,1.4961249952640001,-3.1249986560000007
1.00815e-05,23.749996544,0.6132499936,1.497374995136,-3.437498624
1.0082000000000001e-05,24.531246592000002,0.6132499936,1.498624995008,-3.437498624
1.00825e-05,23.749996544,0.6132499936,1.497374995136,-3.437498624
1.0083e-05,22.968746496,0.6132499936,1.4961249952640001,-3.437498624
1.0083500000000001e-05,23.749996544,0.61949999296,1.494874995392,-3.1249986560000007
1.0084e-05,23.749996544,0.6132499936,1.4961249952640001,-3.1249986560000007
1.0084500000000001e-05,23.749996544,0.61949999296,1.497374995136,-3.437498624
1.0085000000000001e-05,23.749996544,0.61949999296,1.4961249952640001,-3.1249986560000007
1.00855e-05,23.749996544,0.6132499936,1.49362499552,-3.437498624
1.0086000000000001e-05,23.749996544,0.6132499936,1.494874995392,-3.1249986560000007
1.00865e-05,23.749996544,0.6132499936,1.4961249952640001,-3.1249986560000007
1.0087e-05,24.531246592000002,0.60699999424,1.49362499552,-3.437498624
1.0087500000000001e-05,24.531246592000002,0.6132499936,1.49362499552,-3.437498624
1.0088e-05,24.531246592000002,0.6132499936,1.494874995392,-3.1249986560000007
1.00885e-05,24.531246592000002,0.6132499936,1.4923749956480001,-3.437498624
1.0089000000000001e-05,25.31249664,0.6132499936,1.489874995904,-3.437498624
1.00895e-05,24.531246592000002,0.6132499936,1.491124995776,-3.437498624
1.009e-05,24.531246592000002,0.60699999424,1.4923749956480001,-3.437498624
1.0090500000000001e-05,24.531246592000002,0.60699999424,1.4923749956480001,-3.437498624
1.0091e-05,23.749996544,0.6132499936,1.489874995904,-3.1249986560000007
1.00915e-05,23.749996544,0.6132499936,1.489874995904,-3.1249986560000007
1.0092000000000001e-05,23.749996544,0.6132499936,1.491124995776,-3.1249986560000007
1.00925e-05,24.531246592000002,0.61949999296,1.4923749956480001,-3.7499985920000007
1.0093000000000001e-05,25.31249664,0.6132499936,1.491124995776,-3.437498624
1.0093500000000001e-05,24.531246592000002,0.60699999424,1.488624996032,-3.437498624
1.0094e-05,24.531246592000002,0.6132499936,1.488624996032,-3.437498624
1.0094500000000001e-05,23.749996544,0.6132499936,1.488624996032,-3.1249986560000007
1.0095e-05,23.749996544,0.60699999424,1.486124996288,-3.437498624
1.00955e-05,23.749996544,0.60699999424,1.488624996032,-3.437498624
1.0096000000000001e-05,24.531246592000002,0.6132499936,1.48737499616,-3.437498624
1.00965e-05,24.531246592000002,0.60699999424,1.48737499616,-3.7499985920000007
1.0097e-05,22.968746496,0.60699999424,1.484874996416,-3.437498624
1.0097500000000001e-05,23.749996544,0.6132499936,1.484874996416,-3.437498624
1.0098e-05,24.531246592000002,0.60699999424,1.48737499616,-3.1249986560000007
1.00985e-05,24.531246592000002,0.6132499936,1.48737499616,-3.437498624
1.0099000000000001e-05,23.749996544,0.60699999424,1.48737499616,-3.1249986560000007
1.00995e-05,23.749996544,0.6132499936,1.484874996416,-3.1249986560000007
1.01e-05,23.749996544,0.60699999424,1.4823749966720001,-3.1249986560000007
1.0100500000000001e-05,23.749996544,0.6132499936,1.4823749966720001,-3.437498624
1.0101e-05,23.749996544,0.6132499936,1.483624996544,-3.437498624
1.0101500000000001e-05,22.968746496,0.6132499936,1.484874996416,-3.7499985920000007
1.0102000000000001e-05,22.968746496,0.60699999424,1.483624996544,-3.437498624
1.01025e-05,22.968746496,0.6132499936,1.483624996544,-3.437498624
1.0103000000000001e-05,23.749996544,0.61949999296,1.4823749966720001,-3.437498624
1.01035e-05,22.968746496,0.6132499936,1.484874996416,-3.7499985920000007
1.0104e-05,23.749996544,0.6132499936,1.486124996288,-3.437498624
1.0104500000000001e-05,23.749996544,0.6132499936,1.48737499616,-3.437498624
1.0105e-05,23.749996544,0.61949999296,1.484874996416,-3.437498624
1.01055e-05,23.749996544,0.6132499936,1.486124996288,-3.1249986560000007
1.0106000000000001e-05,24.531246592000002,0.6132499936,1.484874996416,-3.1249986560000007
1.01065e-05,23.749996544,0.60699999424,1.483624996544,-3.1249986560000007
1.0107e-05,23.749996544,0.6132499936,1.4811249968,-3.1249986560000007
1.0107500000000001e-05,23.749996544,0.60699999424,1.4811249968,-3.1249986560000007
1.0108e-05,23.749996544,0.60699999424,1.483624996544,-3.437498624
1.01085e-05,23.749996544,0.61949999296,1.484874996416,-3.437498624
1.0109000000000001e-05,24.531246592000002,0.6132499936,1.484874996416,-3.437498624
1.01095e-05,24.531246592000002,0.6132499936,1.4823749966720001,-3.437498624
1.0110000000000001e-05,24.531246592000002,0.60699999424,1.4823749966720001,-3.1249986560000007
1.0110500000000001e-05,23.749996544,0.60699999424,1.4811249968,-3.1249986560000007
1.0111e-05,23.749996544,0.6132499936,1.479874996928,-3.437498624
1.0111500000000001e-05,23.749996544,0.6132499936,1.484874996416,-3.7499985920000007
1.0112e-05,23.749996544,0.6132499936,1.483624996544,-3.437498624
1.01125e-05,24.531246592000002,0.6132499936,1.483624996544,-3.7499985920000007
1.0113000000000001e-05,22.968746496,0.6132499936,1.484874996416,-3.437498624
1.01135e-05,23.749996544,0.6132499936,1.484874996416,-3.7499985920000007
1.0114e-05,23.749996544,0.61949999296,1.483624996544,-3.1249986560000007
1.0114500000000001e-05,22.968746496,0.6132499936,1.483624996544,-3.437498624
1.0115e-05,23.749996544,0.61949999296,1.486124996288,-3.437498624
1.01155e-05,23.749996544,0.6132499936,1.488624996032,-3.1249986560000007
1.0116000000000001e-05,23.749996544,0.6132499936,1.48737499616,-3.1249986560000007
1.01165e-05,23.749996544,0.6132499936,1.48737499616,-3.437498624
1.0117e-05,23.749996544,0.6132499936,1.486124996288,-3.437498624
1.0117500000000001e-05,23.749996544,0.6132499936,1.488624996032,-3.437498624
1.0118e-05,24.531246592000002,0.60699999424,1.489874995904,-3.437498624
1.0118500000000001e-05,23.749996544,0.60699999424,1.488624996032,-3.1249986560000007
1.0119000000000001e-05,23.749996544,0.60699999424,1.486124996288,-3.437498624
1.01195e-05,24.531246592000002,0.6132499936,1.486124996288,-3.7499985920000007
1.0120000000000001e-05,23.749996544,0.6132499936,1.48737499616,-3.437498624
1.01205e-05,24.531246592000002,0.6132499936,1.489874995904,-3.437498624
1.0121e-05,23.749996544,0.6132499936,1.488624996032,-3.437498624
1.0121500000000001e-05,23.749996544,0.6132499936,1.488624996032,-3.437498624
1.0122e-05,24.531246592000002,0.61949999296,1.484874996416,-3.437498624
1.01225e-05,23.749996544,0.6132499936,1.486124996288,-3.437498624
1.0123000000000001e-05,23.749996544,0.6132499936,1.488624996032,-3.1249986560000007
1.01235e-05,24.531246592000002,0.6132499936,1.489874995904,-3.1249986560000007
1.0124e-05,23.749996544,0.60699999424,1.48737499616,-3.1249986560000007
1.0124500000000001e-05,23.749996544,0.6132499936,1.48737499616,-3.437498624
1.0125e-05,23.749996544,0.60699999424,1.488624996032,-3.437498624
1.01255e-05,24.531246592000002,0.61949999296,1.489874995904,-3.437498624
1.0126000000000001e-05,24.531246592000002,0.6132499936,1.49362499552,-3.1249986560000007
1.01265e-05,23.749996544,0.6132499936,1.494874995392,-3.1249986560000007
1.0127000000000001e-05,23.749996544,0.6132499936,1.489874995904,-3.437498624
1.0127500000000001e-05,23.749996544,0.6132499936,1.491124995776,-3.437498624
1.0128e-05,23.749996544,0.6132499936,1.491124995776,-3.437498624
1.0128500000000001e-05,23.749996544,0.6132499936,1.4923749956480001,-3.7499985920000007
1.0129e-05,24.531246592000002,0.6132499936,1.491124995776,-3.1249986560000007
1.01295e-05,23.749996544,0.6132499936,1.491124995776,-3.1249986560000007
1.0130000000000001e-05,24.531246592000002,0.61949999296,1.4923749956480001,-2.8124986880000016
1.01305e-05,23.749996544,0.6132499936,1.49362499552,-3.437498624
1.0131e-05,23.749996544,0.6132499936,1.49362499552,-3.1249986560000007
1.0131500000000001e-05,23.749996544,0.6132499936,1.494874995392,-3.1249986560000007
1.0132e-05,23.749996544,0.6132499936,1.49362499552,-3.1249986560000007
1.01325e-05,24.531246592000002,0.6132499936,1.494874995392,-3.1249986560000007
1.0133000000000001e-05,23.749996544,0.61949999296,1.49362499552,-3.1249986560000007
1.01335e-05,23.749996544,0.6132499936,1.4923749956480001,-3.1249986560000007
1.0134e-05,23.749996544,0.6132499936,1.4923749956480001,-3.1249986560000007
1.0134500000000001e-05,23.749996544,0.6132499936,1.494874995392,-3.1249986560000007
1.0135e-05,23.749996544,0.61949999296,1.49362499552,-3.1249986560000007
1.0135500000000001e-05,23.749996544,0.6132499936,1.494874995392,-3.437498624
1.0136000000000001e-05,23.749996544,0.6132499936,1.49362499552,-3.1249986560000007
1.01365e-05,23.749996544,0.60699999424,1.49362499552,-3.437498624
1.0137000000000001e-05,24.531246592000002,0.6132499936,1.491124995776,-3.1249986560000007
1.01375e-05,23.749996544,0.6132499936,1.4923749956480001,-3.1249986560000007
1.0138e-05,24.531246592000002,0.61949999296,1.49362499552,-2.8124986880000016
1.0138500000000001e-05,23.749996544,0.6132499936,1.4923749956480001,-3.437498624
1.0139e-05,23.749996544,0.61949999296,1.491124995776,-3.1249986560000007
1.01395e-05,23.749996544,0.6132499936,1.4923749956480001,-3.1249986560000007
1.0140000000000001e-05,22.968746496,0.61949999296,1.4923749956480001,-3.1249986560000007
1.01405e-05,23.749996544,0.61949999296,1.4923749956480001,-3.1249986560000007
1.0141e-05,24.531246592000002,0.6132499936,1.491124995776,-2.8124986880000016
1.0141500000000001e-05,23.749996544,0.60699999424,1.491124995776,-3.437498624
1.0142e-05,23.749996544,0.6132499936,1.491124995776,-3.1249986560000007
1.01425e-05,23.749996544,0.6132499936,1.491124995776,-3.1249986560000007
1.0143000000000001e-05,23.749996544,0.6132499936,1.488624996032,-3.1249986560000007
1.01435e-05,22.968746496,0.61949999296,1.491124995776,-3.1249986560000007
1.0144000000000001e-05,23.749996544,0.6132499936,1.489874995904,-3.1249986560000007
1.0144500000000001e-05,23.749996544,0.6132499936,1.491124995776,-3.437498624
1.0145e-05,22.968746496,0.61949999296,1.4923749956480001,-3.1249986560000007
1.0145500000000001e-05,23.749996544,0.6132499936,1.4923749956480001,-3.437498624
1.0146e-05,24.531246592000002,0.6132499936,1.491124995776,-3.1249986560000007
1.01465e-05,23.749996544,0.61949999296,1.491124995776,-3.437498624
1.0147000000000001e-05,23.749996544,0.61949999296,1.489874995904,-3.1249986560000007
1.01475e-05,23.749996544,0.6132499936,1.489874995904,-3.1249986560000007
1.0148e-05,23.749996544,0.6132499936,1.491124995776,-3.1249986560000007
1.0148500000000001e-05,23.749996544,0.6132499936,1.489874995904,-3.1249986560000007
1.0149e-05,24.531246592000002,0.6132499936,1.491124995776,-3.1249986560000007
1.01495e-05,24.531246592000002,0.6132499936,1.489874995904,-3.1249986560000007
1.0150000000000001e-05,24.531246592000002,0.6132499936,1.489874995904,-3.1249986560000007
1.01505e-05,23.749996544,0.6132499936,1.4923749956480001,-2.8124986880000016
1.0151e-05,23.749996544,0.61949999296,1.4923749956480001,-3.437498624
1.0151500000000001e-05,22.968746496,0.6132499936,1.491124995776,-3.7499985920000007
1.0152e-05,23.749996544,0.6132499936,1.488624996032,-3.437498624
1.0152500000000001e-05,23.749996544,0.6132499936,1.488624996032,-3.7499985920000007
1.0153000000000001e-05,23.749996544,0.6132499936,1.48737499616,-3.1249986560000007
1.01535e-05,23.749996544,0.60699999424,1.48737499616,-3.1249986560000007
1.0154000000000001e-05,23.749996544,0.60699999424,1.488624996032,-3.1249986560000007
1.01545e-05,23.749996544,0.6132499936,1.48737499616,-3.1249986560000007
1.0155e-05,23.749996544,0.6132499936,1.484874996416,-3.1249986560000007
1.0155500000000001e-05,23.749996544,0.60699999424,1.486124996288,-3.437498624
1.0156e-05,23.749996544,0.6007499948799999,1.48737499616,-3.1249986560000007
1.01565e-05,23.749996544,0.6132499936,1.48737499616,-3.1249986560000007
1.0157000000000001e-05,24.531246592000002,0.6132499936,1.48737499616,-3.1249986560000007
1.01575e-05,23.749996544,0.60699999424,1.488624996032,-3.1249986560000007
1.0158e-05,22.968746496,0.6132499936,1.488624996032,-3.1249986560000007
1.0158500000000001e-05,22.968746496,0.60699999424,1.48737499616,-2.8124986880000016
1.0159e-05,23.749996544,0.6132499936,1.486124996288,-3.1249986560000007
1.01595e-05,23.749996544,0.60699999424,1.488624996032,-3.437498624
1.0160000000000001e-05,23.749996544,0.6132499936,1.486124996288,-3.437498624
1.01605e-05,24.531246592000002,0.6132499936,1.488624996032,-3.437498624
1.0161000000000001e-05,22.968746496,0.6132499936,1.48737499616,-3.1249986560000007
1.0161500000000001e-05,23.749996544,0.60699999424,1.489874995904,-3.1249986560000007
1.0162e-05,23.749996544,0.6132499936,1.489874995904,-2.8124986880000016
1.0162500000000001e-05,23.749996544,0.6132499936,1.488624996032,-3.1249986560000007
1.0163e-05,23.749996544,0.6132499936,1.486124996288,-3.1249986560000007
1.01635e-05,23.749996544,0.60699999424,1.486124996288,-3.1249986560000007
1.0164000000000001e-05,23.749996544,0.6132499936,1.48737499616,-3.1249986560000007
1.01645e-05,23.749996544,0.6132499936,1.48737499616,-3.437498624
1.0165e-05,23.749996544,0.61949999296,1.488624996032,-3.1249986560000007
1.0165500000000001e-05,23.749996544,0.6132499936,1.488624996032,-3.1249986560000007
1.0166e-05,23.749996544,0.6132499936,1.48737499616,-3.1249986560000007
1.01665e-05,23.749996544,0.6132499936,1.48737499616,-3.1249986560000007
1.0167000000000001e-05,23.749996544,0.6132499936,1.48737499616,-3.437498624
1.01675e-05,23.749996544,0.6132499936,1.48737499616,-3.437498624
1.0168e-05,23.749996544,0.61949999296,1.488624996032,-3.437498624
1.0168500000000001e-05,23.749996544,0.6132499936,1.491124995776,-3.437498624
1.0169e-05,22.968746496,0.6132499936,1.491124995776,-3.1249986560000007
1.01695e-05,23.749996544,0.60699999424,1.491124995776,-2.8124986880000016
1.0170000000000001e-05,24.531246592000002,0.6132499936,1.489874995904,-3.1249986560000007
1.01705e-05,23.749996544,0.6132499936,1.489874995904,-3.1249986560000007
1.0171000000000001e-05,23.749996544,0.6132499936,1.491124995776,-3.1249986560000007
1.01715e-05,23.749996544,0.60699999424,1.489874995904,-2.8124986880000016
1.0172e-05,23.749996544,0.6132499936,1.48737499616,-3.437498624
1.0172500000000001e-05,23.749996544,0.61949999296,1.48737499616,-3.437498624
1.0173e-05,23.749996544,0.61949999296,1.488624996032,-3.1249986560000007
1.01735e-05,23.749996544,0.6132499936,1.489874995904,-3.437498624
1.0174000000000001e-05,24.531246592000002,0.61949999296,1.488624996032,-3.1249986560000007
1.01745e-05,23.749996544,0.6132499936,1.491124995776,-3.1249986560000007
1.0175e-05,23.749996544,0.61949999296,1.488624996032,-3.437498624
1.0175500000000001e-05,23.749996544,0.61949999296,1.489874995904,-3.437498624
1.0176e-05,23.749996544,0.61949999296,1.489874995904,-3.1249986560000007
1.01765e-05,23.749996544,0.6132499936,1.489874995904,-3.1249986560000007
1.0177000000000001e-05,23.749996544,0.6132499936,1.488624996032,-3.1249986560000007
1.01775e-05,23.749996544,0.6132499936,1.491124995776,-2.8124986880000016
1.0178e-05,24.531246592000002,0.6132499936,1.491124995776,-2.8124986880000016
1.0178500000000001e-05,23.749996544,0.6132499936,1.489874995904,-3.1249986560000007
1.0179e-05,23.749996544,0.61949999296,1.48737499616,-3.1249986560000007
1.0179500000000001e-05,24.531246592000002,0.60699999424,1.486124996288,-2.8124986880000016
1.018e-05,24.531246592000002,0.60699999424,1.488624996032,-3.1249986560000007
1.01805e-05,24.531246592000002,0.6132499936,1.4923749956480001,-3.1249986560000007
1.0181000000000001e-05,25.31249664,0.6132499936,1.4923749956480001,-3.1249986560000007
1.01815e-05,23.749996544,0.60699999424,1.488624996032,-3.437498624
1.0182e-05,23.749996544,0.60699999424,1.48737499616,-3.1249986560000007
1.0182500000000001e-05,23.749996544,0.60699999424,1.488624996032,-3.1249986560000007
1.0183e-05,23.749996544,0.6132499936,1.489874995904,-3.1249986560000007
1.01835e-05,23.749996544,0.6132499936,1.494874995392,-3.1249986560000007
1.0184000000000001e-05,23.749996544,0.6132499936,1.491124995776,-3.437498624
1.01845e-05,23.749996544,0.6132499936,1.491124995776,-3.437498624
1.0185e-05,22.968746496,0.61949999296,1.48737499616,-2.8124986880000016
1.0185500000000001e-05,23.749996544,0.6132499936,1.488624996032,-3.1249986560000007
1.0186e-05,24.531246592000002,0.61949999296,1.491124995776,-3.1249986560000007
1.01865e-05,23.749996544,0.6132499936,1.489874995904,-3.1249986560000007
1.0187000000000001e-05,23.749996544,0.61949999296,1.4923749956480001,-3.1249986560000007
1.01875e-05,23.749996544,0.6132499936,1.4923749956480001,-3.1249986560000007
1.0188000000000001e-05,24.531246592000002,0.6132499936,1.4923749956480001,-3.437498624
1.01885e-05,24.531246592000002,0.6132499936,1.491124995776,-3.437498624
1.0189e-05,24.531246592000002,0.6132499936,1.491124995776,-3.437498624
1.0189500000000001e-05,23.749996544,0.6132499936,1.488624996032,-3.437498624
1.019e-05,23.749996544,0.61949999296,1.488624996032,-3.1249986560000007
1.01905e-05,23.749996544,0.61949999296,1.491124995776,-3.437498624
1.0191000000000001e-05,23.749996544,0.6132499936,1.488624996032,-3.1249986560000007
1.01915e-05,23.749996544,0.6132499936,1.488624996032,-3.1249986560000007
1.0192e-05,23.749996544,0.61949999296,1.488624996032,-3.1249986560000007
1.0192500000000001e-05,23.749996544,0.60699999424,1.491124995776,-3.437498624
1.0193e-05,23.749996544,0.6132499936,1.488624996032,-3.1249986560000007
1.01935e-05,23.749996544,0.6132499936,1.488624996032,-3.1249986560000007
1.0194000000000001e-05,24.531246592000002,0.6132499936,1.489874995904,-3.1249986560000007
1.01945e-05,23.749996544,0.6132499936,1.489874995904,-3.437498624
1.0195e-05,23.749996544,0.61949999296,1.491124995776,-3.1249986560000007
1.0195500000000001e-05,24.531246592000002,0.6132499936,1.4923749956480001,-2.8124986880000016
1.0196e-05,23.749996544,0.6132499936,1.4923749956480001,-2.8124986880000016
1.0196500000000001e-05,24.531246592000002,0.6132499936,1.488624996032,-3.1249986560000007
1.0197e-05,24.531246592000002,0.6132499936,1.488624996032,-3.1249986560000007
1.01975e-05,24.531246592000002,0.6132499936,1.486124996288,-3.1249986560000007
1.0198000000000001e-05,24.531246592000002,0.6132499936,1.48737499616,-3.1249986560000007
1.01985e-05,24.531246592000002,0.6132499936,1.489874995904,-2.8124986880000016
1.0199e-05,23.749996544,0.6132499936,1.488624996032,-3.1249986560000007
1.0199500000000001e-05,23.749996544,0.6132499936,1.488624996032,-3.7499985920000007
1.02e-05,23.749996544,0.60699999424,1.486124996288,-3.1249986560000007
1.02005e-05,24.531246592000002,0.60699999424,1.489874995904,-3.1249986560000007
1.0201000000000001e-05,24.531246592000002,0.60699999424,1.491124995776,-2.8124986880000016
1.02015e-05,23.749996544,0.6132499936,1.4923749956480001,-3.1249986560000007
1.0202e-05,24.531246592000002,0.6132499936,1.491124995776,-3.1249986560000007
1.0202500000000001e-05,23.749996544,0.6132499936,1.488624996032,-3.1249986560000007
1.0203e-05,23.749996544,0.61949999296,1.488624996032,-2.8124986880000016
1.02035e-05,23.749996544,0.6132499936,1.488624996032,-2.8124986880000016
1.0204000000000001e-05,23.749996544,0.6132499936,1.489874995904,-3.1249986560000007
1.02045e-05,24.531246592000002,0.6132499936,1.489874995904,-3.1249986560000007
1.0205000000000001e-05,24.531246592000002,0.6132499936,1.488624996032,-2.8124986880000016
1.02055e-05,24.531246592000002,0.6132499936,1.488624996032,-3.437498624
1.0206e-05,24.531246592000002,0.6132499936,1.488624996032,-3.1249986560000007
1.0206500000000001e-05,23.749996544,0.6132499936,1.489874995904,-2.8124986880000016
1.0207e-05,23.749996544,0.60699999424,1.48737499616,-3.1249986560000007
1.02075e-05,23.749996544,0.60699999424,1.488624996032,-3.1249986560000007
1.0208000000000001e-05,23.749996544,0.6132499936,1.486124996288,-3.1249986560000007
1.02085e-05,23.749996544,0.6132499936,1.48737499616,-3.1249986560000007
1.0209e-05,23.749996544,0.61949999296,1.48737499616,-3.1249986560000007
1.0209500000000001e-05,23.749996544,0.6132499936,1.489874995904,-2.8124986880000016
1.021e-05,23.749996544,0.6132499936,1.489874995904,-2.8124986880000016
1.02105e-05,23.749996544,0.6132499936,1.48737499616,-3.1249986560000007
1.0211000000000001e-05,23.749996544,0.6132499936,1.48737499616,-2.8124986880000016
1.02115e-05,24.531246592000002,0.60699999424,1.488624996032,-2.8124986880000016
1.0212e-05,23.749996544,0.60699999424,1.488624996032,-2.8124986880000016
1.0212500000000001e-05,23.749996544,0.60699999424,1.488624996032,-2.8124986880000016
1.0213e-05,24.531246592000002,0.6132499936,1.488624996032,-2.8124986880000016
1.0213500000000001e-05,23.749996544,0.6132499936,1.48737499616,-3.1249986560000007
1.0214e-05,23.749996544,0.6132499936,1.484874996416,-2.8124986880000016
1.02145e-05,23.749996544,0.6132499936,1.484874996416,-2.8124986880000016
1.0215000000000001e-05,23.749996544,0.60699999424,1.483624996544,-2.8124986880000016
1.02155e-05,23.749996544,0.60699999424,1.48737499616,-3.1249986560000007
1.0216e-05,23.749996544,0.6132499936,1.488624996032,-3.1249986560000007
1.0216500000000001e-05,23.749996544,0.60699999424,1.491124995776,-3.1249986560000007
1.0217e-05,22.968746496,0.6132499936,1.489874995904,-2.8124986880000016
1.02175e-05,23.749996544,0.60699999424,1.48737499616,-2.8124986880000016
1.0218000000000001e-05,24.531246592000002,0.60699999424,1.486124996288,-2.8124986880000016
1.02185e-05,23.749996544,0.60699999424,1.486124996288,-3.1249986560000007
1.0219e-05,24.531246592000002,0.6132499936,1.489874995904,-2.8124986880000016
1.0219500000000001e-05,23.749996544,0.60699999424,1.488624996032,-2.8124986880000016
1.022e-05,23.749996544,0.60699999424,1.48737499616,-2.8124986880000016
1.02205e-05,23.749996544,0.61949999296,1.48737499616,-3.1249986560000007
1.0221000000000001e-05,23.749996544,0.6132499936,1.488624996032,-3.1249986560000007
1.02215e-05,23.749996544,0.61949999296,1.486124996288,-3.1249986560000007
1.0222000000000001e-05,23.749996544,0.6132499936,1.488624996032,-2.8124986880000016
1.02225e-05,23.749996544,0.6132499936,1.491124995776,-3.1249986560000007
1.0223e-05,23.749996544,0.6132499936,1.489874995904,-3.437498624
1.0223500000000001e-05,23.749996544,0.6132499936,1.488624996032,-3.1249986560000007
1.0224e-05,24.531246592000002,0.6132499936,1.486124996288,-3.1249986560000007
1.02245e-05,23.749996544,0.6132499936,1.488624996032,-3.1249986560000007
1.0225000000000001e-05,24.531246592000002,0.60699999424,1.484874996416,-3.1249986560000007
1.02255e-05,24.531246592000002,0.60699999424,1.486124996288,-2.8124986880000016
1.0226e-05,24.531246592000002,0.60699999424,1.48737499616,-2.8124986880000016
1.0226500000000001e-05,23.749996544,0.6132499936,1.489874995904,-3.1249986560000007
1.0227e-05,23.749996544,0.6132499936,1.488624996032,-2.8124986880000016
1.02275e-05,23.749996544,0.60699999424,1.486124996288,-2.8124986880000016
1.0228000000000001e-05,22.968746496,0.6132499936,1.48737499616,-2.8124986880000016
1.02285e-05,23.749996544,0.6132499936,1.489874995904,-3.1249986560000007
1.0229e-05,23.749996544,0.6132499936,1.489874995904,-3.1249986560000007
1.0229500000000001e-05,24.531246592000002,0.6132499936,1.488624996032,-3.1249986560000007
1.023e-05,23.749996544,0.6132499936,1.48737499616,-2.8124986880000016
1.0230500000000001e-05,23.749996544,0.6132499936,1.488624996032,-2.8124986880000016
1.0231e-05,22.968746496,0.6132499936,1.48737499616,-2.8124986880000016
1.02315e-05,22.968746496,0.60699999424,1.48737499616,-2.8124986880000016
1.0232000000000001e-05,23.749996544,0.60699999424,1.48737499616,-2.8124986880000016
1.02325e-05,24.531246592000002,0.6132499936,1.488624996032,-3.1249986560000007
1.0233e-05,23.749996544,0.6132499936,1.484874996416,-3.1249986560000007
1.0233500000000001e-05,23.749996544,0.6132499936,1.486124996288,-2.8124986880000016
1.0234e-05,24.531246592000002,0.6132499936,1.48737499616,-2.8124986880000016
1.02345e-05,23.749996544,0.60699999424,1.489874995904,-3.1249986560000007
1.0235000000000001e-05,23.749996544,0.6132499936,1.489874995904,-2.8124986880000016
1.02355e-05,24.531246592000002,0.60699999424,1.48737499616,-2.8124986880000016
1.0236e-05,23.749996544,0.60699999424,1.48737499616,-2.8124986880000016
1.0236500000000001e-05,23.749996544,0.60699999424,1.489874995904,-3.1249986560000007
1.0237e-05,24.531246592000002,0.6132499936,1.491124995776,-2.8124986880000016
1.02375e-05,23.749996544,0.6132499936,1.491124995776,-3.1249986560000007
1.0238000000000001e-05,23.749996544,0.6132499936,1.489874995904,-2.8124986880000016
1.02385e-05,23.749996544,0.6132499936,1.489874995904,-2.8124986880000016
1.0239000000000001e-05,23.749996544,0.6132499936,1.488624996032,-3.1249986560000007
1.02395e-05,23.749996544,0.6132499936,1.489874995904,-2.8124986880000016
1.024e-05,23.749996544,0.6132499936,1.486124996288,-3.1249986560000007
1.0240500000000001e-05,23.749996544,0.6132499936,1.488624996032,-3.1249986560000007
1.0241e-05,24.531246592000002,0.6132499936,1.48737499616,-2.8124986880000016
1.02415e-05,23.749996544,0.6132499936,1.489874995904,-2.4999987200000007
1.0242000000000001e-05,23.749996544,0.61949999296,1.488624996032,-2.8124986880000016
1.02425e-05,22.187496448000005,0.61949999296,1.48737499616,-3.1249986560000007
1.0243e-05,23.749996544,0.6132499936,1.489874995904,-2.8124986880000016
1.0243500000000001e-05,23.749996544,0.6132499936,1.489874995904,-2.8124986880000016
1.0244e-05,23.749996544,0.6132499936,1.488624996032,-2.8124986880000016
1.02445e-05,23.749996544,0.6132499936,1.491124995776,-3.1249986560000007
1.0245000000000001e-05,24.531246592000002,0.6132499936,1.491124995776,-2.8124986880000016
1.02455e-05,23.749996544,0.6132499936,1.489874995904,-2.8124986880000016
1.0246e-05,24.531246592000002,0.6132499936,1.488624996032,-2.4999987200000007
1.0246500000000001e-05,23.749996544,0.6132499936,1.486124996288,-2.4999987200000007
1.0247e-05,23.749996544,0.61949999296,1.486124996288,-2.8124986880000016
1.0247500000000001e-05,22.968746496,0.6132499936,1.488624996032,-3.1249986560000007
1.0248e-05,23.749996544,0.6132499936,1.48737499616,-2.8124986880000016
1.02485e-05,23.749996544,0.60699999424,1.488624996032,-3.1249986560000007
1.0249000000000001e-05,22.968746496,0.60699999424,1.48737499616,-2.8124986880000016
1.02495e-05,23.749996544,0.60699999424,1.488624996032,-2.8124986880000016
1.025e-05,23.749996544,0.60699999424,1.48737499616,-3.1249986560000007
1.0250500000000001e-05,23.749996544,0.6132499936,1.484874996416,-3.1249986560000007
1.0251e-05,23.749996544,0.6132499936,1.486124996288,-3.1249986560000007
1.02515e-05,23.749996544,0.60699999424,1.48737499616,-3.1249986560000007
1.0252000000000001e-05,23.749996544,0.60699999424,1.484874996416,-3.1249986560000007
1.02525e-05,23.749996544,0.61949999296,1.48737499616,-3.1249986560000007
1.0253e-05,23.749996544,0.6132499936,1.491124995776,-3.1249986560000007
1.0253500000000001e-05,23.749996544,0.61949999296,1.488624996032,-3.1249986560000007
1.0254e-05,23.749996544,0.6132499936,1.48737499616,-3.1249986560000007
1.02545e-05,22.968746496,0.6132499936,1.488624996032,-2.8124986880000016
1.0255000000000001e-05,23.749996544,0.60699999424,1.484874996416,-2.8124986880000016
1.02555e-05,24.531246592000002,0.6132499936,1.486124996288,-3.1249986560000007
1.0256000000000001e-05,23.749996544,0.6132499936,1.484874996416,-3.1249986560000007
1.02565e-05,23.749996544,0.60699999424,1.486124996288,-3.1249986560000007
1.0257e-05,23.749996544,0.6132499936,1.484874996416,-2.8124986880000016
1.0257500000000001e-05,23.749996544,0.60699999424,1.48737499616,-2.8124986880000016
1.0258e-05,24.531246592000002,0.6132499936,1.489874995904,-2.8124986880000016
1.02585e-05,23.749996544,0.60699999424,1.491124995776,-3.1249986560000007
1.0259000000000001e-05,23.749996544,0.60699999424,1.4923749956480001,-2.8124986880000016
1.02595e-05,23.749996544,0.6132499936,1.491124995776,-2.4999987200000007
1.026e-05,23.749996544,0.6132499936,1.48737499616,-2.8124986880000016
1.0260500000000001e-05,23.749996544,0.61949999296,1.48737499616,-3.1249986560000007
1.0261e-05,23.749996544,0.6132499936,1.48737499616,-2.8124986880000016
1.02615e-05,24.531246592000002,0.60699999424,1.489874995904,-2.8124986880000016
1.0262000000000001e-05,23.749996544,0.60699999424,1.489874995904,-2.8124986880000016
1.02625e-05,23.749996544,0.6132499936,1.489874995904,-2.8124986880000016
1.0263e-05,23.749996544,0.6132499936,1.488624996032,-3.1249986560000007
1.0263500000000001e-05,23.749996544,0.6132499936,1.48737499616,-2.8124986880000016
1.0264e-05,24.531246592000002,0.61949999296,1.486124996288,-3.1249986560000007
1.0264500000000001e-05,24.531246592000002,0.60699999424,1.489874995904,-3.437498624
1.0265e-05,23.749996544,0.60699999424,1.489874995904,-2.8124986880000016
1.02655e-05,23.749996544,0.6132499936,1.488624996032,-2.8124986880000016
1.0266000000000001e-05,24.531246592000002,0.61949999296,1.48737499616,-2.4999987200000007
1.02665e-05,22.968746496,0.6132499936,1.488624996032,-3.1249986560000007
1.0267e-05,22.968746496,0.60699999424,1.48737499616,-2.8124986880000016
1.0267500000000001e-05,23.749996544,0.60699999424,1.488624996032,-2.8124986880000016
1.0268e-05,23.749996544,0.6132499936,1.489874995904,-2.8124986880000016
1.02685e-05,23.749996544,0.6132499936,1.491124995776,-3.1249986560000007
1.0269000000000001e-05,23.749996544,0.6132499936,1.48737499616,-2.8124986880000016
1.02695e-05,24.531246592000002,0.6132499936,1.486124996288,-2.4999987200000007
1.027e-05,23.749996544,0.60699999424,1.48737499616,-2.4999987200000007
1.0270500000000001e-05,23.749996544,0.60699999424,1.488624996032,-2.8124986880000016
1.0271e-05,23.749996544,0.6132499936,1.488624996032,-2.8124986880000016
1.02715e-05,23.749996544,0.60699999424,1.489874995904,-2.8124986880000016
1.0272000000000001e-05,23.749996544,0.61949999296,1.488624996032,-3.1249986560000007
1.02725e-05,24.531246592000002,0.6132499936,1.488624996032,-2.8124986880000016
1.0273000000000001e-05,23.749996544,0.60699999424,1.488624996032,-2.4999987200000007
1.02735e-05,23.749996544,0.60699999424,1.491124995776,-2.8124986880000016
1.0274e-05,23.749996544,0.60699999424,1.489874995904,-2.8124986880000016
1.0274500000000001e-05,24.531246592000002,0.6132499936,1.489874995904,-2.8124986880000016
1.0275e-05,23.749996544,0.6132499936,1.489874995904,-2.8124986880000016
1.02755e-05,23.749996544,0.60699999424,1.488624996032,-2.4999987200000007
1.0276000000000001e-05,23.749996544,0.60699999424,1.489874995904,-2.8124986880000016
1.02765e-05,23.749996544,0.60699999424,1.489874995904,-3.1249986560000007
1.0277e-05,23.749996544,0.60699999424,1.488624996032,-2.8124986880000016
1.0277500000000001e-05,22.968746496,0.6132499936,1.48737499616,-2.4999987200000007
1.0278e-05,23.749996544,0.60699999424,1.488624996032,-2.4999987200000007
1.02785e-05,23.749996544,0.60699999424,1.488624996032,-2.4999987200000007
1.0279000000000001e-05,23.749996544,0.60699999424,1.488624996032,-2.8124986880000016
1.02795e-05,23.749996544,0.60699999424,1.489874995904,-3.1249986560000007
1.028e-05,23.749996544,0.6132499936,1.488624996032,-2.8124986880000016
1.0280500000000001e-05,23.749996544,0.6132499936,1.488624996032,-3.437498624
1.0281e-05,23.749996544,0.60699999424,1.48737499616,-3.1249986560000007
1.0281500000000001e-05,23.749996544,0.6132499936,1.488624996032,-2.8124986880000016
1.0282e-05,23.749996544,0.61949999296,1.489874995904,-2.8124986880000016
1.02825e-05,23.749996544,0.6132499936,1.489874995904,-2.8124986880000016
1.0283000000000001e-05,23.749996544,0.6132499936,1.491124995776,-2.8124986880000016
1.02835e-05,23.749996544,0.6132499936,1.489874995904,-2.8124986880000016
1.0284e-05,23.749996544,0.6132499936,1.488624996032,-2.8124986880000016
1.0284500000000001e-05,23.749996544,0.61949999296,1.48737499616,-2.8124986880000016
1.0285e-05,24.531246592000002,0.6132499936,1.488624996032,-2.8124986880000016
1.02855e-05,23.749996544,0.6132499936,1.486124996288,-2.8124986880000016
1.0286000000000001e-05,23.749996544,0.60699999424,1.486124996288,-2.4999987200000007
1.02865e-05,24.531246592000002,0.60699999424,1.48737499616,-2.8124986880000016
1.0287e-05,23.749996544,0.6132499936,1.48737499616,-2.4999987200000007
1.0287500000000001e-05,23.749996544,0.6132499936,1.488624996032,-2.8124986880000016
1.0288e-05,24.531246592000002,0.6132499936,1.484874996416,-2.8124986880000016
1.02885e-05,23.749996544,0.60699999424,1.48737499616,-2.8124986880000016
1.0289000000000001e-05,23.749996544,0.6132499936,1.489874995904,-2.8124986880000016
1.02895e-05,22.968746496,0.6132499936,1.491124995776,-2.8124986880000016
1.0290000000000001e-05,23.749996544,0.6132499936,1.488624996032,-2.8124986880000016
1.02905e-05,23.749996544,0.6132499936,1.48737499616,-3.1249986560000007
1.0291e-05,23.749996544,0.61949999296,1.48737499616,-2.8124986880000016
1.0291500000000001e-05,23.749996544,0.6132499936,1.488624996032,-2.4999987200000007
1.0292e-05,23.749996544,0.60699999424,1.489874995904,-2.8124986880000016
1.02925e-05,23.749996544,0.60699999424,1.488624996032,-3.1249986560000007
1.0293000000000001e-05,22.968746496,0.6132499936,1.484874996416,-2.8124986880000016
1.02935e-05,23.749996544,0.6132499936,1.48737499616,-3.1249986560000007
1.0294e-05,23.749996544,0.60699999424,1.488624996032,-2.8124986880000016
1.0294500000000001e-05,22.968746496,0.60699999424,1.488624996032,-2.8124986880000016
1.0295e-05,23.749996544,0.60699999424,1.486124996288,-2.8124986880000016
1.02955e-05,23.749996544,0.60699999424,1.48737499616,-3.1249986560000007
1.0296000000000001e-05,23.749996544,0.6132499936,1.48737499616,-3.1249986560000007
1.02965e-05,24.531246592000002,0.60699999424,1.48737499616,-3.1249986560000007
1.0297e-05,23.749996544,0.6132499936,1.484874996416,-3.1249986560000007
1.0297500000000001e-05,23.749996544,0.6132499936,1.486124996288,-2.8124986880000016
1.0298e-05,23.749996544,0.61949999296,1.486124996288,-2.8124986880000016
1.0298500000000001e-05,22.968746496,0.6132499936,1.488624996032,-3.1249986560000007
1.0299e-05,23.749996544,0.60699999424,1.489874995904,-2.4999987200000007
1.02995e-05,24.531246592000002,0.60699999424,1.488624996032,-2.4999987200000007
1.0300000000000001e-05,23.749996544,0.60699999424,1.486124996288,-2.4999987200000007
1.03005e-05,23.749996544,0.6132499936,1.48737499616,-2.8124986880000016
1.0301e-05,24.531246592000002,0.6132499936,1.486124996288,-2.4999987200000007
1.0301500000000001e-05,23.749996544,0.6132499936,1.484874996416,-2.8124986880000016
1.0302e-05,24.531246592000002,0.6132499936,1.486124996288,-2.8124986880000016
1.03025e-05,23.749996544,0.60699999424,1.486124996288,-2.8124986880000016
1.0303000000000001e-05,23.749996544,0.6132499936,1.48737499616,-2.8124986880000016
1.03035e-05,23.749996544,0.60699999424,1.48737499616,-2.8124986880000016
1.0304e-05,23.749996544,0.60699999424,1.484874996416,-2.8124986880000016
1.0304500000000001e-05,23.749996544,0.6132499936,1.48737499616,-3.1249986560000007
1.0305e-05,22.968746496,0.6132499936,1.48737499616,-2.8124986880000016
1.03055e-05,23.749996544,0.6132499936,1.48737499616,-2.8124986880000016
1.0306000000000001e-05,23.749996544,0.6132499936,1.486124996288,-2.8124986880000016
1.03065e-05,24.531246592000002,0.6132499936,1.484874996416,-3.1249986560000007
1.0307000000000001e-05,23.749996544,0.6132499936,1.484874996416,-2.4999987200000007
1.03075e-05,23.749996544,0.60699999424,1.484874996416,-2.8124986880000016
1.0308e-05,22.968746496,0.60699999424,1.483624996544,-2.8124986880000016
1.0308500000000001e-05,24.531246592000002,0.6132499936,1.484874996416,-2.8124986880000016
1.0309e-05,24.531246592000002,0.60699999424,1.486124996288,-2.8124986880000016
1.03095e-05,23.749996544,0.60699999424,1.48737499616,-2.8124986880000016
1.0310000000000001e-05,23.749996544,0.60699999424,1.48737499616,-2.8124986880000016
1.03105e-05,23.749996544,0.60699999424,1.484874996416,-2.4999987200000007
1.0311e-05,23.749996544,0.60699999424,1.486124996288,-2.8124986880000016
1.0311500000000001e-05,23.749996544,0.6007499948799999,1.486124996288,-2.8124986880000016
1.0312e-05,24.531246592000002,0.6132499936,1.484874996416,-3.1249986560000007
1.03125e-05,23.749996544,0.60699999424,1.48737499616,-2.8124986880000016
1.0313000000000001e-05,23.749996544,0.60699999424,1.486124996288,-2.4999987200000007
1.03135e-05,23.749996544,0.60699999424,1.486124996288,-2.4999987200000007
1.0314e-05,24.531246592000002,0.6132499936,1.48737499616,-2.8124986880000016
1.0314500000000001e-05,23.749996544,0.60699999424,1.48737499616,-2.8124986880000016
1.0315e-05,23.749996544,0.6132499936,1.48737499616,-2.8124986880000016
1.0315500000000001e-05,23.749996544,0.60699999424,1.48737499616,-2.4999987200000007
1.0316e-05,24.531246592000002,0.60699999424,1.48737499616,-2.4999987200000007
1.03165e-05,23.749996544,0.60699999424,1.48737499616,-2.8124986880000016
1.0317000000000001e-05,22.968746496,0.6132499936,1.48737499616,-2.8124986880000016
1.03175e-05,23.749996544,0.6132499936,1.48737499616,-2.8124986880000016
1.0318e-05,23.749996544,0.60699999424,1.484874996416,-2.4999987200000007
1.0318500000000001e-05,23.749996544,0.60699999424,1.484874996416,-2.4999987200000007
1.0319e-05,24.531246592000002,0.6132499936,1.484874996416,-2.8124986880000016
1.03195e-05,23.749996544,0.6132499936,1.488624996032,-2.8124986880000016
1.0320000000000001e-05,24.531246592000002,0.6132499936,1.488624996032,-2.8124986880000016
1.03205e-05,24.531246592000002,0.60699999424,1.488624996032,-2.8124986880000016
1.0321e-05,23.749996544,0.60699999424,1.48737499616,-2.4999987200000007
1.0321500000000001e-05,23.749996544,0.6132499936,1.48737499616,-2.8124986880000016
1.0322e-05,24.531246592000002,0.61949999296,1.488624996032,-2.8124986880000016
1.03225e-05,22.968746496,0.6132499936,1.488624996032,-2.4999987200000007
1.0323000000000001e-05,24.531246592000002,0.6132499936,1.488624996032,-2.4999987200000007
1.03235e-05,23.749996544,0.60699999424,1.488624996032,-2.4999987200000007
1.0324000000000001e-05,23.749996544,0.6132499936,1.488624996032,-2.8124986880000016
1.03245e-05,23.749996544,0.61949999296,1.48737499616,-2.8124986880000016
1.0325e-05,24.531246592000002,0.6132499936,1.486124996288,-2.8124986880000016
1.0325500000000001e-05,23.749996544,0.6132499936,1.486124996288,-3.1249986560000007
1.0326e-05,24.531246592000002,0.6132499936,1.48737499616,-2.8124986880000016
1.03265e-05,23.749996544,0.6132499936,1.488624996032,-2.4999987200000007
1.0327000000000001e-05,23.749996544,0.6132499936,1.48737499616,-2.8124986880000016
1.03275e-05,23.749996544,0.60699999424,1.488624996032,-2.8124986880000016
1.0328e-05,24.531246592000002,0.60699999424,1.486124996288,-2.8124986880000016
1.0328500000000001e-05,24.531246592000002,0.60699999424,1.489874995904,-2.8124986880000016
1.0329e-05,23.749996544,0.6132499936,1.488624996032,-2.8124986880000016
1.03295e-05,23.749996544,0.6132499936,1.488624996032,-2.8124986880000016
1.0330000000000001e-05,23.749996544,0.6132499936,1.489874995904,-2.4999987200000007
1.03305e-05,24.531246592000002,0.60699999424,1.491124995776,-2.4999987200000007
1.0331e-05,22.968746496,0.60699999424,1.489874995904,-2.4999987200000007
1.0331500000000001e-05,23.749996544,0.60699999424,1.489874995904,-2.4999987200000007
1.0332e-05,23.749996544,0.60699999424,1.48737499616,-2.8124986880000016
1.0332500000000001e-05,23.749996544,0.6132499936,1.489874995904,-2.8124986880000016
1.0333000000000001e-05,24.531246592000002,0.6132499936,1.491124995776,-2.8124986880000016
1.03335e-05,24.531246592000002,0.6132499936,1.489874995904,-2.4999987200000007
1.0334000000000001e-05,23.749996544,0.6132499936,1.489874995904,-2.4999987200000007
1.03345e-05,23.749996544,0.60699999424,1.489874995904,-2.8124986880000016
1.0335e-05,23.749996544,0.60699999424,1.489874995904,-2.8124986880000016
1.0335500000000001e-05,24.531246592000002,0.60699999424,1.489874995904,-2.8124986880000016
1.0336e-05,24.531246592000002,0.6132499936,1.488624996032,-2.8124986880000016
1.03365e-05,23.749996544,0.60699999424,1.4923749956480001,-3.1249986560000007
1.0337000000000001e-05,23.749996544,0.6132499936,1.491124995776,-2.8124986880000016
1.03375e-05,23.749996544,0.60699999424,1.491124995776,-2.4999987200000007
1.0338e-05,23.749996544,0.6132499936,1.489874995904,-2.8124986880000016
1.0338500000000001e-05,23.749996544,0.60699999424,1.488624996032,-2.4999987200000007
1.0339e-05,23.749996544,0.6132499936,1.48737499616,-2.8124986880000016
1.03395e-05,23.749996544,0.6132499936,1.489874995904,-2.4999987200000007
1.0340000000000001e-05,23.749996544,0.60699999424,1.48737499616,-2.4999987200000007
1.03405e-05,23.749996544,0.60699999424,1.488624996032,-2.8124986880000016
1.0341000000000001e-05,24.531246592000002,0.60699999424,1.488624996032,-2.8124986880000016
1.0341500000000001e-05,24.531246592000002,0.6132499936,1.486124996288,-2.8124986880000016
1.0342e-05,23.749996544,0.60699999424,1.486124996288,-2.4999987200000007
1.0342500000000001e-05,23.749996544,0.6132499936,1.486124996288,-2.4999987200000007
1.0343e-05,22.968746496,0.6132499936,1.486124996288,-2.4999987200000007
1.03435e-05,23.749996544,0.60699999424,1.48737499616,-2.8124986880000016
1.0344000000000001e-05,23.749996544,0.6132499936,1.486124996288,-3.1249986560000007
1.03445e-05,23.749996544,0.60699999424,1.488624996032,-2.8124986880000016
1.0345e-05,23.749996544,0.60699999424,1.488624996032,-2.8124986880000016
1.0345500000000001e-05,23.749996544,0.60699999424,1.488624996032,-2.4999987200000007
1.0346e-05,23.749996544,0.6132499936,1.48737499616,-2.8124986880000016
1.03465e-05,23.749996544,0.60699999424,1.488624996032,-2.4999987200000007
1.0347000000000001e-05,22.968746496,0.6132499936,1.488624996032,-2.4999987200000007
1.03475e-05,22.968746496,0.60699999424,1.488624996032,-2.8124986880000016
1.0348e-05,23.749996544,0.60699999424,1.48737499616,-2.8124986880000016
1.0348500000000001e-05,23.749996544,0.6132499936,1.489874995904,-2.8124986880000016
1.0349e-05,23.749996544,0.6132499936,1.491124995776,-2.8124986880000016
1.0349500000000001e-05,23.749996544,0.6132499936,1.489874995904,-2.8124986880000016
1.0350000000000001e-05,22.968746496,0.60699999424,1.489874995904,-2.4999987200000007
1.03505e-05,23.749996544,0.60699999424,1.491124995776,-2.8124986880000016
1.0351000000000001e-05,22.968746496,0.60699999424,1.48737499616,-2.4999987200000007
1.03515e-05,23.749996544,0.6132499936,1.488624996032,-2.8124986880000016
1.0352e-05,23.749996544,0.6132499936,1.486124996288,-2.8124986880000016
1.0352500000000001e-05,23.749996544,0.6132499936,1.491124995776,-2.8124986880000016
1.0353e-05,22.187496448000005,0.60699999424,1.489874995904,-2.4999987200000007
1.03535e-05,23.749996544,0.60699999424,1.48737499616,-2.4999987200000007
1.0354000000000001e-05,23.749996544,0.60699999424,1.48737499616,-2.4999987200000007
1.03545e-05,22.968746496,0.60699999424,1.489874995904,-2.8124986880000016
1.0355e-05,22.968746496,0.60699999424,1.48737499616,-2.8124986880000016
1.0355500000000001e-05,23.749996544,0.60699999424,1.48737499616,-2.8124986880000016
1.0356e-05,23.749996544,0.60699999424,1.488624996032,-2.8124986880000016
1.03565e-05,23.749996544,0.6132499936,1.488624996032,-2.8124986880000016
1.0357000000000001e-05,23.749996544,0.6132499936,1.488624996032,-2.8124986880000016
1.03575e-05,23.749996544,0.6132499936,1.488624996032,-2.8124986880000016
1.0358000000000001e-05,23.749996544,0.60699999424,1.488624996032,-2.4999987200000007
1.0358500000000001e-05,23.749996544,0.60699999424,1.48737499616,-2.4999987200000007
1.0359e-05,23.749996544,0.60699999424,1.484874996416,-2.4999987200000007
1.0359500000000001e-05,23.749996544,0.60699999424,1.48737499616,-2.8124986880000016
1.036e-05,23.749996544,0.60699999424,1.486124996288,-2.4999987200000007
1.03605e-05,22.968746496,0.60699999424,1.486124996288,-3.1249986560000007
1.0361000000000001e-05,22.968746496,0.60699999424,1.483624996544,-2.8124986880000016
1.03615e-05,23.749996544,0.60699999424,1.48737499616,-2.8124986880000016
1.0362e-05,24.531246592000002,0.60699999424,1.488624996032,-2.8124986880000016
1.0362500000000001e-05,23.749996544,0.60699999424,1.48737499616,-2.8124986880000016
1.0363e-05,23.749996544,0.60699999424,1.486124996288,-2.1874987519999998
1.03635e-05,23.749996544,0.60699999424,1.486124996288,-2.4999987200000007
1.0364000000000001e-05,23.749996544,0.60699999424,1.48737499616,-2.8124986880000016
1.03645e-05,23.749996544,0.60699999424,1.488624996032,-2.8124986880000016
1.0365e-05,23.749996544,0.60699999424,1.488624996032,-2.4999987200000007
1.0365500000000001e-05,23.749996544,0.60699999424,1.486124996288,-2.8124986880000016
1.0366e-05,24.531246592000002,0.6007499948799999,1.48737499616,-2.8124986880000016
1.0366500000000001e-05,23.749996544,0.60699999424,1.491124995776,-2.4999987200000007
1.0367000000000001e-05,23.749996544,0.60699999424,1.488624996032,-2.4999987200000007
1.03675e-05,23.749996544,0.60699999424,1.48737499616,-2.8124986880000016
1.0368000000000001e-05,23.749996544,0.6132499936,1.48737499616,-2.8124986880000016
1.03685e-05,23.749996544,0.60699999424,1.491124995776,-2.8124986880000016
1.0369e-05,22.968746496,0.6132499936,1.488624996032,-2.8124986880000016
1.0369500000000001e-05,22.968746496,0.60699999424,1.488624996032,-2.4999987200000007
1.037e-05,24.531246592000002,0.60699999424,1.488624996032,-2.4999987200000007
1.03705e-05,24.531246592000002,0.6132499936,1.489874995904,-2.8124986880000016
1.0371000000000001e-05,23.749996544,0.6132499936,1.489874995904,-2.8124986880000016
1.03715e-05,23.749996544,0.60699999424,1.489874995904,-2.8124986880000016
1.0372e-05,23.749996544,0.60699999424,1.489874995904,-2.4999987200000007
1.0372500000000001e-05,22.968746496,0.60699999424,1.491124995776,-2.4999987200000007
1.0373e-05,23.749996544,0.60699999424,1.491124995776,-2.8124986880000016
1.03735e-05,23.749996544,0.60699999424,1.489874995904,-2.8124986880000016
1.0374000000000001e-05,23.749996544,0.6007499948799999,1.491124995776,-2.4999987200000007
1.03745e-05,23.749996544,0.6007499948799999,1.4923749956480001,-2.4999987200000007
1.0375000000000001e-05,23.749996544,0.60699999424,1.488624996032,-2.4999987200000007
1.0375500000000001e-05,22.968746496,0.60699999424,1.488624996032,-2.8124986880000016
1.0376e-05,23.749996544,0.60699999424,1.486124996288,-2.8124986880000016
1.0376500000000001e-05,23.749996544,0.6007499948799999,1.48737499616,-2.8124986880000016
1.0377e-05,23.749996544,0.60699999424,1.48737499616,-2.4999987200000007
1.03775e-05,23.749996544,0.6007499948799999,1.491124995776,-2.4999987200000007
1.0378000000000001e-05,23.749996544,0.60699999424,1.489874995904,-2.4999987200000007
1.03785e-05,23.749996544,0.6007499948799999,1.48737499616,-2.8124986880000016
1.0379e-05,24.531246592000002,0.60699999424,1.486124996288,-2.4999987200000007
1.0379500000000001e-05,23.749996544,0.60699999424,1.488624996032,-2.4999987200000007
1.038e-05,23.749996544,0.60699999424,1.488624996032,-2.4999987200000007
1.03805e-05,23.749996544,0.60699999424,1.488624996032,-2.4999987200000007
1.0381000000000001e-05,24.531246592000002,0.6007499948799999,1.486124996288,-2.4999987200000007
1.03815e-05,24.531246592000002,0.6007499948799999,1.486124996288,-2.4999987200000007
1.0382e-05,23.749996544,0.6007499948799999,1.48737499616,-2.4999987200000007
1.0382500000000001e-05,23.749996544,0.6007499948799999,1.488624996032,-2.4999987200000007
1.0383e-05,23.749996544,0.60699999424,1.484874996416,-2.4999987200000007
1.0383500000000001e-05,23.749996544,0.6007499948799999,1.486124996288,-2.8124986880000016
1.0384000000000001e-05,23.749996544,0.60699999424,1.486124996288,-2.4999987200000007
1.03845e-05,23.749996544,0.60699999424,1.491124995776,-2.4999987200000007
1.0385000000000001e-05,22.968746496,0.6007499948799999,1.489874995904,-2.1874987519999998
1.03855e-05,23.749996544,0.60699999424,1.488624996032,-2.4999987200000007
1.0386e-05,23.749996544,0.60699999424,1.48737499616,-2.4999987200000007
1.0386500000000001e-05,23.749996544,0.60699999424,1.48737499616,-2.4999987200000007
1.0387e-05,23.749996544,0.6132499936,1.48737499616,-2.4999987200000007
1.03875e-05,23.749996544,0.6007499948799999,1.486124996288,-2.4999987200000007
1.0388000000000001e-05,23.749996544,0.60699999424,1.486124996288,-2.4999987200000007
1.03885e-05,23.749996544,0.60699999424,1.486124996288,-2.4999987200000007
1.0389e-05,23.749996544,0.60699999424,1.488624996032,-2.4999987200000007
1.0389500000000001e-05,23.749996544,0.60699999424,1.488624996032,-2.4999987200000007
1.039e-05,23.749996544,0.6007499948799999,1.489874995904,-2.4999987200000007
1.03905e-05,22.968746496,0.60699999424,1.48737499616,-2.4999987200000007
1.0391000000000001e-05,23.749996544,0.60699999424,1.486124996288,-2.4999987200000007
1.03915e-05,23.749996544,0.60699999424,1.48737499616,-2.8124986880000016
1.0392000000000001e-05,23.749996544,0.60699999424,1.488624996032,-2.4999987200000007
1.0392500000000001e-05,23.749996544,0.6007499948799999,1.491124995776,-2.4999987200000007
1.0393e-05,23.749996544,0.60699999424,1.489874995904,-2.4999987200000007
1.0393500000000001e-05,23.749996544,0.60699999424,1.488624996032,-2.4999987200000007
1.0394e-05,23.749996544,0.60699999424,1.48737499616,-2.4999987200000007
1.03945e-05,23.749996544,0.60699999424,1.486124996288,-2.4999987200000007
1.0395000000000001e-05,23.749996544,0.60699999424,1.488624996032,-2.4999987200000007
1.03955e-05,23.749996544,0.60699999424,1.489874995904,-2.4999987200000007
1.0396e-05,23.749996544,0.60699999424,1.488624996032,-2.4999987200000007
1.0396500000000001e-05,23.749996544,0.6007499948799999,1.488624996032,-2.8124986880000016
1.0397e-05,24.531246592000002,0.6132499936,1.486124996288,-2.4999987200000007
1.03975e-05,23.749996544,0.60699999424,1.484874996416,-2.1874987519999998
1.0398000000000001e-05,23.749996544,0.6007499948799999,1.484874996416,-2.1874987519999998
1.03985e-05,23.749996544,0.60699999424,1.48737499616,-2.4999987200000007
1.0399e-05,23.749996544,0.60699999424,1.484874996416,-2.4999987200000007
1.0399500000000001e-05,23.749996544,0.60699999424,1.483624996544,-2.8124986880000016
1.04e-05,23.749996544,0.6132499936,1.483624996544,-2.4999987200000007
1.0400500000000001e-05,23.749996544,0.6007499948799999,1.48737499616,-2.4999987200000007
1.0401000000000001e-05,23.749996544,0.6007499948799999,1.486124996288,-2.1874987519999998
1.04015e-05,23.749996544,0.6007499948799999,1.486124996288,-2.4999987200000007
1.0402000000000001e-05,24.531246592000002,0.60699999424,1.48737499616,-2.4999987200000007
1.04025e-05,23.749996544,0.6007499948799999,1.488624996032,-2.4999987200000007
1.0403e-05,23.749996544,0.60699999424,1.488624996032,-2.1874987519999998
1.0403500000000001e-05,23.749996544,0.6007499948799999,1.488624996032,-2.4999987200000007
1.0404e-05,23.749996544,0.6007499948799999,1.486124996288,-2.4999987200000007
1.04045e-05,22.968746496,0.6007499948799999,1.48737499616,-2.4999987200000007
1.0405000000000001e-05,24.531246592000002,0.60699999424,1.486124996288,-2.1874987519999998
1.04055e-05,24.531246592000002,0.6007499948799999,1.484874996416,-2.4999987200000007
1.0406e-05,24.531246592000002,0.60699999424,1.486124996288,-2.4999987200000007
1.0406500000000001e-05,23.749996544,0.60699999424,1.489874995904,-2.1874987519999998
1.0407e-05,23.749996544,0.60699999424,1.486124996288,-2.4999987200000007
1.04075e-05,23.749996544,0.60699999424,1.48737499616,-2.8124986880000016
1.0408000000000001e-05,24.531246592000002,0.6132499936,1.486124996288,-2.4999987200000007
1.04085e-05,24.531246592000002,0.60699999424,1.488624996032,-2.4999987200000007
1.0409000000000001e-05,24.531246592000002,0.6132499936,1.486124996288,-2.4999987200000007
1.0409500000000001e-05,23.749996544,0.60699999424,1.48737499616,-2.4999987200000007
1.041e-05,24.531246592000002,0.6132499936,1.488624996032,-2.4999987200000007
1.0410500000000001e-05,23.749996544,0.60699999424,1.48737499616,-2.4999987200000007
1.0411e-05,23.749996544,0.6132499936,1.48737499616,-2.4999987200000007
1.04115e-05,23.749996544,0.60699999424,1.48737499616,-2.4999987200000007
1.0412000000000001e-05,23.749996544,0.60699999424,1.486124996288,-2.1874987519999998
1.04125e-05,24.531246592000002,0.60699999424,1.486124996288,-2.4999987200000007
1.0413e-05,24.531246592000002,0.60699999424,1.484874996416,-2.8124986880000016
1.0413500000000001e-05,23.749996544,0.60699999424,1.486124996288,-2.4999987200000007
1.0414e-05,23.749996544,0.60699999424,1.488624996032,-2.4999987200000007
1.04145e-05,23.749996544,0.60699999424,1.491124995776,-2.4999987200000007
1.0415000000000001e-05,23.749996544,0.60699999424,1.48737499616,-2.4999987200000007
1.04155e-05,23.749996544,0.60699999424,1.484874996416,-2.4999987200000007
1.0416e-05,24.531246592000002,0.6132499936,1.483624996544,-2.4999987200000007
1.0416500000000001e-05,23.749996544,0.60699999424,1.48737499616,-2.8124986880000016
1.0417e-05,24.531246592000002,0.60699999424,1.48737499616,-2.4999987200000007
1.0417500000000001e-05,23.749996544,0.60699999424,1.48737499616,-2.4999987200000007
1.0418000000000001e-05,23.749996544,0.60699999424,1.486124996288,-2.4999987200000007
1.04185e-05,22.968746496,0.6007499948799999,1.48737499616,-2.4999987200000007
1.0419000000000001e-05,23.749996544,0.60699999424,1.486124996288,-2.4999987200000007
1.04195e-05,23.749996544,0.60699999424,1.486124996288,-2.4999987200000007
1.042e-05,23.749996544,0.60699999424,1.484874996416,-2.1874987519999998
1.0420500000000001e-05,24.531246592000002,0.60699999424,1.484874996416,-2.4999987200000007
1.0421e-05,24.531246592000002,0.6132499936,1.486124996288,-2.4999987200000007
1.04215e-05,23.749996544,0.60699999424,1.486124996288,-2.4999987200000007
1.0422000000000001e-05,23.749996544,0.6007499948799999,1.488624996032,-2.1874987519999998
1.04225e-05,24.531246592000002,0.60699999424,1.489874995904,-2.4999987200000007
1.0423e-05,23.749996544,0.60699999424,1.48737499616,-2.4999987200000007
1.0423500000000001e-05,23.749996544,0.60699999424,1.488624996032,-2.4999987200000007
1.0424e-05,22.968746496,0.60699999424,1.48737499616,-2.1874987519999998
1.04245e-05,24.531246592000002,0.60699999424,1.489874995904,-2.4999987200000007
1.0425000000000001e-05,22.968746496,0.60699999424,1.489874995904,-2.1874987519999998
1.04255e-05,23.749996544,0.6007499948799999,1.488624996032,-2.4999987200000007
1.0426000000000001e-05,23.749996544,0.60699999424,1.486124996288,-2.4999987200000007
1.0426500000000001e-05,23.749996544,0.6007499948799999,1.484874996416,-2.4999987200000007
1.0427e-05,24.531246592000002,0.60699999424,1.486124996288,-2.1874987519999998
1.0427500000000001e-05,24.531246592000002,0.6007499948799999,1.48737499616,-2.4999987200000007
1.0428e-05,23.749996544,0.60699999424,1.486124996288,-2.4999987200000007
1.04285e-05,22.968746496,0.60699999424,1.483624996544,-2.4999987200000007
1.0429000000000001e-05,22.968746496,0.60699999424,1.48737499616,-2.4999987200000007
1.04295e-05,23.749996544,0.60699999424,1.491124995776,-2.4999987200000007
1.043e-05,23.749996544,0.6007499948799999,1.489874995904,-2.4999987200000007
1.0430500000000001e-05,23.749996544,0.60699999424,1.489874995904,-2.4999987200000007
1.0431e-05,23.749996544,0.60699999424,1.483624996544,-2.4999987200000007
1.04315e-05,23.749996544,0.60699999424,1.483624996544,-2.4999987200000007
1.0432000000000001e-05,24.531246592000002,0.60699999424,1.484874996416,-2.4999987200000007
1.04325e-05,24.531246592000002,0.60699999424,1.48737499616,-2.4999987200000007
1.0433e-05,24.531246592000002,0.60699999424,1.483624996544,-2.8124986880000016
1.0433500000000001e-05,23.749996544,0.6007499948799999,1.484874996416,-2.4999987200000007
1.0434e-05,23.749996544,0.60699999424,1.484874996416,-2.4999987200000007
1.0434500000000001e-05,22.968746496,0.60699999424,1.483624996544,-2.4999987200000007
1.0435000000000001e-05,22.968746496,0.60699999424,1.483624996544,-2.1874987519999998
1.04355e-05,24.531246592000002,0.60699999424,1.486124996288,-2.4999987200000007
1.0436000000000001e-05,23.749996544,0.60699999424,1.48737499616,-2.1874987519999998
1.04365e-05,23.749996544,0.6132499936,1.486124996288,-2.4999987200000007
1.0437e-05,24.531246592000002,0.6132499936,1.486124996288,-2.1874987519999998
1.0437500000000001e-05,23.749996544,0.60699999424,1.486124996288,-2.8124986880000016
1.0438e-05,23.749996544,0.60699999424,1.48737499616,-2.1874987519999998
1.04385e-05,23.749996544,0.6007499948799999,1.488624996032,-2.1874987519999998
1.0439000000000001e-05,23.749996544,0.60699999424,1.48737499616,-1.8749987840000006
1.04395e-05,23.749996544,0.6007499948799999,1.486124996288,-2.4999987200000007
1.044e-05,23.749996544,0.60699999424,1.483624996544,-2.1874987519999998
1.0440500000000001e-05,23.749996544,0.60699999424,1.486124996288,-2.4999987200000007
1.0441e-05,22.968746496,0.6007499948799999,1.484874996416,-2.1874987519999998
1.04415e-05,23.749996544,0.6007499948799999,1.483624996544,-2.1874987519999998
1.0442000000000001e-05,23.749996544,0.60699999424,1.483624996544,-2.4999987200000007
1.04425e-05,22.968746496,0.60699999424,1.486124996288,-2.1874987519999998
1.0443000000000001e-05,23.749996544,0.60699999424,1.484874996416,-2.4999987200000007
1.0443500000000001e-05,23.749996544,0.60699999424,1.483624996544,-2.1874987519999998
1.0444e-05,22.968746496,0.60699999424,1.484874996416,-2.1874987519999998
1.0444500000000001e-05,23.749996544,0.60699999424,1.486124996288,-2.1874987519999998
1.0445e-05,23.749996544,0.6132499936,1.484874996416,-2.4999987200000007
1.04455e-05,24.531246592000002,0.60699999424,1.483624996544,-2.4999987200000007
1.0446000000000001e-05,23.749996544,0.60699999424,1.484874996416,-2.1874987519999998
1.04465e-05,23.749996544,0.60699999424,1.48737499616,-2.4999987200000007
1.0447e-05,23.749996544,0.6007499948799999,1.48737499616,-2.4999987200000007
1.0447500000000001e-05,22.968746496,0.6007499948799999,1.486124996288,-2.4999987200000007
1.0448e-05,23.749996544,0.6007499948799999,1.483624996544,-2.4999987200000007
1.04485e-05,23.749996544,0.60699999424,1.483624996544,-2.1874987519999998
1.0449000000000001e-05,23.749996544,0.60699999424,1.4823749966720001,-2.1874987519999998
1.04495e-05,23.749996544,0.60699999424,1.48737499616,-2.4999987200000007
1.045e-05,23.749996544,0.60699999424,1.48737499616,-2.4999987200000007
1.0450500000000001e-05,22.968746496,0.60699999424,1.483624996544,-2.4999987200000007
1.0451e-05,23.749996544,0.60699999424,1.4823749966720001,-2.1874987519999998
1.0451500000000001e-05,22.968746496,0.60699999424,1.484874996416,-2.1874987519999998
1.0452000000000001e-05,23.749996544,0.60699999424,1.483624996544,-2.1874987519999998
1.04525e-05,22.968746496,0.60699999424,1.484874996416,-2.4999987200000007
1.0453000000000001e-05,23.749996544,0.60699999424,1.486124996288,-2.1874987519999998
1.04535e-05,23.749996544,0.60699999424,1.486124996288,-2.4999987200000007
1.0454e-05,23.749996544,0.6007499948799999,1.48737499616,-2.1874987519999998
1.0454500000000001e-05,23.749996544,0.60699999424,1.486124996288,-2.1874987519999998
1.0455e-05,23.749996544,0.6132499936,1.484874996416,-2.4999987200000007
1.04555e-05,23.749996544,0.60699999424,1.484874996416,-2.4999987200000007
1.0456000000000001e-05,23.749996544,0.60699999424,1.484874996416,-2.1874987519999998
1.04565e-05,23.749996544,0.60699999424,1.486124996288,-2.4999987200000007
1.0457e-05,22.968746496,0.60699999424,1.48737499616,-2.1874987519999998
1.0457500000000001e-05,23.749996544,0.60699999424,1.48737499616,-2.1874987519999998
1.0458e-05,23.749996544,0.6007499948799999,1.486124996288,-2.1874987519999998
1.04585e-05,22.968746496,0.59449999552,1.484874996416,-2.4999987200000007
1.0459000000000001e-05,23.749996544,0.6007499948799999,1.48737499616,-1.8749987840000006
1.04595e-05,23.749996544,0.6007499948799999,1.48737499616,-2.1874987519999998
1.0460000000000001e-05,23.749996544,0.6007499948799999,1.48737499616,-2.1874987519999998
1.0460500000000001e-05,23.749996544,0.60699999424,1.489874995904,-2.1874987519999998
1.0461e-05,23.749996544,0.60699999424,1.491124995776,-2.1874987519999998
1.0461500000000001e-05,24.531246592000002,0.60699999424,1.489874995904,-2.4999987200000007
1.0462e-05,23.749996544,0.60699999424,1.48737499616,-2.1874987519999998
1.04625e-05,24.531246592000002,0.60699999424,1.486124996288,-2.1874987519999998
1.0463000000000001e-05,23.749996544,0.6007499948799999,1.484874996416,-2.1874987519999998
1.04635e-05,22.968746496,0.60699999424,1.488624996032,-2.1874987519999998
1.0464e-05,23.749996544,0.6007499948799999,1.488624996032,-2.1874987519999998
1.0464500000000001e-05,23.749996544,0.6007499948799999,1.491124995776,-2.4999987200000007
1.0465e-05,23.749996544,0.6007499948799999,1.489874995904,-2.1874987519999998
1.04655e-05,23.749996544,0.6007499948799999,1.488624996032,-2.1874987519999998
1.0466000000000001e-05,24.531246592000002,0.60699999424,1.488624996032,-2.1874987519999998
1.04665e-05,22.968746496,0.60699999424,1.488624996032,-2.1874987519999998
1.0467e-05,22.968746496,0.60699999424,1.489874995904,-2.1874987519999998
1.0467500000000001e-05,23.749996544,0.6007499948799999,1.489874995904,-2.1874987519999998
1.0468e-05,23.749996544,0.60699999424,1.48737499616,-2.4999987200000007
1.04685e-05,24.531246592000002,0.60699999424,1.488624996032,-2.4999987200000007
1.0469000000000001e-05,24.531246592000002,0.60699999424,1.486124996288,-2.4999987200000007
1.04695e-05,24.531246592000002,0.60699999424,1.486124996288,-2.4999987200000007
1.0470000000000001e-05,23.749996544,0.6007499948799999,1.488624996032,-2.1874987519999998
1.04705e-05,23.749996544,0.6007499948799999,1.489874995904,-2.1874987519999998
1.0471e-05,23.749996544,0.60699999424,1.486124996288,-2.1874987519999998
1.0471500000000001e-05,23.749996544,0.6007499948799999,1.48737499616,-2.4999987200000007
1.0472e-05,23.749996544,0.6132499936,1.486124996288,-2.4999987200000007
1.04725e-05,24.531246592000002,0.60699999424,1.48737499616,-2.4999987200000007
1.0473000000000001e-05,23.749996544,0.60699999424,1.484874996416,-2.1874987519999998
1.04735e-05,23.749996544,0.6007499948799999,1.484874996416,-2.4999987200000007
1.0474e-05,23.749996544,0.60699999424,1.486124996288,-2.1874987519999998
1.0474500000000001e-05,23.749996544,0.60699999424,1.488624996032,-2.4999987200000007
1.0475e-05,22.968746496,0.60699999424,1.488624996032,-2.1874987519999998
1.04755e-05,23.749996544,0.60699999424,1.48737499616,-1.8749987840000006
1.0476000000000001e-05,23.749996544,0.60699999424,1.486124996288,-2.1874987519999998
1.04765e-05,23.749996544,0.60699999424,1.488624996032,-2.1874987519999998
1.0477e-05,24.531246592000002,0.6132499936,1.489874995904,-2.1874987519999998
1.0477500000000001e-05,23.749996544,0.6007499948799999,1.488624996032,-2.4999987200000007
1.0478e-05,23.749996544,0.6007499948799999,1.489874995904,-2.1874987519999998
1.0478500000000001e-05,23.749996544,0.60699999424,1.488624996032,-2.1874987519999998
1.0479e-05,23.749996544,0.6007499948799999,1.484874996416,-2.1874987519999998
1.04795e-05,23.749996544,0.6007499948799999,1.484874996416,-2.1874987519999998
1.0480000000000001e-05,22.968746496,0.6007499948799999,1.483624996544,-2.1874987519999998
1.04805e-05,24.531246592000002,0.6007499948799999,1.484874996416,-2.1874987519999998
1.0481e-05,22.968746496,0.6007499948799999,1.483624996544,-2.1874987519999998
1.0481500000000001e-05,23.749996544,0.6007499948799999,1.483624996544,-1.8749987840000006
1.0482e-05,24.531246592000002,0.6007499948799999,1.4811249968,-2.1874987519999998
1.04825e-05,23.749996544,0.6007499948799999,1.4823749966720001,-2.1874987519999998
1.0483000000000001e-05,23.749996544,0.60699999424,1.486124996288,-2.1874987519999998
1.04835e-05,23.749996544,0.6007499948799999,1.486124996288,-2.1874987519999998
1.0484e-05,23.749996544,0.60699999424,1.484874996416,-1.8749987840000006
1.0484500000000001e-05,23.749996544,0.60699999424,1.484874996416,-2.1874987519999998
1.0485e-05,23.749996544,0.6007499948799999,1.484874996416,-2.1874987519999998
1.04855e-05,23.749996544,0.6007499948799999,1.484874996416,-2.1874987519999998
1.0486000000000001e-05,23.749996544,0.6007499948799999,1.484874996416,-1.8749987840000006
1.04865e-05,23.749996544,0.60699999424,1.484874996416,-2.1874987519999998
1.0487000000000001e-05,23.749996544,0.60699999424,1.484874996416,-2.1874987519999998
1.04875e-05,23.749996544,0.60699999424,1.486124996288,-2.1874987519999998
1.0488e-05,24.531246592000002,0.60699999424,1.486124996288,-2.1874987519999998
1.0488500000000001e-05,24.531246592000002,0.6007499948799999,1.488624996032,-2.4999987200000007
1.0489e-05,23.749996544,0.6007499948799999,1.489874995904,-2.1874987519999998
1.04895e-05,23.749996544,0.6007499948799999,1.488624996032,-2.1874987519999998
1.0490000000000001e-05,23.749996544,0.6007499948799999,1.486124996288,-2.1874987519999998
1.04905e-05,23.749996544,0.6007499948799999,1.484874996416,-1.8749987840000006
1.0491e-05,23.749996544,0.60699999424,1.48737499616,-1.8749987840000006
1.0491500000000001e-05,23.749996544,0.6007499948799999,1.486124996288,-2.1874987519999998
1.0492e-05,23.749996544,0.6007499948799999,1.484874996416,-2.1874987519999998
1.04925e-05,23.749996544,0.6007499948799999,1.483624996544,-2.1874987519999998
1.0493000000000001e-05,23.749996544,0.6007499948799999,1.484874996416,-2.1874987519999998
1.04935e-05,24.531246592000002,0.60699999424,1.486124996288,-2.4999987200000007
1.0494e-05,23.749996544,0.60699999424,1.486124996288,-2.1874987519999998
1.0494500000000001e-05,24.531246592000002,0.60699999424,1.486124996288,-2.1874987519999998
1.0495e-05,23.749996544,0.60699999424,1.484874996416,-2.1874987519999998
1.0495500000000001e-05,23.749996544,0.6007499948799999,1.4823749966720001,-2.1874987519999998
1.0496e-05,23.749996544,0.60699999424,1.479874996928,-2.4999987200000007
1.04965e-05,23.749996544,0.6007499948799999,1.4823749966720001,-2.4999987200000007
1.0497000000000001e-05,24.531246592000002,0.6007499948799999,1.4823749966720001,-2.1874987519999998
1.04975e-05,23.749996544,0.6007499948799999,1.484874996416,-2.4999987200000007
1.0498e-05,24.531246592000002,0.60699999424,1.484874996416,-2.1874987519999998
1.0498500000000001e-05,23.749996544,0.6007499948799999,1.483624996544,-2.4999987200000007
1.0499e-05,23.749996544,0.60699999424,1.483624996544,-1.8749987840000006
1.04995e-05,23.749996544,0.59449999552,1.483624996544,-2.1874987519999998
1.0500000000000001e-05,23.749996544,0.6007499948799999,1.483624996544,-2.1874987519999998
1.05005e-05,23.749996544,0.60699999424,1.484874996416,-2.1874987519999998
1.0501e-05,24.531246592000002,0.60699999424,1.484874996416,-2.1874987519999998
1.0501500000000001e-05,24.531246592000002,0.60699999424,1.483624996544,-2.4999987200000007
1.0502e-05,24.531246592000002,0.6007499948799999,1.484874996416,-2.1874987519999998
1.05025e-05,24.531246592000002,0.6007499948799999,1.486124996288,-2.1874987519999998
1.0503000000000001e-05,23.749996544,0.60699999424,1.483624996544,-2.1874987519999998
1.05035e-05,24.531246592000002,0.60699999424,1.483624996544,-2.4999987200000007
1.0504000000000001e-05,24.531246592000002,0.60699999424,1.483624996544,-2.1874987519999998
1.05045e-05,23.749996544,0.60699999424,1.483624996544,-2.1874987519999998
1.0505e-05,22.968746496,0.60699999424,1.484874996416,-2.1874987519999998
1.0505500000000001e-05,22.968746496,0.60699999424,1.484874996416,-2.1874987519999998
1.0506e-05,23.749996544,0.6007499948799999,1.483624996544,-2.1874987519999998
1.05065e-05,22.968746496,0.6007499948799999,1.4823749966720001,-2.1874987519999998
1.0507000000000001e-05,23.749996544,0.60699999424,1.483624996544,-2.1874987519999998
1.05075e-05,23.749996544,0.6007499948799999,1.484874996416,-2.1874987519999998
1.0508e-05,23.749996544,0.6007499948799999,1.484874996416,-2.1874987519999998
1.0508500000000001e-05,24.531246592000002,0.6132499936,1.486124996288,-2.1874987519999998
1.0509e-05,24.531246592000002,0.6007499948799999,1.48737499616,-2.1874987519999998
1.05095e-05,25.31249664,0.60699999424,1.486124996288,-2.4999987200000007
1.0510000000000001e-05,23.749996544,0.60699999424,1.484874996416,-2.1874987519999998
1.05105e-05,23.749996544,0.60699999424,1.484874996416,-2.1874987519999998
1.0511e-05,23.749996544,0.6007499948799999,1.484874996416,-2.1874987519999998
1.0511500000000001e-05,23.749996544,0.6007499948799999,1.486124996288,-2.4999987200000007
1.0512e-05,23.749996544,0.60699999424,1.484874996416,-2.4999987200000007
1.0512500000000001e-05,23.749996544,0.60699999424,1.483624996544,-2.4999987200000007
1.0513e-05,22.968746496,0.6007499948799999,1.483624996544,-2.1874987519999998
1.05135e-05,23.749996544,0.60699999424,1.483624996544,-2.1874987519999998
1.0514000000000001e-05,23.749996544,0.60699999424,1.483624996544,-2.4999987200000007
1.05145e-05,23.749996544,0.6007499948799999,1.483624996544,-2.1874987519999998
1.0515e-05,22.968746496,0.60699999424,1.486124996288,-1.8749987840000006
1.0515500000000001e-05,22.968746496,0.59449999552,1.486124996288,-1.8749987840000006
1.0516e-05,22.968746496,0.6007499948799999,1.484874996416,-1.8749987840000006
1.05165e-05,23.749996544,0.6007499948799999,1.486124996288,-2.4999987200000007
1.0517000000000001e-05,23.749996544,0.60699999424,1.48737499616,-2.1874987519999998
1.05175e-05,23.749996544,0.6007499948799999,1.48737499616,-2.1874987519999998
1.0518e-05,24.531246592000002,0.6007499948799999,1.486124996288,-2.1874987519999998
1.0518500000000001e-05,22.968746496,0.6007499948799999,1.484874996416,-2.1874987519999998
1.0519e-05,22.968746496,0.6007499948799999,1.486124996288,-2.4999987200000007
1.05195e-05,23.749996544,0.6007499948799999,1.48737499616,-2.4999987200000007
1.0520000000000001e-05,23.749996544,0.6007499948799999,1.4823749966720001,-2.4999987200000007
1.05205e-05,24.531246592000002,0.60699999424,1.484874996416,-2.4999987200000007
1.0521000000000001e-05,23.749996544,0.6007499948799999,1.486124996288,-2.1874987519999998
1.05215e-05,23.749996544,0.6007499948799999,1.48737499616,-2.1874987519999998
1.0522e-05,23.749996544,0.60699999424,1.486124996288,-1.8749987840000006
1.0522500000000001e-05,23.749996544,0.60699999424,1.484874996416,-2.1874987519999998
1.0523e-05,23.749996544,0.60699999424,1.483624996544,-1.8749987840000006
1.05235e-05,23.749996544,0.6007499948799999,1.484874996416,-1.8749987840000006
1.0524000000000001e-05,23.749996544,0.6007499948799999,1.484874996416,-2.1874987519999998
1.05245e-05,24.531246592000002,0.6007499948799999,1.484874996416,-2.4999987200000007
1.0525e-05,24.531246592000002,0.60699999424,1.483624996544,-2.1874987519999998
1.0525500000000001e-05,23.749996544,0.60699999424,1.483624996544,-2.1874987519999998
1.0526e-05,22.968746496,0.6007499948799999,1.484874996416,-2.4999987200000007
1.05265e-05,23.749996544,0.6007499948799999,1.484874996416,-1.8749987840000006
1.0527000000000001e-05,23.749996544,0.6007499948799999,1.484874996416,-2.1874987519999998
1.05275e-05,23.749996544,0.6007499948799999,1.483624996544,-2.1874987519999998
1.0528e-05,23.749996544,0.60699999424,1.4823749966720001,-2.1874987519999998
1.0528500000000001e-05,23.749996544,0.59449999552,1.484874996416,-2.1874987519999998
1.0529e-05,24.531246592000002,0.6007499948799999,1.486124996288,-1.8749987840000006
1.0529500000000001e-05,23.749996544,0.59449999552,1.484874996416,-1.8749987840000006
1.053e-05,24.531246592000002,0.6007499948799999,1.484874996416,-1.8749987840000006
1.05305e-05,23.749996544,0.60699999424,1.486124996288,-2.1874987519999998
1.0531000000000001e-05,23.749996544,0.60699999424,1.486124996288,-1.8749987840000006
1.05315e-05,23.749996544,0.6007499948799999,1.48737499616,-1.8749987840000006
1.0532e-05,24.531246592000002,0.6007499948799999,1.48737499616,-2.1874987519999998
1.0532500000000001e-05,23.749996544,0.6007499948799999,1.48737499616,-1.8749987840000006
1.0533e-05,24.531246592000002,0.60699999424,1.484874996416,-1.8749987840000006
1.05335e-05,23.749996544,0.60699999424,1.483624996544,-1.8749987840000006
1.0534000000000001e-05,23.749996544,0.6007499948799999,1.484874996416,-1.8749987840000006
1.05345e-05,23.749996544,0.6007499948799999,1.486124996288,-1.8749987840000006
1.0535e-05,22.968746496,0.60699999424,1.483624996544,-2.1874987519999998
1.0535500000000001e-05,23.749996544,0.6007499948799999,1.483624996544,-2.1874987519999998
1.0536e-05,24.531246592000002,0.6007499948799999,1.484874996416,-2.1874987519999998
1.05365e-05,24.531246592000002,0.6007499948799999,1.48737499616,-2.1874987519999998
1.0537000000000001e-05,24.531246592000002,0.6007499948799999,1.484874996416,-1.8749987840000006
1.05375e-05,23.749996544,0.6007499948799999,1.484874996416,-2.1874987519999998
1.0538000000000001e-05,23.749996544,0.6007499948799999,1.484874996416,-2.1874987519999998
1.05385e-05,23.749996544,0.59449999552,1.483624996544,-1.8749987840000006
1.0539e-05,23.749996544,0.60699999424,1.4823749966720001,-1.8749987840000006
1.0539500000000001e-05,23.749996544,0.6007499948799999,1.483624996544,-1.8749987840000006
1.054e-05,23.749996544,0.60699999424,1.483624996544,-2.1874987519999998
1.05405e-05,23.749996544,0.6007499948799999,1.483624996544,-2.1874987519999998
1.0541000000000001e-05,24.531246592000002,0.60699999424,1.4811249968,-2.1874987519999998
1.05415e-05,24.531246592000002,0.60699999424,1.4823749966720001,-2.1874987519999998
1.0542e-05,23.749996544,0.6007499948799999,1.483624996544,-1.8749987840000006
1.0542500000000001e-05,23.749996544,0.60699999424,1.484874996416,-2.1874987519999998
1.0543e-05,23.749996544,0.60699999424,1.483624996544,-1.8749987840000006
1.05435e-05,23.749996544,0.6007499948799999,1.483624996544,-2.1874987519999998
1.0544000000000001e-05,23.749996544,0.6007499948799999,1.483624996544,-1.8749987840000006
1.05445e-05,23.749996544,0.59449999552,1.484874996416,-2.1874987519999998
1.0545e-05,22.968746496,0.6007499948799999,1.483624996544,-2.1874987519999998
1.0545500000000001e-05,23.749996544,0.60699999424,1.483624996544,-1.8749987840000006
1.0546e-05,24.531246592000002,0.6007499948799999,1.483624996544,-1.8749987840000006
1.0546500000000001e-05,23.749996544,0.60699999424,1.484874996416,-2.1874987519999998
1.0547e-05,24.531246592000002,0.60699999424,1.483624996544,-2.1874987519999998
1.05475e-05,23.749996544,0.6007499948799999,1.4823749966720001,-1.8749987840000006
1.0548000000000001e-05,23.749996544,0.6007499948799999,1.4823749966720001,-1.8749987840000006
1.05485e-05,23.749996544,0.6007499948799999,1.484874996416,-2.1874987519999998
1.0549e-05,24.531246592000002,0.6007499948799999,1.48737499616,-2.1874987519999998
1.0549500000000001e-05,23.749996544,0.6007499948799999,1.48737499616,-1.8749987840000006
1.055e-05,24.531246592000002,0.6007499948799999,1.48737499616,-1.8749987840000006
1.05505e-05,23.749996544,0.6007499948799999,1.486124996288,-1.8749987840000006
1.0551000000000001e-05,23.749996544,0.60699999424,1.4823749966720001,-1.8749987840000006
1.05515e-05,23.749996544,0.6007499948799999,1.483624996544,-2.1874987519999998
1.0552e-05,24.531246592000002,0.59449999552,1.484874996416,-2.1874987519999998
1.0552500000000001e-05,23.749996544,0.6007499948799999,1.48737499616,-2.1874987519999998
1.0553e-05,22.968746496,0.6007499948799999,1.48737499616,-2.1874987519999998
1.05535e-05,23.749996544,0.6007499948799999,1.486124996288,-1.8749987840000006
1.0554000000000001e-05,24.531246592000002,0.6007499948799999,1.483624996544,-1.8749987840000006
1.05545e-05,24.531246592000002,0.59449999552,1.4823749966720001,-1.8749987840000006
1.0555000000000001e-05,24.531246592000002,0.60699999424,1.4823749966720001,-1.8749987840000006
1.05555e-05,23.749996544,0.6007499948799999,1.483624996544,-1.8749987840000006
1.0556e-05,23.749996544,0.6007499948799999,1.4823749966720001,-1.8749987840000006
1.0556500000000001e-05,23.749996544,0.6007499948799999,1.4823749966720001,-1.8749987840000006
1.0557e-05,23.749996544,0.6007499948799999,1.4823749966720001,-1.8749987840000006
1.05575e-05,24.531246592000002,0.60699999424,1.4823749966720001,-2.1874987519999998
1.0558000000000001e-05,24.531246592000002,0.6007499948799999,1.4823749966720001,-1.8749987840000006
1.05585e-05,24.531246592000002,0.6007499948799999,1.483624996544,-1.8749987840000006
1.0559e-05,23.749996544,0.6007499948799999,1.483624996544,-2.1874987519999998
1.0559500000000001e-05,23.749996544,0.6007499948799999,1.484874996416,-2.1874987519999998
1.056e-05,23.749996544,0.6007499948799999,1.483624996544,-2.1874987519999998
1.05605e-05,23.749996544,0.6007499948799999,1.48737499616,-2.4999987200000007
1.0561000000000001e-05,22.968746496,0.59449999552,1.486124996288,-2.1874987519999998
1.05615e-05,23.749996544,0.60699999424,1.483624996544,-1.8749987840000006
1.0562e-05,23.749996544,0.60699999424,1.4823749966720001,-1.8749987840000006
1.0562500000000001e-05,22.968746496,0.60699999424,1.483624996544,-2.1874987519999998
1.0563e-05,23.749996544,0.60699999424,1.483624996544,-2.1874987519999998
1.0563500000000001e-05,23.749996544,0.6007499948799999,1.483624996544,-2.1874987519999998
1.0564e-05,24.531246592000002,0.6007499948799999,1.4823749966720001,-1.8749987840000006
1.05645e-05,23.749996544,0.6007499948799999,1.483624996544,-2.1874987519999998
1.0565000000000001e-05,23.749996544,0.6007499948799999,1.4823749966720001,-2.1874987519999998
1.05655e-05,24.531246592000002,0.59449999552,1.483624996544,-2.1874987519999998
1.0566e-05,23.749996544,0.6007499948799999,1.483624996544,-1.8749987840000006
1.0566500000000001e-05,24.531246592000002,0.6007499948799999,1.484874996416,-1.8749987840000006
1.0567e-05,23.749996544,0.6007499948799999,1.483624996544,-1.8749987840000006
1.05675e-05,24.531246592000002,0.6007499948799999,1.486124996288,-2.1874987519999998
1.0568000000000001e-05,23.749996544,0.60699999424,1.4823749966720001,-1.8749987840000006
1.05685e-05,23.749996544,0.6007499948799999,1.484874996416,-1.8749987840000006
1.0569e-05,22.968746496,0.6007499948799999,1.486124996288,-1.8749987840000006
1.0569500000000001e-05,23.749996544,0.60699999424,1.488624996032,-1.8749987840000006
1.057e-05,23.749996544,0.6007499948799999,1.48737499616,-1.8749987840000006
1.05705e-05,23.749996544,0.6007499948799999,1.484874996416,-1.8749987840000006
1.0571000000000001e-05,23.749996544,0.60699999424,1.486124996288,-1.5624988160000015
1.05715e-05,23.749996544,0.59449999552,1.486124996288,-1.5624988160000015
1.0572000000000001e-05,22.968746496,0.6007499948799999,1.483624996544,-1.8749987840000006
1.05725e-05,23.749996544,0.60699999424,1.483624996544,-1.8749987840000006
1.0573e-05,24.531246592000002,0.6007499948799999,1.483624996544,-1.8749987840000006
1.0573500000000001e-05,23.749996544,0.6007499948799999,1.486124996288,-1.8749987840000006
1.0574e-05,23.749996544,0.6007499948799999,1.48737499616,-1.8749987840000006
1.05745e-05,24.531246592000002,0.6007499948799999,1.484874996416,-1.8749987840000006
1.0575000000000001e-05,23.749996544,0.6007499948799999,1.483624996544,-1.8749987840000006
1.05755e-05,23.749996544,0.6007499948799999,1.4823749966720001,-2.1874987519999998
1.0576e-05,23.749996544,0.6007499948799999,1.4811249968,-1.8749987840000006
1.0576500000000001e-05,24.531246592000002,0.6007499948799999,1.483624996544,-2.1874987519999998
1.0577e-05,22.968746496,0.6007499948799999,1.483624996544,-1.5624988160000015
1.05775e-05,23.749996544,0.6007499948799999,1.483624996544,-1.5624988160000015
1.0578000000000001e-05,24.531246592000002,0.6007499948799999,1.483624996544,-1.8749987840000006
1.05785e-05,23.749996544,0.6007499948799999,1.484874996416,-2.1874987519999998
1.0579e-05,23.749996544,0.6007499948799999,1.484874996416,-1.8749987840000006
1.0579500000000001e-05,23.749996544,0.59449999552,1.4823749966720001,-1.8749987840000006
1.058e-05,23.749996544,0.6007499948799999,1.4811249968,-1.8749987840000006
1.0580500000000001e-05,22.968746496,0.6007499948799999,1.483624996544,-1.8749987840000006
1.0581e-05,24.531246592000002,0.59449999552,1.483624996544,-1.8749987840000006
1.05815e-05,23.749996544,0.59449999552,1.483624996544,-1.8749987840000006
1.0582000000000001e-05,23.749996544,0.59449999552,1.484874996416,-1.8749987840000006
1.05825e-05,23.749996544,0.60699999424,1.484874996416,-1.5624988160000015
1.0583e-05,22.968746496,0.60699999424,1.484874996416,-1.5624988160000015
1.0583500000000001e-05,22.968746496,0.6007499948799999,1.483624996544,-2.1874987519999998
1.0584e-05,23.749996544,0.6007499948799999,1.483624996544,-1.8749987840000006
1.05845e-05,23.749996544,0.59449999552,1.484874996416,-2.4999987200000007
1.0585000000000001e-05,22.968746496,0.6007499948799999,1.484874996416,-2.1874987519999998
1.05855e-05,23.749996544,0.59449999552,1.483624996544,-1.8749987840000006
1.0586e-05,23.749996544,0.6007499948799999,1.4823749966720001,-1.8749987840000006
1.0586500000000001e-05,23.749996544,0.59449999552,1.479874996928,-1.8749987840000006
1.0587e-05,23.749996544,0.60699999424,1.4823749966720001,-1.8749987840000006
1.05875e-05,23.749996544,0.59449999552,1.484874996416,-1.8749987840000006
1.0588000000000001e-05,23.749996544,0.6007499948799999,1.484874996416,-1.8749987840000006
1.05885e-05,23.749996544,0.6007499948799999,1.484874996416,-1.8749987840000006
1.0589000000000001e-05,24.531246592000002,0.60699999424,1.484874996416,-1.8749987840000006
1.0589500000000001e-05,24.531246592000002,0.6007499948799999,1.484874996416,-1.8749987840000006
1.059e-05,23.749996544,0.59449999552,1.484874996416,-1.8749987840000006
1.0590500000000001e-05,23.749996544,0.6007499948799999,1.486124996288,-1.8749987840000006
1.0591e-05,23.749996544,0.6007499948799999,1.486124996288,-1.8749987840000006
1.05915e-05,23.749996544,0.60699999424,1.489874995904,-2.1874987519999998
1.0592000000000001e-05,23.749996544,0.60699999424,1.488624996032,-2.1874987519999998
1.05925e-05,23.749996544,0.6007499948799999,1.48737499616,-1.8749987840000006
1.0593e-05,22.968746496,0.6007499948799999,1.484874996416,-1.8749987840000006
1.0593500000000001e-05,23.749996544,0.6007499948799999,1.483624996544,-1.8749987840000006
1.0594e-05,23.749996544,0.60699999424,1.4811249968,-1.8749987840000006
1.05945e-05,23.749996544,0.60699999424,1.4823749966720001,-1.8749987840000006
1.0595000000000001e-05,23.749996544,0.60699999424,1.483624996544,-1.8749987840000006
1.05955e-05,23.749996544,0.59449999552,1.486124996288,-1.8749987840000006
1.0596e-05,23.749996544,0.6007499948799999,1.486124996288,-1.8749987840000006
1.0596500000000001e-05,23.749996544,0.59449999552,1.48737499616,-1.8749987840000006
1.0597e-05,23.749996544,0.6007499948799999,1.488624996032,-1.8749987840000006
1.0597500000000001e-05,23.749996544,0.6007499948799999,1.48737499616,-1.8749987840000006
1.0598000000000001e-05,23.749996544,0.6007499948799999,1.488624996032,-1.8749987840000006
1.05985e-05,23.749996544,0.60699999424,1.48737499616,-1.8749987840000006
1.0599000000000001e-05,23.749996544,0.6007499948799999,1.483624996544,-1.8749987840000006
1.05995e-05,23.749996544,0.6007499948799999,1.484874996416,-2.1874987519999998
1.06e-05,24.531246592000002,0.59449999552,1.4823749966720001,-1.8749987840000006
1.0600500000000001e-05,24.531246592000002,0.6007499948799999,1.486124996288,-2.1874987519999998
1.0601e-05,22.968746496,0.60699999424,1.486124996288,-1.8749987840000006
1.06015e-05,22.968746496,0.6007499948799999,1.486124996288,-1.8749987840000006
1.0602000000000001e-05,23.749996544,0.6007499948799999,1.484874996416,-1.8749987840000006
1.06025e-05,22.968746496,0.60699999424,1.484874996416,-1.8749987840000006
1.0603e-05,23.749996544,0.6007499948799999,1.486124996288,-1.8749987840000006
1.0603500000000001e-05,23.749996544,0.59449999552,1.486124996288,-1.8749987840000006
1.0604e-05,23.749996544,0.6007499948799999,1.486124996288,-1.8749987840000006
1.06045e-05,23.749996544,0.6007499948799999,1.484874996416,-1.8749987840000006
1.0605000000000001e-05,23.749996544,0.6007499948799999,1.484874996416,-1.5624988160000015
1.06055e-05,24.531246592000002,0.6007499948799999,1.484874996416,-1.8749987840000006
1.0606000000000001e-05,23.749996544,0.6007499948799999,1.486124996288,-1.5624988160000015
1.0606500000000001e-05,23.749996544,0.6007499948799999,1.48737499616,-1.8749987840000006
1.0607e-05,23.749996544,0.60699999424,1.486124996288,-1.8749987840000006
1.0607500000000001e-05,22.968746496,0.6007499948799999,1.484874996416,-2.1874987519999998
1.0608e-05,23.749996544,0.6007499948799999,1.483624996544,-1.8749987840000006
1.06085e-05,23.749996544,0.6007499948799999,1.483624996544,-2.1874987519999998
1.0609000000000001e-05,23.749996544,0.6007499948799999,1.4823749966720001,-1.8749987840000006
1.06095e-05,23.749996544,0.6007499948799999,1.484874996416,-1.8749987840000006
1.061e-05,23.749996544,0.6007499948799999,1.488624996032,-1.8749987840000006
1.0610500000000001e-05,23.749996544,0.6007499948799999,1.486124996288,-2.1874987519999998
1.0611e-05,23.749996544,0.60699999424,1.484874996416,-1.8749987840000006
1.06115e-05,23.749996544,0.6007499948799999,1.4823749966720001,-1.8749987840000006
1.0612000000000001e-05,23.749996544,0.6007499948799999,1.4823749966720001,-1.8749987840000006
1.06125e-05,23.749996544,0.6007499948799999,1.483624996544,-1.8749987840000006
1.0613e-05,23.749996544,0.60699999424,1.483624996544,-2.1874987519999998
1.0613500000000001e-05,23.749996544,0.6007499948799999,1.4823749966720001,-1.8749987840000006
1.0614e-05,23.749996544,0.59449999552,1.483624996544,-1.8749987840000006
1.0614500000000001e-05,24.531246592000002,0.6007499948799999,1.483624996544,-1.5624988160000015
1.0615000000000001e-05,23.749996544,0.60699999424,1.483624996544,-1.8749987840000006
1.06155e-05,23.749996544,0.59449999552,1.484874996416,-2.1874987519999998
1.0616000000000001e-05,24.531246592000002,0.6007499948799999,1.484874996416,-2.1874987519999998
1.06165e-05,23.749996544,0.59449999552,1.484874996416,-1.8749987840000006
1.0617e-05,22.968746496,0.59449999552,1.484874996416,-1.8749987840000006
1.0617500000000001e-05,23.749996544,0.59449999552,1.484874996416,-2.1874987519999998
1.0618e-05,24.531246592000002,0.59449999552,1.483624996544,-1.5624988160000015
1.06185e-05,23.749996544,0.6007499948799999,1.484874996416,-1.8749987840000006
1.0619000000000001e-05,23.749996544,0.60699999424,1.486124996288,-1.8749987840000006
1.06195e-05,22.968746496,0.59449999552,1.484874996416,-1.5624988160000015
1.062e-05,23.749996544,0.6007499948799999,1.484874996416,-1.8749987840000006
1.0620500000000001e-05,23.749996544,0.6007499948799999,1.486124996288,-2.1874987519999998
1.0621e-05,24.531246592000002,0.6007499948799999,1.486124996288,-1.5624988160000015
1.06215e-05,23.749996544,0.59449999552,1.486124996288,-1.8749987840000006
1.0622000000000001e-05,23.749996544,0.6007499948799999,1.484874996416,-1.8749987840000006
1.06225e-05,23.749996544,0.6007499948799999,1.486124996288,-1.8749987840000006
1.0623000000000001e-05,23.749996544,0.6007499948799999,1.4823749966720001,-1.8749987840000006
1.0623500000000001e-05,23.749996544,0.59449999552,1.483624996544,-1.8749987840000006
1.0624e-05,24.531246592000002,0.59449999552,1.483624996544,-1.8749987840000006
1.0624500000000001e-05,23.749996544,0.59449999552,1.483624996544,-1.8749987840000006
1.0625e-05,22.968746496,0.6007499948799999,1.484874996416,-1.8749987840000006
1.06255e-05,23.749996544,0.6007499948799999,1.484874996416,-1.8749987840000006
1.0626000000000001e-05,24.531246592000002,0.59449999552,1.483624996544,-1.8749987840000006
1.06265e-05,23.749996544,0.59449999552,1.4823749966720001,-1.8749987840000006
1.0627e-05,23.749996544,0.6007499948799999,1.4811249968,-1.5624988160000015
1.0627500000000001e-05,23.749996544,0.59449999552,1.484874996416,-1.5624988160000015
1.0628e-05,23.749996544,0.6007499948799999,1.48737499616,-1.5624988160000015
1.06285e-05,23.749996544,0.6007499948799999,1.486124996288,-1.8749987840000006
1.0629000000000001e-05,23.749996544,0.6007499948799999,1.4823749966720001,-1.8749987840000006
1.06295e-05,23.749996544,0.6007499948799999,1.4823749966720001,-1.8749987840000006
1.063e-05,23.749996544,0.6007499948799999,1.483624996544,-1.5624988160000015
1.0630500000000001e-05,24.531246592000002,0.6007499948799999,1.483624996544,-1.5624988160000015
1.0631e-05,23.749996544,0.6007499948799999,1.483624996544,-1.8749987840000006
1.0631500000000001e-05,23.749996544,0.59449999552,1.484874996416,-1.8749987840000006
1.0632000000000001e-05,23.749996544,0.6007499948799999,1.483624996544,-1.8749987840000006
1.06325e-05,23.749996544,0.60699999424,1.48737499616,-1.8749987840000006
1.0633000000000001e-05,22.968746496,0.6007499948799999,1.484874996416,-1.8749987840000006
1.06335e-05,23.749996544,0.6007499948799999,1.484874996416,-1.5624988160000015
1.0634e-05,23.749996544,0.59449999552,1.4823749966720001,-1.5624988160000015
1.0634500000000001e-05,23.749996544,0.6007499948799999,1.4823749966720001,-1.5624988160000015
1.0635e-05,23.749996544,0.6007499948799999,1.484874996416,-1.8749987840000006
1.06355e-05,23.749996544,0.59449999552,1.486124996288,-1.5624988160000015
1.0636000000000001e-05,23.749996544,0.59449999552,1.483624996544,-1.8749987840000006
1.06365e-05,23.749996544,0.6007499948799999,1.4823749966720001,-1.8749987840000006
1.0637e-05,24.531246592000002,0.6007499948799999,1.4823749966720001,-1.8749987840000006
1.0637500000000001e-05,23.749996544,0.6007499948799999,1.483624996544,-1.8749987840000006
1.0638e-05,24.531246592000002,0.59449999552,1.4823749966720001,-1.5624988160000015
1.06385e-05,24.531246592000002,0.6007499948799999,1.483624996544,-1.5624988160000015
1.0639000000000001e-05,23.749996544,0.6007499948799999,1.483624996544,-1.8749987840000006
1.06395e-05,23.749996544,0.59449999552,1.483624996544,-1.8749987840000006
1.0640000000000001e-05,23.749996544,0.59449999552,1.4811249968,-1.5624988160000015
1.0640500000000001e-05,23.749996544,0.59449999552,1.483624996544,-1.8749987840000006
1.0641e-05,23.749996544,0.6007499948799999,1.4823749966720001,-1.5624988160000015
1.0641500000000001e-05,23.749996544,0.6007499948799999,1.483624996544,-1.8749987840000006
1.0642e-05,24.531246592000002,0.59449999552,1.483624996544,-1.8749987840000006
1.06425e-05,23.749996544,0.6007499948799999,1.483624996544,-1.8749987840000006
1.0643000000000001e-05,23.749996544,0.60699999424,1.483624996544,-1.5624988160000015
1.06435e-05,23.749996544,0.59449999552,1.483624996544,-1.8749987840000006
1.0644e-05,23.749996544,0.59449999552,1.4823749966720001,-1.8749987840000006
1.0644500000000001e-05,23.749996544,0.59449999552,1.4823749966720001,-1.8749987840000006
1.0645e-05,24.531246592000002,0.6007499948799999,1.4811249968,-1.5624988160000015
1.06455e-05,23.749996544,0.6007499948799999,1.479874996928,-1.8749987840000006
1.0646000000000001e-05,24.531246592000002,0.59449999552,1.4823749966720001,-1.5624988160000015
1.06465e-05,23.749996544,0.6007499948799999,1.4823749966720001,-1.8749987840000006
1.0647e-05,23.749996544,0.60699999424,1.4823749966720001,-1.5624988160000015
1.0647500000000001e-05,23.749996544,0.59449999552,1.483624996544,-1.8749987840000006
1.0648e-05,24.531246592000002,0.6007499948799999,1.479874996928,-1.5624988160000015
1.0648500000000001e-05,23.749996544,0.6007499948799999,1.483624996544,-1.8749987840000006
1.0649000000000001e-05,24.531246592000002,0.6007499948799999,1.483624996544,-1.8749987840000006
1.06495e-05,23.749996544,0.6007499948799999,1.484874996416,-1.8749987840000006
1.0650000000000001e-05,24.531246592000002,0.59449999552,1.483624996544,-1.5624988160000015
1.06505e-05,23.749996544,0.6007499948799999,1.484874996416,-1.5624988160000015
1.0651e-05,23.749996544,0.6007499948799999,1.4823749966720001,-1.5624988160000015
1.0651500000000001e-05,23.749996544,0.6007499948799999,1.483624996544,-1.2499988480000006
1.0652e-05,23.749996544,0.6007499948799999,1.4823749966720001,-1.5624988160000015
1.06525e-05,23.749996544,0.6007499948799999,1.484874996416,-1.5624988160000015
1.0653000000000001e-05,24.531246592000002,0.6007499948799999,1.486124996288,-1.5624988160000015
1.06535e-05,23.749996544,0.59449999552,1.484874996416,-1.5624988160000015
1.0654e-05,23.749996544,0.6007499948799999,1.486124996288,-1.5624988160000015
1.0654500000000001e-05,23.749996544,0.6007499948799999,1.484874996416,-1.5624988160000015
1.0655e-05,23.749996544,0.60699999424,1.4811249968,-1.5624988160000015
1.06555e-05,23.749996544,0.6007499948799999,1.4823749966720001,-1.8749987840000006
1.0656000000000001e-05,24.531246592000002,0.6007499948799999,1.4811249968,-1.8749987840000006
1.06565e-05,24.531246592000002,0.6007499948799999,1.483624996544,-1.8749987840000006
1.0657000000000001e-05,24.531246592000002,0.6007499948799999,1.483624996544,-1.5624988160000015
1.0657500000000001e-05,23.749996544,0.6007499948799999,1.486124996288,-1.8749987840000006
1.0658e-05,23.749996544,0.6007499948799999,1.483624996544,-1.8749987840000006
1.0658500000000001e-05,23.749996544,0.6007499948799999,1.483624996544,-1.8749987840000006
1.0659e-05,23.749996544,0.6007499948799999,1.4823749966720001,-1.5624988160000015
1.06595e-05,23.749996544,0.59449999552,1.483624996544,-1.5624988160000015
1.0660000000000001e-05,23.749996544,0.59449999552,1.486124996288,-1.5624988160000015
1.06605e-05,23.749996544,0.6007499948799999,1.484874996416,-1.8749987840000006
1.0661e-05,24.531246592000002,0.6007499948799999,1.483624996544,-1.5624988160000015
1.0661500000000001e-05,24.531246592000002,0.6007499948799999,1.484874996416,-1.5624988160000015
1.0662e-05,23.749996544,0.59449999552,1.48737499616,-1.2499988480000006
1.06625e-05,23.749996544,0.59449999552,1.48737499616,-1.5624988160000015
1.0663000000000001e-05,23.749996544,0.6007499948799999,1.483624996544,-1.8749987840000006
1.06635e-05,23.749996544,0.59449999552,1.4823749966720001,-1.8749987840000006
1.0664e-05,23.749996544,0.59449999552,1.4811249968,-1.5624988160000015
1.0664500000000001e-05,23.749996544,0.59449999552,1.483624996544,-1.8749987840000006
1.0665e-05,22.968746496,0.6007499948799999,1.483624996544,-1.5624988160000015
1.0665500000000001e-05,23.749996544,0.6007499948799999,1.483624996544,-1.5624988160000015
1.0666000000000001e-05,23.749996544,0.60699999424,1.4811249968,-1.8749987840000006
1.06665e-05,22.968746496,0.6007499948799999,1.4823749966720001,-1.8749987840000006
1.0667000000000001e-05,23.749996544,0.6007499948799999,1.4823749966720001,-1.8749987840000006
1.06675e-05,23.749996544,0.59449999552,1.483624996544,-1.5624988160000015
1.0668e-05,23.749996544,0.59449999552,1.4823749966720001,-1.5624988160000015
1.0668500000000001e-05,22.968746496,0.6007499948799999,1.4823749966720001,-1.8749987840000006
1.0669e-05,23.749996544,0.60699999424,1.4811249968,-1.5624988160000015
1.06695e-05,23.749996544,0.6007499948799999,1.4811249968,-1.8749987840000006
1.0670000000000001e-05,23.749996544,0.59449999552,1.483624996544,-1.5624988160000015
1.06705e-05,23.749996544,0.6007499948799999,1.484874996416,-1.5624988160000015
1.0671e-05,23.749996544,0.6007499948799999,1.483624996544,-1.5624988160000015
1.0671500000000001e-05,23.749996544,0.6007499948799999,1.4823749966720001,-1.8749987840000006
1.0672e-05,23.749996544,0.59449999552,1.479874996928,-1.5624988160000015
1.06725e-05,24.531246592000002,0.59449999552,1.4811249968,-1.8749987840000006
1.0673000000000001e-05,23.749996544,0.6007499948799999,1.479874996928,-1.5624988160000015
1.06735e-05,23.749996544,0.6007499948799999,1.478624997056,-1.8749987840000006
1.0674000000000001e-05,23.749996544,0.59449999552,1.479874996928,-1.5624988160000015
1.0674500000000001e-05,23.749996544,0.59449999552,1.4823749966720001,-1.5624988160000015
1.0675e-05,23.749996544,0.6007499948799999,1.4823749966720001,-1.2499988480000006
1.0675500000000001e-05,23.749996544,0.59449999552,1.479874996928,-1.5624988160000015
1.0676e-05,22.968746496,0.59449999552,1.477374997184,-1.5624988160000015
1.06765e-05,23.749996544,0.6007499948799999,1.4811249968,-1.5624988160000015
1.0677000000000001e-05,24.531246592000002,0.59449999552,1.4823749966720001,-1.5624988160000015
1.06775e-05,23.749996544,0.6007499948799999,1.4823749966720001,-1.2499988480000006
1.0678e-05,23.749996544,0.59449999552,1.4811249968,-1.2499988480000006
1.0678500000000001e-05,23.749996544,0.6007499948799999,1.4811249968,-1.5624988160000015
1.0679e-05,23.749996544,0.60699999424,1.4811249968,-1.5624988160000015
1.06795e-05,24.531246592000002,0.59449999552,1.4823749966720001,-1.8749987840000006
1.0680000000000001e-05,23.749996544,0.6007499948799999,1.478624997056,-1.5624988160000015
1.06805e-05,24.531246592000002,0.59449999552,1.479874996928,-1.8749987840000006
1.0681e-05,22.968746496,0.59449999552,1.483624996544,-1.8749987840000006
1.0681500000000001e-05,22.968746496,0.59449999552,1.484874996416,-1.5624988160000015
1.0682e-05,23.749996544,0.59449999552,1.4823749966720001,-1.5624988160000015
1.0682500000000001e-05,22.968746496,0.59449999552,1.478624997056,-1.5624988160000015
1.0683000000000001e-05,23.749996544,0.6007499948799999,1.478624997056,-1.5624988160000015
1.06835e-05,22.968746496,0.59449999552,1.4811249968,-1.5624988160000015
1.0684000000000001e-05,23.749996544,0.6007499948799999,1.4823749966720001,-1.5624988160000015
1.06845e-05,23.749996544,0.6007499948799999,1.4811249968,-1.8749987840000006
1.0685e-05,23.749996544,0.6007499948799999,1.4823749966720001,-1.8749987840000006
1.0685500000000001e-05,24.531246592000002,0.6007499948799999,1.478624997056,-1.8749987840000006
1.0686e-05,23.749996544,0.59449999552,1.478624997056,-1.5624988160000015
1.06865e-05,23.749996544,0.6007499948799999,1.4811249968,-1.5624988160000015
1.0687000000000001e-05,22.968746496,0.60699999424,1.4823749966720001,-1.5624988160000015
1.06875e-05,23.749996544,0.6007499948799999,1.4823749966720001,-1.8749987840000006
1.0688e-05,23.749996544,0.6007499948799999,1.479874996928,-1.5624988160000015
1.0688500000000001e-05,23.749996544,0.6007499948799999,1.479874996928,-1.5624988160000015
1.0689e-05,22.968746496,0.6007499948799999,1.478624997056,-1.5624988160000015
1.06895e-05,22.968746496,0.6007499948799999,1.4811249968,-1.5624988160000015
1.0690000000000001e-05,23.749996544,0.6007499948799999,1.4823749966720001,-1.5624988160000015
1.06905e-05,23.749996544,0.6007499948799999,1.483624996544,-1.5624988160000015
1.0691000000000001e-05,24.531246592000002,0.60699999424,1.4823749966720001,-1.5624988160000015
1.0691500000000001e-05,23.749996544,0.6007499948799999,1.483624996544,-1.5624988160000015
1.0692e-05,23.749996544,0.6007499948799999,1.4811249968,-1.5624988160000015
1.0692500000000001e-05,23.749996544,0.6007499948799999,1.4811249968,-1.5624988160000015
1.0693e-05,23.749996544,0.6007499948799999,1.483624996544,-1.5624988160000015
1.06935e-05,23.749996544,0.6007499948799999,1.484874996416,-1.5624988160000015
1.0694000000000001e-05,23.749996544,0.59449999552,1.483624996544,-1.5624988160000015
1.06945e-05,23.749996544,0.6007499948799999,1.4823749966720001,-1.5624988160000015
1.0695e-05,23.749996544,0.6007499948799999,1.479874996928,-1.5624988160000015
1.0695500000000001e-05,23.749996544,0.59449999552,1.4811249968,-1.5624988160000015
1.0696e-05,23.749996544,0.59449999552,1.478624997056,-1.5624988160000015
1.06965e-05,24.531246592000002,0.6007499948799999,1.4811249968,-1.5624988160000015
1.0697000000000001e-05,24.531246592000002,0.6007499948799999,1.4811249968,-1.5624988160000015
1.06975e-05,22.968746496,0.6007499948799999,1.483624996544,-1.5624988160000015
1.0698e-05,24.531246592000002,0.6007499948799999,1.4823749966720001,-1.5624988160000015
1.0698500000000001e-05,23.749996544,0.6007499948799999,1.4823749966720001,-1.5624988160000015
1.0699e-05,23.749996544,0.6007499948799999,1.483624996544,-1.2499988480000006
1.0699500000000001e-05,23.749996544,0.59449999552,1.483624996544,-1.5624988160000015
1.0700000000000001e-05,22.968746496,0.59449999552,1.4811249968,-1.5624988160000015
1.07005e-05,23.749996544,0.6007499948799999,1.4823749966720001,-1.5624988160000015
1.0701000000000001e-05,24.531246592000002,0.6007499948799999,1.4823749966720001,-1.5624988160000015
1.07015e-05,23.749996544,0.6007499948799999,1.4811249968,-1.5624988160000015
1.0702e-05,23.749996544,0.59449999552,1.478624997056,-1.2499988480000006
1.0702500000000001e-05,23.749996544,0.6007499948799999,1.4811249968,-1.5624988160000015
1.0703e-05,24.531246592000002,0.60699999424,1.4823749966720001,-1.2499988480000006
1.07035e-05,23.749996544,0.6007499948799999,1.4823749966720001,-1.5624988160000015
1.0704000000000001e-05,23.749996544,0.59449999552,1.4811249968,-1.5624988160000015
1.07045e-05,23.749996544,0.59449999552,1.483624996544,-1.8749987840000006
1.0705e-05,22.968746496,0.59449999552,1.4823749966720001,-1.5624988160000015
1.0705500000000001e-05,22.968746496,0.59449999552,1.4823749966720001,-1.5624988160000015
1.0706e-05,23.749996544,0.58824999616,1.4811249968,-1.5624988160000015
1.07065e-05,23.749996544,0.59449999552,1.4823749966720001,-1.8749987840000006
1.0707000000000001e-05,23.749996544,0.6007499948799999,1.4823749966720001,-1.2499988480000006
1.07075e-05,23.749996544,0.59449999552,1.4823749966720001,-1.2499988480000006
1.0708000000000001e-05,23.749996544,0.59449999552,1.4823749966720001,-1.2499988480000006
1.0708500000000001e-05,23.749996544,0.59449999552,1.483624996544,-1.8749987840000006
1.0709e-05,24.531246592000002,0.6007499948799999,1.4823749966720001,-1.5624988160000015
1.0709500000000001e-05,23.749996544,0.59449999552,1.4811249968,-1.8749987840000006
1.071e-05,23.749996544,0.59449999552,1.4823749966720001,-1.5624988160000015
1.07105e-05,23.749996544,0.6007499948799999,1.484874996416,-1.5624988160000015
1.0711000000000001e-05,23.749996544,0.59449999552,1.483624996544,-1.5624988160000015
1.07115e-05,23.749996544,0.59449999552,1.4823749966720001,-1.5624988160000015
1.0712e-05,23.749996544,0.59449999552,1.479874996928,-1.5624988160000015
1.0712500000000001e-05,23.749996544,0.58824999616,1.4823749966720001,-1.5624988160000015
1.0713e-05,22.968746496,0.59449999552,1.4811249968,-1.5624988160000015
1.07135e-05,23.749996544,0.6007499948799999,1.4823749966720001,-1.8749987840000006
1.0714000000000001e-05,23.749996544,0.59449999552,1.4811249968,-1.5624988160000015
1.07145e-05,23.749996544,0.59449999552,1.4811249968,-1.5624988160000015
1.0715e-05,24.531246592000002,0.59449999552,1.4811249968,-1.5624988160000015
1.0715500000000001e-05,23.749996544,0.59449999552,1.483624996544,-1.5624988160000015
1.0716e-05,23.749996544,0.6007499948799999,1.484874996416,-1.5624988160000015
1.0716500000000001e-05,23.749996544,0.6007499948799999,1.486124996288,-1.5624988160000015
1.0717000000000001e-05,23.749996544,0.59449999552,1.484874996416,-1.5624988160000015
1.07175e-05,23.749996544,0.59449999552,1.4823749966720001,-1.2499988480000006
1.0718000000000001e-05,23.749996544,0.59449999552,1.484874996416,-1.5624988160000015
1.07185e-05,23.749996544,0.59449999552,1.4823749966720001,-1.8749987840000006
1.0719e-05,23.749996544,0.59449999552,1.4811249968,-1.2499988480000006
1.0719500000000001e-05,23.749996544,0.59449999552,1.4823749966720001,-1.5624988160000015
1.072e-05,22.968746496,0.6007499948799999,1.4823749966720001,-1.5624988160000015
1.07205e-05,23.749996544,0.59449999552,1.483624996544,-1.8749987840000006
1.0721000000000001e-05,23.749996544,0.6007499948799999,1.4823749966720001,-1.5624988160000015
1.07215e-05,24.531246592000002,0.59449999552,1.4823749966720001,-1.5624988160000015
1.0722e-05,23.749996544,0.6007499948799999,1.4811249968,-1.5624988160000015
1.0722500000000001e-05,22.968746496,0.59449999552,1.4823749966720001,-1.5624988160000015
1.0723e-05,24.531246592000002,0.6007499948799999,1.4823749966720001,-1.2499988480000006
1.07235e-05,23.749996544,0.59449999552,1.4811249968,-1.2499988480000006
1.0724000000000001e-05,23.749996544,0.59449999552,1.4823749966720001,-1.5624988160000015
1.07245e-05,23.749996544,0.6007499948799999,1.4823749966720001,-1.2499988480000006
1.0725000000000001e-05,24.531246592000002,0.59449999552,1.4823749966720001,-1.2499988480000006
1.0725500000000001e-05,23.749996544,0.6007499948799999,1.4823749966720001,-1.8749987840000006
1.0726e-05,23.749996544,0.59449999552,1.483624996544,-1.2499988480000006
1.0726500000000001e-05,23.749996544,0.59449999552,1.4823749966720001,-1.2499988480000006
1.0727e-05,23.749996544,0.59449999552,1.4823749966720001,-1.2499988480000006
1.07275e-05,23.749996544,0.59449999552,1.4823749966720001,-1.5624988160000015
1.0728000000000001e-05,23.749996544,0.59449999552,1.4811249968,-1.5624988160000015
1.07285e-05,24.531246592000002,0.59449999552,1.483624996544,-1.5624988160000015
1.0729e-05,23.749996544,0.59449999552,1.4823749966720001,-1.5624988160000015
1.0729500000000001e-05,23.749996544,0.6007499948799999,1.483624996544,-1.5624988160000015
1.073e-05,23.749996544,0.59449999552,1.483624996544,-1.5624988160000015
1.07305e-05,23.749996544,0.59449999552,1.483624996544,-1.5624988160000015
1.0731000000000001e-05,23.749996544,0.59449999552,1.4823749966720001,-1.5624988160000015
1.07315e-05,23.749996544,0.59449999552,1.4823749966720001,-1.2499988480000006
1.0732e-05,23.749996544,0.59449999552,1.4823749966720001,-1.2499988480000006
1.0732500000000001e-05,23.749996544,0.6007499948799999,1.483624996544,-1.5624988160000015
1.0733e-05,24.531246592000002,0.59449999552,1.4811249968,-1.5624988160000015
1.0733500000000002e-05,23.749996544,0.59449999552,1.479874996928,-1.5624988160000015
1.0734000000000001e-05,24.531246592000002,0.59449999552,1.4823749966720001,-1.2499988480000006
1.07345e-05,23.749996544,0.59449999552,1.484874996416,-1.5624988160000015
1.0735000000000001e-05,23.749996544,0.6007499948799999,1.484874996416,-1.5624988160000015
1.07355e-05,23.749996544,0.59449999552,1.4823749966720001,-1.5624988160000015
1.0736e-05,23.749996544,0.59449999552,1.4811249968,-1.5624988160000015
1.0736500000000001e-05,23.749996544,0.59449999552,1.483624996544,-1.5624988160000015
1.0737e-05,23.749996544,0.6007499948799999,1.4823749966720001,-1.2499988480000006
1.07375e-05,23.749996544,0.59449999552,1.483624996544,-1.5624988160000015
1.0738000000000001e-05,23.749996544,0.6007499948799999,1.4823749966720001,-1.8749987840000006
1.07385e-05,23.749996544,0.6007499948799999,1.479874996928,-1.5624988160000015
1.0739e-05,23.749996544,0.6007499948799999,1.478624997056,-1.2499988480000006
1.0739500000000001e-05,23.749996544,0.59449999552,1.4823749966720001,-1.2499988480000006
1.074e-05,23.749996544,0.59449999552,1.4823749966720001,-1.5624988160000015
1.07405e-05,23.749996544,0.6007499948799999,1.4823749966720001,-1.5624988160000015
1.0741000000000001e-05,24.531246592000002,0.59449999552,1.483624996544,-1.2499988480000006
1.07415e-05,24.531246592000002,0.59449999552,1.4823749966720001,-1.5624988160000015
1.0742000000000002e-05,24.531246592000002,0.59449999552,1.4823749966720001,-1.2499988480000006
1.0742500000000001e-05,23.749996544,0.6007499948799999,1.4811249968,-1.5624988160000015
1.0743e-05,23.749996544,0.6007499948799999,1.478624997056,-1.2499988480000006
1.0743500000000001e-05,23.749996544,0.59449999552,1.478624997056,-1.5624988160000015
1.0744e-05,23.749996544,0.59449999552,1.478624997056,-1.5624988160000015
1.07445e-05,23.749996544,0.6007499948799999,1.483624996544,-1.5624988160000015
1.0745000000000001e-05,23.749996544,0.59449999552,1.479874996928,-1.2499988480000006
1.07455e-05,23.749996544,0.59449999552,1.479874996928,-1.5624988160000015
1.0746e-05,23.749996544,0.59449999552,1.4811249968,-1.5624988160000015
1.0746500000000001e-05,23.749996544,0.59449999552,1.4823749966720001,-1.5624988160000015
1.0747e-05,23.749996544,0.6007499948799999,1.479874996928,-1.5624988160000015
1.07475e-05,24.531246592000002,0.59449999552,1.479874996928,-1.2499988480000006
1.0748000000000001e-05,23.749996544,0.59449999552,1.479874996928,-1.5624988160000015
1.07485e-05,22.968746496,0.6007499948799999,1.4811249968,-1.5624988160000015
1.0749e-05,23.749996544,0.59449999552,1.479874996928,-1.2499988480000006
1.0749500000000001e-05,23.749996544,0.60699999424,1.479874996928,-1.2499988480000006
1.075e-05,23.749996544,0.6007499948799999,1.4823749966720001,-1.2499988480000006
1.0750500000000002e-05,22.968746496,0.6007499948799999,1.4823749966720001,-1.2499988480000006
1.0751000000000001e-05,23.749996544,0.59449999552,1.479874996928,-1.5624988160000015
1.07515e-05,22.968746496,0.58824999616,1.4811249968,-1.5624988160000015
1.0752000000000001e-05,23.749996544,0.59449999552,1.4811249968,-1.2499988480000006
1.07525e-05,24.531246592000002,0.58824999616,1.483624996544,-1.5624988160000015
1.0753e-05,22.968746496,0.58824999616,1.483624996544,-1.5624988160000015
1.0753500000000001e-05,23.749996544,0.59449999552,1.484874996416,-1.8749987840000006
1.0754e-05,23.749996544,0.59449999552,1.483624996544,-1.5624988160000015
1.07545e-05,23.749996544,0.59449999552,1.486124996288,-1.5624988160000015
1.0755000000000001e-05,23.749996544,0.6007499948799999,1.484874996416,-1.2499988480000006
1.07555e-05,23.749996544,0.59449999552,1.4811249968,-1.2499988480000006
1.0756e-05,23.749996544,0.59449999552,1.479874996928,-1.2499988480000006
1.0756500000000001e-05,23.749996544,0.6007499948799999,1.479874996928,-1.5624988160000015
1.0757e-05,24.531246592000002,0.59449999552,1.479874996928,-1.2499988480000006
1.07575e-05,23.749996544,0.59449999552,1.479874996928,-1.2499988480000006
1.0758000000000001e-05,23.749996544,0.59449999552,1.4811249968,-1.2499988480000006
1.07585e-05,23.749996544,0.59449999552,1.4823749966720001,-0.9374988799999997
1.0759000000000002e-05,23.749996544,0.59449999552,1.479874996928,-1.2499988480000006
1.0759500000000001e-05,23.749996544,0.59449999552,1.4811249968,-1.5624988160000015
1.076e-05,23.749996544,0.58824999616,1.479874996928,-1.2499988480000006
1.0760500000000001e-05,24.531246592000002,0.58824999616,1.4823749966720001,-1.5624988160000015
1.0761e-05,24.531246592000002,0.59449999552,1.4811249968,-1.2499988480000006
1.07615e-05,23.749996544,0.59449999552,1.4823749966720001,-1.5624988160000015
1.0762000000000001e-05,24.531246592000002,0.59449999552,1.483624996544,-1.2499988480000006
1.07625e-05,23.749996544,0.6007499948799999,1.483624996544,-1.5624988160000015
1.0763e-05,23.749996544,0.58824999616,1.483624996544,-1.2499988480000006
1.0763500000000001e-05,23.749996544,0.58824999616,1.4823749966720001,-1.2499988480000006
1.0764e-05,23.749996544,0.59449999552,1.479874996928,-1.2499988480000006
1.07645e-05,24.531246592000002,0.59449999552,1.4811249968,-1.2499988480000006
1.0765000000000001e-05,24.531246592000002,0.59449999552,1.483624996544,-1.2499988480000006
1.07655e-05,24.531246592000002,0.58824999616,1.484874996416,-1.5624988160000015
1.0766e-05,23.749996544,0.58824999616,1.483624996544,-1.2499988480000006
1.0766500000000001e-05,23.749996544,0.59449999552,1.484874996416,-1.2499988480000006
1.0767e-05,23.749996544,0.6007499948799999,1.484874996416,-1.2499988480000006
1.0767500000000002e-05,23.749996544,0.59449999552,1.484874996416,-1.5624988160000015
1.0768000000000001e-05,24.531246592000002,0.59449999552,1.479874996928,-1.5624988160000015
1.07685e-05,23.749996544,0.59449999552,1.4823749966720001,-1.5624988160000015
1.0769000000000001e-05,23.749996544,0.59449999552,1.4823749966720001,-1.5624988160000015
1.07695e-05,23.749996544,0.59449999552,1.483624996544,-1.2499988480000006
1.077e-05,24.531246592000002,0.59449999552,1.4811249968,-1.2499988480000006
1.0770500000000001e-05,23.749996544,0.59449999552,1.479874996928,-1.2499988480000006
1.0771e-05,23.749996544,0.6007499948799999,1.4823749966720001,-1.2499988480000006
1.07715e-05,23.749996544,0.59449999552,1.484874996416,-1.2499988480000006
1.0772000000000001e-05,23.749996544,0.59449999552,1.4823749966720001,-0.9374988799999997
1.07725e-05,24.531246592000002,0.59449999552,1.4823749966720001,-1.5624988160000015
1.0773e-05,24.531246592000002,0.58824999616,1.483624996544,-1.2499988480000006
1.0773500000000001e-05,23.749996544,0.59449999552,1.483624996544,-1.2499988480000006
1.0774e-05,23.749996544,0.59449999552,1.4811249968,-1.2499988480000006
1.07745e-05,23.749996544,0.6007499948799999,1.479874996928,-1.2499988480000006
1.0775000000000001e-05,22.968746496,0.6007499948799999,1.478624997056,-1.5624988160000015
1.07755e-05,22.968746496,0.59449999552,1.4823749966720001,-1.2499988480000006
1.0776e-05,24.531246592000002,0.59449999552,1.483624996544,-1.2499988480000006
1.0776500000000001e-05,24.531246592000002,0.59449999552,1.484874996416,-1.5624988160000015
1.0777e-05,24.531246592000002,0.59449999552,1.4811249968,-1.2499988480000006
1.0777500000000001e-05,22.968746496,0.59449999552,1.479874996928,-1.5624988160000015
1.0778e-05,24.531246592000002,0.59449999552,1.4811249968,-1.2499988480000006
1.07785e-05,23.749996544,0.59449999552,1.4823749966720001,-1.2499988480000006
1.0779000000000001e-05,23.749996544,0.6007499948799999,1.4811249968,-0.9374988799999997
1.07795e-05,23.749996544,0.59449999552,1.4823749966720001,-1.2499988480000006
1.078e-05,23.749996544,0.59449999552,1.4811249968,-1.2499988480000006
1.0780500000000001e-05,23.749996544,0.59449999552,1.4823749966720001,-1.2499988480000006
1.0781e-05,23.749996544,0.59449999552,1.479874996928,-1.2499988480000006
1.07815e-05,23.749996544,0.59449999552,1.478624997056,-1.2499988480000006
1.0782000000000001e-05,23.749996544,0.58824999616,1.4811249968,-1.2499988480000006
1.07825e-05,23.749996544,0.59449999552,1.4811249968,-1.2499988480000006
1.0783e-05,23.749996544,0.6007499948799999,1.477374997184,-1.5624988160000015
1.0783500000000001e-05,22.968746496,0.59449999552,1.477374997184,-1.5624988160000015
1.0784e-05,24.531246592000002,0.58824999616,1.478624997056,-1.2499988480000006
1.07845e-05,23.749996544,0.59449999552,1.483624996544,-1.5624988160000015
1.0785000000000001e-05,22.968746496,0.59449999552,1.4823749966720001,-0.9374988799999997
1.07855e-05,22.968746496,0.59449999552,1.483624996544,-1.2499988480000006
1.0786000000000001e-05,23.749996544,0.59449999552,1.4823749966720001,-1.2499988480000006
1.07865e-05,22.968746496,0.59449999552,1.4811249968,-1.2499988480000006
1.0787e-05,23.749996544,0.59449999552,1.4823749966720001,-1.2499988480000006
1.0787500000000001e-05,23.749996544,0.59449999552,1.4823749966720001,-1.2499988480000006
1.0788e-05,22.968746496,0.6007499948799999,1.478624997056,-1.2499988480000006
1.07885e-05,23.749996544,0.6007499948799999,1.479874996928,-1.5624988160000015
1.0789000000000001e-05,23.749996544,0.6007499948799999,1.478624997056,-1.2499988480000006
1.07895e-05,23.749996544,0.59449999552,1.479874996928,-1.2499988480000006
1.079e-05,23.749996544,0.59449999552,1.4823749966720001,-1.2499988480000006
1.0790500000000001e-05,23.749996544,0.59449999552,1.4811249968,-1.2499988480000006
1.0791e-05,24.531246592000002,0.59449999552,1.479874996928,-1.2499988480000006
1.07915e-05,23.749996544,0.58824999616,1.479874996928,-1.5624988160000015
1.0792000000000001e-05,23.749996544,0.59449999552,1.479874996928,-1.5624988160000015
1.07925e-05,23.749996544,0.58824999616,1.483624996544,-1.5624988160000015
1.0793e-05,24.531246592000002,0.59449999552,1.483624996544,-1.5624988160000015
1.0793500000000001e-05,23.749996544,0.6007499948799999,1.4811249968,-1.5624988160000015
1.0794e-05,23.749996544,0.59449999552,1.4811249968,-1.2499988480000006
1.0794500000000001e-05,23.749996544,0.6007499948799999,1.479874996928,-1.5624988160000015
1.0795e-05,23.749996544,0.59449999552,1.478624997056,-1.2499988480000006
1.07955e-05,23.749996544,0.59449999552,1.478624997056,-1.2499988480000006
1.0796000000000001e-05,23.749996544,0.6007499948799999,1.478624997056,-0.9374988799999997
1.07965e-05,23.749996544,0.59449999552,1.4811249968,-1.2499988480000006
1.0797e-05,24.531246592000002,0.59449999552,1.479874996928,-1.2499988480000006
1.0797500000000001e-05,23.749996544,0.59449999552,1.479874996928,-1.2499988480000006
1.0798e-05,24.531246592000002,0.58824999616,1.479874996928,-1.2499988480000006
1.07985e-05,23.749996544,0.59449999552,1.4823749966720001,-0.9374988799999997
1.0799000000000001e-05,23.749996544,0.59449999552,1.4811249968,-1.2499988480000006
1.07995e-05,23.749996544,0.59449999552,1.479874996928,-1.5624988160000015
1.08e-05,23.749996544,0.59449999552,1.477374997184,-1.5624988160000015
1.0800500000000001e-05,23.749996544,0.58824999616,1.478624997056,-1.5624988160000015
1.0801e-05,22.968746496,0.58824999616,1.4811249968,-1.2499988480000006
1.08015e-05,23.749996544,0.59449999552,1.4823749966720001,-1.5624988160000015
1.0802000000000001e-05,24.531246592000002,0.59449999552,1.478624997056,-1.2499988480000006
1.08025e-05,24.531246592000002,0.59449999552,1.477374997184,-1.2499988480000006
1.0803000000000001e-05,23.749996544,0.58824999616,1.479874996928,-1.2499988480000006
1.08035e-05,23.749996544,0.59449999552,1.479874996928,-1.2499988480000006
1.0804e-05,23.749996544,0.59449999552,1.479874996928,-1.2499988480000006
1.0804500000000001e-05,23.749996544,0.6007499948799999,1.4811249968,-1.2499988480000006
1.0805e-05,24.531246592000002,0.59449999552,1.4823749966720001,-1.2499988480000006
1.08055e-05,24.531246592000002,0.59449999552,1.4811249968,-1.2499988480000006
1.0806000000000001e-05,23.749996544,0.59449999552,1.4823749966720001,-1.2499988480000006
1.08065e-05,24.531246592000002,0.59449999552,1.4823749966720001,-1.2499988480000006
1.0807e-05,23.749996544,0.6007499948799999,1.4823749966720001,-1.2499988480000006
1.0807500000000001e-05,23.749996544,0.59449999552,1.4823749966720001,-1.2499988480000006
1.0808e-05,24.531246592000002,0.59449999552,1.479874996928,-1.2499988480000006
1.08085e-05,24.531246592000002,0.59449999552,1.4811249968,-1.5624988160000015
1.0809000000000001e-05,23.749996544,0.59449999552,1.4811249968,-1.2499988480000006
1.08095e-05,23.749996544,0.58824999616,1.4811249968,-1.2499988480000006
1.081e-05,23.749996544,0.59449999552,1.4811249968,-1.2499988480000006
1.0810500000000001e-05,23.749996544,0.59449999552,1.4811249968,-1.2499988480000006
1.0811e-05,22.968746496,0.59449999552,1.478624997056,-1.2499988480000006
1.0811500000000001e-05,23.749996544,0.59449999552,1.479874996928,-1.2499988480000006
1.0812e-05,23.749996544,0.59449999552,1.479874996928,-1.2499988480000006
1.08125e-05,23.749996544,0.59449999552,1.479874996928,-1.2499988480000006
1.0813000000000001e-05,24.531246592000002,0.59449999552,1.4811249968,-0.9374988799999997
1.08135e-05,23.749996544,0.59449999552,1.478624997056,-1.2499988480000006
1.0814e-05,23.749996544,0.59449999552,1.478624997056,-1.2499988480000006
1.0814500000000001e-05,23.749996544,0.59449999552,1.4823749966720001,-1.2499988480000006
1.0815e-05,23.749996544,0.6007499948799999,1.4823749966720001,-1.2499988480000006
1.08155e-05,23.749996544,0.59449999552,1.4811249968,-1.2499988480000006
1.0816000000000001e-05,24.531246592000002,0.59449999552,1.477374997184,-1.2499988480000006
1.08165e-05,23.749996544,0.58824999616,1.4811249968,-1.5624988160000015
1.0817e-05,24.531246592000002,0.59449999552,1.479874996928,-1.2499988480000006
1.0817500000000001e-05,24.531246592000002,0.59449999552,1.4823749966720001,-1.2499988480000006
1.0818e-05,23.749996544,0.59449999552,1.479874996928,-1.2499988480000006
1.08185e-05,23.749996544,0.59449999552,1.478624997056,-1.2499988480000006
1.0819000000000001e-05,24.531246592000002,0.59449999552,1.479874996928,-1.2499988480000006
1.08195e-05,23.749996544,0.59449999552,1.479874996928,-0.9374988799999997
1.0820000000000001e-05,23.749996544,0.59449999552,1.479874996928,-1.2499988480000006
1.08205e-05,24.531246592000002,0.59449999552,1.4811249968,-1.2499988480000006
1.0821e-05,24.531246592000002,0.59449999552,1.4811249968,-1.2499988480000006
1.0821500000000001e-05,23.749996544,0.59449999552,1.479874996928,-1.2499988480000006
1.0822e-05,23.749996544,0.59449999552,1.4811249968,-1.2499988480000006
1.08225e-05,23.749996544,0.59449999552,1.4823749966720001,-1.5624988160000015
1.0823000000000001e-05,23.749996544,0.58824999616,1.4823749966720001,-1.2499988480000006
1.08235e-05,23.749996544,0.58824999616,1.4823749966720001,-1.2499988480000006
1.0824e-05,24.531246592000002,0.58824999616,1.479874996928,-1.5624988160000015
1.0824500000000001e-05,24.531246592000002,0.59449999552,1.4811249968,-1.5624988160000015
1.0825e-05,23.749996544,0.6007499948799999,1.4823749966720001,-0.9374988799999997
1.08255e-05,23.749996544,0.59449999552,1.4811249968,-1.2499988480000006
1.0826000000000001e-05,24.531246592000002,0.59449999552,1.4811249968,-0.9374988799999997
1.08265e-05,23.749996544,0.58824999616,1.4823749966720001,-1.5624988160000015
1.0827e-05,23.749996544,0.59449999552,1.4811249968,-1.2499988480000006
1.0827500000000001e-05,23.749996544,0.59449999552,1.4823749966720001,-1.2499988480000006
1.0828e-05,23.749996544,0.59449999552,1.4811249968,-1.2499988480000006
1.0828500000000001e-05,24.531246592000002,0.59449999552,1.4811249968,-0.9374988799999997
1.0829e-05,24.531246592000002,0.6007499948799999,1.479874996928,-0.9374988799999997
1.08295e-05,24.531246592000002,0.59449999552,1.478624997056,-1.2499988480000006
1.0830000000000001e-05,24.531246592000002,0.58824999616,1.478624997056,-1.2499988480000006
1.08305e-05,23.749996544,0.59449999552,1.4811249968,-1.2499988480000006
1.0831e-05,23.749996544,0.59449999552,1.478624997056,-1.2499988480000006
1.0831500000000001e-05,23.749996544,0.59449999552,1.476124997312,-1.5624988160000015
1.0832e-05,23.749996544,0.59449999552,1.47487499744,-1.2499988480000006
1.08325e-05,24.531246592000002,0.58824999616,1.478624997056,-1.2499988480000006
1.0833000000000001e-05,22.968746496,0.59449999552,1.477374997184,-1.2499988480000006
1.08335e-05,23.749996544,0.59449999552,1.478624997056,-1.2499988480000006
1.0834e-05,24.531246592000002,0.59449999552,1.478624997056,-1.2499988480000006
1.0834500000000001e-05,23.749996544,0.59449999552,1.478624997056,-1.2499988480000006
1.0835e-05,24.531246592000002,0.6007499948799999,1.477374997184,-1.2499988480000006
1.08355e-05,23.749996544,0.59449999552,1.477374997184,-0.6249989120000006
1.0836000000000001e-05,23.749996544,0.58824999616,1.478624997056,-0.9374988799999997
1.08365e-05,23.749996544,0.59449999552,1.479874996928,-1.2499988480000006
1.0837000000000001e-05,24.531246592000002,0.59449999552,1.4811249968,-0.9374988799999997
1.08375e-05,24.531246592000002,0.58824999616,1.4823749966720001,-1.5624988160000015
1.0838e-05,24.531246592000002,0.58824999616,1.4823749966720001,-1.2499988480000006
1.0838500000000001e-05,24.531246592000002,0.59449999552,1.4811249968,-1.2499988480000006
1.0839e-05,23.749996544,0.59449999552,1.4811249968,-1.2499988480000006
1.08395e-05,23.749996544,0.59449999552,1.4811249968,-1.5624988160000015
1.0840000000000001e-05,23.749996544,0.59449999552,1.478624997056,-1.5624988160000015
1.08405e-05,23.749996544,0.59449999552,1.479874996928,-1.8749987840000006
1.0841e-05,23.749996544,0.59449999552,1.4811249968,-1.2499988480000006
1.0841500000000001e-05,23.749996544,0.59449999552,1.479874996928,-1.2499988480000006
1.0842e-05,24.531246592000002,0.58824999616,1.4811249968,-1.2499988480000006
1.08425e-05,24.531246592000002,0.59449999552,1.4823749966720001,-1.2499988480000006
1.0843000000000001e-05,24.531246592000002,0.58824999616,1.4823749966720001,-0.9374988799999997
1.08435e-05,23.749996544,0.58824999616,1.4823749966720001,-0.9374988799999997
1.0844e-05,23.749996544,0.59449999552,1.479874996928,-1.2499988480000006
1.0844500000000001e-05,23.749996544,0.59449999552,1.4811249968,-1.5624988160000015
1.0845e-05,24.531246592000002,0.6007499948799999,1.478624997056,-0.9374988799999997
1.0845500000000001e-05,24.531246592000002,0.6007499948799999,1.47487499744,-0.9374988799999997
1.0846000000000001e-05,24.531246592000002,0.59449999552,1.473624997568,-1.2499988480000006
1.08465e-05,23.749996544,0.59449999552,1.47487499744,-0.9374988799999997
1.0847000000000001e-05,23.749996544,0.59449999552,1.477374997184,-1.2499988480000006
1.08475e-05,22.968746496,0.59449999552,1.4823749966720001,-1.2499988480000006
1.0848e-05,23.749996544,0.59449999552,1.4811249968,-1.2499988480000006
1.0848500000000001e-05,24.531246592000002,0.59449999552,1.483624996544,-1.2499988480000006
1.0849e-05,23.749996544,0.59449999552,1.4823749966720001,-1.2499988480000006
1.08495e-05,23.749996544,0.58824999616,1.4811249968,-1.2499988480000006
1.0850000000000001e-05,23.749996544,0.59449999552,1.479874996928,-1.2499988480000006
1.08505e-05,23.749996544,0.59449999552,1.4811249968,-1.2499988480000006
1.0851e-05,24.531246592000002,0.59449999552,1.4823749966720001,-1.2499988480000006
1.0851500000000001e-05,23.749996544,0.58824999616,1.483624996544,-1.2499988480000006
1.0852e-05,23.749996544,0.58824999616,1.4823749966720001,-1.2499988480000006
1.08525e-05,24.531246592000002,0.59449999552,1.4811249968,-0.9374988799999997
1.0853000000000001e-05,24.531246592000002,0.58824999616,1.4811249968,-0.9374988799999997
1.08535e-05,24.531246592000002,0.59449999552,1.478624997056,-1.2499988480000006
1.0854000000000001e-05,23.749996544,0.58824999616,1.479874996928,-0.6249989120000006
1.0854500000000001e-05,22.968746496,0.58824999616,1.4823749966720001,-0.9374988799999997
1.0855e-05,23.749996544,0.59449999552,1.4823749966720001,-0.9374988799999997
1.0855500000000001e-05,23.749996544,0.59449999552,1.4823749966720001,-1.2499988480000006
1.0856e-05,23.749996544,0.59449999552,1.479874996928,-1.2499988480000006
1.08565e-05,24.531246592000002,0.58824999616,1.4811249968,-1.5624988160000015
1.0857000000000001e-05,23.749996544,0.59449999552,1.479874996928,-0.9374988799999997
1.08575e-05,23.749996544,0.59449999552,1.479874996928,-0.9374988799999997
1.0858e-05,23.749996544,0.59449999552,1.478624997056,-0.9374988799999997
1.0858500000000001e-05,23.749996544,0.59449999552,1.4811249968,-1.2499988480000006
1.0859e-05,23.749996544,0.59449999552,1.4811249968,-0.9374988799999997
1.08595e-05,23.749996544,0.58824999616,1.4811249968,-0.9374988799999997
1.0860000000000001e-05,23.749996544,0.58824999616,1.479874996928,-0.9374988799999997
1.08605e-05,23.749996544,0.59449999552,1.479874996928,-1.2499988480000006
1.0861e-05,24.531246592000002,0.6007499948799999,1.4811249968,-0.9374988799999997
1.0861500000000001e-05,24.531246592000002,0.59449999552,1.478624997056,-1.2499988480000006
1.0862e-05,24.531246592000002,0.59449999552,1.478624997056,-0.6249989120000006
1.0862500000000001e-05,24.531246592000002,0.59449999552,1.4811249968,-0.9374988799999997
1.0863000000000001e-05,23.749996544,0.59449999552,1.478624997056,-0.9374988799999997
1.08635e-05,23.749996544,0.58824999616,1.478624997056,-1.2499988480000006
1.0864000000000001e-05,24.531246592000002,0.59449999552,1.479874996928,-0.9374988799999997
1.08645e-05,23.749996544,0.59449999552,1.478624997056,-0.9374988799999997
1.0865e-05,24.531246592000002,0.59449999552,1.478624997056,-0.9374988799999997
1.0865500000000001e-05,23.749996544,0.58824999616,1.4823749966720001,-1.2499988480000006
1.0866e-05,24.531246592000002,0.59449999552,1.4811249968,-0.9374988799999997
1.08665e-05,23.749996544,0.59449999552,1.4823749966720001,-1.2499988480000006
1.0867000000000001e-05,23.749996544,0.58824999616,1.479874996928,-0.9374988799999997
1.08675e-05,22.968746496,0.59449999552,1.479874996928,-0.9374988799999997
1.0868e-05,23.749996544,0.58824999616,1.4811249968,-0.9374988799999997
1.0868500000000001e-05,23.749996544,0.59449999552,1.4823749966720001,-0.9374988799999997
1.0869e-05,24.531246592000002,0.59449999552,1.4823749966720001,-0.9374988799999997
1.08695e-05,24.531246592000002,0.59449999552,1.4811249968,-0.9374988799999997
1.0870000000000001e-05,24.531246592000002,0.59449999552,1.4823749966720001,-0.6249989120000006
1.08705e-05,23.749996544,0.59449999552,1.4823749966720001,-0.9374988799999997
1.0871000000000001e-05,23.749996544,0.59449999552,1.4811249968,-0.9374988799999997
1.0871500000000001e-05,23.749996544,0.58824999616,1.4811249968,-0.9374988799999997
1.0872e-05,24.531246592000002,0.58824999616,1.479874996928,-0.9374988799999997
1.0872500000000001e-05,23.749996544,0.58824999616,1.479874996928,-0.9374988799999997
1.0873e-05,22.968746496,0.59449999552,1.478624997056,-0.9374988799999997
1.08735e-05,23.749996544,0.58824999616,1.4823749966720001,-0.9374988799999997
1.0874000000000001e-05,24.531246592000002,0.58824999616,1.4811249968,-0.9374988799999997
1.08745e-05,23.749996544,0.59449999552,1.479874996928,-1.2499988480000006
1.0875e-05,23.749996544,0.58824999616,1.4823749966720001,-0.9374988799999997
1.0875500000000001e-05,23.749996544,0.5819999967999999,1.4811249968,-0.9374988799999997
1.0876e-05,23.749996544,0.58824999616,1.479874996928,-0.9374988799999997
1.08765e-05,23.749996544,0.58824999616,1.4811249968,-1.2499988480000006
1.0877000000000001e-05,23.749996544,0.59449999552,1.4811249968,-0.9374988799999997
1.08775e-05,23.749996544,0.58824999616,1.4811249968,-0.9374988799999997
1.0878e-05,23.749996544,0.58824999616,1.4823749966720001,-0.6249989120000006
1.0878500000000001e-05,23.749996544,0.58824999616,1.4823749966720001,-0.6249989120000006
1.0879e-05,23.749996544,0.59449999552,1.4811249968,-0.9374988799999997
1.0879500000000001e-05,23.749996544,0.59449999552,1.4823749966720001,-0.9374988799999997
1.0880000000000001e-05,24.531246592000002,0.59449999552,1.4811249968,-0.9374988799999997
1.08805e-05,23.749996544,0.59449999552,1.4811249968,-1.2499988480000006
1.0881000000000001e-05,23.749996544,0.59449999552,1.479874996928,-0.9374988799999997
1.08815e-05,24.531246592000002,0.6007499948799999,1.479874996928,-0.9374988799999997
1.0882e-05,23.749996544,0.59449999552,1.478624997056,-0.9374988799999997
1.0882500000000001e-05,23.749996544,0.59449999552,1.479874996928,-0.9374988799999997
1.0883e-05,23.749996544,0.59449999552,1.479874996928,-0.9374988799999997
1.08835e-05,23.749996544,0.59449999552,1.4811249968,-0.6249989120000006
1.0884000000000001e-05,23.749996544,0.59449999552,1.479874996928,-0.6249989120000006
1.08845e-05,23.749996544,0.59449999552,1.479874996928,-0.9374988799999997
1.0885e-05,24.531246592000002,0.59449999552,1.478624997056,-0.9374988799999997
1.0885500000000001e-05,24.531246592000002,0.59449999552,1.479874996928,-0.9374988799999997
1.0886e-05,24.531246592000002,0.59449999552,1.479874996928,-0.6249989120000006
1.08865e-05,23.749996544,0.59449999552,1.478624997056,-0.9374988799999997
1.0887000000000001e-05,23.749996544,0.6007499948799999,1.478624997056,-0.6249989120000006
1.08875e-05,23.749996544,0.59449999552,1.4811249968,-0.9374988799999997
1.0888000000000001e-05,23.749996544,0.58824999616,1.479874996928,-0.9374988799999997
1.0888500000000001e-05,23.749996544,0.59449999552,1.4823749966720001,-0.9374988799999997
1.0889e-05,23.749996544,0.59449999552,1.4811249968,-0.6249989120000006
1.0889500000000001e-05,23.749996544,0.59449999552,1.479874996928,-0.9374988799999997
1.089e-05,23.749996544,0.59449999552,1.477374997184,-0.9374988799999997
1.08905e-05,23.749996544,0.59449999552,1.478624997056,-0.6249989120000006
1.0891000000000001e-05,24.531246592000002,0.59449999552,1.479874996928,-0.9374988799999997
1.08915e-05,23.749996544,0.58824999616,1.479874996928,-0.6249989120000006
1.0892e-05,23.749996544,0.59449999552,1.4811249968,-0.6249989120000006
1.0892500000000001e-05,23.749996544,0.59449999552,1.4811249968,-0.9374988799999997
1.0893e-05,23.749996544,0.59449999552,1.4823749966720001,-0.9374988799999997
1.08935e-05,23.749996544,0.59449999552,1.478624997056,-0.9374988799999997
1.0894000000000001e-05,23.749996544,0.58824999616,1.477374997184,-0.6249989120000006
1.08945e-05,23.749996544,0.59449999552,1.477374997184,-0.6249989120000006
1.0895e-05,23.749996544,0.6007499948799999,1.476124997312,-0.9374988799999997
1.0895500000000001e-05,23.749996544,0.58824999616,1.479874996928,-0.9374988799999997
1.0896e-05,23.749996544,0.59449999552,1.479874996928,-0.9374988799999997
1.0896500000000001e-05,24.531246592000002,0.59449999552,1.479874996928,-0.9374988799999997
1.0897000000000001e-05,23.749996544,0.59449999552,1.478624997056,-0.9374988799999997
1.08975e-05,23.749996544,0.59449999552,1.478624997056,-0.9374988799999997
1.0898000000000001e-05,23.749996544,0.59449999552,1.479874996928,-0.9374988799999997
1.08985e-05,23.749996544,0.59449999552,1.4811249968,-0.9374988799999997
1.0899e-05,23.749996544,0.59449999552,1.478624997056,-0.6249989120000006
1.0899500000000001e-05,23.749996544,0.59449999552,1.478624997056,-0.9374988799999997
1.09e-05,23.749996544,0.59449999552,1.478624997056,-0.6249989120000006
1.09005e-05,23.749996544,0.59449999552,1.4811249968,-0.9374988799999997
1.0901000000000001e-05,23.749996544,0.58824999616,1.4811249968,-0.6249989120000006
1.09015e-05,23.749996544,0.59449999552,1.4811249968,-0.9374988799999997
1.0902e-05,23.749996544,0.58824999616,1.479874996928,-0.6249989120000006
1.0902500000000001e-05,23.749996544,0.59449999552,1.4823749966720001,-0.6249989120000006
1.0903e-05,22.187496448000005,0.59449999552,1.4823749966720001,-0.6249989120000006
1.09035e-05,23.749996544,0.58824999616,1.483624996544,-0.6249989120000006
1.0904000000000001e-05,24.531246592000002,0.59449999552,1.4811249968,-0.6249989120000006
1.09045e-05,23.749996544,0.59449999552,1.483624996544,-0.9374988799999997
1.0905000000000001e-05,23.749996544,0.59449999552,1.4823749966720001,-0.9374988799999997
1.0905500000000001e-05,23.749996544,0.59449999552,1.479874996928,-0.9374988799999997
1.0906e-05,23.749996544,0.5819999967999999,1.478624997056,-0.6249989120000006
1.0906500000000001e-05,23.749996544,0.58824999616,1.478624997056,-0.6249989120000006
1.0907e-05,23.749996544,0.59449999552,1.478624997056,-0.6249989120000006
1.09075e-05,23.749996544,0.58824999616,1.477374997184,-0.6249989120000006
1.0908000000000001e-05,23.749996544,0.59449999552,1.477374997184,-0.6249989120000006
1.09085e-05,23.749996544,0.58824999616,1.479874996928,-0.6249989120000006
1.0909e-05,23.749996544,0.58824999616,1.478624997056,-0.6249989120000006
1.0909500000000001e-05,23.749996544,0.6007499948799999,1.476124997312,-0.6249989120000006
1.091e-05,23.749996544,0.58824999616,1.47487499744,-0.31249894400000144
1.09105e-05,23.749996544,0.59449999552,1.477374997184,-0.6249989120000006
1.0911000000000001e-05,23.749996544,0.59449999552,1.478624997056,-0.9374988799999997
1.09115e-05,23.749996544,0.58824999616,1.478624997056,-0.9374988799999997
1.0912e-05,23.749996544,0.58824999616,1.477374997184,-0.6249989120000006
1.0912500000000001e-05,23.749996544,0.59449999552,1.478624997056,-0.9374988799999997
1.0913e-05,23.749996544,0.59449999552,1.477374997184,-0.9374988799999997
1.0913500000000001e-05,23.749996544,0.59449999552,1.476124997312,-0.9374988799999997
1.0914000000000001e-05,24.531246592000002,0.58824999616,1.478624997056,-0.9374988799999997
1.09145e-05,23.749996544,0.58824999616,1.4811249968,-0.9374988799999997
1.0915000000000001e-05,23.749996544,0.58824999616,1.4823749966720001,-0.9374988799999997
1.09155e-05,23.749996544,0.5819999967999999,1.4811249968,-0.6249989120000006
1.0916e-05,23.749996544,0.58824999616,1.4811249968,-0.6249989120000006
1.0916500000000001e-05,23.749996544,0.59449999552,1.479874996928,-0.9374988799999997
1.0917e-05,24.531246592000002,0.59449999552,1.479874996928,-0.6249989120000006
1.09175e-05,24.531246592000002,0.59449999552,1.4811249968,-0.9374988799999997
1.0918000000000001e-05,24.531246592000002,0.58824999616,1.4823749966720001,-0.6249989120000006
1.09185e-05,23.749996544,0.59449999552,1.4823749966720001,-0.9374988799999997
1.0919e-05,23.749996544,0.59449999552,1.4823749966720001,-0.6249989120000006
1.0919500000000001e-05,23.749996544,0.59449999552,1.4823749966720001,-0.9374988799999997
1.092e-05,23.749996544,0.59449999552,1.4823749966720001,-0.9374988799999997
1.09205e-05,24.531246592000002,0.59449999552,1.4823749966720001,-0.9374988799999997
1.0921000000000001e-05,24.531246592000002,0.58824999616,1.479874996928,-0.9374988799999997
1.09215e-05,23.749996544,0.59449999552,1.479874996928,-0.9374988799999997
1.0922000000000001e-05,24.531246592000002,0.59449999552,1.478624997056,-0.9374988799999997
1.0922500000000001e-05,23.749996544,0.58824999616,1.476124997312,-0.9374988799999997
1.0923e-05,23.749996544,0.58824999616,1.476124997312,-0.6249989120000006
1.0923500000000001e-05,23.749996544,0.58824999616,1.478624997056,-0.6249989120000006
1.0924e-05,23.749996544,0.58824999616,1.4811249968,-0.6249989120000006
1.09245e-05,23.749996544,0.59449999552,1.4811249968,-0.9374988799999997
1.0925000000000001e-05,24.531246592000002,0.59449999552,1.4811249968,-0.6249989120000006
1.09255e-05,24.531246592000002,0.59449999552,1.4811249968,-0.6249989120000006
1.0926e-05,24.531246592000002,0.58824999616,1.4823749966720001,-0.31249894400000144
1.0926500000000001e-05,23.749996544,0.58824999616,1.4811249968,-0.6249989120000006
1.0927e-05,23.749996544,0.59449999552,1.4823749966720001,-0.9374988799999997
1.09275e-05,23.749996544,0.58824999616,1.484874996416,-0.9374988799999997
1.0928000000000001e-05,23.749996544,0.58824999616,1.4823749966720001,-0.9374988799999997
1.09285e-05,23.749996544,0.58824999616,1.4811249968,-0.9374988799999997
1.0929e-05,23.749996544,0.59449999552,1.477374997184,-0.9374988799999997
1.0929500000000001e-05,23.749996544,0.58824999616,1.477374997184,-0.9374988799999997
1.093e-05,23.749996544,0.58824999616,1.4811249968,-0.9374988799999997
1.0930500000000001e-05,23.749996544,0.58824999616,1.479874996928,-0.9374988799999997
1.0931000000000001e-05,23.749996544,0.58824999616,1.478624997056,-0.6249989120000006
1.09315e-05,23.749996544,0.58824999616,1.479874996928,-0.31249894400000144
1.0932000000000001e-05,23.749996544,0.58824999616,1.4811249968,-0.6249989120000006
1.09325e-05,23.749996544,0.58824999616,1.479874996928,-0.6249989120000006
1.0933e-05,23.749996544,0.58824999616,1.479874996928,-0.6249989120000006
1.0933500000000001e-05,24.531246592000002,0.58824999616,1.4811249968,-0.6249989120000006
1.0934e-05,23.749996544,0.59449999552,1.4823749966720001,-0.6249989120000006
1.09345e-05,23.749996544,0.59449999552,1.4811249968,-0.6249989120000006
1.0935000000000001e-05,23.749996544,0.59449999552,1.477374997184,-0.6249989120000006
1.09355e-05,23.749996544,0.58824999616,1.477374997184,-0.9374988799999997
1.0936e-05,23.749996544,0.58824999616,1.477374997184,-0.6249989120000006
1.0936500000000001e-05,24.531246592000002,0.58824999616,1.478624997056,-0.9374988799999997
1.0937e-05,22.968746496,0.6007499948799999,1.479874996928,-0.9374988799999997
1.09375e-05,23.749996544,0.59449999552,1.4811249968,-0.6249989120000006
1.0938000000000001e-05,23.749996544,0.59449999552,1.479874996928,-0.9374988799999997
1.09385e-05,23.749996544,0.59449999552,1.478624997056,-0.6249989120000006
1.0939000000000001e-05,23.749996544,0.59449999552,1.478624997056,-0.6249989120000006
1.0939500000000001e-05,24.531246592000002,0.5819999967999999,1.478624997056,-0.31249894400000144
1.094e-05,23.749996544,0.5819999967999999,1.478624997056,-0.6249989120000006
1.0940500000000001e-05,24.531246592000002,0.59449999552,1.477374997184,-0.9374988799999997
1.0941e-05,23.749996544,0.58824999616,1.476124997312,-0.6249989120000006
1.09415e-05,24.531246592000002,0.59449999552,1.477374997184,-0.9374988799999997
1.0942000000000001e-05,23.749996544,0.58824999616,1.478624997056,-0.6249989120000006
1.09425e-05,22.968746496,0.59449999552,1.479874996928,-0.9374988799999997
1.0943e-05,22.968746496,0.59449999552,1.4811249968,-0.9374988799999997
1.0943500000000001e-05,23.749996544,0.58824999616,1.4811249968,-1.2499988480000006
1.0944e-05,22.968746496,0.5819999967999999,1.479874996928,-0.9374988799999997
1.09445e-05,23.749996544,0.58824999616,1.4811249968,-0.9374988799999997
1.0945000000000001e-05,22.968746496,0.58824999616,1.477374997184,-0.9374988799999997
1.09455e-05,23.749996544,0.59449999552,1.476124997312,-0.9374988799999997
1.0946e-05,24.531246592000002,0.59449999552,1.476124997312,-0.6249989120000006
1.0946500000000001e-05,23.749996544,0.58824999616,1.478624997056,-0.9374988799999997
1.0947e-05,23.749996544,0.59449999552,1.4811249968,-0.9374988799999997
1.0947500000000001e-05,22.968746496,0.59449999552,1.4811249968,-0.9374988799999997
1.0948000000000001e-05,23.749996544,0.59449999552,1.479874996928,-0.6249989120000006
1.09485e-05,23.749996544,0.58824999616,1.479874996928,-0.9374988799999997
1.0949000000000001e-05,24.531246592000002,0.59449999552,1.476124997312,-0.9374988799999997
1.09495e-05,24.531246592000002,0.59449999552,1.47487499744,-0.9374988799999997
1.095e-05,23.749996544,0.58824999616,1.477374997184,-0.6249989120000006
1.0950500000000001e-05,23.749996544,0.58824999616,1.479874996928,-0.9374988799999997
1.0951e-05,22.968746496,0.58824999616,1.476124997312,-0.9374988799999997
1.09515e-05,23.749996544,0.58824999616,1.47487499744,-0.9374988799999997
1.0952000000000001e-05,23.749996544,0.58824999616,1.473624997568,-0.9374988799999997
1.09525e-05,23.749996544,0.58824999616,1.477374997184,-0.9374988799999997
1.0953e-05,22.968746496,0.58824999616,1.478624997056,-0.6249989120000006
1.0953500000000001e-05,23.749996544,0.58824999616,1.478624997056,-0.6249989120000006
1.0954e-05,24.531246592000002,0.59449999552,1.478624997056,-0.9374988799999997
1.09545e-05,23.749996544,0.59449999552,1.477374997184,-0.6249989120000006
1.0955000000000001e-05,23.749996544,0.58824999616,1.477374997184,-0.9374988799999997
1.09555e-05,23.749996544,0.58824999616,1.476124997312,-0.6249989120000006
1.0956000000000001e-05,23.749996544,0.58824999616,1.47487499744,-0.6249989120000006
1.0956500000000001e-05,23.749996544,0.58824999616,1.478624997056,-0.9374988799999997
1.0957e-05,24.531246592000002,0.59449999552,1.478624997056,-0.6249989120000006
1.0957500000000001e-05,23.749996544,0.59449999552,1.478624997056,-0.6249989120000006
1.0958e-05,24.531246592000002,0.58824999616,1.479874996928,-0.6249989120000006
1.09585e-05,23.749996544,0.58824999616,1.479874996928,-0.6249989120000006
1.0959000000000001e-05,23.749996544,0.58824999616,1.476124997312,-0.9374988799999997
1.09595e-05,23.749996544,0.58824999616,1.47487499744,-0.9374988799999997
1.096e-05,23.749996544,0.58824999616,1.477374997184,-0.6249989120000006
1.0960500000000001e-05,23.749996544,0.58824999616,1.4823749966720001,-0.9374988799999997
1.0961e-05,22.968746496,0.58824999616,1.479874996928,-0.6249989120000006
1.09615e-05,23.749996544,0.5819999967999999,1.477374997184,-0.9374988799999997
1.0962000000000001e-05,23.749996544,0.58824999616,1.476124997312,-0.6249989120000006
1.09625e-05,23.749996544,0.59449999552,1.47487499744,-0.6249989120000006
1.0963e-05,23.749996544,0.58824999616,1.476124997312,-0.6249989120000006
1.0963500000000001e-05,23.749996544,0.5819999967999999,1.477374997184,-0.31249894400000144
1.0964e-05,22.968746496,0.58824999616,1.477374997184,-0.6249989120000006
1.0964500000000001e-05,23.749996544,0.59449999552,1.479874996928,-0.6249989120000006
1.0965000000000001e-05,24.531246592000002,0.59449999552,1.479874996928,-0.31249894400000144
1.09655e-05,23.749996544,0.58824999616,1.478624997056,-0.6249989120000006
1.0966000000000001e-05,23.749996544,0.58824999616,1.478624997056,-0.6249989120000006
1.09665e-05,23.749996544,0.59449999552,1.478624997056,-0.6249989120000006
1.0967e-05,23.749996544,0.59449999552,1.478624997056,-0.6249989120000006
1.0967500000000001e-05,23.749996544,0.5819999967999999,1.478624997056,-0.9374988799999997
1.0968e-05,23.749996544,0.58824999616,1.476124997312,-0.9374988799999997
1.09685e-05,23.749996544,0.58824999616,1.476124997312,-0.6249989120000006
1.0969000000000001e-05,22.968746496,0.58824999616,1.478624997056,-0.9374988799999997
1.09695e-05,23.749996544,0.58824999616,1.479874996928,-0.6249989120000006
1.097e-05,23.749996544,0.58824999616,1.4811249968,-0.6249989120000006
1.0970500000000001e-05,23.749996544,0.58824999616,1.4823749966720001,-0.6249989120000006
1.0971e-05,23.749996544,0.59449999552,1.479874996928,-0.31249894400000144
1.09715e-05,23.749996544,0.59449999552,1.479874996928,-0.31249894400000144
1.0972000000000001e-05,23.749996544,0.58824999616,1.479874996928,-0.31249894400000144
1.09725e-05,23.749996544,0.59449999552,1.4823749966720001,-0.9374988799999997
1.0973000000000001e-05,24.531246592000002,0.58824999616,1.483624996544,-0.6249989120000006
1.0973500000000001e-05,23.749996544,0.59449999552,1.4823749966720001,-0.9374988799999997
1.0974e-05,23.749996544,0.58824999616,1.4823749966720001,-0.31249894400000144
1.0974500000000001e-05,23.749996544,0.59449999552,1.4811249968,-0.9374988799999997
1.0975e-05,23.749996544,0.59449999552,1.478624997056,-0.6249989120000006
1.09755e-05,23.749996544,0.59449999552,1.477374997184,-0.6249989120000006
1.0976000000000001e-05,24.531246592000002,0.59449999552,1.477374997184,-0.9374988799999997
1.09765e-05,24.531246592000002,0.58824999616,1.4811249968,-0.6249989120000006
1.0977e-05,22.968746496,0.58824999616,1.479874996928,-0.6249989120000006
1.0977500000000001e-05,23.749996544,0.58824999616,1.478624997056,-0.6249989120000006
1.0978e-05,23.749996544,0.58824999616,1.476124997312,-0.6249989120000006
1.09785e-05,23.749996544,0.59449999552,1.477374997184,-0.6249989120000006
1.0979000000000001e-05,22.968746496,0.58824999616,1.479874996928,-0.6249989120000006
1.09795e-05,24.531246592000002,0.58824999616,1.478624997056,-0.6249989120000006
1.098e-05,23.749996544,0.58824999616,1.477374997184,-0.6249989120000006
1.0980500000000001e-05,23.749996544,0.59449999552,1.479874996928,-0.6249989120000006
1.0981e-05,24.531246592000002,0.58824999616,1.478624997056,-0.31249894400000144
1.0981500000000002e-05,23.749996544,0.58824999616,1.479874996928,-0.6249989120000006
1.0982000000000001e-05,23.749996544,0.58824999616,1.479874996928,-0.6249989120000006
1.09825e-05,24.531246592000002,0.59449999552,1.4823749966720001,-0.6249989120000006
1.0983000000000001e-05,23.749996544,0.59449999552,1.4811249968,-0.9374988799999997
1.09835e-05,23.749996544,0.58824999616,1.4811249968,-0.9374988799999997
1.0984e-05,23.749996544,0.59449999552,1.479874996928,-0.6249989120000006
1.0984500000000001e-05,23.749996544,0.58824999616,1.4811249968,-0.9374988799999997
1.0985e-05,23.749996544,0.58824999616,1.4811249968,-0.6249989120000006
1.09855e-05,24.531246592000002,0.58824999616,1.4811249968,-0.6249989120000006
1.0986000000000001e-05,23.749996544,0.59449999552,1.479874996928,-0.6249989120000006
1.09865e-05,23.749996544,0.59449999552,1.477374997184,-0.9374988799999997
1.0987e-05,23.749996544,0.58824999616,1.476124997312,-0.9374988799999997
1.0987500000000001e-05,24.531246592000002,0.58824999616,1.476124997312,-0.6249989120000006
1.0988e-05,23.749996544,0.58824999616,1.47487499744,-0.6249989120000006
1.09885e-05,23.749996544,0.58824999616,1.477374997184,-0.9374988799999997
1.0989000000000001e-05,24.531246592000002,0.58824999616,1.476124997312,-0.31249894400000144
1.09895e-05,23.749996544,0.59449999552,1.477374997184,-0.6249989120000006
1.0990000000000002e-05,24.531246592000002,0.58824999616,1.478624997056,-0.6249989120000006
1.0990500000000001e-05,23.749996544,0.59449999552,1.479874996928,-0.6249989120000006
1.0991e-05,23.749996544,0.58824999616,1.478624997056,-0.9374988799999997
1.0991500000000001e-05,22.968746496,0.58824999616,1.478624997056,-0.9374988799999997
1.0992e-05,22.968746496,0.58824999616,1.479874996928,-0.9374988799999997
1.09925e-05,23.749996544,0.58824999616,1.4823749966720001,-0.9374988799999997
1.0993000000000001e-05,22.968746496,0.58824999616,1.4811249968,-0.6249989120000006
1.09935e-05,23.749996544,0.59449999552,1.4811249968,-0.6249989120000006
1.0994e-05,24.531246592000002,0.58824999616,1.478624997056,-0.6249989120000006
1.0994500000000001e-05,23.749996544,0.58824999616,1.47487499744,-0.9374988799999997
1.0995e-05,23.749996544,0.58824999616,1.47487499744,-0.9374988799999997
1.09955e-05,23.749996544,0.5819999967999999,1.478624997056,-0.6249989120000006
1.0996000000000001e-05,23.749996544,0.58824999616,1.478624997056,-0.6249989120000006
1.09965e-05,24.531246592000002,0.58824999616,1.479874996928,-0.9374988799999997
1.0997e-05,24.531246592000002,0.58824999616,1.476124997312,-0.6249989120000006
1.0997500000000001e-05,23.749996544,0.58824999616,1.473624997568,-0.6249989120000006
1.0998e-05,23.749996544,0.58824999616,1.47487499744,-0.31249894400000144
1.0998500000000002e-05,23.749996544,0.58824999616,1.479874996928,-0.9374988799999997
1.0999000000000001e-05,23.749996544,0.59449999552,1.4811249968,-0.6249989120000006
1.09995e-05,23.749996544,0.58824999616,1.479874996928,-0.9374988799999997
1.1000000000000001e-05,22.968746496,0.58824999616,1.477374997184,-0.6249989120000006
1.10005e-05,24.531246592000002,0.5819999967999999,1.479874996928,-0.9374988799999997
1.1001e-05,23.749996544,0.58824999616,1.478624997056,-0.6249989120000006
1.1001500000000001e-05,23.749996544,0.59449999552,1.477374997184,-0.6249989120000006
1.1002e-05,23.749996544,0.58824999616,1.476124997312,-0.6249989120000006
1.10025e-05,23.749996544,0.5819999967999999,1.476124997312,-0.6249989120000006
1.1003000000000001e-05,23.749996544,0.58824999616,1.478624997056,-0.6249989120000006
1.10035e-05,23.749996544,0.5819999967999999,1.478624997056,-0.31249894400000144
1.1004e-05,23.749996544,0.59449999552,1.478624997056,-0.6249989120000006
1.1004500000000001e-05,24.531246592000002,0.59449999552,1.4811249968,-0.9374988799999997
1.1005e-05,23.749996544,0.59449999552,1.4811249968,-0.9374988799999997
1.10055e-05,23.749996544,0.58824999616,1.478624997056,-0.6249989120000006
1.1006000000000001e-05,23.749996544,0.58824999616,1.477374997184,-0.6249989120000006
1.10065e-05,23.749996544,0.58824999616,1.478624997056,-0.6249989120000006
1.1007000000000002e-05,23.749996544,0.59449999552,1.476124997312,-0.6249989120000006
1.1007500000000001e-05,23.749996544,0.5819999967999999,1.47487499744,-0.9374988799999997
1.1008e-05,24.531246592000002,0.5819999967999999,1.476124997312,-0.9374988799999997
1.1008500000000001e-05,23.749996544,0.58824999616,1.478624997056,-0.9374988799999997
1.1009e-05,23.749996544,0.58824999616,1.477374997184,-0.31249894400000144
1.10095e-05,23.749996544,0.58824999616,1.477374997184,-0.6249989120000006
1.1010000000000001e-05,25.31249664,0.58824999616,1.479874996928,-0.6249989120000006
1.10105e-05,23.749996544,0.58824999616,1.4811249968,-0.6249989120000006
1.1011e-05,23.749996544,0.58824999616,1.478624997056,-0.6249989120000006
1.1011500000000001e-05,23.749996544,0.5819999967999999,1.477374997184,-0.6249989120000006
1.1012e-05,24.531246592000002,0.5819999967999999,1.479874996928,-0.6249989120000006
1.10125e-05,23.749996544,0.5819999967999999,1.4811249968,-0.6249989120000006
1.1013000000000001e-05,23.749996544,0.58824999616,1.4811249968,-0.31249894400000144
1.10135e-05,23.749996544,0.59449999552,1.4811249968,-0.6249989120000006
1.1014e-05,23.749996544,0.58824999616,1.4811249968,-0.31249894400000144
1.1014500000000001e-05,23.749996544,0.58824999616,1.4811249968,-0.6249989120000006
1.1015e-05,23.749996544,0.58824999616,1.479874996928,-0.6249989120000006
1.1015500000000002e-05,24.531246592000002,0.5819999967999999,1.479874996928,-0.6249989120000006
1.1016000000000001e-05,24.531246592000002,0.58824999616,1.477374997184,-0.6249989120000006
1.10165e-05,24.531246592000002,0.58824999616,1.4811249968,-0.9374988799999997
1.1017000000000001e-05,23.749996544,0.58824999616,1.4811249968,-0.6249989120000006
1.10175e-05,23.749996544,0.58824999616,1.483624996544,-0.6249989120000006
1.1018e-05,23.749996544,0.5819999967999999,1.4823749966720001,-0.6249989120000006
1.1018500000000001e-05,23.749996544,0.5819999967999999,1.4823749966720001,-0.6249989120000006
1.1019e-05,23.749996544,0.58824999616,1.4823749966720001,-0.6249989120000006
1.10195e-05,23.749996544,0.5819999967999999,1.4811249968,-0.6249989120000006
1.1020000000000001e-05,23.749996544,0.58824999616,1.4811249968,-0.6249989120000006
1.10205e-05,23.749996544,0.5819999967999999,1.4823749966720001,-0.6249989120000006
1.1021e-05,24.531246592000002,0.58824999616,1.479874996928,-0.6249989120000006
1.1021500000000001e-05,23.749996544,0.58824999616,1.477374997184,-0.6249989120000006
1.1022e-05,23.749996544,0.58824999616,1.477374997184,-0.31249894400000144
1.10225e-05,24.531246592000002,0.59449999552,1.478624997056,-0.6249989120000006
1.1023000000000001e-05,23.749996544,0.58824999616,1.477374997184,-0.6249989120000006
1.10235e-05,23.749996544,0.58824999616,1.479874996928,-0.6249989120000006
1.1024000000000002e-05,23.749996544,0.58824999616,1.478624997056,-0.6249989120000006
1.1024500000000001e-05,23.749996544,0.58824999616,1.4823749966720001,-0.6249989120000006
1.1025e-05,22.968746496,0.58824999616,1.479874996928,-0.6249989120000006
1.1025500000000001e-05,23.749996544,0.58824999616,1.479874996928,-0.6249989120000006
1.1026e-05,23.749996544,0.58824999616,1.479874996928,-0.6249989120000006
1.10265e-05,23.749996544,0.58824999616,1.478624997056,-0.6249989120000006
1.1027000000000001e-05,24.531246592000002,0.58824999616,1.479874996928,-0.6249989120000006
1.10275e-05,24.531246592000002,0.58824999616,1.478624997056,-0.6249989120000006
1.1028e-05,22.968746496,0.5819999967999999,1.477374997184,-0.6249989120000006
1.1028500000000001e-05,22.968746496,0.58824999616,1.478624997056,-0.6249989120000006
1.1029e-05,24.531246592000002,0.58824999616,1.478624997056,-0.31249894400000144
1.10295e-05,24.531246592000002,0.58824999616,1.479874996928,-0.6249989120000006
1.1030000000000001e-05,23.749996544,0.58824999616,1.479874996928,-0.31249894400000144
1.10305e-05,23.749996544,0.58824999616,1.4811249968,-0.6249989120000006
1.1031e-05,23.749996544,0.58824999616,1.478624997056,-0.6249989120000006
1.1031500000000001e-05,23.749996544,0.5819999967999999,1.477374997184,-0.9374988799999997
1.1032e-05,23.749996544,0.5819999967999999,1.476124997312,-0.9374988799999997
1.1032500000000002e-05,23.749996544,0.58824999616,1.479874996928,-0.9374988799999997
1.1033000000000001e-05,22.968746496,0.5819999967999999,1.477374997184,-0.6249989120000006
1.10335e-05,22.968746496,0.5819999967999999,1.477374997184,-0.31249894400000144
1.1034000000000001e-05,23.749996544,0.58824999616,1.478624997056,-0.9374988799999997
1.10345e-05,23.749996544,0.58824999616,1.4811249968,-0.6249989120000006
1.1035e-05,22.968746496,0.58824999616,1.479874996928,-0.6249989120000006
1.1035500000000001e-05,23.749996544,0.58824999616,1.478624997056,-0.31249894400000144
1.1036e-05,23.749996544,0.5819999967999999,1.478624997056,-0.6249989120000006
1.10365e-05,23.749996544,0.58824999616,1.4811249968,-0.6249989120000006
1.1037000000000001e-05,24.531246592000002,0.58824999616,1.479874996928,-0.31249894400000144
1.10375e-05,24.531246592000002,0.58824999616,1.478624997056,-0.6249989120000006
1.1038e-05,23.749996544,0.58824999616,1.4811249968,-0.6249989120000006
1.1038500000000001e-05,24.531246592000002,0.58824999616,1.483624996544,-0.31249894400000144
1.1039e-05,23.749996544,0.58824999616,1.4823749966720001,-0.6249989120000006
1.10395e-05,23.749996544,0.5819999967999999,1.4823749966720001,-0.6249989120000006
1.1040000000000001e-05,23.749996544,0.58824999616,1.478624997056,-0.9374988799999997
1.10405e-05,23.749996544,0.58824999616,1.479874996928,-0.9374988799999997
1.1041000000000002e-05,23.749996544,0.5819999967999999,1.4811249968,-0.6249989120000006
1.1041500000000001e-05,23.749996544,0.5819999967999999,1.4811249968,-0.6249989120000006
1.1042e-05,24.531246592000002,0.58824999616,1.4811249968,-0.6249989120000006
1.1042500000000001e-05,22.968746496,0.58824999616,1.4823749966720001,-0.6249989120000006
1.1043e-05,23.749996544,0.58824999616,1.479874996928,-0.6249989120000006
1.10435e-05,23.749996544,0.58824999616,1.478624997056,-0.6249989120000006
1.1044000000000001e-05,23.749996544,0.58824999616,1.478624997056,-0.9374988799999997
1.10445e-05,23.749996544,0.59449999552,1.478624997056,-0.9374988799999997
1.1045e-05,23.749996544,0.58824999616,1.4811249968,-0.6249989120000006
1.1045500000000001e-05,23.749996544,0.58824999616,1.477374997184,-0.9374988799999997
1.1046e-05,23.749996544,0.58824999616,1.478624997056,-0.6249989120000006
1.10465e-05,23.749996544,0.59449999552,1.479874996928,-0.6249989120000006
1.1047000000000001e-05,23.749996544,0.58824999616,1.478624997056,-0.9374988799999997
1.10475e-05,23.749996544,0.58824999616,1.477374997184,-0.9374988799999997
1.1048e-05,24.531246592000002,0.58824999616,1.476124997312,-0.9374988799999997
1.1048500000000001e-05,23.749996544,0.58824999616,1.479874996928,-0.9374988799999997
1.1049e-05,23.749996544,0.58824999616,1.478624997056,-0.6249989120000006
1.1049500000000002e-05,23.749996544,0.58824999616,1.477374997184,-0.31249894400000144
1.1050000000000001e-05,24.531246592000002,0.58824999616,1.478624997056,-0.6249989120000006
1.10505e-05,23.749996544,0.58824999616,1.479874996928,-0.6249989120000006
1.1051000000000001e-05,23.749996544,0.59449999552,1.479874996928,-0.6249989120000006
1.10515e-05,23.749996544,0.5819999967999999,1.478624997056,-0.6249989120000006
1.1052e-05,23.749996544,0.58824999616,1.477374997184,-0.6249989120000006
1.1052500000000001e-05,23.749996544,0.5819999967999999,1.479874996928,-0.6249989120000006
1.1053e-05,24.531246592000002,0.58824999616,1.479874996928,-0.6249989120000006
1.10535e-05,23.749996544,0.5819999967999999,1.479874996928,-0.6249989120000006
1.1054000000000001e-05,23.749996544,0.58824999616,1.478624997056,-0.6249989120000006
1.10545e-05,23.749996544,0.58824999616,1.4811249968,-0.6249989120000006
1.1055e-05,23.749996544,0.5819999967999999,1.477374997184,-0.6249989120000006
1.1055500000000001e-05,23.749996544,0.5819999967999999,1.477374997184,-0.6249989120000006
1.1056e-05,23.749996544,0.58824999616,1.477374997184,-0.9374988799999997
1.10565e-05,23.749996544,0.58824999616,1.478624997056,-0.9374988799999997
1.1057000000000001e-05,23.749996544,0.58824999616,1.476124997312,-0.6249989120000006
1.10575e-05,23.749996544,0.58824999616,1.477374997184,-0.6249989120000006
1.1058000000000002e-05,23.749996544,0.58824999616,1.4811249968,-0.6249989120000006
1.1058500000000001e-05,23.749996544,0.58824999616,1.479874996928,-0.6249989120000006
1.1059e-05,23.749996544,0.59449999552,1.4811249968,-0.6249989120000006
1.1059500000000001e-05,23.749996544,0.5819999967999999,1.479874996928,-0.6249989120000006
1.106e-05,23.749996544,0.5819999967999999,1.477374997184,-0.31249894400000144
1.10605e-05,23.749996544,0.58824999616,1.476124997312,-0.6249989120000006
1.1061000000000001e-05,24.531246592000002,0.58824999616,1.47487499744,-0.31249894400000144
1.10615e-05,23.749996544,0.58824999616,1.476124997312,-0.6249989120000006
1.1062e-05,23.749996544,0.58824999616,1.478624997056,-0.6249989120000006
1.1062500000000001e-05,23.749996544,0.58824999616,1.4811249968,-0.6249989120000006
1.1063e-05,22.968746496,0.58824999616,1.4811249968,-0.6249989120000006
1.10635e-05,23.749996544,0.5819999967999999,1.4823749966720001,-0.6249989120000006
1.1064000000000001e-05,23.749996544,0.58824999616,1.4823749966720001,-0.6249989120000006
1.10645e-05,23.749996544,0.5819999967999999,1.4811249968,-0.6249989120000006
1.1065e-05,23.749996544,0.58824999616,1.479874996928,-0.6249989120000006
1.1065500000000001e-05,23.749996544,0.5819999967999999,1.479874996928,-0.31249894400000144
1.1066e-05,24.531246592000002,0.58824999616,1.479874996928,-0.6249989120000006
1.1066500000000002e-05,23.749996544,0.58824999616,1.477374997184,-0.9374988799999997
1.1067000000000001e-05,23.749996544,0.58824999616,1.478624997056,-0.31249894400000144
1.10675e-05,22.968746496,0.58824999616,1.4811249968,-0.31249894400000144
1.1068000000000001e-05,23.749996544,0.59449999552,1.479874996928,-0.31249894400000144
1.10685e-05,23.749996544,0.58824999616,1.478624997056,-0.6249989120000006
1.1069e-05,23.749996544,0.58824999616,1.477374997184,-0.31249894400000144
1.1069500000000001e-05,23.749996544,0.59449999552,1.478624997056,-0.31249894400000144
1.107e-05,23.749996544,0.58824999616,1.4823749966720001,-0.31249894400000144
1.10705e-05,23.749996544,0.58824999616,1.4823749966720001,-0.31249894400000144
1.1071000000000001e-05,23.749996544,0.59449999552,1.479874996928,-0.31249894400000144
1.10715e-05,23.749996544,0.58824999616,1.4811249968,-0.6249989120000006
1.1072e-05,23.749996544,0.5819999967999999,1.479874996928,-0.6249989120000006
1.1072500000000001e-05,23.749996544,0.5819999967999999,1.4811249968,-0.9374988799999997
1.1073e-05,22.968746496,0.58824999616,1.479874996928,-0.31249894400000144
1.10735e-05,23.749996544,0.58824999616,1.4811249968,-0.6249989120000006
1.1074000000000001e-05,23.749996544,0.5819999967999999,1.478624997056,-0.6249989120000006
1.10745e-05,23.749996544,0.58824999616,1.476124997312,-0.6249989120000006
1.1075e-05,23.749996544,0.58824999616,1.477374997184,-0.31249894400000144
1.1075500000000001e-05,22.968746496,0.5819999967999999,1.478624997056,-0.31249894400000144
1.1076e-05,23.749996544,0.58824999616,1.47487499744,-0.31249894400000144
1.1076500000000001e-05,23.749996544,0.58824999616,1.476124997312,-0.6249989120000006
1.1077e-05,24.531246592000002,0.59449999552,1.477374997184,-0.31249894400000144
1.10775e-05,23.749996544,0.58824999616,1.477374997184,-0.31249894400000144
1.1078000000000001e-05,23.749996544,0.58824999616,1.478624997056,-0.31249894400000144
1.10785e-05,23.749996544,0.58824999616,1.4811249968,-0.31249894400000144
1.1079e-05,23.749996544,0.58824999616,1.479874996928,-0.6249989120000006
1.1079500000000001e-05,23.749996544,0.58824999616,1.479874996928,-0.31249894400000144
1.108e-05,23.749996544,0.5819999967999999,1.478624997056,-0.31249894400000144
1.10805e-05,22.968746496,0.5819999967999999,1.479874996928,-0.6249989120000006
1.1081000000000001e-05,22.968746496,0.58824999616,1.4811249968,-0.31249894400000144
1.10815e-05,23.749996544,0.58824999616,1.4811249968,-0.31249894400000144
1.1082e-05,23.749996544,0.58824999616,1.4811249968,-0.31249894400000144
1.1082500000000001e-05,23.749996544,0.58824999616,1.479874996928,-0.6249989120000006
1.1083e-05,23.749996544,0.58824999616,1.478624997056,-0.6249989120000006
1.10835e-05,23.749996544,0.5819999967999999,1.478624997056,-0.31249894400000144
1.1084000000000001e-05,22.968746496,0.5819999967999999,1.477374997184,-0.31249894400000144
1.10845e-05,23.749996544,0.58824999616,1.478624997056,-0.6249989120000006
1.1085000000000001e-05,23.749996544,0.58824999616,1.476124997312,-0.6249989120000006
1.10855e-05,23.749996544,0.58824999616,1.478624997056,-0.31249894400000144
1.1086e-05,23.749996544,0.58824999616,1.4811249968,-0.31249894400000144
1.1086500000000001e-05,22.968746496,0.58824999616,1.4823749966720001,-0.31249894400000144
1.1087e-05,23.749996544,0.58824999616,1.4811249968,-0.31249894400000144
1.10875e-05,22.968746496,0.58824999616,1.479874996928,-0.6249989120000006
1.1088000000000001e-05,23.749996544,0.58824999616,1.477374997184,-0.6249989120000006
1.10885e-05,23.749996544,0.58824999616,1.479874996928,-0.6249989120000006
1.1089e-05,22.968746496,0.58824999616,1.478624997056,-0.6249989120000006
1.1089500000000001e-05,23.749996544,0.58824999616,1.478624997056,-0.31249894400000144
1.109e-05,24.531246592000002,0.58824999616,1.478624997056,-0.31249894400000144
1.10905e-05,24.531246592000002,0.58824999616,1.477374997184,-0.31249894400000144
1.1091000000000001e-05,23.749996544,0.58824999616,1.478624997056,-0.31249894400000144
1.10915e-05,22.968746496,0.58824999616,1.478624997056,-0.31249894400000144
1.1092e-05,23.749996544,0.5819999967999999,1.4811249968,-0.31249894400000144
1.1092500000000001e-05,23.749996544,0.58824999616,1.4811249968,-0.31249894400000144
1.1093e-05,23.749996544,0.58824999616,1.479874996928,-0.31249894400000144
1.1093500000000001e-05,23.749996544,0.59449999552,1.479874996928,-0.6249989120000006
1.1094e-05,23.749996544,0.58824999616,1.479874996928,-0.31249894400000144
1.10945e-05,22.968746496,0.58824999616,1.47487499744,-0.31249894400000144
1.1095000000000001e-05,22.968746496,0.58824999616,1.47487499744,-0.31249894400000144
1.10955e-05,23.749996544,0.5819999967999999,1.478624997056,-0.31249894400000144
1.1096e-05,22.968746496,0.5819999967999999,1.478624997056,-0.31249894400000144
1.1096500000000001e-05,23.749996544,0.5819999967999999,1.4811249968,-0.31249894400000144
1.1097e-05,22.968746496,0.5819999967999999,1.478624997056,-0.31249894400000144
1.10975e-05,23.749996544,0.58824999616,1.476124997312,-0.31249894400000144
1.1098000000000001e-05,23.749996544,0.58824999616,1.476124997312,-0.6249989120000006
1.10985e-05,22.968746496,0.58824999616,1.476124997312,-0.31249894400000144
1.1099e-05,23.749996544,0.58824999616,1.477374997184,1.0239999994610116e-06
1.1099500000000001e-05,23.749996544,0.58824999616,1.478624997056,-0.31249894400000144
1.11e-05,23.749996544,0.5819999967999999,1.4811249968,-0.31249894400000144
1.11005e-05,23.749996544,0.58824999616,1.4823749966720001,-0.6249989120000006
1.1101000000000001e-05,23.749996544,0.58824999616,1.4811249968,-0.31249894400000144
1.11015e-05,22.968746496,0.58824999616,1.478624997056,-0.31249894400000144
1.1102000000000001e-05,22.968746496,0.58824999616,1.4811249968,-0.31249894400000144
1.1102500000000001e-05,23.749996544,0.57574999744,1.483624996544,-0.31249894400000144
1.1103e-05,23.749996544,0.5819999967999999,1.4823749966720001,-0.31249894400000144
1.1103500000000001e-05,23.749996544,0.5819999967999999,1.4823749966720001,-0.6249989120000006
1.1104e-05,23.749996544,0.5819999967999999,1.4811249968,-0.31249894400000144
1.11045e-05,23.749996544,0.58824999616,1.4823749966720001,-0.31249894400000144
1.1105000000000001e-05,22.968746496,0.5819999967999999,1.4811249968,-0.6249989120000006
1.11055e-05,23.749996544,0.5819999967999999,1.4811249968,-0.6249989120000006
1.1106e-05,23.749996544,0.5819999967999999,1.479874996928,-0.31249894400000144
1.1106500000000001e-05,22.968746496,0.58824999616,1.4811249968,-0.31249894400000144
1.1107e-05,23.749996544,0.5819999967999999,1.4811249968,-0.31249894400000144
1.11075e-05,23.749996544,0.5819999967999999,1.4811249968,-0.31249894400000144
1.1108000000000001e-05,22.968746496,0.5819999967999999,1.478624997056,1.0239999994610116e-06
1.11085e-05,23.749996544,0.58824999616,1.479874996928,-0.31249894400000144
1.1109e-05,24.531246592000002,0.58824999616,1.4811249968,1.0239999994610116e-06
1.1109500000000001e-05,23.749996544,0.58824999616,1.479874996928,-0.31249894400000144
1.111e-05,23.749996544,0.58824999616,1.478624997056,-0.31249894400000144
1.1110500000000001e-05,23.749996544,0.58824999616,1.4811249968,-0.31249894400000144
1.1111000000000001e-05,23.749996544,0.5819999967999999,1.4811249968,-0.31249894400000144
1.11115e-05,23.749996544,0.5819999967999999,1.479874996928,-0.31249894400000144
1.1112000000000001e-05,23.749996544,0.5819999967999999,1.477374997184,-0.31249894400000144
1.11125e-05,23.749996544,0.5819999967999999,1.479874996928,-0.31249894400000144
1.1113e-05,22.968746496,0.58824999616,1.478624997056,-0.31249894400000144
1.1113500000000001e-05,23.749996544,0.5819999967999999,1.477374997184,-0.31249894400000144
1.1114e-05,23.749996544,0.58824999616,1.476124997312,-0.31249894400000144
1.11145e-05,22.968746496,0.58824999616,1.476124997312,-0.6249989120000006
1.1115000000000001e-05,22.968746496,0.5819999967999999,1.477374997184,-0.31249894400000144
1.11155e-05,22.968746496,0.5819999967999999,1.476124997312,-0.31249894400000144
1.1116e-05,22.968746496,0.5819999967999999,1.476124997312,-0.31249894400000144
1.1116500000000001e-05,23.749996544,0.58824999616,1.478624997056,-0.31249894400000144
1.1117e-05,23.749996544,0.5819999967999999,1.479874996928,-0.31249894400000144
1.11175e-05,23.749996544,0.5819999967999999,1.478624997056,-0.31249894400000144
1.1118000000000001e-05,23.749996544,0.58824999616,1.478624997056,-0.31249894400000144
1.11185e-05,23.749996544,0.58824999616,1.479874996928,1.0239999994610116e-06
1.1119000000000001e-05,23.749996544,0.58824999616,1.478624997056,-0.31249894400000144
1.1119500000000001e-05,23.749996544,0.58824999616,1.478624997056,-0.31249894400000144
1.112e-05,23.749996544,0.58824999616,1.477374997184,-0.31249894400000144
1.1120500000000001e-05,23.749996544,0.58824999616,1.477374997184,-0.6249989120000006
1.1121e-05,23.749996544,0.5819999967999999,1.476124997312,-0.31249894400000144
1.11215e-05,23.749996544,0.58824999616,1.477374997184,-0.31249894400000144
1.1122000000000001e-05,23.749996544,0.5819999967999999,1.479874996928,-0.31249894400000144
1.11225e-05,23.749996544,0.58824999616,1.479874996928,-0.6249989120000006
1.1123e-05,22.968746496,0.58824999616,1.478624997056,1.0239999994610116e-06
1.1123500000000001e-05,23.749996544,0.58824999616,1.478624997056,1.0239999994610116e-06
1.1124e-05,23.749996544,0.58824999616,1.4811249968,-0.31249894400000144
1.11245e-05,22.968746496,0.5819999967999999,1.479874996928,-0.31249894400000144
1.1125000000000001e-05,24.531246592000002,0.58824999616,1.476124997312,-0.31249894400000144
1.11255e-05,23.749996544,0.58824999616,1.47487499744,-0.31249894400000144
1.1126e-05,23.749996544,0.5819999967999999,1.478624997056,-0.31249894400000144
1.1126500000000001e-05,23.749996544,0.58824999616,1.4811249968,-0.6249989120000006
1.1127e-05,23.749996544,0.58824999616,1.4811249968,-0.31249894400000144
1.1127500000000001e-05,23.749996544,0.5819999967999999,1.477374997184,-0.6249989120000006
1.1128000000000001e-05,23.749996544,0.5819999967999999,1.47487499744,-0.6249989120000006
1.11285e-05,23.749996544,0.5819999967999999,1.476124997312,-0.31249894400000144
1.1129000000000001e-05,23.749996544,0.58824999616,1.477374997184,-0.31249894400000144
1.11295e-05,23.749996544,0.58824999616,1.477374997184,-0.31249894400000144
1.113e-05,22.968746496,0.5819999967999999,1.478624997056,-0.6249989120000006
1.1130500000000001e-05,23.749996544,0.5819999967999999,1.479874996928,-0.31249894400000144
1.1131e-05,23.749996544,0.58824999616,1.4811249968,-0.31249894400000144
1.11315e-05,24.531246592000002,0.5819999967999999,1.4811249968,-0.31249894400000144
1.1132000000000001e-05,23.749996544,0.5819999967999999,1.479874996928,-0.6249989120000006
1.11325e-05,23.749996544,0.58824999616,1.478624997056,-0.6249989120000006
1.1133e-05,23.749996544,0.58824999616,1.479874996928,-0.31249894400000144
1.1133500000000001e-05,23.749996544,0.5819999967999999,1.479874996928,1.0239999994610116e-06
1.1134e-05,23.749996544,0.5819999967999999,1.4823749966720001,1.0239999994610116e-06
1.11345e-05,22.968746496,0.58824999616,1.4823749966720001,-0.31249894400000144
1.1135000000000001e-05,22.968746496,0.58824999616,1.479874996928,-0.31249894400000144
1.11355e-05,22.968746496,0.5819999967999999,1.477374997184,-0.31249894400000144
1.1136000000000001e-05,22.968746496,0.58824999616,1.476124997312,-0.31249894400000144
1.1136500000000001e-05,23.749996544,0.5819999967999999,1.479874996928,-0.6249989120000006
1.1137e-05,22.968746496,0.5819999967999999,1.4811249968,-0.31249894400000144
1.1137500000000001e-05,23.749996544,0.5819999967999999,1.479874996928,-0.31249894400000144
1.1138e-05,24.531246592000002,0.5819999967999999,1.479874996928,-0.31249894400000144
1.11385e-05,23.749996544,0.5819999967999999,1.478624997056,-0.6249989120000006
1.1139000000000001e-05,23.749996544,0.58824999616,1.478624997056,1.0239999994610116e-06
1.11395e-05,23.749996544,0.58824999616,1.478624997056,1.0239999994610116e-06
1.114e-05,22.968746496,0.5819999967999999,1.477374997184,1.0239999994610116e-06
1.1140500000000001e-05,23.749996544,0.5819999967999999,1.477374997184,-0.6249989120000006
1.1141e-05,23.749996544,0.5819999967999999,1.478624997056,-0.31249894400000144
1.11415e-05,22.968746496,0.5819999967999999,1.478624997056,-0.31249894400000144
1.1142000000000001e-05,23.749996544,0.5819999967999999,1.476124997312,1.0239999994610116e-06
1.11425e-05,22.968746496,0.5819999967999999,1.478624997056,-0.31249894400000144
1.1143e-05,23.749996544,0.5819999967999999,1.479874996928,-0.6249989120000006
1.1143500000000001e-05,23.749996544,0.5819999967999999,1.4811249968,-0.9374988799999997
1.1144e-05,22.968746496,0.5819999967999999,1.478624997056,-0.6249989120000006
1.1144500000000001e-05,23.749996544,0.5819999967999999,1.479874996928,-0.31249894400000144
1.1145000000000001e-05,22.968746496,0.58824999616,1.478624997056,-0.31249894400000144
1.11455e-05,23.749996544,0.58824999616,1.4811249968,-0.31249894400000144
1.1146000000000001e-05,23.749996544,0.5819999967999999,1.479874996928,-0.6249989120000006
1.11465e-05,23.749996544,0.5819999967999999,1.479874996928,-0.6249989120000006
1.1147e-05,24.531246592000002,0.5819999967999999,1.479874996928,-0.31249894400000144
1.1147500000000001e-05,23.749996544,0.5819999967999999,1.479874996928,1.0239999994610116e-06
1.1148e-05,22.968746496,0.58824999616,1.477374997184,-0.31249894400000144
1.11485e-05,23.749996544,0.58824999616,1.479874996928,1.0239999994610116e-06
1.1149000000000001e-05,23.749996544,0.58824999616,1.478624997056,1.0239999994610116e-06
1.11495e-05,23.749996544,0.58824999616,1.477374997184,-0.31249894400000144
1.115e-05,23.749996544,0.58824999616,1.477374997184,1.0239999994610116e-06
1.1150500000000001e-05,23.749996544,0.58824999616,1.478624997056,1.0239999994610116e-06
1.1151e-05,23.749996544,0.5819999967999999,1.476124997312,-0.31249894400000144
1.11515e-05,23.749996544,0.5819999967999999,1.477374997184,-0.31249894400000144
1.1152000000000001e-05,23.749996544,0.5819999967999999,1.476124997312,-0.31249894400000144
1.11525e-05,23.749996544,0.5819999967999999,1.476124997312,-0.6249989120000006
1.1153000000000001e-05,23.749996544,0.5819999967999999,1.477374997184,-0.31249894400000144
1.1153500000000001e-05,23.749996544,0.5819999967999999,1.478624997056,-0.31249894400000144
1.1154e-05,24.531246592000002,0.5819999967999999,1.478624997056,-0.31249894400000144
1.1154500000000001e-05,23.749996544,0.58824999616,1.478624997056,-0.31249894400000144
1.1155e-05,23.749996544,0.58824999616,1.4823749966720001,1.0239999994610116e-06
1.11555e-05,23.749996544,0.5819999967999999,1.4811249968,-0.31249894400000144
1.1156000000000001e-05,23.749996544,0.5819999967999999,1.477374997184,-0.31249894400000144
1.11565e-05,23.749996544,0.5819999967999999,1.477374997184,-0.31249894400000144
1.1157e-05,23.749996544,0.58824999616,1.476124997312,-0.31249894400000144
1.1157500000000001e-05,22.968746496,0.5819999967999999,1.47487499744,-0.31249894400000144
1.1158e-05,22.968746496,0.57574999744,1.476124997312,1.0239999994610116e-06
1.11585e-05,23.749996544,0.5819999967999999,1.478624997056,-0.31249894400000144
1.1159000000000001e-05,23.749996544,0.58824999616,1.477374997184,-0.31249894400000144
1.11595e-05,22.968746496,0.5819999967999999,1.477374997184,-0.6249989120000006
1.116e-05,22.968746496,0.5819999967999999,1.47487499744,-0.31249894400000144
1.1160500000000001e-05,23.749996544,0.5819999967999999,1.479874996928,-0.31249894400000144
1.1161e-05,23.749996544,0.5819999967999999,1.4811249968,-0.31249894400000144
1.1161500000000001e-05,23.749996544,0.5819999967999999,1.4811249968,-0.31249894400000144
1.1162000000000001e-05,23.749996544,0.5819999967999999,1.477374997184,1.0239999994610116e-06
1.11625e-05,22.968746496,0.58824999616,1.47487499744,1.0239999994610116e-06
1.1163000000000001e-05,23.749996544,0.58824999616,1.477374997184,-0.31249894400000144
1.11635e-05,23.749996544,0.5819999967999999,1.479874996928,-0.31249894400000144
1.1164e-05,23.749996544,0.5819999967999999,1.478624997056,1.0239999994610116e-06
1.1164500000000001e-05,23.749996544,0.59449999552,1.478624997056,-0.31249894400000144
1.1165e-05,24.531246592000002,0.58824999616,1.476124997312,1.0239999994610116e-06
1.11655e-05,23.749996544,0.58824999616,1.477374997184,-0.31249894400000144
1.1166000000000001e-05,23.749996544,0.5819999967999999,1.478624997056,1.0239999994610116e-06
1.11665e-05,23.749996544,0.5819999967999999,1.478624997056,-0.31249894400000144
1.1167e-05,23.749996544,0.5819999967999999,1.477374997184,-0.31249894400000144
1.1167500000000001e-05,23.749996544,0.5819999967999999,1.478624997056,-0.31249894400000144
1.1168e-05,23.749996544,0.5819999967999999,1.477374997184,1.0239999994610116e-06
1.11685e-05,23.749996544,0.57574999744,1.478624997056,-0.6249989120000006
1.1169000000000001e-05,22.968746496,0.5819999967999999,1.478624997056,-0.31249894400000144
1.11695e-05,23.749996544,0.5819999967999999,1.476124997312,1.0239999994610116e-06
1.1170000000000001e-05,23.749996544,0.58824999616,1.47487499744,1.0239999994610116e-06
1.1170500000000001e-05,23.749996544,0.58824999616,1.47487499744,1.0239999994610116e-06
1.1171e-05,23.749996544,0.58824999616,1.476124997312,1.0239999994610116e-06
1.1171500000000001e-05,22.968746496,0.58824999616,1.477374997184,1.0239999994610116e-06
1.1172e-05,23.749996544,0.58824999616,1.478624997056,1.0239999994610116e-06
1.11725e-05,23.749996544,0.58824999616,1.478624997056,-0.31249894400000144
1.1173000000000001e-05,24.531246592000002,0.58824999616,1.476124997312,-0.31249894400000144
1.11735e-05,23.749996544,0.5819999967999999,1.47487499744,-0.31249894400000144
1.1174e-05,23.749996544,0.58824999616,1.476124997312,1.0239999994610116e-06
1.1174500000000001e-05,22.968746496,0.58824999616,1.476124997312,1.0239999994610116e-06
1.1175e-05,23.749996544,0.58824999616,1.473624997568,1.0239999994610116e-06
1.11755e-05,23.749996544,0.57574999744,1.476124997312,-0.31249894400000144
1.1176000000000001e-05,23.749996544,0.5819999967999999,1.476124997312,-0.31249894400000144
1.11765e-05,23.749996544,0.57574999744,1.478624997056,-0.31249894400000144
1.1177e-05,23.749996544,0.57574999744,1.478624997056,-0.31249894400000144
1.1177500000000001e-05,23.749996544,0.58824999616,1.477374997184,1.0239999994610116e-06
1.1178e-05,23.749996544,0.5819999967999999,1.476124997312,1.0239999994610116e-06
1.1178500000000001e-05,23.749996544,0.5819999967999999,1.477374997184,-0.31249894400000144
1.1179000000000001e-05,23.749996544,0.58824999616,1.479874996928,-0.31249894400000144
1.11795e-05,22.968746496,0.5819999967999999,1.479874996928,1.0239999994610116e-06
1.1180000000000001e-05,23.749996544,0.58824999616,1.478624997056,1.0239999994610116e-06
1.11805e-05,23.749996544,0.58824999616,1.478624997056,-0.31249894400000144
1.1181e-05,23.749996544,0.58824999616,1.476124997312,1.0239999994610116e-06
1.1181500000000001e-05,22.968746496,0.5819999967999999,1.477374997184,1.0239999994610116e-06
1.1182e-05,23.749996544,0.5819999967999999,1.478624997056,1.0239999994610116e-06
1.11825e-05,23.749996544,0.58824999616,1.478624997056,-0.31249894400000144
1.1183000000000001e-05,23.749996544,0.58824999616,1.473624997568,1.0239999994610116e-06
1.11835e-05,22.968746496,0.58824999616,1.476124997312,-0.6249989120000006
1.1184e-05,23.749996544,0.58824999616,1.476124997312,-0.31249894400000144
1.1184500000000001e-05,23.749996544,0.58824999616,1.477374997184,-0.31249894400000144
1.1185e-05,22.968746496,0.58824999616,1.476124997312,1.0239999994610116e-06
1.11855e-05,22.968746496,0.58824999616,1.477374997184,1.0239999994610116e-06
1.1186000000000001e-05,23.749996544,0.58824999616,1.478624997056,1.0239999994610116e-06
1.11865e-05,23.749996544,0.59449999552,1.479874996928,-0.31249894400000144
1.1187000000000001e-05,23.749996544,0.58824999616,1.4811249968,-0.31249894400000144
1.1187500000000001e-05,23.749996544,0.5819999967999999,1.4811249968,1.0239999994610116e-06
1.1188e-05,23.749996544,0.5819999967999999,1.4811249968,1.0239999994610116e-06
1.1188500000000001e-05,23.749996544,0.5819999967999999,1.479874996928,-0.31249894400000144
1.1189e-05,23.749996544,0.58824999616,1.476124997312,1.0239999994610116e-06
1.11895e-05,23.749996544,0.58824999616,1.473624997568,-0.31249894400000144
1.1190000000000001e-05,23.749996544,0.5819999967999999,1.476124997312,1.0239999994610116e-06
1.11905e-05,24.531246592000002,0.58824999616,1.478624997056,-0.31249894400000144
1.1191e-05,23.749996544,0.58824999616,1.477374997184,1.0239999994610116e-06
1.1191500000000001e-05,23.749996544,0.5819999967999999,1.476124997312,-0.31249894400000144
1.1192e-05,23.749996544,0.58824999616,1.476124997312,1.0239999994610116e-06
1.11925e-05,24.531246592000002,0.58824999616,1.478624997056,-0.31249894400000144
1.1193000000000001e-05,23.749996544,0.58824999616,1.479874996928,1.0239999994610116e-06
1.11935e-05,23.749996544,0.5819999967999999,1.4811249968,1.0239999994610116e-06
1.1194e-05,23.749996544,0.5819999967999999,1.478624997056,-0.31249894400000144
1.1194500000000001e-05,23.749996544,0.58824999616,1.478624997056,1.0239999994610116e-06
1.1195e-05,23.749996544,0.58824999616,1.478624997056,-0.31249894400000144
1.1195500000000001e-05,23.749996544,0.5819999967999999,1.478624997056,1.0239999994610116e-06
1.1196000000000001e-05,23.749996544,0.5819999967999999,1.477374997184,1.0239999994610116e-06
1.11965e-05,23.749996544,0.5819999967999999,1.478624997056,-0.31249894400000144
1.1197000000000001e-05,23.749996544,0.58824999616,1.477374997184,1.0239999994610116e-06
1.11975e-05,23.749996544,0.58824999616,1.477374997184,-0.31249894400000144
1.1198e-05,23.749996544,0.5819999967999999,1.477374997184,1.0239999994610116e-06
1.1198500000000001e-05,22.968746496,0.57574999744,1.4811249968,1.0239999994610116e-06
1.1199e-05,23.749996544,0.5819999967999999,1.479874996928,-0.31249894400000144
1.11995e-05,24.531246592000002,0.5819999967999999,1.479874996928,1.0239999994610116e-06
1.1200000000000001e-05,23.749996544,0.5819999967999999,1.478624997056,-0.31249894400000144
1.12005e-05,23.749996544,0.5819999967999999,1.479874996928,-0.31249894400000144
1.1201e-05,22.968746496,0.58824999616,1.478624997056,-0.31249894400000144
1.1201500000000001e-05,23.749996544,0.5819999967999999,1.477374997184,1.0239999994610116e-06
1.1202e-05,24.531246592000002,0.5819999967999999,1.476124997312,1.0239999994610116e-06
1.12025e-05,23.749996544,0.57574999744,1.477374997184,-0.31249894400000144
1.1203000000000001e-05,23.749996544,0.5819999967999999,1.477374997184,1.0239999994610116e-06
1.12035e-05,24.531246592000002,0.5819999967999999,1.477374997184,1.0239999994610116e-06
1.1204000000000001e-05,24.531246592000002,0.57574999744,1.478624997056,1.0239999994610116e-06
1.1204500000000001e-05,23.749996544,0.5819999967999999,1.478624997056,-0.31249894400000144
1.1205e-05,24.531246592000002,0.5819999967999999,1.477374997184,1.0239999994610116e-06
1.1205500000000001e-05,23.749996544,0.5819999967999999,1.477374997184,1.0239999994610116e-06
1.1206e-05,22.968746496,0.57574999744,1.479874996928,1.0239999994610116e-06
1.12065e-05,23.749996544,0.5819999967999999,1.4811249968,-0.31249894400000144
1.1207000000000001e-05,24.531246592000002,0.5819999967999999,1.478624997056,-0.31249894400000144
1.12075e-05,23.749996544,0.5819999967999999,1.477374997184,-0.31249894400000144
1.1208e-05,23.749996544,0.58824999616,1.478624997056,1.0239999994610116e-06
1.1208500000000001e-05,24.531246592000002,0.58824999616,1.479874996928,-0.31249894400000144
1.1209e-05,22.968746496,0.5819999967999999,1.477374997184,1.0239999994610116e-06
1.12095e-05,23.749996544,0.5819999967999999,1.477374997184,-0.31249894400000144
1.1210000000000001e-05,23.749996544,0.5819999967999999,1.476124997312,-0.31249894400000144
1.12105e-05,23.749996544,0.5819999967999999,1.477374997184,-0.31249894400000144
1.1211e-05,24.531246592000002,0.58824999616,1.477374997184,1.0239999994610116e-06
1.1211500000000001e-05,23.749996544,0.5819999967999999,1.477374997184,1.0239999994610116e-06
1.1212e-05,23.749996544,0.57574999744,1.479874996928,1.0239999994610116e-06
1.1212500000000001e-05,23.749996544,0.57574999744,1.4811249968,-0.31249894400000144
1.1213000000000001e-05,23.749996544,0.58824999616,1.4823749966720001,1.0239999994610116e-06
1.12135e-05,23.749996544,0.58824999616,1.478624997056,1.0239999994610116e-06
1.1214000000000001e-05,23.749996544,0.58824999616,1.478624997056,1.0239999994610116e-06
1.12145e-05,23.749996544,0.5819999967999999,1.479874996928,1.0239999994610116e-06
1.1215e-05,23.749996544,0.5819999967999999,1.479874996928,1.0239999994610116e-06
1.1215500000000001e-05,23.749996544,0.57574999744,1.4811249968,-0.31249894400000144
1.1216e-05,23.749996544,0.5819999967999999,1.479874996928,1.0239999994610116e-06
1.12165e-05,23.749996544,0.5819999967999999,1.4811249968,-0.31249894400000144
1.1217000000000001e-05,23.749996544,0.5819999967999999,1.478624997056,1.0239999994610116e-06
1.12175e-05,23.749996544,0.5819999967999999,1.477374997184,0.31250099200000037
1.1218e-05,23.749996544,0.5819999967999999,1.477374997184,1.0239999994610116e-06
1.1218500000000001e-05,22.968746496,0.5819999967999999,1.479874996928,-0.31249894400000144
1.1219e-05,23.749996544,0.58824999616,1.479874996928,1.0239999994610116e-06
1.12195e-05,23.749996544,0.5819999967999999,1.478624997056,1.0239999994610116e-06
1.1220000000000001e-05,23.749996544,0.5819999967999999,1.477374997184,1.0239999994610116e-06
1.12205e-05,23.749996544,0.5819999967999999,1.478624997056,-0.31249894400000144
1.1221000000000001e-05,23.749996544,0.5819999967999999,1.478624997056,1.0239999994610116e-06
1.1221500000000001e-05,23.749996544,0.57574999744,1.479874996928,-0.31249894400000144
1.1222e-05,23.749996544,0.5819999967999999,1.479874996928,1.0239999994610116e-06
1.1222500000000001e-05,24.531246592000002,0.58824999616,1.4811249968,1.0239999994610116e-06
1.1223e-05,23.749996544,0.5819999967999999,1.477374997184,1.0239999994610116e-06
1.12235e-05,22.968746496,0.5819999967999999,1.478624997056,-0.31249894400000144
1.1224000000000001e-05,22.968746496,0.5819999967999999,1.478624997056,-0.31249894400000144
1.12245e-05,23.749996544,0.5819999967999999,1.4811249968,-0.31249894400000144
1.1225e-05,22.968746496,0.57574999744,1.479874996928,1.0239999994610116e-06
1.1225500000000001e-05,23.749996544,0.5819999967999999,1.479874996928,-0.31249894400000144
1.1226e-05,23.749996544,0.5819999967999999,1.479874996928,1.0239999994610116e-06
1.12265e-05,23.749996544,0.5819999967999999,1.478624997056,1.0239999994610116e-06
1.1227000000000001e-05,23.749996544,0.5819999967999999,1.478624997056,1.0239999994610116e-06
1.12275e-05,23.749996544,0.57574999744,1.477374997184,1.0239999994610116e-06
1.1228e-05,23.749996544,0.5819999967999999,1.478624997056,1.0239999994610116e-06
1.1228500000000001e-05,23.749996544,0.5819999967999999,1.478624997056,1.0239999994610116e-06
1.1229e-05,24.531246592000002,0.5819999967999999,1.478624997056,1.0239999994610116e-06
1.1229500000000001e-05,23.749996544,0.5819999967999999,1.479874996928,1.0239999994610116e-06
1.1230000000000001e-05,23.749996544,0.5819999967999999,1.479874996928,1.0239999994610116e-06
1.12305e-05,23.749996544,0.5819999967999999,1.479874996928,1.0239999994610116e-06
1.1231000000000001e-05,23.749996544,0.5819999967999999,1.477374997184,1.0239999994610116e-06
1.12315e-05,23.749996544,0.57574999744,1.478624997056,1.0239999994610116e-06
1.1232e-05,23.749996544,0.57574999744,1.478624997056,1.0239999994610116e-06
1.1232500000000001e-05,23.749996544,0.5819999967999999,1.479874996928,1.0239999994610116e-06
1.1233e-05,22.968746496,0.5819999967999999,1.479874996928,-0.31249894400000144
1.12335e-05,22.968746496,0.5819999967999999,1.477374997184,-0.31249894400000144
1.1234000000000001e-05,23.749996544,0.57574999744,1.476124997312,1.0239999994610116e-06
1.12345e-05,23.749996544,0.5819999967999999,1.478624997056,-0.31249894400000144
1.1235e-05,23.749996544,0.58824999616,1.478624997056,1.0239999994610116e-06
1.1235500000000001e-05,23.749996544,0.5819999967999999,1.477374997184,1.0239999994610116e-06
1.1236e-05,23.749996544,0.57574999744,1.477374997184,1.0239999994610116e-06
1.12365e-05,23.749996544,0.5819999967999999,1.479874996928,-0.31249894400000144
1.1237000000000001e-05,23.749996544,0.58824999616,1.4811249968,1.0239999994610116e-06
1.12375e-05,23.749996544,0.5819999967999999,1.4823749966720001,1.0239999994610116e-06
1.1238000000000002e-05,23.749996544,0.57574999744,1.479874996928,1.0239999994610116e-06
1.1238500000000001e-05,22.968746496,0.57574999744,1.478624997056,1.0239999994610116e-06
1.1239e-05,22.968746496,0.5819999967999999,1.476124997312,1.0239999994610116e-06
1.1239500000000001e-05,23.749996544,0.57574999744,1.477374997184,-0.31249894400000144
1.124e-05,24.531246592000002,0.57574999744,1.47487499744,1.0239999994610116e-06
1.12405e-05,24.531246592000002,0.5819999967999999,1.477374997184,-0.31249894400000144
1.1241000000000001e-05,24.531246592000002,0.5819999967999999,1.478624997056,0.31250099200000037
1.12415e-05,23.749996544,0.5819999967999999,1.478624997056,1.0239999994610116e-06
1.1242e-05,22.968746496,0.5819999967999999,1.478624997056,1.0239999994610116e-06
1.1242500000000001e-05,23.749996544,0.5819999967999999,1.478624997056,-0.31249894400000144
1.1243e-05,22.968746496,0.58824999616,1.478624997056,1.0239999994610116e-06
1.12435e-05,22.968746496,0.57574999744,1.47487499744,1.0239999994610116e-06
1.1244000000000001e-05,23.749996544,0.5819999967999999,1.473624997568,1.0239999994610116e-06
1.12445e-05,23.749996544,0.5819999967999999,1.47487499744,-0.31249894400000144
1.1245e-05,23.749996544,0.5819999967999999,1.47487499744,1.0239999994610116e-06
1.1245500000000001e-05,23.749996544,0.5819999967999999,1.476124997312,1.0239999994610116e-06
1.1246e-05,23.749996544,0.57574999744,1.476124997312,1.0239999994610116e-06
1.1246500000000002e-05,23.749996544,0.57574999744,1.478624997056,-0.31249894400000144
1.1247000000000001e-05,23.749996544,0.57574999744,1.476124997312,-0.31249894400000144
1.12475e-05,23.749996544,0.57574999744,1.477374997184,-0.31249894400000144
1.1248000000000001e-05,22.968746496,0.58824999616,1.476124997312,1.0239999994610116e-06
1.12485e-05,24.531246592000002,0.57574999744,1.477374997184,-0.31249894400000144
1.1249e-05,23.749996544,0.57574999744,1.47487499744,1.0239999994610116e-06
1.1249500000000001e-05,23.749996544,0.57574999744,1.476124997312,1.0239999994610116e-06
1.125e-05,23.749996544,0.5819999967999999,1.477374997184,1.0239999994610116e-06
1.12505e-05,23.749996544,0.57574999744,1.478624997056,1.0239999994610116e-06
1.1251000000000001e-05,23.749996544,0.5819999967999999,1.478624997056,1.0239999994610116e-06
1.12515e-05,22.968746496,0.57574999744,1.478624997056,0.31250099200000037
1.1252e-05,22.968746496,0.57574999744,1.477374997184,1.0239999994610116e-06
1.1252500000000001e-05,23.749996544,0.5819999967999999,1.477374997184,-0.31249894400000144
1.1253e-05,23.749996544,0.57574999744,1.477374997184,1.0239999994610116e-06
1.12535e-05,23.749996544,0.5819999967999999,1.477374997184,-0.31249894400000144
1.1254000000000001e-05,23.749996544,0.5819999967999999,1.478624997056,1.0239999994610116e-06
1.12545e-05,23.749996544,0.57574999744,1.479874996928,1.0239999994610116e-06
1.1255000000000002e-05,23.749996544,0.57574999744,1.477374997184,-0.31249894400000144
1.1255500000000001e-05,23.749996544,0.57574999744,1.476124997312,-0.31249894400000144
1.1256e-05,23.749996544,0.5819999967999999,1.47487499744,1.0239999994610116e-06
1.1256500000000001e-05,23.749996544,0.5819999967999999,1.477374997184,1.0239999994610116e-06
1.1257e-05,22.968746496,0.57574999744,1.47487499744,-0.31249894400000144
1.12575e-05,23.749996544,0.57574999744,1.473624997568,0.31250099200000037
1.1258000000000001e-05,22.968746496,0.57574999744,1.473624997568,0.31250099200000037
1.12585e-05,22.968746496,0.57574999744,1.476124997312,1.0239999994610116e-06
1.1259e-05,23.749996544,0.57574999744,1.479874996928,1.0239999994610116e-06
1.1259500000000001e-05,23.749996544,0.57574999744,1.479874996928,0.31250099200000037
1.126e-05,23.749996544,0.56949999808,1.476124997312,1.0239999994610116e-06
1.12605e-05,23.749996544,0.5819999967999999,1.477374997184,1.0239999994610116e-06
1.1261000000000001e-05,24.531246592000002,0.5819999967999999,1.477374997184,1.0239999994610116e-06
1.12615e-05,23.749996544,0.5819999967999999,1.476124997312,-0.31249894400000144
1.1262e-05,23.749996544,0.57574999744,1.47487499744,1.0239999994610116e-06
1.1262500000000001e-05,22.968746496,0.57574999744,1.476124997312,1.0239999994610116e-06
1.1263e-05,23.749996544,0.57574999744,1.476124997312,1.0239999994610116e-06
1.1263500000000002e-05,22.968746496,0.57574999744,1.477374997184,-0.31249894400000144
1.1264000000000001e-05,23.749996544,0.57574999744,1.476124997312,1.0239999994610116e-06
1.12645e-05,23.749996544,0.56949999808,1.479874996928,1.0239999994610116e-06
1.1265000000000001e-05,22.968746496,0.5819999967999999,1.478624997056,1.0239999994610116e-06
1.12655e-05,23.749996544,0.5819999967999999,1.478624997056,0.31250099200000037
1.1266e-05,23.749996544,0.57574999744,1.477374997184,1.0239999994610116e-06
1.1266500000000001e-05,22.968746496,0.5819999967999999,1.476124997312,1.0239999994610116e-06
1.1267e-05,22.968746496,0.5819999967999999,1.478624997056,1.0239999994610116e-06
1.12675e-05,23.749996544,0.57574999744,1.478624997056,0.31250099200000037
1.1268000000000001e-05,23.749996544,0.57574999744,1.478624997056,1.0239999994610116e-06
1.12685e-05,23.749996544,0.57574999744,1.478624997056,1.0239999994610116e-06
1.1269e-05,23.749996544,0.5819999967999999,1.478624997056,1.0239999994610116e-06
1.1269500000000001e-05,23.749996544,0.5819999967999999,1.4811249968,1.0239999994610116e-06
1.127e-05,23.749996544,0.5819999967999999,1.4811249968,1.0239999994610116e-06
1.12705e-05,23.749996544,0.57574999744,1.479874996928,1.0239999994610116e-06
1.1271000000000001e-05,24.531246592000002,0.57574999744,1.477374997184,-0.31249894400000144
1.12715e-05,23.749996544,0.5819999967999999,1.476124997312,-0.31249894400000144
1.1272000000000002e-05,22.968746496,0.5819999967999999,1.476124997312,-0.31249894400000144
1.1272500000000001e-05,23.749996544,0.57574999744,1.479874996928,1.0239999994610116e-06
1.1273e-05,22.968746496,0.57574999744,1.478624997056,0.31250099200000037
1.1273500000000001e-05,23.749996544,0.5819999967999999,1.476124997312,1.0239999994610116e-06
1.1274e-05,23.749996544,0.5819999967999999,1.477374997184,1.0239999994610116e-06
1.12745e-05,22.968746496,0.5819999967999999,1.478624997056,-0.31249894400000144
1.1275000000000001e-05,23.749996544,0.58824999616,1.478624997056,1.0239999994610116e-06
1.12755e-05,22.968746496,0.57574999744,1.477374997184,1.0239999994610116e-06
1.1276e-05,23.749996544,0.57574999744,1.47487499744,1.0239999994610116e-06
1.1276500000000001e-05,23.749996544,0.5819999967999999,1.476124997312,1.0239999994610116e-06
1.1277e-05,23.749996544,0.58824999616,1.476124997312,0.31250099200000037
1.12775e-05,23.749996544,0.5819999967999999,1.477374997184,1.0239999994610116e-06
1.1278000000000001e-05,22.968746496,0.5819999967999999,1.478624997056,1.0239999994610116e-06
1.12785e-05,23.749996544,0.5819999967999999,1.4811249968,1.0239999994610116e-06
1.1279e-05,23.749996544,0.57574999744,1.478624997056,1.0239999994610116e-06
1.1279500000000001e-05,24.531246592000002,0.57574999744,1.479874996928,1.0239999994610116e-06
1.128e-05,23.749996544,0.57574999744,1.477374997184,1.0239999994610116e-06
1.1280500000000002e-05,23.749996544,0.57574999744,1.479874996928,1.0239999994610116e-06
1.1281000000000001e-05,22.968746496,0.5819999967999999,1.479874996928,0.31250099200000037
1.12815e-05,23.749996544,0.5819999967999999,1.478624997056,0.31250099200000037
1.1282000000000001e-05,23.749996544,0.5819999967999999,1.476124997312,1.0239999994610116e-06
1.12825e-05,23.749996544,0.5819999967999999,1.476124997312,1.0239999994610116e-06
1.1283e-05,23.749996544,0.5819999967999999,1.477374997184,1.0239999994610116e-06
1.1283500000000001e-05,22.968746496,0.57574999744,1.478624997056,1.0239999994610116e-06
1.1284e-05,23.749996544,0.57574999744,1.478624997056,1.0239999994610116e-06
1.12845e-05,23.749996544,0.5819999967999999,1.478624997056,-0.31249894400000144
1.1285000000000001e-05,24.531246592000002,0.5819999967999999,1.478624997056,1.0239999994610116e-06
1.12855e-05,23.749996544,0.5819999967999999,1.476124997312,1.0239999994610116e-06
1.1286e-05,23.749996544,0.5819999967999999,1.47487499744,0.31250099200000037
1.1286500000000001e-05,23.749996544,0.5819999967999999,1.476124997312,1.0239999994610116e-06
1.1287e-05,23.749996544,0.5819999967999999,1.476124997312,1.0239999994610116e-06
1.12875e-05,23.749996544,0.5819999967999999,1.47487499744,1.0239999994610116e-06
1.1288000000000001e-05,22.968746496,0.5819999967999999,1.47487499744,1.0239999994610116e-06
1.12885e-05,22.968746496,0.5819999967999999,1.479874996928,1.0239999994610116e-06
1.1289000000000002e-05,22.968746496,0.5819999967999999,1.479874996928,0.31250099200000037
1.1289500000000001e-05,22.968746496,0.5819999967999999,1.478624997056,0.31250099200000037
1.129e-05,23.749996544,0.5819999967999999,1.477374997184,0.31250099200000037
1.1290500000000001e-05,23.749996544,0.58824999616,1.478624997056,0.31250099200000037
1.1291e-05,23.749996544,0.58824999616,1.479874996928,0.31250099200000037
1.12915e-05,23.749996544,0.57574999744,1.478624997056,0.31250099200000037
1.1292000000000001e-05,23.749996544,0.57574999744,1.476124997312,0.31250099200000037
1.12925e-05,24.531246592000002,0.5819999967999999,1.476124997312,1.0239999994610116e-06
1.1293e-05,23.749996544,0.5819999967999999,1.47487499744,1.0239999994610116e-06
1.1293500000000001e-05,23.749996544,0.5819999967999999,1.47487499744,-0.31249894400000144
1.1294e-05,23.749996544,0.5819999967999999,1.476124997312,1.0239999994610116e-06
1.12945e-05,23.749996544,0.5819999967999999,1.477374997184,1.0239999994610116e-06
1.1295000000000001e-05,23.749996544,0.57574999744,1.476124997312,1.0239999994610116e-06
1.12955e-05,23.749996544,0.57574999744,1.476124997312,1.0239999994610116e-06
1.1296e-05,23.749996544,0.5819999967999999,1.476124997312,1.0239999994610116e-06
1.1296500000000001e-05,23.749996544,0.57574999744,1.479874996928,1.0239999994610116e-06
1.1297e-05,22.968746496,0.5819999967999999,1.478624997056,0.31250099200000037
1.1297500000000002e-05,23.749996544,0.5819999967999999,1.476124997312,0.31250099200000037
1.1298000000000001e-05,23.749996544,0.5819999967999999,1.47487499744,0.31250099200000037
1.12985e-05,23.749996544,0.5819999967999999,1.473624997568,1.0239999994610116e-06
1.1299000000000001e-05,22.968746496,0.58824999616,1.473624997568,0.31250099200000037
1.12995e-05,22.968746496,0.5819999967999999,1.473624997568,1.0239999994610116e-06
1.13e-05,23.749996544,0.5819999967999999,1.47487499744,1.0239999994610116e-06
1.1300500000000001e-05,23.749996544,0.57574999744,1.477374997184,1.0239999994610116e-06
1.1301e-05,23.749996544,0.57574999744,1.477374997184,0.31250099200000037
1.13015e-05,23.749996544,0.5819999967999999,1.478624997056,1.0239999994610116e-06
1.1302000000000001e-05,24.531246592000002,0.5819999967999999,1.477374997184,0.31250099200000037
1.13025e-05,22.968746496,0.58824999616,1.476124997312,1.0239999994610116e-06
1.1303e-05,22.968746496,0.58824999616,1.47487499744,1.0239999994610116e-06
1.1303500000000001e-05,23.749996544,0.5819999967999999,1.476124997312,-0.31249894400000144
1.1304e-05,23.749996544,0.5819999967999999,1.47487499744,1.0239999994610116e-06
1.13045e-05,23.749996544,0.57574999744,1.47487499744,1.0239999994610116e-06
1.1305000000000001e-05,22.968746496,0.57574999744,1.473624997568,1.0239999994610116e-06
1.13055e-05,23.749996544,0.57574999744,1.473624997568,1.0239999994610116e-06
1.1306000000000002e-05,23.749996544,0.5819999967999999,1.473624997568,1.0239999994610116e-06
1.1306500000000001e-05,22.968746496,0.5819999967999999,1.47487499744,1.0239999994610116e-06
1.1307e-05,23.749996544,0.5819999967999999,1.477374997184,0.31250099200000037
1.1307500000000001e-05,23.749996544,0.5819999967999999,1.476124997312,0.31250099200000037
1.1308e-05,22.968746496,0.5819999967999999,1.47487499744,1.0239999994610116e-06
1.13085e-05,22.968746496,0.57574999744,1.478624997056,0.31250099200000037
1.1309000000000001e-05,23.749996544,0.57574999744,1.479874996928,0.6250009599999995
1.13095e-05,23.749996544,0.5819999967999999,1.477374997184,1.0239999994610116e-06
1.131e-05,23.749996544,0.58824999616,1.477374997184,0.31250099200000037
1.1310500000000001e-05,22.968746496,0.58824999616,1.477374997184,0.31250099200000037
1.1311e-05,23.749996544,0.5819999967999999,1.477374997184,0.31250099200000037
1.13115e-05,23.749996544,0.5819999967999999,1.477374997184,1.0239999994610116e-06
1.1312000000000001e-05,23.749996544,0.58824999616,1.478624997056,0.31250099200000037
1.13125e-05,23.749996544,0.57574999744,1.479874996928,1.0239999994610116e-06
1.1313e-05,22.968746496,0.5819999967999999,1.477374997184,0.31250099200000037
1.1313500000000001e-05,23.749996544,0.5819999967999999,1.478624997056,1.0239999994610116e-06
1.1314e-05,22.968746496,0.5819999967999999,1.478624997056,1.0239999994610116e-06
1.1314500000000002e-05,22.968746496,0.5819999967999999,1.478624997056,1.0239999994610116e-06
1.1315000000000001e-05,23.749996544,0.5819999967999999,1.479874996928,1.0239999994610116e-06
1.13155e-05,23.749996544,0.5819999967999999,1.478624997056,1.0239999994610116e-06
1.1316000000000001e-05,22.968746496,0.57574999744,1.478624997056,1.0239999994610116e-06
1.13165e-05,22.968746496,0.5819999967999999,1.479874996928,0.31250099200000037
1.1317e-05,23.749996544,0.5819999967999999,1.478624997056,0.31250099200000037
1.1317500000000001e-05,22.968746496,0.5819999967999999,1.476124997312,0.31250099200000037
1.1318e-05,23.749996544,0.5819999967999999,1.478624997056,1.0239999994610116e-06
1.13185e-05,22.968746496,0.58824999616,1.479874996928,1.0239999994610116e-06
1.1319000000000001e-05,22.968746496,0.5819999967999999,1.477374997184,1.0239999994610116e-06
1.13195e-05,22.968746496,0.5819999967999999,1.478624997056,-0.31249894400000144
1.132e-05,23.749996544,0.58824999616,1.477374997184,1.0239999994610116e-06
1.1320500000000001e-05,23.749996544,0.5819999967999999,1.478624997056,-0.31249894400000144
1.1321e-05,22.968746496,0.5819999967999999,1.477374997184,0.31250099200000037
1.13215e-05,22.968746496,0.5819999967999999,1.477374997184,0.31250099200000037
1.1322000000000001e-05,24.531246592000002,0.57574999744,1.477374997184,1.0239999994610116e-06
1.13225e-05,23.749996544,0.57574999744,1.477374997184,1.0239999994610116e-06
1.1323000000000002e-05,23.749996544,0.5819999967999999,1.477374997184,1.0239999994610116e-06
1.1323500000000001e-05,23.749996544,0.57574999744,1.477374997184,0.31250099200000037
1.1324e-05,23.749996544,0.57574999744,1.477374997184,1.0239999994610116e-06
1.1324500000000001e-05,22.968746496,0.58824999616,1.477374997184,1.0239999994610116e-06
1.1325e-05,23.749996544,0.58824999616,1.477374997184,0.31250099200000037
1.13255e-05,23.749996544,0.58824999616,1.477374997184,0.31250099200000037
1.1326000000000001e-05,23.749996544,0.5819999967999999,1.476124997312,0.6250009599999995
1.13265e-05,23.749996544,0.58824999616,1.476124997312,1.0239999994610116e-06
1.1327e-05,23.749996544,0.5819999967999999,1.477374997184,1.0239999994610116e-06
1.1327500000000001e-05,22.968746496,0.5819999967999999,1.477374997184,1.0239999994610116e-06
1.1328e-05,23.749996544,0.5819999967999999,1.476124997312,0.31250099200000037
1.13285e-05,23.749996544,0.57574999744,1.479874996928,1.0239999994610116e-06
1.1329000000000001e-05,22.968746496,0.57574999744,1.478624997056,0.31250099200000037
1.13295e-05,23.749996544,0.57574999744,1.478624997056,0.31250099200000037
1.133e-05,23.749996544,0.57574999744,1.478624997056,0.31250099200000037
1.1330500000000001e-05,23.749996544,0.5819999967999999,1.478624997056,0.31250099200000037
1.1331e-05,23.749996544,0.58824999616,1.477374997184,0.6250009599999995
1.1331500000000002e-05,22.968746496,0.5819999967999999,1.476124997312,0.6250009599999995
1.1332000000000001e-05,22.968746496,0.5819999967999999,1.476124997312,0.31250099200000037
1.13325e-05,23.749996544,0.5819999967999999,1.478624997056,1.0239999994610116e-06
1.1333000000000001e-05,24.531246592000002,0.5819999967999999,1.479874996928,0.31250099200000037
1.13335e-05,22.968746496,0.5819999967999999,1.478624997056,0.31250099200000037
1.1334e-05,23.749996544,0.5819999967999999,1.476124997312,0.6250009599999995
1.1334500000000001e-05,23.749996544,0.58824999616,1.477374997184,0.31250099200000037
1.1335e-05,23.749996544,0.5819999967999999,1.476124997312,0.31250099200000037
1.13355e-05,23.749996544,0.5819999967999999,1.478624997056,1.0239999994610116e-06
1.1336000000000001e-05,23.749996544,0.58824999616,1.479874996928,0.31250099200000037
1.13365e-05,23.749996544,0.5819999967999999,1.4823749966720001,0.31250099200000037
1.1337e-05,22.968746496,0.5819999967999999,1.478624997056,1.0239999994610116e-06
1.1337500000000001e-05,22.968746496,0.5819999967999999,1.478624997056,0.31250099200000037
1.1338e-05,23.749996544,0.5819999967999999,1.476124997312,1.0239999994610116e-06
1.13385e-05,22.968746496,0.58824999616,1.47487499744,-0.31249894400000144
1.1339000000000001e-05,22.968746496,0.58824999616,1.47487499744,1.0239999994610116e-06
1.13395e-05,22.968746496,0.5819999967999999,1.47487499744,0.31250099200000037
1.1340000000000002e-05,22.968746496,0.5819999967999999,1.47487499744,0.6250009599999995
1.1340500000000001e-05,23.749996544,0.58824999616,1.47487499744,1.0239999994610116e-06
1.1341e-05,23.749996544,0.5819999967999999,1.472374997696,0.31250099200000037
1.1341500000000001e-05,23.749996544,0.5819999967999999,1.473624997568,1.0239999994610116e-06
1.1342e-05,23.749996544,0.57574999744,1.477374997184,1.0239999994610116e-06
1.13425e-05,23.749996544,0.5819999967999999,1.477374997184,0.31250099200000037
1.1343000000000001e-05,23.749996544,0.5819999967999999,1.47487499744,0.31250099200000037
1.13435e-05,22.968746496,0.5819999967999999,1.477374997184,1.0239999994610116e-06
1.1344e-05,23.749996544,0.5819999967999999,1.478624997056,0.31250099200000037
1.1344500000000001e-05,23.749996544,0.57574999744,1.4811249968,1.0239999994610116e-06
1.1345e-05,22.968746496,0.5819999967999999,1.479874996928,0.6250009599999995
1.13455e-05,23.749996544,0.5819999967999999,1.477374997184,0.31250099200000037
1.1346000000000001e-05,23.749996544,0.5819999967999999,1.479874996928,0.31250099200000037
1.13465e-05,23.749996544,0.57574999744,1.478624997056,1.0239999994610116e-06
1.1347e-05,23.749996544,0.57574999744,1.478624997056,1.0239999994610116e-06
1.1347500000000001e-05,23.749996544,0.57574999744,1.479874996928,0.31250099200000037
1.1348e-05,22.968746496,0.5819999967999999,1.476124997312,0.31250099200000037
1.1348500000000002e-05,23.749996544,0.5819999967999999,1.477374997184,1.0239999994610116e-06
1.1349000000000001e-05,23.749996544,0.5819999967999999,1.478624997056,1.0239999994610116e-06
1.13495e-05,23.749996544,0.5819999967999999,1.477374997184,1.0239999994610116e-06
1.1350000000000001e-05,24.531246592000002,0.5819999967999999,1.477374997184,1.0239999994610116e-06
1.1350500000000001e-05,23.749996544,0.5819999967999999,1.477374997184,0.31250099200000037
1.1351e-05,22.968746496,0.5819999967999999,1.476124997312,0.31250099200000037
1.1351500000000001e-05,22.968746496,0.5819999967999999,1.478624997056,1.0239999994610116e-06
1.1352e-05,23.749996544,0.5819999967999999,1.478624997056,0.31250099200000037
1.13525e-05,23.749996544,0.57574999744,1.477374997184,0.31250099200000037
1.1353000000000001e-05,23.749996544,0.57574999744,1.473624997568,0.31250099200000037
1.13535e-05,23.749996544,0.5819999967999999,1.47487499744,0.31250099200000037
1.1354e-05,23.749996544,0.57574999744,1.477374997184,1.0239999994610116e-06
1.1354500000000001e-05,23.749996544,0.57574999744,1.478624997056,0.31250099200000037
1.1355e-05,23.749996544,0.57574999744,1.477374997184,1.0239999994610116e-06
1.13555e-05,23.749996544,0.57574999744,1.476124997312,0.31250099200000037
1.1356000000000001e-05,23.749996544,0.5819999967999999,1.476124997312,0.31250099200000037
1.13565e-05,23.749996544,0.5819999967999999,1.478624997056,1.0239999994610116e-06
1.1357000000000002e-05,23.749996544,0.5819999967999999,1.477374997184,1.0239999994610116e-06
1.1357500000000001e-05,23.749996544,0.57574999744,1.476124997312,0.31250099200000037
1.1358e-05,23.749996544,0.57574999744,1.47487499744,0.31250099200000037
1.1358500000000001e-05,23.749996544,0.57574999744,1.477374997184,0.31250099200000037
1.1359000000000001e-05,23.749996544,0.57574999744,1.476124997312,1.0239999994610116e-06
1.13595e-05,23.749996544,0.57574999744,1.476124997312,-0.31249894400000144
1.1360000000000001e-05,23.749996544,0.57574999744,1.472374997696,1.0239999994610116e-06
1.13605e-05,23.749996544,0.57574999744,1.472374997696,1.0239999994610116e-06
1.1361e-05,23.749996544,0.57574999744,1.476124997312,0.31250099200000037
1.1361500000000001e-05,23.749996544,0.57574999744,1.47487499744,0.31250099200000037
1.1362e-05,23.749996544,0.57574999744,1.47487499744,0.31250099200000037
1.13625e-05,23.749996544,0.5819999967999999,1.47487499744,0.31250099200000037
1.1363000000000001e-05,22.968746496,0.5819999967999999,1.476124997312,1.0239999994610116e-06
1.13635e-05,23.749996544,0.57574999744,1.477374997184,0.31250099200000037
1.1364e-05,23.749996544,0.5819999967999999,1.47487499744,1.0239999994610116e-06
1.1364500000000001e-05,23.749996544,0.5819999967999999,1.472374997696,1.0239999994610116e-06
1.1365e-05,24.531246592000002,0.5819999967999999,1.473624997568,1.0239999994610116e-06
1.1365500000000002e-05,23.749996544,0.5819999967999999,1.473624997568,1.0239999994610116e-06
1.1366000000000001e-05,23.749996544,0.57574999744,1.473624997568,0.31250099200000037
1.13665e-05,23.749996544,0.57574999744,1.476124997312,0.31250099200000037
1.1367000000000001e-05,23.749996544,0.5819999967999999,1.473624997568,1.0239999994610116e-06
1.1367500000000001e-05,23.749996544,0.5819999967999999,1.473624997568,0.31250099200000037
1.1368e-05,23.749996544,0.5819999967999999,1.477374997184,0.31250099200000037
1.1368500000000001e-05,23.749996544,0.57574999744,1.479874996928,1.0239999994610116e-06
1.1369e-05,24.531246592000002,0.5819999967999999,1.47487499744,1.0239999994610116e-06
1.13695e-05,23.749996544,0.57574999744,1.47487499744,1.0239999994610116e-06
1.1370000000000001e-05,23.749996544,0.5819999967999999,1.476124997312,1.0239999994610116e-06
1.13705e-05,23.749996544,0.5819999967999999,1.478624997056,1.0239999994610116e-06
1.1371e-05,23.749996544,0.5819999967999999,1.477374997184,1.0239999994610116e-06
1.1371500000000001e-05,23.749996544,0.57574999744,1.47487499744,0.31250099200000037
1.1372e-05,23.749996544,0.57574999744,1.47487499744,1.0239999994610116e-06
1.13725e-05,23.749996544,0.57574999744,1.477374997184,0.31250099200000037
1.1373000000000001e-05,24.531246592000002,0.5819999967999999,1.47487499744,0.6250009599999995
1.13735e-05,24.531246592000002,0.57574999744,1.47487499744,0.31250099200000037
1.1374000000000002e-05,23.749996544,0.57574999744,1.476124997312,1.0239999994610116e-06
1.1374500000000001e-05,23.749996544,0.57574999744,1.477374997184,1.0239999994610116e-06
1.1375e-05,23.749996544,0.57574999744,1.477374997184,0.31250099200000037
1.1375500000000001e-05,22.968746496,0.57574999744,1.47487499744,0.31250099200000037
1.1376000000000001e-05,23.749996544,0.57574999744,1.473624997568,1.0239999994610116e-06
1.13765e-05,23.749996544,0.57574999744,1.476124997312,1.0239999994610116e-06
1.1377000000000001e-05,22.968746496,0.57574999744,1.476124997312,0.6250009599999995
1.13775e-05,23.749996544,0.5819999967999999,1.477374997184,0.31250099200000037
1.1378e-05,23.749996544,0.57574999744,1.476124997312,1.0239999994610116e-06
1.1378500000000001e-05,22.968746496,0.5819999967999999,1.47487499744,0.31250099200000037
1.1379e-05,22.968746496,0.58824999616,1.473624997568,0.31250099200000037
1.13795e-05,22.968746496,0.57574999744,1.47487499744,0.6250009599999995
1.1380000000000001e-05,23.749996544,0.57574999744,1.476124997312,1.0239999994610116e-06
1.13805e-05,24.531246592000002,0.5819999967999999,1.478624997056,0.31250099200000037
1.1381e-05,23.749996544,0.5819999967999999,1.477374997184,0.31250099200000037
1.1381500000000001e-05,24.531246592000002,0.57574999744,1.476124997312,0.31250099200000037
1.1382e-05,22.968746496,0.5819999967999999,1.476124997312,0.6250009599999995
1.13825e-05,23.749996544,0.57574999744,1.47487499744,0.31250099200000037
1.1383000000000001e-05,23.749996544,0.57574999744,1.47487499744,0.31250099200000037
1.13835e-05,23.749996544,0.5819999967999999,1.479874996928,1.0239999994610116e-06
1.1384000000000001e-05,24.531246592000002,0.5819999967999999,1.477374997184,0.31250099200000037
1.1384500000000001e-05,23.749996544,0.57574999744,1.476124997312,0.31250099200000037
1.1385e-05,22.968746496,0.57574999744,1.476124997312,0.31250099200000037
1.1385500000000001e-05,22.968746496,0.57574999744,1.47487499744,0.31250099200000037
1.1386e-05,23.749996544,0.57574999744,1.473624997568,0.31250099200000037
1.13865e-05,22.968746496,0.5819999967999999,1.47487499744,1.0239999994610116e-06
1.1387000000000001e-05,23.749996544,0.58824999616,1.476124997312,0.31250099200000037
1.13875e-05,23.749996544,0.57574999744,1.47487499744,0.6250009599999995
1.1388e-05,23.749996544,0.57574999744,1.47487499744,0.31250099200000037
1.1388500000000001e-05,22.968746496,0.57574999744,1.476124997312,0.31250099200000037
1.1389e-05,24.531246592000002,0.57574999744,1.47487499744,0.6250009599999995
1.13895e-05,24.531246592000002,0.57574999744,1.473624997568,0.31250099200000037
1.1390000000000001e-05,24.531246592000002,0.57574999744,1.473624997568,0.6250009599999995
1.13905e-05,23.749996544,0.57574999744,1.473624997568,0.31250099200000037
1.1391e-05,23.749996544,0.5819999967999999,1.473624997568,0.31250099200000037
1.1391500000000001e-05,23.749996544,0.57574999744,1.476124997312,0.31250099200000037
1.1392e-05,23.749996544,0.5819999967999999,1.47487499744,0.31250099200000037
1.1392500000000001e-05,24.531246592000002,0.57574999744,1.476124997312,0.31250099200000037
1.1393000000000001e-05,24.531246592000002,0.5819999967999999,1.477374997184,0.6250009599999995
1.13935e-05,23.749996544,0.5819999967999999,1.478624997056,0.31250099200000037
1.1394000000000001e-05,23.749996544,0.57574999744,1.47487499744,0.31250099200000037
1.13945e-05,23.749996544,0.5819999967999999,1.47487499744,0.31250099200000037
1.1395e-05,23.749996544,0.58824999616,1.476124997312,0.31250099200000037
1.1395500000000001e-05,23.749996544,0.57574999744,1.476124997312,0.6250009599999995
1.1396e-05,23.749996544,0.57574999744,1.476124997312,0.6250009599999995
1.13965e-05,23.749996544,0.5819999967999999,1.477374997184,0.31250099200000037
1.1397000000000001e-05,23.749996544,0.57574999744,1.477374997184,0.31250099200000037
1.13975e-05,23.749996544,0.5819999967999999,1.478624997056,0.31250099200000037
1.1398e-05,22.968746496,0.5819999967999999,1.476124997312,0.6250009599999995
1.1398500000000001e-05,23.749996544,0.58824999616,1.477374997184,0.31250099200000037
1.1399e-05,23.749996544,0.5819999967999999,1.477374997184,0.6250009599999995
1.13995e-05,22.968746496,0.5819999967999999,1.478624997056,1.0239999994610116e-06
1.1400000000000001e-05,23.749996544,0.5819999967999999,1.476124997312,0.31250099200000037
1.14005e-05,23.749996544,0.57574999744,1.479874996928,1.0239999994610116e-06
1.1401000000000001e-05,22.968746496,0.57574999744,1.479874996928,0.31250099200000037
1.1401500000000001e-05,23.749996544,0.57574999744,1.478624997056,0.31250099200000037
1.1402e-05,23.749996544,0.57574999744,1.477374997184,0.31250099200000037
1.1402500000000001e-05,23.749996544,0.5819999967999999,1.476124997312,0.31250099200000037
1.1403e-05,23.749996544,0.5819999967999999,1.478624997056,0.31250099200000037
1.14035e-05,23.749996544,0.57574999744,1.478624997056,0.6250009599999995
1.1404000000000001e-05,23.749996544,0.5819999967999999,1.478624997056,0.31250099200000037
1.14045e-05,23.749996544,0.57574999744,1.478624997056,0.31250099200000037
1.1405e-05,23.749996544,0.5819999967999999,1.476124997312,0.6250009599999995
1.1405500000000001e-05,23.749996544,0.5819999967999999,1.473624997568,0.31250099200000037
1.1406e-05,23.749996544,0.5819999967999999,1.472374997696,0.6250009599999995
1.14065e-05,23.749996544,0.5819999967999999,1.47487499744,0.31250099200000037
1.1407000000000001e-05,22.968746496,0.5819999967999999,1.473624997568,0.31250099200000037
1.14075e-05,23.749996544,0.5819999967999999,1.473624997568,1.0239999994610116e-06
1.1408e-05,23.749996544,0.5819999967999999,1.472374997696,0.31250099200000037
1.1408500000000001e-05,23.749996544,0.5819999967999999,1.473624997568,1.0239999994610116e-06
1.1409e-05,23.749996544,0.57574999744,1.472374997696,0.6250009599999995
1.1409500000000001e-05,22.968746496,0.57574999744,1.476124997312,0.6250009599999995
1.1410000000000001e-05,23.749996544,0.5819999967999999,1.477374997184,1.0239999994610116e-06
1.14105e-05,22.968746496,0.57574999744,1.47487499744,1.0239999994610116e-06
1.1411000000000001e-05,23.749996544,0.5819999967999999,1.473624997568,0.31250099200000037
1.14115e-05,22.968746496,0.57574999744,1.47487499744,0.6250009599999995
1.1412e-05,23.749996544,0.57574999744,1.47487499744,0.31250099200000037
1.1412500000000001e-05,24.531246592000002,0.5819999967999999,1.472374997696,0.31250099200000037
1.1413e-05,23.749996544,0.5819999967999999,1.472374997696,0.31250099200000037
1.14135e-05,23.749996544,0.57574999744,1.473624997568,0.31250099200000037
1.1414000000000001e-05,22.968746496,0.5819999967999999,1.476124997312,0.31250099200000037
1.14145e-05,23.749996544,0.57574999744,1.477374997184,0.31250099200000037
1.1415e-05,22.968746496,0.5819999967999999,1.47487499744,1.0239999994610116e-06
1.1415500000000001e-05,23.749996544,0.57574999744,1.47487499744,0.31250099200000037
1.1416e-05,22.968746496,0.57574999744,1.47487499744,0.31250099200000037
1.14165e-05,24.531246592000002,0.57574999744,1.476124997312,1.0239999994610116e-06
1.1417000000000001e-05,22.968746496,0.5819999967999999,1.476124997312,0.31250099200000037
1.14175e-05,23.749996544,0.57574999744,1.478624997056,0.31250099200000037
1.1418000000000001e-05,23.749996544,0.5819999967999999,1.478624997056,1.0239999994610116e-06
1.1418500000000001e-05,22.968746496,0.57574999744,1.478624997056,0.31250099200000037
1.1419e-05,23.749996544,0.5819999967999999,1.478624997056,0.31250099200000037
1.1419500000000001e-05,22.968746496,0.57574999744,1.47487499744,0.6250009599999995
1.142e-05,22.968746496,0.56949999808,1.473624997568,0.31250099200000037
1.14205e-05,23.749996544,0.57574999744,1.476124997312,1.0239999994610116e-06
1.1421000000000001e-05,23.749996544,0.57574999744,1.47487499744,0.6250009599999995
1.14215e-05,23.749996544,0.5819999967999999,1.473624997568,0.31250099200000037
1.1422e-05,23.749996544,0.57574999744,1.476124997312,0.6250009599999995
1.1422500000000001e-05,23.749996544,0.57574999744,1.477374997184,0.31250099200000037
1.1423e-05,23.749996544,0.5819999967999999,1.47487499744,0.31250099200000037
1.14235e-05,23.749996544,0.5819999967999999,1.473624997568,0.31250099200000037
1.1424000000000001e-05,23.749996544,0.57574999744,1.473624997568,0.31250099200000037
1.14245e-05,23.749996544,0.56949999808,1.476124997312,0.31250099200000037
1.1425e-05,22.968746496,0.57574999744,1.47487499744,0.6250009599999995
1.1425500000000001e-05,22.968746496,0.57574999744,1.47487499744,0.6250009599999995
1.1426e-05,23.749996544,0.5819999967999999,1.47487499744,0.31250099200000037
1.1426500000000001e-05,22.968746496,0.58824999616,1.47487499744,0.6250009599999995
1.1427000000000001e-05,23.749996544,0.58824999616,1.473624997568,0.31250099200000037
1.14275e-05,23.749996544,0.57574999744,1.473624997568,0.6250009599999995
1.1428000000000001e-05,22.968746496,0.57574999744,1.473624997568,0.6250009599999995
1.14285e-05,23.749996544,0.5819999967999999,1.477374997184,0.31250099200000037
1.1429e-05,23.749996544,0.58824999616,1.478624997056,0.6250009599999995
1.1429500000000001e-05,22.968746496,0.5819999967999999,1.479874996928,1.0239999994610116e-06
1.143e-05,23.749996544,0.57574999744,1.478624997056,0.6250009599999995
1.14305e-05,23.749996544,0.56949999808,1.47487499744,0.31250099200000037
1.1431000000000001e-05,22.968746496,0.57574999744,1.47487499744,1.0239999994610116e-06
1.14315e-05,22.968746496,0.57574999744,1.477374997184,0.31250099200000037
1.1432e-05,22.968746496,0.5819999967999999,1.476124997312,0.31250099200000037
1.1432500000000001e-05,23.749996544,0.58824999616,1.477374997184,1.0239999994610116e-06
1.1433e-05,22.968746496,0.5819999967999999,1.476124997312,0.6250009599999995
1.14335e-05,23.749996544,0.5819999967999999,1.477374997184,0.31250099200000037
1.1434000000000001e-05,23.749996544,0.5819999967999999,1.476124997312,0.31250099200000037
1.14345e-05,23.749996544,0.57574999744,1.473624997568,0.6250009599999995
1.1435000000000001e-05,22.968746496,0.5819999967999999,1.473624997568,0.31250099200000037
1.1435500000000001e-05,23.749996544,0.57574999744,1.478624997056,0.9375009279999986
1.1436e-05,23.749996544,0.57574999744,1.478624997056,0.6250009599999995
1.1436500000000001e-05,23.749996544,0.57574999744,1.478624997056,0.31250099200000037
1.1437e-05,23.749996544,0.5819999967999999,1.476124997312,0.31250099200000037
1.14375e-05,23.749996544,0.57574999744,1.476124997312,0.6250009599999995
1.1438000000000001e-05,23.749996544,0.57574999744,1.47487499744,0.6250009599999995
1.14385e-05,23.749996544,0.57574999744,1.477374997184,0.31250099200000037
1.1439e-05,22.968746496,0.57574999744,1.476124997312,0.6250009599999995
1.1439500000000001e-05,22.968746496,0.57574999744,1.478624997056,0.31250099200000037
1.144e-05,22.968746496,0.57574999744,1.477374997184,0.31250099200000037
1.14405e-05,23.749996544,0.57574999744,1.479874996928,0.31250099200000037
1.1441000000000001e-05,22.968746496,0.57574999744,1.478624997056,0.31250099200000037
1.14415e-05,23.749996544,0.57574999744,1.477374997184,0.31250099200000037
1.1442e-05,22.968746496,0.5819999967999999,1.476124997312,0.31250099200000037
1.1442500000000001e-05,22.968746496,0.57574999744,1.47487499744,0.31250099200000037
1.1443e-05,23.749996544,0.57574999744,1.473624997568,0.31250099200000037
1.1443500000000001e-05,24.531246592000002,0.57574999744,1.473624997568,0.6250009599999995
1.1444000000000001e-05,23.749996544,0.5819999967999999,1.476124997312,0.31250099200000037
1.14445e-05,23.749996544,0.5819999967999999,1.477374997184,0.31250099200000037
1.1445000000000001e-05,23.749996544,0.5819999967999999,1.476124997312,0.31250099200000037
1.14455e-05,23.749996544,0.57574999744,1.476124997312,0.31250099200000037
1.1446e-05,23.749996544,0.57574999744,1.478624997056,0.6250009599999995
1.1446500000000001e-05,23.749996544,0.57574999744,1.478624997056,1.0239999994610116e-06
1.1447e-05,23.749996544,0.57574999744,1.477374997184,0.31250099200000037
1.14475e-05,23.749996544,0.5819999967999999,1.476124997312,0.31250099200000037
1.1448000000000001e-05,24.531246592000002,0.5819999967999999,1.473624997568,0.31250099200000037
1.14485e-05,24.531246592000002,0.57574999744,1.47487499744,0.31250099200000037
1.1449e-05,23.749996544,0.5819999967999999,1.473624997568,0.31250099200000037
1.1449500000000001e-05,23.749996544,0.5819999967999999,1.471124997824,0.31250099200000037
1.145e-05,23.749996544,0.5819999967999999,1.472374997696,0.31250099200000037
1.14505e-05,23.749996544,0.5819999967999999,1.473624997568,0.31250099200000037
1.1451000000000001e-05,22.968746496,0.5819999967999999,1.47487499744,0.6250009599999995
1.14515e-05,23.749996544,0.57574999744,1.473624997568,0.6250009599999995
1.1452000000000001e-05,23.749996544,0.5819999967999999,1.47487499744,0.6250009599999995
1.1452500000000001e-05,23.749996544,0.5819999967999999,1.478624997056,0.6250009599999995
1.1453e-05,24.531246592000002,0.57574999744,1.479874996928,0.6250009599999995
1.1453500000000001e-05,23.749996544,0.5819999967999999,1.478624997056,0.31250099200000037
1.1454e-05,23.749996544,0.57574999744,1.477374997184,0.6250009599999995
1.14545e-05,23.749996544,0.57574999744,1.47487499744,0.6250009599999995
1.1455000000000001e-05,23.749996544,0.57574999744,1.473624997568,1.0239999994610116e-06
1.14555e-05,23.749996544,0.57574999744,1.473624997568,1.0239999994610116e-06
1.1456e-05,22.968746496,0.57574999744,1.47487499744,1.0239999994610116e-06
1.1456500000000001e-05,23.749996544,0.5819999967999999,1.476124997312,1.0239999994610116e-06
1.1457e-05,22.968746496,0.5819999967999999,1.47487499744,0.31250099200000037
1.14575e-05,23.749996544,0.57574999744,1.476124997312,0.31250099200000037
1.1458000000000001e-05,23.749996544,0.5819999967999999,1.47487499744,0.31250099200000037
1.14585e-05,23.749996544,0.57574999744,1.47487499744,0.6250009599999995
1.1459e-05,23.749996544,0.57574999744,1.476124997312,0.6250009599999995
1.1459500000000001e-05,23.749996544,0.57574999744,1.476124997312,0.6250009599999995
1.146e-05,23.749996544,0.57574999744,1.47487499744,0.6250009599999995
1.1460500000000001e-05,23.749996544,0.5819999967999999,1.477374997184,0.31250099200000037
1.1461000000000001e-05,23.749996544,0.5819999967999999,1.478624997056,0.9375009279999986
1.14615e-05,23.749996544,0.57574999744,1.479874996928,0.6250009599999995
1.1462000000000001e-05,23.749996544,0.57574999744,1.4823749966720001,0.31250099200000037
1.14625e-05,23.749996544,0.5819999967999999,1.4811249968,0.31250099200000037
1.1463e-05,22.968746496,0.5819999967999999,1.477374997184,0.6250009599999995
1.1463500000000001e-05,22.968746496,0.57574999744,1.476124997312,0.31250099200000037
1.1464e-05,23.749996544,0.57574999744,1.473624997568,0.31250099200000037
1.14645e-05,23.749996544,0.56949999808,1.476124997312,0.31250099200000037
1.1465000000000001e-05,22.968746496,0.57574999744,1.477374997184,0.6250009599999995
1.14655e-05,23.749996544,0.5819999967999999,1.478624997056,0.6250009599999995
1.1466e-05,23.749996544,0.5819999967999999,1.477374997184,0.31250099200000037
1.1466500000000001e-05,23.749996544,0.57574999744,1.477374997184,0.6250009599999995
1.1467e-05,23.749996544,0.5819999967999999,1.477374997184,0.6250009599999995
1.14675e-05,22.968746496,0.57574999744,1.476124997312,0.6250009599999995
1.1468000000000001e-05,23.749996544,0.57574999744,1.47487499744,0.6250009599999995
1.14685e-05,23.749996544,0.58824999616,1.476124997312,0.31250099200000037
1.1469000000000001e-05,23.749996544,0.5819999967999999,1.476124997312,0.6250009599999995
1.1469500000000001e-05,23.749996544,0.57574999744,1.477374997184,0.31250099200000037
1.147e-05,23.749996544,0.57574999744,1.478624997056,0.6250009599999995
1.1470500000000001e-05,23.749996544,0.5819999967999999,1.477374997184,0.6250009599999995
1.1471e-05,23.749996544,0.57574999744,1.476124997312,0.6250009599999995
1.14715e-05,23.749996544,0.57574999744,1.477374997184,0.31250099200000037
1.1472000000000001e-05,22.968746496,0.57574999744,1.476124997312,0.31250099200000037
1.14725e-05,23.749996544,0.57574999744,1.477374997184,0.31250099200000037
1.1473e-05,22.968746496,0.57574999744,1.477374997184,0.6250009599999995
1.1473500000000001e-05,23.749996544,0.5819999967999999,1.476124997312,0.6250009599999995
1.1474e-05,22.968746496,0.5819999967999999,1.477374997184,0.6250009599999995
1.14745e-05,22.968746496,0.5819999967999999,1.476124997312,0.31250099200000037
1.1475000000000001e-05,23.749996544,0.5819999967999999,1.476124997312,0.31250099200000037
1.14755e-05,23.749996544,0.57574999744,1.476124997312,0.31250099200000037
1.1476e-05,23.749996544,0.57574999744,1.478624997056,0.6250009599999995
1.1476500000000001e-05,23.749996544,0.57574999744,1.478624997056,0.31250099200000037
1.1477e-05,22.968746496,0.57574999744,1.477374997184,0.31250099200000037
1.1477500000000001e-05,23.749996544,0.57574999744,1.47487499744,0.31250099200000037
1.1478000000000001e-05,24.531246592000002,0.5819999967999999,1.473624997568,0.6250009599999995
1.14785e-05,23.749996544,0.57574999744,1.473624997568,0.6250009599999995
1.1479000000000001e-05,23.749996544,0.57574999744,1.473624997568,0.6250009599999995
1.14795e-05,23.749996544,0.57574999744,1.473624997568,0.31250099200000037
1.148e-05,24.531246592000002,0.57574999744,1.47487499744,0.31250099200000037
1.1480500000000001e-05,23.749996544,0.57574999744,1.476124997312,1.0239999994610116e-06
1.1481e-05,23.749996544,0.5819999967999999,1.473624997568,0.31250099200000037
1.14815e-05,23.749996544,0.57574999744,1.473624997568,0.31250099200000037
1.1482000000000001e-05,23.749996544,0.57574999744,1.47487499744,0.31250099200000037
1.14825e-05,23.749996544,0.57574999744,1.47487499744,0.6250009599999995
1.1483e-05,22.968746496,0.5819999967999999,1.47487499744,0.6250009599999995
1.1483500000000001e-05,23.749996544,0.57574999744,1.476124997312,0.6250009599999995
1.1484e-05,23.749996544,0.57574999744,1.477374997184,0.6250009599999995
1.14845e-05,23.749996544,0.57574999744,1.479874996928,0.31250099200000037
1.1485000000000001e-05,23.749996544,0.5819999967999999,1.478624997056,0.6250009599999995
1.14855e-05,23.749996544,0.57574999744,1.476124997312,0.6250009599999995
1.1486000000000001e-05,23.749996544,0.57574999744,1.47487499744,0.6250009599999995
1.1486500000000001e-05,23.749996544,0.57574999744,1.476124997312,0.6250009599999995
1.1487e-05,23.749996544,0.57574999744,1.47487499744,0.31250099200000037
1.1487500000000001e-05,23.749996544,0.57574999744,1.477374997184,0.31250099200000037
1.1488e-05,23.749996544,0.57574999744,1.476124997312,1.0239999994610116e-06
1.14885e-05,23.749996544,0.56949999808,1.477374997184,0.31250099200000037
1.1489000000000001e-05,24.531246592000002,0.5819999967999999,1.47487499744,0.31250099200000037
1.14895e-05,23.749996544,0.57574999744,1.47487499744,0.31250099200000037
1.149e-05,24.531246592000002,0.57574999744,1.47487499744,0.31250099200000037
1.1490500000000001e-05,23.749996544,0.57574999744,1.47487499744,0.31250099200000037
1.1491e-05,23.749996544,0.56949999808,1.473624997568,0.6250009599999995
1.14915e-05,23.749996544,0.57574999744,1.47487499744,0.6250009599999995
1.1492000000000001e-05,23.749996544,0.57574999744,1.476124997312,0.6250009599999995
1.14925e-05,23.749996544,0.57574999744,1.478624997056,0.31250099200000037
1.1493e-05,23.749996544,0.57574999744,1.477374997184,0.6250009599999995
1.1493500000000001e-05,22.968746496,0.57574999744,1.476124997312,0.6250009599999995
1.1494e-05,23.749996544,0.57574999744,1.473624997568,0.6250009599999995
1.1494500000000002e-05,23.749996544,0.56949999808,1.476124997312,0.6250009599999995
1.1495000000000001e-05,23.749996544,0.56949999808,1.47487499744,0.31250099200000037
1.14955e-05,23.749996544,0.57574999744,1.476124997312,0.31250099200000037
1.1496000000000001e-05,22.968746496,0.57574999744,1.477374997184,0.31250099200000037
1.14965e-05,23.749996544,0.57574999744,1.478624997056,1.0239999994610116e-06
1.1497e-05,22.968746496,0.57574999744,1.47487499744,0.6250009599999995
1.1497500000000001e-05,23.749996544,0.56949999808,1.47487499744,0.6250009599999995
1.1498e-05,23.749996544,0.56949999808,1.476124997312,0.6250009599999995
1.14985e-05,23.749996544,0.57574999744,1.47487499744,0.6250009599999995
1.1499000000000001e-05,23.749996544,0.56949999808,1.47487499744,0.6250009599999995
1.14995e-05,23.749996544,0.57574999744,1.473624997568,0.9375009279999986
1.15e-05,23.749996544,0.56949999808,1.471124997824,0.6250009599999995
1.1500500000000001e-05,23.749996544,0.57574999744,1.473624997568,0.31250099200000037
1.1501e-05,24.531246592000002,0.5819999967999999,1.476124997312,0.31250099200000037
1.15015e-05,23.749996544,0.5819999967999999,1.476124997312,0.31250099200000037
1.1502000000000001e-05,24.531246592000002,0.57574999744,1.476124997312,0.6250009599999995
1.15025e-05,23.749996544,0.56949999808,1.476124997312,0.6250009599999995
1.1503000000000002e-05,23.749996544,0.56949999808,1.476124997312,0.6250009599999995
1.1503500000000001e-05,23.749996544,0.57574999744,1.477374997184,0.31250099200000037
1.1504e-05,22.968746496,0.5819999967999999,1.473624997568,0.31250099200000037
1.1504500000000001e-05,23.749996544,0.57574999744,1.47487499744,0.31250099200000037
1.1505e-05,22.968746496,0.57574999744,1.476124997312,0.6250009599999995
1.15055e-05,23.749996544,0.57574999744,1.477374997184,0.31250099200000037
1.1506000000000001e-05,23.749996544,0.56949999808,1.476124997312,0.31250099200000037
1.15065e-05,23.749996544,0.57574999744,1.47487499744,0.6250009599999995
1.1507e-05,23.749996544,0.56949999808,1.477374997184,0.6250009599999995
1.1507500000000001e-05,23.749996544,0.56949999808,1.477374997184,0.6250009599999995
1.1508e-05,23.749996544,0.56949999808,1.476124997312,0.6250009599999995
1.15085e-05,23.749996544,0.56949999808,1.477374997184,0.6250009599999995
1.1509000000000001e-05,23.749996544,0.5819999967999999,1.476124997312,0.6250009599999995
1.15095e-05,23.749996544,0.56949999808,1.47487499744,0.31250099200000037
1.151e-05,23.749996544,0.56949999808,1.476124997312,0.6250009599999995
1.1510500000000001e-05,23.749996544,0.57574999744,1.477374997184,0.31250099200000037
1.1511e-05,23.749996544,0.57574999744,1.477374997184,0.31250099200000037
1.1511500000000002e-05,22.968746496,0.57574999744,1.478624997056,0.31250099200000037
1.1512000000000001e-05,22.968746496,0.57574999744,1.478624997056,0.31250099200000037
1.15125e-05,23.749996544,0.57574999744,1.4811249968,0.31250099200000037
1.1513000000000001e-05,22.968746496,0.57574999744,1.477374997184,0.6250009599999995
1.15135e-05,23.749996544,0.57574999744,1.477374997184,0.6250009599999995
1.1514e-05,23.749996544,0.57574999744,1.477374997184,0.31250099200000037
1.1514500000000001e-05,22.968746496,0.5819999967999999,1.476124997312,0.31250099200000037
1.1515e-05,23.749996544,0.5819999967999999,1.477374997184,0.31250099200000037
1.15155e-05,22.968746496,0.57574999744,1.478624997056,0.6250009599999995
1.1516000000000001e-05,23.749996544,0.57574999744,1.478624997056,0.31250099200000037
1.15165e-05,23.749996544,0.5819999967999999,1.479874996928,0.6250009599999995
1.1517e-05,24.531246592000002,0.5819999967999999,1.477374997184,0.6250009599999995
1.1517500000000001e-05,23.749996544,0.5819999967999999,1.477374997184,0.31250099200000037
1.1518e-05,23.749996544,0.57574999744,1.479874996928,0.6250009599999995
1.15185e-05,23.749996544,0.5819999967999999,1.478624997056,0.31250099200000037
1.1519000000000001e-05,23.749996544,0.57574999744,1.476124997312,0.6250009599999995
1.15195e-05,22.968746496,0.5819999967999999,1.476124997312,0.6250009599999995
1.1520000000000002e-05,22.968746496,0.5819999967999999,1.473624997568,0.31250099200000037
1.1520500000000001e-05,23.749996544,0.56949999808,1.47487499744,0.31250099200000037
1.1521e-05,22.968746496,0.56949999808,1.47487499744,0.6250009599999995
1.1521500000000001e-05,22.968746496,0.57574999744,1.472374997696,0.6250009599999995
1.1522e-05,23.749996544,0.56949999808,1.471124997824,0.6250009599999995
1.15225e-05,23.749996544,0.57574999744,1.472374997696,0.6250009599999995
1.1523000000000001e-05,23.749996544,0.57574999744,1.472374997696,0.6250009599999995
1.15235e-05,23.749996544,0.57574999744,1.473624997568,0.9375009279999986
1.1524e-05,23.749996544,0.57574999744,1.473624997568,0.9375009279999986
1.1524500000000001e-05,23.749996544,0.57574999744,1.477374997184,0.6250009599999995
1.1525e-05,23.749996544,0.5819999967999999,1.47487499744,0.6250009599999995
1.15255e-05,23.749996544,0.57574999744,1.473624997568,0.6250009599999995
1.1526000000000001e-05,23.749996544,0.57574999744,1.473624997568,0.9375009279999986
1.15265e-05,22.968746496,0.56949999808,1.473624997568,0.6250009599999995
1.1527e-05,22.968746496,0.56949999808,1.472374997696,0.9375009279999986
1.1527500000000001e-05,23.749996544,0.56949999808,1.472374997696,0.6250009599999995
1.1528e-05,23.749996544,0.57574999744,1.472374997696,0.6250009599999995
1.1528500000000002e-05,24.531246592000002,0.56949999808,1.473624997568,0.31250099200000037
1.1529000000000001e-05,22.968746496,0.57574999744,1.47487499744,0.6250009599999995
1.15295e-05,23.749996544,0.57574999744,1.476124997312,0.9375009279999986
1.1530000000000001e-05,23.749996544,0.57574999744,1.476124997312,0.6250009599999995
1.15305e-05,22.968746496,0.57574999744,1.47487499744,0.6250009599999995
1.1531e-05,23.749996544,0.57574999744,1.47487499744,0.6250009599999995
1.1531500000000001e-05,23.749996544,0.57574999744,1.473624997568,0.9375009279999986
1.1532e-05,23.749996544,0.56949999808,1.47487499744,0.6250009599999995
1.15325e-05,23.749996544,0.57574999744,1.478624997056,0.6250009599999995
1.1533000000000001e-05,24.531246592000002,0.5819999967999999,1.477374997184,0.9375009279999986
1.15335e-05,23.749996544,0.57574999744,1.47487499744,0.6250009599999995
1.1534e-05,23.749996544,0.57574999744,1.47487499744,0.9375009279999986
1.1534500000000001e-05,23.749996544,0.57574999744,1.47487499744,0.6250009599999995
1.1535e-05,23.749996544,0.57574999744,1.473624997568,0.6250009599999995
1.15355e-05,23.749996544,0.56949999808,1.47487499744,0.31250099200000037
1.1536000000000001e-05,23.749996544,0.57574999744,1.473624997568,0.6250009599999995
1.15365e-05,24.531246592000002,0.57574999744,1.476124997312,0.31250099200000037
1.1537000000000002e-05,22.968746496,0.57574999744,1.47487499744,0.9375009279999986
1.1537500000000001e-05,23.749996544,0.57574999744,1.473624997568,0.9375009279999986
1.1538e-05,24.531246592000002,0.57574999744,1.476124997312,0.6250009599999995
1.1538500000000001e-05,23.749996544,0.57574999744,1.473624997568,0.9375009279999986
1.1539e-05,23.749996544,0.5819999967999999,1.473624997568,0.6250009599999995
1.15395e-05,23.749996544,0.57574999744,1.47487499744,0.6250009599999995
1.1540000000000001e-05,23.749996544,0.57574999744,1.476124997312,0.9375009279999986
1.15405e-05,23.749996544,0.57574999744,1.478624997056,0.6250009599999995
1.1541e-05,24.531246592000002,0.57574999744,1.478624997056,0.6250009599999995
1.1541500000000001e-05,22.968746496,0.57574999744,1.478624997056,0.6250009599999995
1.1542e-05,22.968746496,0.57574999744,1.477374997184,0.9375009279999986
1.15425e-05,23.749996544,0.57574999744,1.478624997056,0.6250009599999995
1.1543000000000001e-05,23.749996544,0.57574999744,1.478624997056,0.6250009599999995
1.15435e-05,23.749996544,0.57574999744,1.478624997056,0.6250009599999995
1.1544e-05,22.968746496,0.5819999967999999,1.476124997312,0.6250009599999995
1.1544500000000001e-05,23.749996544,0.57574999744,1.478624997056,0.6250009599999995
1.1545e-05,23.749996544,0.57574999744,1.477374997184,0.6250009599999995
1.1545500000000002e-05,23.749996544,0.57574999744,1.476124997312,0.6250009599999995
1.1546000000000001e-05,23.749996544,0.57574999744,1.47487499744,0.6250009599999995
1.15465e-05,22.968746496,0.57574999744,1.47487499744,0.31250099200000037
1.1547000000000001e-05,23.749996544,0.5819999967999999,1.473624997568,0.31250099200000037
1.15475e-05,23.749996544,0.57574999744,1.472374997696,0.6250009599999995
1.1548e-05,23.749996544,0.57574999744,1.47487499744,0.9375009279999986
1.1548500000000001e-05,22.968746496,0.5819999967999999,1.477374997184,0.6250009599999995
1.1549e-05,23.749996544,0.5819999967999999,1.477374997184,0.9375009279999986
1.15495e-05,23.749996544,0.57574999744,1.47487499744,0.6250009599999995
1.1550000000000001e-05,22.968746496,0.57574999744,1.47487499744,0.9375009279999986
1.15505e-05,24.531246592000002,0.57574999744,1.47487499744,0.6250009599999995
1.1551e-05,23.749996544,0.57574999744,1.472374997696,0.9375009279999986
1.1551500000000001e-05,23.749996544,0.57574999744,1.472374997696,0.6250009599999995
1.1552e-05,23.749996544,0.57574999744,1.473624997568,0.9375009279999986
1.15525e-05,23.749996544,0.56949999808,1.476124997312,0.6250009599999995
1.1553000000000001e-05,22.968746496,0.57574999744,1.476124997312,0.9375009279999986
1.15535e-05,23.749996544,0.57574999744,1.47487499744,0.6250009599999995
1.1554000000000002e-05,24.531246592000002,0.5819999967999999,1.473624997568,0.6250009599999995
1.1554500000000001e-05,23.749996544,0.57574999744,1.47487499744,0.6250009599999995
1.1555e-05,23.749996544,0.57574999744,1.476124997312,0.6250009599999995
1.1555500000000001e-05,23.749996544,0.5819999967999999,1.476124997312,0.6250009599999995
1.1556e-05,22.968746496,0.56949999808,1.47487499744,0.9375009279999986
1.15565e-05,23.749996544,0.57574999744,1.477374997184,0.6250009599999995
1.1557000000000001e-05,23.749996544,0.5819999967999999,1.476124997312,0.6250009599999995
1.15575e-05,23.749996544,0.57574999744,1.476124997312,0.6250009599999995
1.1558e-05,23.749996544,0.57574999744,1.479874996928,0.9375009279999986
1.1558500000000001e-05,23.749996544,0.57574999744,1.478624997056,0.9375009279999986
1.1559e-05,23.749996544,0.57574999744,1.47487499744,0.9375009279999986
1.15595e-05,24.531246592000002,0.57574999744,1.473624997568,0.6250009599999995
1.1560000000000001e-05,23.749996544,0.57574999744,1.47487499744,0.9375009279999986
1.15605e-05,23.749996544,0.57574999744,1.476124997312,0.31250099200000037
1.1561e-05,22.968746496,0.57574999744,1.476124997312,0.6250009599999995
1.1561500000000001e-05,23.749996544,0.57574999744,1.477374997184,0.9375009279999986
1.1562e-05,23.749996544,0.57574999744,1.477374997184,0.9375009279999986
1.1562500000000002e-05,24.531246592000002,0.57574999744,1.47487499744,0.6250009599999995
1.1563000000000001e-05,22.968746496,0.57574999744,1.47487499744,0.6250009599999995
1.15635e-05,22.968746496,0.5819999967999999,1.476124997312,0.9375009279999986
1.1564000000000001e-05,23.749996544,0.5819999967999999,1.477374997184,0.9375009279999986
1.15645e-05,23.749996544,0.57574999744,1.477374997184,0.6250009599999995
1.1565e-05,24.531246592000002,0.57574999744,1.47487499744,0.6250009599999995
1.1565500000000001e-05,23.749996544,0.56949999808,1.473624997568,0.6250009599999995
1.1566e-05,23.749996544,0.57574999744,1.476124997312,0.9375009279999986
1.15665e-05,22.968746496,0.56949999808,1.476124997312,0.6250009599999995
1.1567000000000001e-05,23.749996544,0.57574999744,1.476124997312,0.9375009279999986
1.15675e-05,23.749996544,0.57574999744,1.477374997184,0.6250009599999995
1.1568e-05,24.531246592000002,0.57574999744,1.473624997568,0.6250009599999995
1.1568500000000001e-05,24.531246592000002,0.56949999808,1.47487499744,0.31250099200000037
1.1569e-05,22.968746496,0.57574999744,1.47487499744,0.9375009279999986
1.15695e-05,23.749996544,0.5819999967999999,1.47487499744,0.9375009279999986
1.1570000000000001e-05,23.749996544,0.57574999744,1.476124997312,0.6250009599999995
1.15705e-05,22.968746496,0.57574999744,1.47487499744,0.6250009599999995
1.1571000000000002e-05,22.968746496,0.56949999808,1.477374997184,0.6250009599999995
1.1571500000000001e-05,23.749996544,0.57574999744,1.4811249968,0.9375009279999986
1.1572e-05,23.749996544,0.56949999808,1.479874996928,0.6250009599999995
1.1572500000000001e-05,23.749996544,0.57574999744,1.478624997056,0.6250009599999995
1.1573e-05,23.749996544,0.56949999808,1.476124997312,0.6250009599999995
1.15735e-05,23.749996544,0.57574999744,1.47487499744,0.6250009599999995
1.1574000000000001e-05,22.968746496,0.57574999744,1.476124997312,0.9375009279999986
1.15745e-05,23.749996544,0.5819999967999999,1.477374997184,0.9375009279999986
1.1575e-05,23.749996544,0.57574999744,1.476124997312,0.9375009279999986
1.1575500000000001e-05,23.749996544,0.56949999808,1.477374997184,0.6250009599999995
1.1576e-05,23.749996544,0.57574999744,1.477374997184,0.6250009599999995
1.15765e-05,23.749996544,0.57574999744,1.479874996928,0.31250099200000037
1.1577000000000001e-05,22.968746496,0.57574999744,1.478624997056,0.6250009599999995
1.15775e-05,23.749996544,0.57574999744,1.479874996928,0.9375009279999986
1.1578e-05,24.531246592000002,0.56949999808,1.4823749966720001,0.9375009279999986
1.1578500000000001e-05,23.749996544,0.57574999744,1.479874996928,0.9375009279999986
1.1579e-05,23.749996544,0.57574999744,1.479874996928,0.6250009599999995
1.1579500000000002e-05,23.749996544,0.57574999744,1.478624997056,0.9375009279999986
1.1580000000000001e-05,23.749996544,0.5819999967999999,1.478624997056,0.9375009279999986
1.15805e-05,23.749996544,0.56949999808,1.479874996928,0.6250009599999995
1.1581000000000001e-05,24.531246592000002,0.57574999744,1.477374997184,0.9375009279999986
1.15815e-05,23.749996544,0.57574999744,1.477374997184,0.6250009599999995
1.1582e-05,23.749996544,0.57574999744,1.478624997056,0.6250009599999995
1.1582500000000001e-05,23.749996544,0.57574999744,1.478624997056,0.9375009279999986
1.1583e-05,23.749996544,0.57574999744,1.476124997312,0.6250009599999995
1.15835e-05,23.749996544,0.57574999744,1.476124997312,0.31250099200000037
1.1584000000000001e-05,23.749996544,0.57574999744,1.47487499744,0.6250009599999995
1.15845e-05,23.749996544,0.56949999808,1.477374997184,0.6250009599999995
1.1585e-05,22.968746496,0.57574999744,1.478624997056,0.9375009279999986
1.1585500000000001e-05,23.749996544,0.57574999744,1.478624997056,0.6250009599999995
1.1586e-05,23.749996544,0.57574999744,1.478624997056,0.6250009599999995
1.15865e-05,23.749996544,0.5819999967999999,1.478624997056,0.6250009599999995
1.1587000000000001e-05,23.749996544,0.5819999967999999,1.476124997312,0.6250009599999995
1.15875e-05,23.749996544,0.57574999744,1.47487499744,0.9375009279999986
1.1588000000000002e-05,24.531246592000002,0.56949999808,1.473624997568,0.9375009279999986
1.1588500000000001e-05,23.749996544,0.5819999967999999,1.476124997312,0.9375009279999986
1.1589e-05,24.531246592000002,0.5819999967999999,1.477374997184,0.6250009599999995
1.1589500000000001e-05,24.531246592000002,0.57574999744,1.47487499744,0.6250009599999995
1.159e-05,23.749996544,0.57574999744,1.473624997568,0.9375009279999986
1.15905e-05,23.749996544,0.57574999744,1.473624997568,0.9375009279999986
1.1591000000000001e-05,23.749996544,0.57574999744,1.473624997568,0.6250009599999995
1.15915e-05,22.968746496,0.57574999744,1.473624997568,0.6250009599999995
1.1592e-05,23.749996544,0.5819999967999999,1.473624997568,0.31250099200000037
1.1592500000000001e-05,23.749996544,0.57574999744,1.47487499744,0.31250099200000037
1.1593e-05,22.968746496,0.57574999744,1.47487499744,0.6250009599999995
1.15935e-05,23.749996544,0.57574999744,1.476124997312,0.6250009599999995
1.1594000000000001e-05,23.749996544,0.5819999967999999,1.477374997184,0.6250009599999995
1.15945e-05,22.968746496,0.5819999967999999,1.477374997184,0.9375009279999986
1.1595e-05,22.968746496,0.5819999967999999,1.476124997312,0.9375009279999986
1.1595500000000001e-05,22.187496448000005,0.57574999744,1.47487499744,0.9375009279999986
1.1596e-05,23.749996544,0.56949999808,1.473624997568,0.9375009279999986
1.1596500000000002e-05,23.749996544,0.57574999744,1.477374997184,0.6250009599999995
1.1597000000000001e-05,23.749996544,0.5819999967999999,1.477374997184,0.9375009279999986
1.15975e-05,23.749996544,0.5819999967999999,1.477374997184,0.9375009279999986
1.1598000000000001e-05,23.749996544,0.57574999744,1.476124997312,0.9375009279999986
1.15985e-05,23.749996544,0.57574999744,1.476124997312,0.9375009279999986
1.1599e-05,22.968746496,0.56949999808,1.47487499744,0.9375009279999986
1.1599500000000001e-05,23.749996544,0.57574999744,1.47487499744,0.6250009599999995
1.16e-05,22.968746496,0.57574999744,1.47487499744,0.6250009599999995
1.16005e-05,23.749996544,0.57574999744,1.476124997312,0.6250009599999995
1.1601000000000001e-05,22.968746496,0.57574999744,1.47487499744,0.6250009599999995
1.16015e-05,23.749996544,0.57574999744,1.472374997696,0.9375009279999986
1.1602e-05,23.749996544,0.5819999967999999,1.472374997696,0.6250009599999995
1.1602500000000001e-05,23.749996544,0.57574999744,1.47487499744,0.6250009599999995
1.1603e-05,22.968746496,0.5819999967999999,1.476124997312,0.9375009279999986
1.16035e-05,23.749996544,0.5819999967999999,1.47487499744,0.9375009279999986
1.1604000000000001e-05,23.749996544,0.5819999967999999,1.476124997312,0.6250009599999995
1.16045e-05,23.749996544,0.5819999967999999,1.477374997184,0.6250009599999995
1.1605000000000002e-05,23.749996544,0.57574999744,1.47487499744,0.6250009599999995
1.1605500000000001e-05,23.749996544,0.57574999744,1.476124997312,0.6250009599999995
1.1606e-05,23.749996544,0.56949999808,1.476124997312,0.6250009599999995
1.1606500000000001e-05,23.749996544,0.58824999616,1.47487499744,0.6250009599999995
1.1607000000000001e-05,22.968746496,0.5819999967999999,1.472374997696,0.6250009599999995
1.16075e-05,22.968746496,0.57574999744,1.47487499744,0.31250099200000037
1.1608000000000001e-05,23.749996544,0.57574999744,1.477374997184,0.6250009599999995
1.16085e-05,23.749996544,0.57574999744,1.479874996928,0.31250099200000037
1.1609e-05,22.968746496,0.57574999744,1.478624997056,0.6250009599999995
1.1609500000000001e-05,22.968746496,0.57574999744,1.478624997056,0.6250009599999995
1.161e-05,23.749996544,0.57574999744,1.477374997184,0.6250009599999995
1.16105e-05,23.749996544,0.56949999808,1.4811249968,0.6250009599999995
1.1611000000000001e-05,22.968746496,0.57574999744,1.478624997056,0.6250009599999995
1.16115e-05,23.749996544,0.57574999744,1.477374997184,0.9375009279999986
1.1612e-05,22.968746496,0.5819999967999999,1.477374997184,0.9375009279999986
1.1612500000000001e-05,23.749996544,0.57574999744,1.479874996928,0.9375009279999986
1.1613e-05,23.749996544,0.57574999744,1.476124997312,0.9375009279999986
1.1613500000000002e-05,23.749996544,0.57574999744,1.472374997696,0.6250009599999995
1.1614000000000001e-05,23.749996544,0.57574999744,1.473624997568,0.9375009279999986
1.16145e-05,23.749996544,0.57574999744,1.478624997056,0.9375009279999986
1.1615000000000001e-05,22.968746496,0.57574999744,1.476124997312,0.9375009279999986
1.1615500000000001e-05,24.531246592000002,0.57574999744,1.473624997568,0.6250009599999995
1.1616e-05,24.531246592000002,0.57574999744,1.473624997568,0.6250009599999995
1.1616500000000001e-05,23.749996544,0.57574999744,1.47487499744,0.31250099200000037
1.1617e-05,22.968746496,0.57574999744,1.473624997568,0.6250009599999995
1.16175e-05,23.749996544,0.57574999744,1.47487499744,0.9375009279999986
1.1618000000000001e-05,23.749996544,0.5819999967999999,1.476124997312,0.9375009279999986
1.16185e-05,23.749996544,0.57574999744,1.476124997312,0.9375009279999986
1.1619e-05,23.749996544,0.57574999744,1.477374997184,0.9375009279999986
1.1619500000000001e-05,22.968746496,0.57574999744,1.47487499744,0.9375009279999986
1.162e-05,23.749996544,0.57574999744,1.476124997312,0.9375009279999986
1.16205e-05,23.749996544,0.57574999744,1.476124997312,0.9375009279999986
1.1621000000000001e-05,24.531246592000002,0.57574999744,1.47487499744,0.9375009279999986
1.16215e-05,23.749996544,0.57574999744,1.476124997312,0.6250009599999995
1.1622000000000002e-05,23.749996544,0.56949999808,1.477374997184,0.9375009279999986
1.1622500000000001e-05,23.749996544,0.56949999808,1.478624997056,0.9375009279999986
1.1623e-05,23.749996544,0.57574999744,1.477374997184,0.6250009599999995
1.1623500000000001e-05,23.749996544,0.57574999744,1.476124997312,0.31250099200000037
1.1624000000000001e-05,23.749996544,0.57574999744,1.476124997312,0.6250009599999995
1.16245e-05,23.749996544,0.56949999808,1.477374997184,0.6250009599999995
1.1625000000000001e-05,23.749996544,0.57574999744,1.477374997184,0.9375009279999986
1.16255e-05,23.749996544,0.57574999744,1.476124997312,0.9375009279999986
1.1626e-05,23.749996544,0.57574999744,1.47487499744,0.6250009599999995
1.1626500000000001e-05,23.749996544,0.57574999744,1.47487499744,0.9375009279999986
1.1627e-05,23.749996544,0.56949999808,1.47487499744,0.6250009599999995
1.16275e-05,23.749996544,0.57574999744,1.47487499744,0.9375009279999986
1.1628000000000001e-05,22.968746496,0.5819999967999999,1.47487499744,0.9375009279999986
1.16285e-05,22.968746496,0.57574999744,1.476124997312,0.6250009599999995
1.1629e-05,23.749996544,0.5819999967999999,1.477374997184,0.9375009279999986
1.1629500000000001e-05,23.749996544,0.57574999744,1.476124997312,0.6250009599999995
1.163e-05,23.749996544,0.57574999744,1.473624997568,0.9375009279999986
1.1630500000000002e-05,23.749996544,0.56949999808,1.473624997568,0.9375009279999986
1.1631000000000001e-05,22.968746496,0.57574999744,1.473624997568,1.2500008959999995
1.16315e-05,22.968746496,0.57574999744,1.47487499744,0.6250009599999995
1.1632000000000001e-05,23.749996544,0.57574999744,1.476124997312,0.6250009599999995
1.1632500000000001e-05,23.749996544,0.56949999808,1.478624997056,0.6250009599999995
1.1633e-05,22.968746496,0.57574999744,1.472374997696,0.6250009599999995
1.1633500000000001e-05,23.749996544,0.57574999744,1.473624997568,0.9375009279999986
1.1634e-05,23.749996544,0.57574999744,1.476124997312,0.6250009599999995
1.16345e-05,23.749996544,0.57574999744,1.477374997184,0.6250009599999995
1.1635000000000001e-05,23.749996544,0.57574999744,1.476124997312,0.9375009279999986
1.16355e-05,22.968746496,0.57574999744,1.478624997056,0.6250009599999995
1.1636e-05,23.749996544,0.57574999744,1.477374997184,0.9375009279999986
1.1636500000000001e-05,23.749996544,0.5819999967999999,1.478624997056,0.6250009599999995
1.1637e-05,23.749996544,0.57574999744,1.477374997184,1.2500008959999995
1.16375e-05,23.749996544,0.57574999744,1.478624997056,0.9375009279999986
1.1638000000000001e-05,23.749996544,0.57574999744,1.476124997312,0.9375009279999986
1.16385e-05,23.749996544,0.56949999808,1.477374997184,0.9375009279999986
1.1639000000000002e-05,23.749996544,0.57574999744,1.47487499744,0.9375009279999986
1.1639500000000001e-05,23.749996544,0.56949999808,1.47487499744,0.9375009279999986
1.164e-05,24.531246592000002,0.57574999744,1.47487499744,0.6250009599999995
1.1640500000000001e-05,23.749996544,0.57574999744,1.479874996928,0.6250009599999995
1.1641000000000001e-05,23.749996544,0.57574999744,1.479874996928,0.9375009279999986
1.16415e-05,23.749996544,0.56949999808,1.479874996928,0.9375009279999986
1.1642000000000001e-05,23.749996544,0.57574999744,1.477374997184,0.9375009279999986
1.16425e-05,23.749996544,0.57574999744,1.476124997312,0.9375009279999986
1.1643e-05,23.749996544,0.57574999744,1.476124997312,0.6250009599999995
1.1643500000000001e-05,23.749996544,0.57574999744,1.476124997312,0.9375009279999986
1.1644e-05,22.968746496,0.57574999744,1.476124997312,0.9375009279999986
1.16445e-05,23.749996544,0.57574999744,1.476124997312,0.9375009279999986
1.1645000000000001e-05,23.749996544,0.57574999744,1.476124997312,0.9375009279999986
1.16455e-05,23.749996544,0.57574999744,1.476124997312,0.6250009599999995
1.1646e-05,24.531246592000002,0.56949999808,1.478624997056,0.9375009279999986
1.1646500000000001e-05,23.749996544,0.56949999808,1.476124997312,1.2500008959999995
1.1647e-05,23.749996544,0.57574999744,1.473624997568,0.9375009279999986
1.1647500000000002e-05,23.749996544,0.57574999744,1.476124997312,0.6250009599999995
1.1648000000000001e-05,23.749996544,0.57574999744,1.47487499744,0.9375009279999986
1.16485e-05,23.749996544,0.56949999808,1.473624997568,0.9375009279999986
1.1649000000000001e-05,22.968746496,0.57574999744,1.47487499744,0.6250009599999995
1.1649500000000001e-05,22.968746496,0.57574999744,1.478624997056,0.9375009279999986
1.165e-05,23.749996544,0.57574999744,1.477374997184,0.9375009279999986
1.1650500000000001e-05,23.749996544,0.57574999744,1.47487499744,0.9375009279999986
1.1651e-05,22.968746496,0.57574999744,1.476124997312,0.6250009599999995
1.16515e-05,23.749996544,0.56949999808,1.47487499744,0.9375009279999986
1.1652000000000001e-05,23.749996544,0.57574999744,1.47487499744,0.9375009279999986
1.16525e-05,23.749996544,0.57574999744,1.47487499744,0.9375009279999986
1.1653e-05,24.531246592000002,0.56949999808,1.47487499744,0.9375009279999986
1.1653500000000001e-05,23.749996544,0.56949999808,1.47487499744,0.6250009599999995
1.1654e-05,22.968746496,0.5632499987199999,1.476124997312,0.9375009279999986
1.16545e-05,23.749996544,0.56949999808,1.476124997312,0.9375009279999986
1.1655000000000001e-05,23.749996544,0.56949999808,1.47487499744,0.9375009279999986
1.16555e-05,22.968746496,0.56949999808,1.477374997184,0.9375009279999986
1.1656000000000002e-05,23.749996544,0.57574999744,1.476124997312,0.9375009279999986
1.1656500000000001e-05,23.749996544,0.57574999744,1.477374997184,0.6250009599999995
1.1657e-05,22.968746496,0.5819999967999999,1.473624997568,0.9375009279999986
1.1657500000000001e-05,23.749996544,0.5819999967999999,1.473624997568,1.2500008959999995
1.1658000000000001e-05,24.531246592000002,0.5819999967999999,1.47487499744,0.9375009279999986
1.16585e-05,22.968746496,0.5819999967999999,1.476124997312,0.9375009279999986
1.1659000000000001e-05,23.749996544,0.5819999967999999,1.477374997184,0.6250009599999995
1.16595e-05,23.749996544,0.56949999808,1.477374997184,0.9375009279999986
1.166e-05,23.749996544,0.56949999808,1.477374997184,0.9375009279999986
1.1660500000000001e-05,23.749996544,0.57574999744,1.479874996928,0.6250009599999995
1.1661e-05,24.531246592000002,0.56949999808,1.479874996928,0.6250009599999995
1.16615e-05,24.531246592000002,0.56949999808,1.478624997056,0.9375009279999986
1.1662000000000001e-05,23.749996544,0.56949999808,1.478624997056,0.9375009279999986
1.16625e-05,22.968746496,0.56949999808,1.478624997056,0.9375009279999986
1.1663e-05,22.968746496,0.56949999808,1.478624997056,0.9375009279999986
1.1663500000000001e-05,22.968746496,0.57574999744,1.479874996928,0.6250009599999995
1.1664e-05,23.749996544,0.57574999744,1.477374997184,0.6250009599999995
1.1664500000000002e-05,23.749996544,0.56949999808,1.478624997056,0.9375009279999986
1.1665000000000001e-05,22.968746496,0.56949999808,1.47487499744,0.9375009279999986
1.16655e-05,23.749996544,0.57574999744,1.47487499744,1.2500008959999995
1.1666000000000001e-05,24.531246592000002,0.57574999744,1.476124997312,0.9375009279999986
1.1666500000000001e-05,22.968746496,0.57574999744,1.477374997184,0.9375009279999986
1.1667e-05,23.749996544,0.57574999744,1.477374997184,0.9375009279999986
1.1667500000000001e-05,23.749996544,0.57574999744,1.478624997056,0.9375009279999986
1.1668e-05,23.749996544,0.57574999744,1.477374997184,0.9375009279999986
1.16685e-05,23.749996544,0.57574999744,1.476124997312,0.9375009279999986
1.1669000000000001e-05,24.531246592000002,0.57574999744,1.476124997312,1.2500008959999995
1.16695e-05,24.531246592000002,0.57574999744,1.47487499744,0.9375009279999986
1.167e-05,24.531246592000002,0.57574999744,1.473624997568,0.9375009279999986
1.1670500000000001e-05,23.749996544,0.57574999744,1.476124997312,1.2500008959999995
1.1671e-05,23.749996544,0.56949999808,1.476124997312,0.9375009279999986
1.16715e-05,23.749996544,0.56949999808,1.476124997312,0.6250009599999995
1.1672000000000001e-05,23.749996544,0.57574999744,1.47487499744,0.9375009279999986
1.16725e-05,23.749996544,0.56949999808,1.477374997184,0.9375009279999986
1.1673000000000002e-05,22.968746496,0.57574999744,1.477374997184,0.6250009599999995
1.1673500000000001e-05,23.749996544,0.56949999808,1.477374997184,0.9375009279999986
1.1674e-05,23.749996544,0.56949999808,1.476124997312,0.9375009279999986
1.1674500000000001e-05,22.968746496,0.57574999744,1.476124997312,0.9375009279999986
1.1675000000000001e-05,22.968746496,0.57574999744,1.476124997312,0.9375009279999986
1.16755e-05,22.968746496,0.57574999744,1.47487499744,0.9375009279999986
1.1676000000000001e-05,22.968746496,0.57574999744,1.473624997568,0.9375009279999986
1.16765e-05,23.749996544,0.57574999744,1.473624997568,0.9375009279999986
1.1677e-05,23.749996544,0.57574999744,1.47487499744,0.9375009279999986
1.1677500000000001e-05,23.749996544,0.57574999744,1.476124997312,0.9375009279999986
1.1678e-05,23.749996544,0.56949999808,1.478624997056,1.2500008959999995
1.16785e-05,22.968746496,0.56949999808,1.477374997184,0.9375009279999986
1.1679000000000001e-05,23.749996544,0.5819999967999999,1.47487499744,0.9375009279999986
1.16795e-05,22.968746496,0.57574999744,1.477374997184,0.9375009279999986
1.168e-05,23.749996544,0.57574999744,1.476124997312,0.9375009279999986
1.1680500000000001e-05,23.749996544,0.57574999744,1.478624997056,0.9375009279999986
1.1681e-05,22.968746496,0.56949999808,1.477374997184,0.9375009279999986
1.16815e-05,22.968746496,0.57574999744,1.476124997312,0.9375009279999986
1.1682000000000001e-05,24.531246592000002,0.57574999744,1.47487499744,0.9375009279999986
1.16825e-05,23.749996544,0.57574999744,1.476124997312,0.9375009279999986
1.1683000000000001e-05,22.968746496,0.5819999967999999,1.47487499744,0.9375009279999986
1.1683500000000001e-05,22.968746496,0.57574999744,1.47487499744,0.9375009279999986
1.1684e-05,22.968746496,0.56949999808,1.47487499744,0.9375009279999986
1.1684500000000001e-05,23.749996544,0.57574999744,1.473624997568,0.9375009279999986
1.1685e-05,23.749996544,0.56949999808,1.473624997568,0.9375009279999986
1.16855e-05,22.968746496,0.57574999744,1.473624997568,0.9375009279999986
1.1686000000000001e-05,22.968746496,0.57574999744,1.473624997568,1.2500008959999995
1.16865e-05,23.749996544,0.57574999744,1.473624997568,0.9375009279999986
1.1687e-05,23.749996544,0.57574999744,1.473624997568,0.9375009279999986
1.1687500000000001e-05,23.749996544,0.57574999744,1.47487499744,0.9375009279999986
1.1688e-05,22.968746496,0.57574999744,1.473624997568,1.2500008959999995
1.16885e-05,23.749996544,0.57574999744,1.47487499744,0.9375009279999986
1.1689000000000001e-05,22.968746496,0.57574999744,1.47487499744,0.9375009279999986
1.16895e-05,22.968746496,0.57574999744,1.477374997184,0.9375009279999986
1.169e-05,23.749996544,0.56949999808,1.476124997312,0.9375009279999986
1.1690500000000001e-05,22.968746496,0.57574999744,1.47487499744,0.9375009279999986
1.1691e-05,22.187496448000005,0.57574999744,1.476124997312,1.2500008959999995
1.1691500000000001e-05,22.968746496,0.57574999744,1.47487499744,0.9375009279999986
1.1692000000000001e-05,22.187496448000005,0.56949999808,1.476124997312,1.2500008959999995
1.16925e-05,22.968746496,0.57574999744,1.478624997056,0.9375009279999986
1.1693000000000001e-05,23.749996544,0.5819999967999999,1.478624997056,0.9375009279999986
1.16935e-05,23.749996544,0.57574999744,1.477374997184,0.9375009279999986
1.1694e-05,22.968746496,0.56949999808,1.476124997312,1.2500008959999995
1.1694500000000001e-05,22.968746496,0.56949999808,1.476124997312,1.2500008959999995
1.1695e-05,22.187496448000005,0.56949999808,1.47487499744,1.2500008959999995
1.16955e-05,23.749996544,0.56949999808,1.47487499744,0.9375009279999986
1.1696000000000001e-05,22.968746496,0.57574999744,1.476124997312,1.2500008959999995
1.16965e-05,22.968746496,0.56949999808,1.47487499744,0.9375009279999986
1.1697e-05,22.968746496,0.57574999744,1.47487499744,1.2500008959999995
1.1697500000000001e-05,22.968746496,0.56949999808,1.473624997568,1.2500008959999995
1.1698e-05,23.749996544,0.57574999744,1.47487499744,1.2500008959999995
1.16985e-05,22.968746496,0.57574999744,1.47487499744,0.9375009279999986
1.1699000000000001e-05,22.968746496,0.56949999808,1.473624997568,0.9375009279999986
1.16995e-05,22.968746496,0.56949999808,1.473624997568,0.9375009279999986
1.1700000000000001e-05,22.968746496,0.56949999808,1.476124997312,0.9375009279999986
1.1700500000000001e-05,23.749996544,0.56949999808,1.477374997184,1.2500008959999995
1.1701e-05,23.749996544,0.56949999808,1.476124997312,1.2500008959999995
1.1701500000000001e-05,23.749996544,0.56949999808,1.476124997312,0.6250009599999995
1.1702e-05,22.968746496,0.56949999808,1.476124997312,1.2500008959999995
1.17025e-05,23.749996544,0.56949999808,1.47487499744,1.2500008959999995
1.1703000000000001e-05,23.749996544,0.57574999744,1.47487499744,0.9375009279999986
1.17035e-05,22.968746496,0.57574999744,1.477374997184,0.6250009599999995
1.1704e-05,22.968746496,0.56949999808,1.47487499744,0.6250009599999995
1.1704500000000001e-05,23.749996544,0.56949999808,1.476124997312,0.6250009599999995
1.1705e-05,23.749996544,0.56949999808,1.477374997184,0.9375009279999986
1.17055e-05,22.968746496,0.56949999808,1.477374997184,0.9375009279999986
1.1706000000000001e-05,23.749996544,0.57574999744,1.476124997312,0.9375009279999986
1.17065e-05,22.968746496,0.57574999744,1.47487499744,0.9375009279999986
1.1707e-05,22.968746496,0.5819999967999999,1.473624997568,0.9375009279999986
1.1707500000000001e-05,22.968746496,0.57574999744,1.473624997568,0.9375009279999986
1.1708e-05,22.968746496,0.56949999808,1.473624997568,1.2500008959999995
1.1708500000000001e-05,23.749996544,0.57574999744,1.476124997312,0.6250009599999995
1.1709000000000001e-05,23.749996544,0.56949999808,1.47487499744,0.9375009279999986
1.17095e-05,24.531246592000002,0.56949999808,1.47487499744,0.9375009279999986
1.1710000000000001e-05,22.968746496,0.56949999808,1.476124997312,1.2500008959999995
1.17105e-05,23.749996544,0.56949999808,1.478624997056,1.2500008959999995
1.1711e-05,22.968746496,0.56949999808,1.476124997312,0.9375009279999986
1.1711500000000001e-05,23.749996544,0.56949999808,1.476124997312,0.6250009599999995
1.1712e-05,22.968746496,0.57574999744,1.47487499744,0.9375009279999986
1.17125e-05,23.749996544,0.57574999744,1.476124997312,0.9375009279999986
1.1713000000000001e-05,22.968746496,0.57574999744,1.47487499744,0.6250009599999995
1.17135e-05,22.968746496,0.57574999744,1.473624997568,1.2500008959999995
1.1714e-05,23.749996544,0.57574999744,1.47487499744,0.9375009279999986
1.1714500000000001e-05,22.968746496,0.56949999808,1.47487499744,0.9375009279999986
1.1715e-05,22.968746496,0.57574999744,1.47487499744,0.9375009279999986
1.17155e-05,22.968746496,0.56949999808,1.47487499744,0.9375009279999986
1.1716000000000001e-05,22.968746496,0.56949999808,1.47487499744,0.9375009279999986
1.17165e-05,23.749996544,0.57574999744,1.476124997312,0.6250009599999995
1.1717000000000001e-05,23.749996544,0.57574999744,1.477374997184,0.6250009599999995
1.1717500000000001e-05,23.749996544,0.57574999744,1.477374997184,0.6250009599999995
1.1718e-05,22.968746496,0.56949999808,1.477374997184,0.9375009279999986
1.1718500000000001e-05,22.187496448000005,0.56949999808,1.479874996928,0.9375009279999986
1.1719e-05,22.968746496,0.57574999744,1.478624997056,0.9375009279999986
1.17195e-05,23.749996544,0.56949999808,1.477374997184,0.9375009279999986
1.1720000000000001e-05,23.749996544,0.56949999808,1.476124997312,1.2500008959999995
1.17205e-05,23.749996544,0.56949999808,1.477374997184,0.9375009279999986
1.1721e-05,22.968746496,0.56949999808,1.47487499744,0.9375009279999986
1.1721500000000001e-05,22.968746496,0.57574999744,1.476124997312,0.9375009279999986
1.1722e-05,23.749996544,0.5819999967999999,1.47487499744,1.2500008959999995
1.17225e-05,23.749996544,0.57574999744,1.473624997568,0.9375009279999986
1.1723000000000001e-05,22.968746496,0.56949999808,1.476124997312,0.9375009279999986
1.17235e-05,22.968746496,0.57574999744,1.47487499744,0.9375009279999986
1.1724e-05,23.749996544,0.56949999808,1.47487499744,0.9375009279999986
1.1724500000000001e-05,23.749996544,0.57574999744,1.477374997184,0.9375009279999986
1.1725e-05,23.749996544,0.57574999744,1.479874996928,1.2500008959999995
1.1725500000000001e-05,22.968746496,0.57574999744,1.478624997056,0.9375009279999986
1.1726000000000001e-05,22.968746496,0.57574999744,1.476124997312,1.2500008959999995
1.17265e-05,23.749996544,0.56949999808,1.477374997184,1.2500008959999995
1.1727000000000001e-05,23.749996544,0.57574999744,1.476124997312,0.9375009279999986
1.17275e-05,22.968746496,0.56949999808,1.477374997184,0.9375009279999986
1.1728e-05,23.749996544,0.57574999744,1.47487499744,0.9375009279999986
1.1728500000000001e-05,22.968746496,0.56949999808,1.477374997184,0.9375009279999986
1.1729e-05,23.749996544,0.57574999744,1.477374997184,1.2500008959999995
1.17295e-05,23.749996544,0.57574999744,1.477374997184,0.9375009279999986
1.1730000000000001e-05,23.749996544,0.56949999808,1.47487499744,0.9375009279999986
1.17305e-05,22.968746496,0.56949999808,1.47487499744,0.9375009279999986
1.1731e-05,22.968746496,0.5819999967999999,1.476124997312,0.9375009279999986
1.1731500000000001e-05,23.749996544,0.56949999808,1.47487499744,0.9375009279999986
1.1732e-05,23.749996544,0.56949999808,1.47487499744,0.9375009279999986
1.17325e-05,23.749996544,0.57574999744,1.477374997184,0.9375009279999986
1.1733000000000001e-05,23.749996544,0.57574999744,1.476124997312,1.2500008959999995
1.17335e-05,22.968746496,0.57574999744,1.476124997312,1.2500008959999995
1.1734000000000001e-05,23.749996544,0.57574999744,1.476124997312,1.5625008640000004
1.1734500000000001e-05,23.749996544,0.57574999744,1.47487499744,1.2500008959999995
1.1735e-05,23.749996544,0.57574999744,1.473624997568,0.9375009279999986
1.1735500000000001e-05,23.749996544,0.56949999808,1.473624997568,0.9375009279999986
1.1736e-05,23.749996544,0.57574999744,1.472374997696,1.2500008959999995
1.17365e-05,23.749996544,0.56949999808,1.473624997568,0.9375009279999986
1.1737000000000001e-05,22.968746496,0.56949999808,1.47487499744,1.2500008959999995
1.17375e-05,22.968746496,0.56949999808,1.47487499744,1.2500008959999995
1.1738e-05,23.749996544,0.57574999744,1.47487499744,1.2500008959999995
1.1738500000000001e-05,22.968746496,0.56949999808,1.47487499744,0.9375009279999986
1.1739e-05,23.749996544,0.56949999808,1.476124997312,1.5625008640000004
1.17395e-05,23.749996544,0.57574999744,1.476124997312,1.5625008640000004
1.1740000000000001e-05,23.749996544,0.56949999808,1.476124997312,1.2500008959999995
1.17405e-05,23.749996544,0.57574999744,1.476124997312,0.6250009599999995
1.1741e-05,23.749996544,0.57574999744,1.473624997568,1.2500008959999995
1.1741500000000001e-05,22.968746496,0.57574999744,1.473624997568,0.9375009279999986
1.1742e-05,23.749996544,0.56949999808,1.47487499744,1.2500008959999995
1.1742500000000001e-05,24.531246592000002,0.56949999808,1.47487499744,1.2500008959999995
1.1743000000000001e-05,24.531246592000002,0.56949999808,1.47487499744,1.2500008959999995
1.17435e-05,23.749996544,0.56949999808,1.473624997568,0.6250009599999995
1.1744000000000001e-05,23.749996544,0.57574999744,1.47487499744,1.2500008959999995
1.17445e-05,24.531246592000002,0.56949999808,1.47487499744,1.2500008959999995
1.1745e-05,22.968746496,0.56949999808,1.47487499744,1.2500008959999995
1.1745500000000001e-05,23.749996544,0.57574999744,1.477374997184,1.2500008959999995
1.1746e-05,23.749996544,0.57574999744,1.477374997184,1.2500008959999995
1.17465e-05,22.968746496,0.57574999744,1.476124997312,0.9375009279999986
1.1747000000000001e-05,22.968746496,0.57574999744,1.476124997312,0.9375009279999986
1.17475e-05,22.968746496,0.57574999744,1.476124997312,0.9375009279999986
1.1748e-05,23.749996544,0.56949999808,1.47487499744,1.5625008640000004
1.1748500000000001e-05,23.749996544,0.57574999744,1.476124997312,0.9375009279999986
1.1749e-05,23.749996544,0.57574999744,1.476124997312,0.9375009279999986
1.17495e-05,23.749996544,0.57574999744,1.47487499744,1.2500008959999995
1.1750000000000001e-05,23.749996544,0.56949999808,1.473624997568,1.2500008959999995
1.17505e-05,23.749996544,0.56949999808,1.476124997312,0.9375009279999986
1.1751000000000002e-05,22.968746496,0.56949999808,1.476124997312,0.9375009279999986
1.1751500000000001e-05,22.968746496,0.56949999808,1.477374997184,0.9375009279999986
1.1752e-05,23.749996544,0.57574999744,1.476124997312,1.2500008959999995
1.1752500000000001e-05,24.531246592000002,0.56949999808,1.47487499744,1.2500008959999995
1.1753e-05,22.968746496,0.56949999808,1.471124997824,1.5625008640000004
1.17535e-05,23.749996544,0.56949999808,1.473624997568,1.5625008640000004
1.1754000000000001e-05,23.749996544,0.56949999808,1.473624997568,0.9375009279999986
1.17545e-05,23.749996544,0.56949999808,1.47487499744,1.2500008959999995
1.1755e-05,23.749996544,0.57574999744,1.47487499744,1.5625008640000004
1.1755500000000001e-05,22.968746496,0.56949999808,1.476124997312,1.5625008640000004
1.1756e-05,23.749996544,0.56949999808,1.476124997312,1.2500008959999995
1.17565e-05,23.749996544,0.57574999744,1.478624997056,0.9375009279999986
1.1757000000000001e-05,23.749996544,0.57574999744,1.476124997312,1.2500008959999995
1.17575e-05,23.749996544,0.56949999808,1.476124997312,1.2500008959999995
1.1758e-05,23.749996544,0.56949999808,1.47487499744,1.2500008959999995
1.1758500000000001e-05,23.749996544,0.56949999808,1.473624997568,1.2500008959999995
1.1759e-05,23.749996544,0.56949999808,1.476124997312,1.2500008959999995
1.1759500000000002e-05,23.749996544,0.56949999808,1.47487499744,0.9375009279999986
1.1760000000000001e-05,23.749996544,0.57574999744,1.472374997696,1.2500008959999995
1.17605e-05,23.749996544,0.56949999808,1.473624997568,1.2500008959999995
1.1761000000000001e-05,22.968746496,0.57574999744,1.476124997312,1.2500008959999995
1.17615e-05,23.749996544,0.5632499987199999,1.476124997312,1.5625008640000004
1.1762e-05,23.749996544,0.56949999808,1.47487499744,1.5625008640000004
1.1762500000000001e-05,23.749996544,0.56949999808,1.472374997696,1.2500008959999995
1.1763e-05,23.749996544,0.56949999808,1.476124997312,0.9375009279999986
1.17635e-05,23.749996544,0.57574999744,1.477374997184,1.2500008959999995
1.1764000000000001e-05,22.968746496,0.57574999744,1.476124997312,1.2500008959999995
1.17645e-05,23.749996544,0.5819999967999999,1.47487499744,0.9375009279999986
1.1765e-05,23.749996544,0.5819999967999999,1.47487499744,1.2500008959999995
1.1765500000000001e-05,23.749996544,0.57574999744,1.47487499744,0.9375009279999986
1.1766e-05,23.749996544,0.56949999808,1.476124997312,1.2500008959999995
1.17665e-05,23.749996544,0.57574999744,1.476124997312,1.2500008959999995
1.1767000000000001e-05,22.968746496,0.57574999744,1.476124997312,1.2500008959999995
1.17675e-05,23.749996544,0.57574999744,1.476124997312,0.9375009279999986
1.1768000000000002e-05,23.749996544,0.57574999744,1.477374997184,0.9375009279999986
1.1768500000000001e-05,23.749996544,0.56949999808,1.478624997056,0.9375009279999986
1.1769e-05,23.749996544,0.57574999744,1.47487499744,1.2500008959999995
1.1769500000000001e-05,22.968746496,0.57574999744,1.47487499744,1.2500008959999995
1.177e-05,23.749996544,0.57574999744,1.476124997312,1.2500008959999995
1.17705e-05,22.968746496,0.57574999744,1.477374997184,1.2500008959999995
1.1771000000000001e-05,23.749996544,0.57574999744,1.476124997312,1.2500008959999995
1.17715e-05,22.968746496,0.56949999808,1.476124997312,1.2500008959999995
1.1772e-05,22.968746496,0.57574999744,1.477374997184,1.2500008959999995
1.1772500000000001e-05,22.968746496,0.57574999744,1.478624997056,0.9375009279999986
1.1773e-05,24.531246592000002,0.57574999744,1.476124997312,1.2500008959999995
1.17735e-05,23.749996544,0.57574999744,1.476124997312,0.9375009279999986
1.1774000000000001e-05,23.749996544,0.57574999744,1.473624997568,1.2500008959999995
1.17745e-05,23.749996544,0.56949999808,1.473624997568,0.9375009279999986
1.1775e-05,23.749996544,0.57574999744,1.472374997696,1.2500008959999995
1.1775500000000001e-05,23.749996544,0.56949999808,1.472374997696,0.9375009279999986
1.1776e-05,23.749996544,0.57574999744,1.472374997696,1.2500008959999995
1.1776500000000002e-05,23.749996544,0.56949999808,1.476124997312,0.9375009279999986
1.1777000000000001e-05,22.968746496,0.57574999744,1.476124997312,1.2500008959999995
1.17775e-05,22.968746496,0.57574999744,1.47487499744,1.2500008959999995
1.1778000000000001e-05,23.749996544,0.57574999744,1.473624997568,1.2500008959999995
1.17785e-05,23.749996544,0.5632499987199999,1.47487499744,0.9375009279999986
1.1779e-05,23.749996544,0.56949999808,1.476124997312,1.2500008959999995
1.1779500000000001e-05,22.968746496,0.56949999808,1.47487499744,1.5625008640000004
1.178e-05,23.749996544,0.57574999744,1.471124997824,1.2500008959999995
1.17805e-05,23.749996544,0.57574999744,1.472374997696,0.9375009279999986
1.1781000000000001e-05,23.749996544,0.57574999744,1.473624997568,1.2500008959999995
1.17815e-05,23.749996544,0.57574999744,1.473624997568,0.9375009279999986
1.1782e-05,23.749996544,0.56949999808,1.473624997568,1.2500008959999995
1.1782500000000001e-05,23.749996544,0.57574999744,1.473624997568,1.5625008640000004
1.1783e-05,23.749996544,0.5819999967999999,1.47487499744,1.2500008959999995
1.17835e-05,22.968746496,0.5819999967999999,1.476124997312,0.9375009279999986
1.1784000000000001e-05,24.531246592000002,0.57574999744,1.47487499744,0.9375009279999986
1.17845e-05,24.531246592000002,0.57574999744,1.476124997312,0.9375009279999986
1.1785000000000002e-05,22.968746496,0.56949999808,1.47487499744,1.2500008959999995
1.1785500000000001e-05,23.749996544,0.57574999744,1.47487499744,1.2500008959999995
1.1786e-05,23.749996544,0.57574999744,1.47487499744,0.9375009279999986
1.1786500000000001e-05,22.968746496,0.57574999744,1.47487499744,1.2500008959999995
1.1787e-05,23.749996544,0.5819999967999999,1.47487499744,0.9375009279999986
1.17875e-05,23.749996544,0.57574999744,1.47487499744,1.2500008959999995
1.1788000000000001e-05,23.749996544,0.57574999744,1.47487499744,1.2500008959999995
1.17885e-05,24.531246592000002,0.5819999967999999,1.476124997312,1.2500008959999995
1.1789e-05,23.749996544,0.56949999808,1.476124997312,1.2500008959999995
1.1789500000000001e-05,23.749996544,0.56949999808,1.476124997312,0.9375009279999986
1.179e-05,22.968746496,0.5632499987199999,1.476124997312,0.9375009279999986
1.17905e-05,23.749996544,0.56949999808,1.476124997312,1.2500008959999995
1.1791000000000001e-05,23.749996544,0.57574999744,1.47487499744,1.2500008959999995
1.17915e-05,23.749996544,0.57574999744,1.47487499744,1.2500008959999995
1.1792e-05,23.749996544,0.57574999744,1.47487499744,1.2500008959999995
1.1792500000000001e-05,23.749996544,0.57574999744,1.47487499744,0.9375009279999986
1.1793e-05,22.968746496,0.57574999744,1.473624997568,1.2500008959999995
1.1793500000000002e-05,22.968746496,0.57574999744,1.473624997568,1.2500008959999995
1.1794000000000001e-05,23.749996544,0.57574999744,1.473624997568,1.5625008640000004
1.17945e-05,22.968746496,0.56949999808,1.472374997696,0.9375009279999986
1.1795000000000001e-05,22.968746496,0.56949999808,1.473624997568,1.2500008959999995
1.17955e-05,22.968746496,0.56949999808,1.473624997568,1.2500008959999995
1.1796e-05,23.749996544,0.5632499987199999,1.47487499744,1.5625008640000004
1.1796500000000001e-05,23.749996544,0.57574999744,1.47487499744,0.9375009279999986
1.1797e-05,24.531246592000002,0.57574999744,1.47487499744,1.2500008959999995
1.17975e-05,23.749996544,0.57574999744,1.47487499744,1.2500008959999995
1.1798000000000001e-05,23.749996544,0.57574999744,1.476124997312,1.2500008959999995
1.17985e-05,23.749996544,0.57574999744,1.478624997056,1.2500008959999995
1.1799e-05,23.749996544,0.56949999808,1.476124997312,0.9375009279999986
1.1799500000000001e-05,23.749996544,0.56949999808,1.476124997312,0.6250009599999995
1.18e-05,23.749996544,0.57574999744,1.472374997696,0.9375009279999986
1.18005e-05,23.749996544,0.56949999808,1.473624997568,0.9375009279999986
1.1801000000000001e-05,22.968746496,0.56949999808,1.473624997568,1.2500008959999995
1.18015e-05,22.968746496,0.57574999744,1.473624997568,1.2500008959999995
1.1802000000000002e-05,23.749996544,0.57574999744,1.473624997568,1.2500008959999995
1.1802500000000001e-05,23.749996544,0.56949999808,1.473624997568,0.9375009279999986
1.1803e-05,23.749996544,0.56949999808,1.47487499744,1.5625008640000004
1.1803500000000001e-05,23.749996544,0.57574999744,1.473624997568,1.5625008640000004
1.1804e-05,23.749996544,0.56949999808,1.472374997696,1.2500008959999995
1.18045e-05,23.749996544,0.56949999808,1.473624997568,0.9375009279999986
1.1805000000000001e-05,23.749996544,0.56949999808,1.476124997312,1.2500008959999995
1.18055e-05,23.749996544,0.57574999744,1.476124997312,1.2500008959999995
1.1806e-05,23.749996544,0.56949999808,1.476124997312,1.2500008959999995
1.1806500000000001e-05,22.968746496,0.57574999744,1.473624997568,0.9375009279999986
1.1807e-05,23.749996544,0.56949999808,1.473624997568,1.2500008959999995
1.18075e-05,23.749996544,0.56949999808,1.476124997312,0.9375009279999986
1.1808000000000001e-05,23.749996544,0.56949999808,1.476124997312,1.2500008959999995
1.18085e-05,23.749996544,0.56949999808,1.477374997184,0.9375009279999986
1.1809e-05,22.968746496,0.56949999808,1.47487499744,1.2500008959999995
1.1809500000000001e-05,23.749996544,0.56949999808,1.47487499744,1.2500008959999995
1.181e-05,23.749996544,0.56949999808,1.473624997568,1.2500008959999995
1.1810500000000002e-05,23.749996544,0.56949999808,1.473624997568,1.2500008959999995
1.1811000000000001e-05,23.749996544,0.57574999744,1.476124997312,1.2500008959999995
1.18115e-05,24.531246592000002,0.56949999808,1.477374997184,1.5625008640000004
1.1812000000000001e-05,23.749996544,0.56949999808,1.477374997184,1.5625008640000004
1.18125e-05,23.749996544,0.57574999744,1.478624997056,0.9375009279999986
1.1813e-05,23.749996544,0.5632499987199999,1.477374997184,1.2500008959999995
1.1813500000000001e-05,23.749996544,0.57574999744,1.476124997312,1.2500008959999995
1.1814e-05,24.531246592000002,0.56949999808,1.476124997312,1.2500008959999995
1.18145e-05,23.749996544,0.56949999808,1.477374997184,1.2500008959999995
1.1815000000000001e-05,23.749996544,0.56949999808,1.478624997056,1.2500008959999995
1.18155e-05,23.749996544,0.56949999808,1.478624997056,0.9375009279999986
1.1816e-05,23.749996544,0.57574999744,1.478624997056,0.9375009279999986
1.1816500000000001e-05,23.749996544,0.56949999808,1.476124997312,0.9375009279999986
1.1817e-05,23.749996544,0.56949999808,1.47487499744,1.2500008959999995
1.18175e-05,22.968746496,0.57574999744,1.47487499744,1.2500008959999995
1.1818000000000001e-05,23.749996544,0.57574999744,1.476124997312,1.2500008959999995
1.18185e-05,23.749996544,0.57574999744,1.476124997312,1.2500008959999995
1.1819000000000002e-05,23.749996544,0.57574999744,1.476124997312,1.5625008640000004
1.1819500000000001e-05,23.749996544,0.57574999744,1.473624997568,1.5625008640000004
1.182e-05,23.749996544,0.57574999744,1.471124997824,1.2500008959999995
1.1820500000000001e-05,23.749996544,0.57574999744,1.473624997568,0.9375009279999986
1.1821e-05,24.531246592000002,0.57574999744,1.476124997312,1.2500008959999995
1.18215e-05,23.749996544,0.56949999808,1.473624997568,0.9375009279999986
1.1822000000000001e-05,23.749996544,0.56949999808,1.472374997696,1.2500008959999995
1.18225e-05,23.749996544,0.57574999744,1.472374997696,1.2500008959999995
1.1823e-05,23.749996544,0.56949999808,1.473624997568,1.2500008959999995
1.1823500000000001e-05,23.749996544,0.57574999744,1.476124997312,1.2500008959999995
1.1824e-05,23.749996544,0.57574999744,1.47487499744,1.2500008959999995
1.18245e-05,23.749996544,0.56949999808,1.476124997312,0.9375009279999986
1.1825000000000001e-05,24.531246592000002,0.56949999808,1.473624997568,1.2500008959999995
1.18255e-05,23.749996544,0.57574999744,1.473624997568,1.2500008959999995
1.1826e-05,23.749996544,0.56949999808,1.472374997696,0.9375009279999986
1.1826500000000001e-05,22.968746496,0.56949999808,1.473624997568,1.2500008959999995
1.1827e-05,23.749996544,0.56949999808,1.47487499744,0.9375009279999986
1.1827500000000002e-05,23.749996544,0.56949999808,1.47487499744,1.2500008959999995
1.1828000000000001e-05,23.749996544,0.56949999808,1.47487499744,1.2500008959999995
1.18285e-05,23.749996544,0.57574999744,1.473624997568,0.9375009279999986
1.1829000000000001e-05,24.531246592000002,0.57574999744,1.476124997312,1.2500008959999995
1.18295e-05,24.531246592000002,0.57574999744,1.477374997184,0.9375009279999986
1.183e-05,23.749996544,0.56949999808,1.478624997056,1.2500008959999995
1.1830500000000001e-05,23.749996544,0.56949999808,1.477374997184,1.2500008959999995
1.1831e-05,22.968746496,0.56949999808,1.476124997312,0.9375009279999986
1.18315e-05,23.749996544,0.56949999808,1.477374997184,0.9375009279999986
1.1832000000000001e-05,23.749996544,0.57574999744,1.476124997312,0.9375009279999986
1.18325e-05,23.749996544,0.57574999744,1.478624997056,1.2500008959999995
1.1833e-05,22.968746496,0.57574999744,1.476124997312,1.2500008959999995
1.1833500000000001e-05,23.749996544,0.57574999744,1.476124997312,1.2500008959999995
1.1834e-05,24.531246592000002,0.56949999808,1.476124997312,1.2500008959999995
1.18345e-05,23.749996544,0.56949999808,1.477374997184,1.2500008959999995
1.1835000000000001e-05,23.749996544,0.56949999808,1.477374997184,1.5625008640000004
1.18355e-05,23.749996544,0.5632499987199999,1.47487499744,1.5625008640000004
1.1836000000000002e-05,23.749996544,0.56949999808,1.47487499744,1.2500008959999995
1.1836500000000001e-05,22.968746496,0.57574999744,1.477374997184,0.9375009279999986
1.1837e-05,23.749996544,0.5632499987199999,1.477374997184,1.2500008959999995
1.1837500000000001e-05,23.749996544,0.56949999808,1.476124997312,1.2500008959999995
1.1838e-05,23.749996544,0.56949999808,1.476124997312,1.2500008959999995
1.18385e-05,23.749996544,0.56949999808,1.476124997312,1.2500008959999995
1.1839000000000001e-05,23.749996544,0.56949999808,1.473624997568,1.2500008959999995
1.18395e-05,23.749996544,0.57574999744,1.473624997568,1.2500008959999995
1.184e-05,23.749996544,0.57574999744,1.47487499744,1.2500008959999995
1.1840500000000001e-05,23.749996544,0.56949999808,1.477374997184,1.2500008959999995
1.1841e-05,23.749996544,0.56949999808,1.47487499744,1.2500008959999995
1.18415e-05,23.749996544,0.57574999744,1.473624997568,1.2500008959999995
1.1842000000000001e-05,23.749996544,0.57574999744,1.47487499744,1.2500008959999995
1.18425e-05,23.749996544,0.56949999808,1.476124997312,0.9375009279999986
1.1843e-05,23.749996544,0.57574999744,1.476124997312,1.2500008959999995
1.1843500000000001e-05,23.749996544,0.57574999744,1.476124997312,1.2500008959999995
1.1844e-05,23.749996544,0.56949999808,1.47487499744,1.2500008959999995
1.1844500000000002e-05,23.749996544,0.56949999808,1.477374997184,0.9375009279999986
1.1845000000000001e-05,24.531246592000002,0.56949999808,1.478624997056,1.5625008640000004
1.18455e-05,22.968746496,0.57574999744,1.478624997056,1.2500008959999995
1.1846000000000001e-05,23.749996544,0.56949999808,1.476124997312,1.5625008640000004
1.18465e-05,23.749996544,0.56949999808,1.476124997312,1.5625008640000004
1.1847e-05,23.749996544,0.56949999808,1.476124997312,1.2500008959999995
1.1847500000000001e-05,23.749996544,0.5632499987199999,1.473624997568,1.2500008959999995
1.1848e-05,22.968746496,0.5632499987199999,1.472374997696,1.5625008640000004
1.18485e-05,23.749996544,0.5632499987199999,1.47487499744,1.2500008959999995
1.1849000000000001e-05,22.968746496,0.5632499987199999,1.472374997696,1.2500008959999995
1.18495e-05,23.749996544,0.56949999808,1.472374997696,1.5625008640000004
1.185e-05,23.749996544,0.57574999744,1.473624997568,1.2500008959999995
1.1850500000000001e-05,22.187496448000005,0.57574999744,1.47487499744,1.2500008959999995
1.1851e-05,22.968746496,0.57574999744,1.47487499744,1.2500008959999995
1.18515e-05,23.749996544,0.56949999808,1.47487499744,1.2500008959999995
1.1852000000000001e-05,23.749996544,0.56949999808,1.47487499744,1.5625008640000004
1.18525e-05,23.749996544,0.57574999744,1.47487499744,1.5625008640000004
1.1853000000000002e-05,23.749996544,0.56949999808,1.47487499744,1.2500008959999995
1.1853500000000001e-05,24.531246592000002,0.57574999744,1.476124997312,0.9375009279999986
1.1854e-05,23.749996544,0.56949999808,1.47487499744,1.5625008640000004
1.1854500000000001e-05,23.749996544,0.56949999808,1.473624997568,1.5625008640000004
1.1855e-05,23.749996544,0.56949999808,1.471124997824,1.5625008640000004
1.18555e-05,23.749996544,0.56949999808,1.472374997696,1.2500008959999995
1.1856000000000001e-05,22.968746496,0.56949999808,1.472374997696,1.2500008959999995
1.18565e-05,22.968746496,0.56949999808,1.476124997312,1.2500008959999995
1.1857e-05,22.968746496,0.56949999808,1.476124997312,1.2500008959999995
1.1857500000000001e-05,23.749996544,0.56949999808,1.47487499744,1.5625008640000004
1.1858e-05,23.749996544,0.56949999808,1.47487499744,1.5625008640000004
1.18585e-05,23.749996544,0.57574999744,1.47487499744,1.2500008959999995
1.1859000000000001e-05,23.749996544,0.5819999967999999,1.473624997568,1.5625008640000004
1.18595e-05,23.749996544,0.57574999744,1.47487499744,1.5625008640000004
1.186e-05,23.749996544,0.57574999744,1.47487499744,1.5625008640000004
1.1860500000000001e-05,24.531246592000002,0.57574999744,1.47487499744,0.9375009279999986
1.1861e-05,23.749996544,0.57574999744,1.476124997312,1.5625008640000004
1.1861500000000002e-05,22.968746496,0.56949999808,1.47487499744,1.2500008959999995
1.1862000000000001e-05,22.968746496,0.56949999808,1.473624997568,1.5625008640000004
1.18625e-05,23.749996544,0.56949999808,1.47487499744,1.5625008640000004
1.1863000000000001e-05,22.968746496,0.56949999808,1.473624997568,1.5625008640000004
1.1863500000000001e-05,23.749996544,0.57574999744,1.47487499744,1.2500008959999995
1.1864e-05,22.968746496,0.57574999744,1.473624997568,1.2500008959999995
1.1864500000000001e-05,23.749996544,0.56949999808,1.472374997696,1.2500008959999995
1.1865e-05,22.968746496,0.56949999808,1.473624997568,1.2500008959999995
1.18655e-05,23.749996544,0.56949999808,1.473624997568,1.5625008640000004
1.1866000000000001e-05,23.749996544,0.57574999744,1.473624997568,1.5625008640000004
1.18665e-05,23.749996544,0.57574999744,1.47487499744,1.2500008959999995
1.1867e-05,23.749996544,0.5819999967999999,1.477374997184,1.2500008959999995
1.1867500000000001e-05,23.749996544,0.56949999808,1.476124997312,1.2500008959999995
1.1868e-05,23.749996544,0.57574999744,1.47487499744,1.2500008959999995
1.18685e-05,22.968746496,0.57574999744,1.47487499744,0.9375009279999986
1.1869000000000001e-05,23.749996544,0.5819999967999999,1.476124997312,1.5625008640000004
1.18695e-05,23.749996544,0.56949999808,1.47487499744,1.2500008959999995
1.1870000000000002e-05,23.749996544,0.57574999744,1.47487499744,1.5625008640000004
1.1870500000000001e-05,23.749996544,0.56949999808,1.476124997312,1.5625008640000004
1.1871e-05,22.968746496,0.56949999808,1.477374997184,1.5625008640000004
1.1871500000000001e-05,22.968746496,0.57574999744,1.479874996928,1.2500008959999995
1.1872000000000001e-05,23.749996544,0.57574999744,1.477374997184,1.2500008959999995
1.18725e-05,23.749996544,0.56949999808,1.478624997056,1.2500008959999995
1.1873000000000001e-05,22.968746496,0.56949999808,1.477374997184,1.5625008640000004
1.18735e-05,22.968746496,0.56949999808,1.477374997184,1.2500008959999995
1.1874e-05,23.749996544,0.56949999808,1.476124997312,1.2500008959999995
1.1874500000000001e-05,23.749996544,0.56949999808,1.47487499744,0.9375009279999986
1.1875e-05,22.968746496,0.57574999744,1.47487499744,1.5625008640000004
1.18755e-05,22.968746496,0.56949999808,1.476124997312,1.5625008640000004
1.1876000000000001e-05,23.749996544,0.57574999744,1.477374997184,1.2500008959999995
1.18765e-05,22.968746496,0.57574999744,1.477374997184,0.9375009279999986
1.1877e-05,24.531246592000002,0.56949999808,1.476124997312,1.2500008959999995
1.1877500000000001e-05,22.968746496,0.56949999808,1.47487499744,1.2500008959999995
1.1878e-05,22.968746496,0.56949999808,1.476124997312,1.5625008640000004
1.1878500000000002e-05,23.749996544,0.56949999808,1.47487499744,1.5625008640000004
1.1879000000000001e-05,23.749996544,0.56949999808,1.47487499744,1.2500008959999995
1.18795e-05,23.749996544,0.56949999808,1.47487499744,0.9375009279999986
1.1880000000000001e-05,22.968746496,0.56949999808,1.476124997312,1.2500008959999995
1.1880500000000001e-05,23.749996544,0.56949999808,1.479874996928,0.9375009279999986
1.1881e-05,24.531246592000002,0.5632499987199999,1.477374997184,1.2500008959999995
1.1881500000000001e-05,23.749996544,0.56949999808,1.473624997568,1.5625008640000004
1.1882e-05,23.749996544,0.57574999744,1.473624997568,1.2500008959999995
1.18825e-05,23.749996544,0.57574999744,1.476124997312,1.2500008959999995
1.1883000000000001e-05,23.749996544,0.56949999808,1.477374997184,1.5625008640000004
1.18835e-05,23.749996544,0.56949999808,1.476124997312,1.5625008640000004
1.1884e-05,23.749996544,0.56949999808,1.478624997056,1.5625008640000004
1.1884500000000001e-05,23.749996544,0.56949999808,1.478624997056,1.2500008959999995
1.1885e-05,23.749996544,0.56949999808,1.476124997312,1.2500008959999995
1.18855e-05,23.749996544,0.56949999808,1.47487499744,1.2500008959999995
1.1886000000000001e-05,23.749996544,0.56949999808,1.476124997312,1.2500008959999995
1.18865e-05,23.749996544,0.56949999808,1.479874996928,1.5625008640000004
1.1887000000000002e-05,23.749996544,0.56949999808,1.477374997184,1.5625008640000004
1.1887500000000001e-05,23.749996544,0.57574999744,1.477374997184,1.2500008959999995
1.1888e-05,23.749996544,0.57574999744,1.477374997184,1.2500008959999995
1.1888500000000001e-05,23.749996544,0.5632499987199999,1.479874996928,1.2500008959999995
1.1889000000000001e-05,23.749996544,0.5632499987199999,1.477374997184,1.5625008640000004
1.18895e-05,23.749996544,0.56949999808,1.476124997312,1.2500008959999995
1.1890000000000001e-05,23.749996544,0.56949999808,1.476124997312,1.5625008640000004
1.18905e-05,23.749996544,0.56949999808,1.478624997056,1.2500008959999995
1.1891e-05,22.968746496,0.56949999808,1.477374997184,1.5625008640000004
1.1891500000000001e-05,22.968746496,0.56949999808,1.47487499744,1.5625008640000004
1.1892e-05,23.749996544,0.56949999808,1.47487499744,1.5625008640000004
1.18925e-05,23.749996544,0.56949999808,1.47487499744,0.9375009279999986
1.1893000000000001e-05,23.749996544,0.56949999808,1.47487499744,1.2500008959999995
1.18935e-05,22.968746496,0.57574999744,1.476124997312,1.2500008959999995
1.1894e-05,23.749996544,0.56949999808,1.476124997312,1.5625008640000004
1.1894500000000001e-05,23.749996544,0.57574999744,1.476124997312,1.2500008959999995
1.1895e-05,23.749996544,0.56949999808,1.47487499744,1.5625008640000004
1.1895500000000002e-05,23.749996544,0.56949999808,1.47487499744,1.2500008959999995
1.1896000000000001e-05,23.749996544,0.57574999744,1.47487499744,1.2500008959999995
1.18965e-05,23.749996544,0.56949999808,1.476124997312,1.2500008959999995
1.1897000000000001e-05,22.968746496,0.57574999744,1.47487499744,1.5625008640000004
1.1897500000000001e-05,23.749996544,0.57574999744,1.473624997568,1.2500008959999995
1.1898e-05,23.749996544,0.56949999808,1.473624997568,1.5625008640000004
1.1898500000000001e-05,23.749996544,0.56949999808,1.473624997568,1.5625008640000004
1.1899e-05,23.749996544,0.56949999808,1.47487499744,1.2500008959999995
1.18995e-05,23.749996544,0.5632499987199999,1.47487499744,1.2500008959999995
1.1900000000000001e-05,23.749996544,0.56949999808,1.473624997568,1.2500008959999995
1.19005e-05,22.968746496,0.57574999744,1.47487499744,0.9375009279999986
1.1901e-05,23.749996544,0.56949999808,1.47487499744,1.5625008640000004
1.1901500000000001e-05,24.531246592000002,0.56949999808,1.472374997696,1.2500008959999995
1.1902e-05,23.749996544,0.5632499987199999,1.472374997696,1.5625008640000004
1.19025e-05,23.749996544,0.56949999808,1.471124997824,1.5625008640000004
1.1903000000000001e-05,22.968746496,0.56949999808,1.472374997696,1.5625008640000004
1.19035e-05,22.968746496,0.56949999808,1.47487499744,0.9375009279999986
1.1904000000000002e-05,23.749996544,0.56949999808,1.47487499744,1.2500008959999995
1.1904500000000001e-05,23.749996544,0.56949999808,1.47487499744,0.9375009279999986
1.1905e-05,22.968746496,0.5632499987199999,1.473624997568,1.2500008959999995
1.1905500000000001e-05,23.749996544,0.56949999808,1.473624997568,1.5625008640000004
1.1906000000000001e-05,23.749996544,0.56949999808,1.473624997568,1.5625008640000004
1.19065e-05,22.968746496,0.56949999808,1.47487499744,1.2500008959999995
1.1907000000000001e-05,22.968746496,0.56949999808,1.477374997184,1.2500008959999995
1.19075e-05,22.968746496,0.5632499987199999,1.47487499744,1.2500008959999995
1.1908e-05,23.749996544,0.57574999744,1.473624997568,1.2500008959999995
1.1908500000000001e-05,23.749996544,0.57574999744,1.476124997312,1.2500008959999995
1.1909e-05,24.531246592000002,0.56949999808,1.47487499744,1.2500008959999995
1.19095e-05,23.749996544,0.56949999808,1.473624997568,1.2500008959999995
1.1910000000000001e-05,23.749996544,0.56949999808,1.473624997568,1.5625008640000004
1.19105e-05,23.749996544,0.56949999808,1.47487499744,1.5625008640000004
1.1911e-05,23.749996544,0.57574999744,1.473624997568,1.2500008959999995
1.1911500000000001e-05,22.968746496,0.56949999808,1.47487499744,1.2500008959999995
1.1912e-05,23.749996544,0.57574999744,1.472374997696,1.5625008640000004
1.1912500000000002e-05,23.749996544,0.5632499987199999,1.476124997312,1.2500008959999995
1.1913000000000001e-05,23.749996544,0.56949999808,1.477374997184,1.5625008640000004
1.19135e-05,23.749996544,0.5819999967999999,1.476124997312,1.2500008959999995
1.1914000000000001e-05,23.749996544,0.56949999808,1.476124997312,1.2500008959999995
1.1914500000000001e-05,22.968746496,0.57574999744,1.47487499744,1.2500008959999995
1.1915e-05,22.968746496,0.5819999967999999,1.476124997312,1.2500008959999995
1.1915500000000001e-05,22.968746496,0.56949999808,1.476124997312,1.5625008640000004
1.1916e-05,22.968746496,0.56949999808,1.476124997312,1.2500008959999995
1.19165e-05,22.968746496,0.56949999808,1.476124997312,1.5625008640000004
1.1917000000000001e-05,22.968746496,0.57574999744,1.47487499744,1.2500008959999995
1.19175e-05,22.968746496,0.57574999744,1.473624997568,1.2500008959999995
1.1918e-05,23.749996544,0.56949999808,1.473624997568,1.5625008640000004
1.1918500000000001e-05,23.749996544,0.57574999744,1.47487499744,1.5625008640000004
1.1919e-05,23.749996544,0.56949999808,1.472374997696,1.2500008959999995
1.19195e-05,23.749996544,0.56949999808,1.473624997568,1.2500008959999995
1.1920000000000001e-05,23.749996544,0.57574999744,1.473624997568,1.2500008959999995
1.19205e-05,23.749996544,0.56949999808,1.473624997568,1.2500008959999995
1.1921000000000002e-05,23.749996544,0.57574999744,1.472374997696,1.5625008640000004
1.1921500000000001e-05,22.968746496,0.56949999808,1.473624997568,1.5625008640000004
1.1922e-05,23.749996544,0.56949999808,1.472374997696,1.5625008640000004
1.1922500000000001e-05,23.749996544,0.56949999808,1.473624997568,1.2500008959999995
1.1923000000000001e-05,23.749996544,0.56949999808,1.472374997696,1.2500008959999995
1.19235e-05,23.749996544,0.56949999808,1.472374997696,1.5625008640000004
1.1924000000000001e-05,22.968746496,0.56949999808,1.473624997568,1.5625008640000004
1.19245e-05,23.749996544,0.57574999744,1.473624997568,1.5625008640000004
1.1925e-05,24.531246592000002,0.57574999744,1.476124997312,1.5625008640000004
1.1925500000000001e-05,22.968746496,0.57574999744,1.47487499744,1.2500008959999995
1.1926e-05,23.749996544,0.56949999808,1.47487499744,1.5625008640000004
1.19265e-05,23.749996544,0.5632499987199999,1.47487499744,1.5625008640000004
1.1927000000000001e-05,23.749996544,0.5632499987199999,1.476124997312,1.5625008640000004
1.19275e-05,22.968746496,0.56949999808,1.476124997312,1.2500008959999995
1.1928e-05,22.968746496,0.56949999808,1.473624997568,1.5625008640000004
1.1928500000000001e-05,23.749996544,0.56949999808,1.477374997184,1.2500008959999995
1.1929e-05,23.749996544,0.57574999744,1.47487499744,1.5625008640000004
1.1929500000000002e-05,23.749996544,0.56949999808,1.473624997568,1.5625008640000004
1.1930000000000001e-05,23.749996544,0.56949999808,1.476124997312,1.5625008640000004
1.19305e-05,23.749996544,0.57574999744,1.477374997184,1.2500008959999995
1.1931000000000001e-05,23.749996544,0.57574999744,1.47487499744,1.2500008959999995
1.1931500000000001e-05,23.749996544,0.56949999808,1.47487499744,1.5625008640000004
1.1932e-05,23.749996544,0.56949999808,1.47487499744,1.5625008640000004
1.1932500000000001e-05,23.749996544,0.57574999744,1.478624997056,1.2500008959999995
1.1933e-05,24.531246592000002,0.57574999744,1.476124997312,1.5625008640000004
1.19335e-05,23.749996544,0.56949999808,1.47487499744,1.2500008959999995
1.1934000000000001e-05,23.749996544,0.56949999808,1.473624997568,1.5625008640000004
1.19345e-05,23.749996544,0.56949999808,1.477374997184,1.2500008959999995
1.1935e-05,23.749996544,0.56949999808,1.473624997568,1.2500008959999995
1.1935500000000001e-05,23.749996544,0.5632499987199999,1.472374997696,1.2500008959999995
1.1936e-05,22.968746496,0.57574999744,1.472374997696,1.2500008959999995
1.19365e-05,23.749996544,0.56949999808,1.47487499744,1.2500008959999995
1.1937000000000001e-05,22.968746496,0.5632499987199999,1.47487499744,1.5625008640000004
1.19375e-05,23.749996544,0.56949999808,1.473624997568,1.2500008959999995
1.1938000000000002e-05,23.749996544,0.57574999744,1.473624997568,1.2500008959999995
1.1938500000000001e-05,22.968746496,0.57574999744,1.47487499744,1.5625008640000004
1.1939e-05,23.749996544,0.56949999808,1.477374997184,1.5625008640000004
1.1939500000000001e-05,22.968746496,0.56949999808,1.47487499744,1.8750008319999996
1.1940000000000001e-05,23.749996544,0.5632499987199999,1.473624997568,1.5625008640000004
1.19405e-05,23.749996544,0.57574999744,1.473624997568,1.5625008640000004
1.1941000000000001e-05,23.749996544,0.57574999744,1.47487499744,1.8750008319999996
1.19415e-05,23.749996544,0.57574999744,1.473624997568,1.8750008319999996
1.1942e-05,23.749996544,0.56949999808,1.472374997696,1.5625008640000004
1.1942500000000001e-05,23.749996544,0.56949999808,1.473624997568,1.5625008640000004
1.1943e-05,23.749996544,0.5632499987199999,1.473624997568,1.5625008640000004
1.19435e-05,22.968746496,0.57574999744,1.473624997568,0.9375009279999986
1.1944000000000001e-05,23.749996544,0.57574999744,1.473624997568,1.5625008640000004
1.19445e-05,23.749996544,0.56949999808,1.473624997568,1.2500008959999995
1.1945e-05,22.968746496,0.56949999808,1.473624997568,1.5625008640000004
1.1945500000000001e-05,23.749996544,0.57574999744,1.477374997184,1.5625008640000004
1.1946e-05,24.531246592000002,0.57574999744,1.477374997184,1.5625008640000004
1.1946500000000002e-05,22.968746496,0.56949999808,1.47487499744,1.2500008959999995
1.1947000000000001e-05,22.968746496,0.5632499987199999,1.47487499744,1.5625008640000004
1.19475e-05,23.749996544,0.5632499987199999,1.47487499744,1.5625008640000004
1.1948000000000001e-05,23.749996544,0.56949999808,1.47487499744,1.5625008640000004
1.1948500000000001e-05,23.749996544,0.56949999808,1.477374997184,1.5625008640000004
1.1949e-05,23.749996544,0.57574999744,1.47487499744,1.8750008319999996
1.1949500000000001e-05,23.749996544,0.57574999744,1.472374997696,1.5625008640000004
1.195e-05,24.531246592000002,0.56949999808,1.473624997568,1.5625008640000004
1.19505e-05,23.749996544,0.5632499987199999,1.47487499744,1.8750008319999996
1.1951000000000001e-05,22.968746496,0.56949999808,1.47487499744,1.5625008640000004
1.19515e-05,23.749996544,0.56949999808,1.473624997568,1.2500008959999995
1.1952e-05,23.749996544,0.57574999744,1.473624997568,1.5625008640000004
1.1952500000000001e-05,23.749996544,0.56949999808,1.476124997312,1.2500008959999995
1.1953e-05,22.968746496,0.56949999808,1.472374997696,1.5625008640000004
1.19535e-05,22.968746496,0.5632499987199999,1.473624997568,1.5625008640000004
1.1954000000000001e-05,23.749996544,0.5632499987199999,1.472374997696,1.8750008319999996
1.19545e-05,23.749996544,0.57574999744,1.473624997568,1.2500008959999995
1.1955000000000002e-05,23.749996544,0.56949999808,1.473624997568,1.5625008640000004
1.1955500000000001e-05,23.749996544,0.5632499987199999,1.47487499744,1.5625008640000004
1.1956e-05,23.749996544,0.56949999808,1.473624997568,1.5625008640000004
1.1956500000000001e-05,23.749996544,0.57574999744,1.473624997568,1.5625008640000004
1.1957000000000001e-05,23.749996544,0.56949999808,1.473624997568,1.5625008640000004
1.19575e-05,23.749996544,0.56949999808,1.47487499744,1.2500008959999995
1.1958000000000001e-05,22.968746496,0.56949999808,1.473624997568,1.5625008640000004
1.19585e-05,22.968746496,0.56949999808,1.471124997824,1.5625008640000004
1.1959e-05,22.968746496,0.56949999808,1.471124997824,1.5625008640000004
1.1959500000000001e-05,23.749996544,0.56949999808,1.473624997568,1.2500008959999995
1.196e-05,23.749996544,0.56949999808,1.473624997568,1.5625008640000004
1.19605e-05,23.749996544,0.5632499987199999,1.476124997312,1.2500008959999995
1.1961000000000001e-05,23.749996544,0.56949999808,1.477374997184,1.5625008640000004
1.19615e-05,22.968746496,0.56949999808,1.47487499744,1.5625008640000004
1.1962e-05,23.749996544,0.56949999808,1.476124997312,1.5625008640000004
1.1962500000000001e-05,23.749996544,0.56949999808,1.477374997184,1.5625008640000004
1.1963e-05,23.749996544,0.56949999808,1.479874996928,1.8750008319999996
1.1963500000000002e-05,23.749996544,0.5632499987199999,1.478624997056,1.8750008319999996
1.1964000000000001e-05,23.749996544,0.56949999808,1.477374997184,1.8750008319999996
1.19645e-05,23.749996544,0.57574999744,1.4811249968,1.5625008640000004
1.1965000000000001e-05,23.749996544,0.56949999808,1.478624997056,1.5625008640000004
1.1965500000000001e-05,23.749996544,0.57574999744,1.47487499744,1.2500008959999995
1.1966e-05,23.749996544,0.5632499987199999,1.476124997312,1.5625008640000004
1.1966500000000001e-05,23.749996544,0.5632499987199999,1.476124997312,1.5625008640000004
1.1967e-05,22.968746496,0.57574999744,1.473624997568,1.5625008640000004
1.19675e-05,23.749996544,0.56949999808,1.476124997312,1.5625008640000004
1.1968000000000001e-05,22.968746496,0.56949999808,1.477374997184,1.5625008640000004
1.19685e-05,23.749996544,0.56949999808,1.477374997184,1.2500008959999995
1.1969e-05,22.968746496,0.56949999808,1.476124997312,1.2500008959999995
1.1969500000000001e-05,22.968746496,0.57574999744,1.476124997312,1.5625008640000004
1.197e-05,23.749996544,0.57574999744,1.476124997312,1.5625008640000004
1.19705e-05,23.749996544,0.56949999808,1.476124997312,1.2500008959999995
1.1971000000000001e-05,23.749996544,0.5819999967999999,1.476124997312,1.5625008640000004
1.19715e-05,23.749996544,0.56949999808,1.476124997312,1.5625008640000004
1.1972000000000002e-05,23.749996544,0.56949999808,1.473624997568,1.5625008640000004
1.1972500000000001e-05,22.968746496,0.56949999808,1.473624997568,1.5625008640000004
1.1973e-05,23.749996544,0.57574999744,1.472374997696,1.8750008319999996
1.1973500000000001e-05,23.749996544,0.57574999744,1.472374997696,1.5625008640000004
1.1974000000000001e-05,23.749996544,0.56949999808,1.473624997568,1.5625008640000004
1.19745e-05,23.749996544,0.56949999808,1.47487499744,1.5625008640000004
1.1975000000000001e-05,22.968746496,0.56949999808,1.47487499744,1.5625008640000004
1.19755e-05,22.968746496,0.57574999744,1.47487499744,1.2500008959999995
1.1976e-05,23.749996544,0.57574999744,1.476124997312,1.2500008959999995
1.1976500000000001e-05,24.531246592000002,0.56949999808,1.477374997184,1.2500008959999995
1.1977e-05,23.749996544,0.56949999808,1.47487499744,1.5625008640000004
1.19775e-05,23.749996544,0.57574999744,1.472374997696,1.2500008959999995
1.1978000000000001e-05,23.749996544,0.56949999808,1.471124997824,1.5625008640000004
1.19785e-05,23.749996544,0.57574999744,1.47487499744,1.2500008959999995
1.1979e-05,23.749996544,0.57574999744,1.476124997312,1.5625008640000004
1.1979500000000001e-05,23.749996544,0.57574999744,1.47487499744,1.5625008640000004
1.198e-05,23.749996544,0.57574999744,1.476124997312,1.5625008640000004
1.1980500000000002e-05,22.968746496,0.57574999744,1.477374997184,1.5625008640000004
1.1981000000000001e-05,23.749996544,0.5632499987199999,1.476124997312,1.5625008640000004
1.19815e-05,23.749996544,0.56949999808,1.473624997568,1.2500008959999995
1.1982000000000001e-05,23.749996544,0.56949999808,1.473624997568,1.2500008959999995
1.1982500000000001e-05,22.968746496,0.5632499987199999,1.476124997312,1.5625008640000004
1.1983e-05,23.749996544,0.56949999808,1.476124997312,1.5625008640000004
1.1983500000000001e-05,22.968746496,0.57574999744,1.476124997312,1.2500008959999995
1.1984e-05,23.749996544,0.57574999744,1.473624997568,1.5625008640000004
1.19845e-05,23.749996544,0.56949999808,1.473624997568,1.2500008959999995
1.1985000000000001e-05,22.968746496,0.57574999744,1.47487499744,1.5625008640000004
1.19855e-05,23.749996544,0.57574999744,1.476124997312,1.8750008319999996
1.1986e-05,23.749996544,0.57574999744,1.476124997312,1.5625008640000004
1.1986500000000001e-05,22.968746496,0.5632499987199999,1.477374997184,1.2500008959999995
1.1987e-05,23.749996544,0.56949999808,1.478624997056,1.5625008640000004
1.19875e-05,22.968746496,0.5632499987199999,1.476124997312,1.5625008640000004
1.1988000000000001e-05,23.749996544,0.56949999808,1.473624997568,1.5625008640000004
1.19885e-05,23.749996544,0.56949999808,1.476124997312,1.5625008640000004
1.1989e-05,24.531246592000002,0.56949999808,1.478624997056,1.5625008640000004
1.1989500000000001e-05,23.749996544,0.57574999744,1.477374997184,1.2500008959999995
1.199e-05,23.749996544,0.56949999808,1.477374997184,1.5625008640000004
1.1990500000000001e-05,23.749996544,0.56949999808,1.479874996928,1.5625008640000004
1.1991000000000001e-05,22.968746496,0.56949999808,1.476124997312,1.5625008640000004
1.19915e-05,23.749996544,0.56949999808,1.476124997312,1.2500008959999995
1.1992000000000001e-05,22.968746496,0.56949999808,1.476124997312,1.5625008640000004
1.19925e-05,23.749996544,0.56949999808,1.477374997184,1.2500008959999995
1.1993e-05,22.968746496,0.56949999808,1.47487499744,1.5625008640000004
1.1993500000000001e-05,22.968746496,0.56949999808,1.473624997568,1.5625008640000004
1.1994e-05,23.749996544,0.56949999808,1.472374997696,1.5625008640000004
1.19945e-05,22.968746496,0.56949999808,1.472374997696,1.5625008640000004
1.1995000000000001e-05,23.749996544,0.56949999808,1.476124997312,1.5625008640000004
1.19955e-05,22.968746496,0.5632499987199999,1.47487499744,1.5625008640000004
1.1996e-05,22.968746496,0.56949999808,1.471124997824,1.5625008640000004
1.1996500000000001e-05,22.968746496,0.57574999744,1.473624997568,1.5625008640000004
1.1997e-05,23.749996544,0.57574999744,1.47487499744,1.5625008640000004
1.19975e-05,24.531246592000002,0.56949999808,1.476124997312,1.5625008640000004
1.1998000000000001e-05,23.749996544,0.56949999808,1.476124997312,1.5625008640000004
1.19985e-05,23.749996544,0.56949999808,1.47487499744,1.8750008319999996
1.1999000000000001e-05,22.968746496,0.56949999808,1.47487499744,1.5625008640000004
1.1999500000000001e-05,22.968746496,0.56949999808,1.47487499744,1.2500008959999995
1.2e-05,23.749996544,0.57574999744,1.47487499744,1.2500008959999995
1.2000500000000001e-05,23.749996544,0.56949999808,1.47487499744,1.2500008959999995
1.2001e-05,22.968746496,0.57574999744,1.473624997568,1.5625008640000004
1.20015e-05,23.749996544,0.56949999808,1.476124997312,1.5625008640000004
1.2002000000000001e-05,23.749996544,0.56949999808,1.47487499744,1.5625008640000004
1.20025e-05,22.968746496,0.57574999744,1.473624997568,1.2500008959999995
1.2003e-05,24.531246592000002,0.56949999808,1.472374997696,1.5625008640000004
1.2003500000000001e-05,24.531246592000002,0.5632499987199999,1.473624997568,1.8750008319999996
1.2004e-05,23.749996544,0.56949999808,1.473624997568,1.8750008319999996
1.20045e-05,23.749996544,0.56949999808,1.477374997184,1.5625008640000004
1.2005000000000001e-05,24.531246592000002,0.56949999808,1.477374997184,1.5625008640000004
1.20055e-05,22.968746496,0.57574999744,1.473624997568,1.5625008640000004
1.2006e-05,23.749996544,0.56949999808,1.472374997696,1.5625008640000004
1.2006500000000001e-05,23.749996544,0.56949999808,1.476124997312,1.5625008640000004
1.2007e-05,22.968746496,0.56949999808,1.476124997312,1.5625008640000004
1.2007500000000002e-05,23.749996544,0.56949999808,1.477374997184,1.2500008959999995
1.2008000000000001e-05,23.749996544,0.56949999808,1.47487499744,1.5625008640000004
1.20085e-05,23.749996544,0.56949999808,1.478624997056,1.5625008640000004
1.2009000000000001e-05,22.968746496,0.5632499987199999,1.476124997312,1.5625008640000004
1.20095e-05,23.749996544,0.56949999808,1.476124997312,1.5625008640000004
1.201e-05,23.749996544,0.56949999808,1.476124997312,1.5625008640000004
1.2010500000000001e-05,23.749996544,0.56949999808,1.477374997184,1.2500008959999995
1.2011e-05,23.749996544,0.56949999808,1.477374997184,1.8750008319999996
1.20115e-05,23.749996544,0.56949999808,1.476124997312,1.8750008319999996
1.2012000000000001e-05,23.749996544,0.56949999808,1.477374997184,1.5625008640000004
1.20125e-05,23.749996544,0.57574999744,1.478624997056,1.5625008640000004
1.2013e-05,24.531246592000002,0.57574999744,1.477374997184,1.8750008319999996
1.2013500000000001e-05,23.749996544,0.57574999744,1.476124997312,1.5625008640000004
1.2014e-05,24.531246592000002,0.56949999808,1.47487499744,1.5625008640000004
1.20145e-05,23.749996544,0.57574999744,1.476124997312,1.5625008640000004
1.2015000000000001e-05,23.749996544,0.56949999808,1.47487499744,1.8750008319999996
1.20155e-05,23.749996544,0.56949999808,1.47487499744,1.2500008959999995
1.2016000000000002e-05,23.749996544,0.57574999744,1.472374997696,1.8750008319999996
1.2016500000000001e-05,23.749996544,0.56949999808,1.47487499744,1.2500008959999995
1.2017e-05,22.968746496,0.56949999808,1.473624997568,1.5625008640000004
1.2017500000000001e-05,22.968746496,0.56949999808,1.476124997312,1.8750008319999996
1.2018e-05,23.749996544,0.56949999808,1.476124997312,1.8750008319999996
1.20185e-05,23.749996544,0.56949999808,1.473624997568,1.5625008640000004
1.2019000000000001e-05,23.749996544,0.56949999808,1.473624997568,1.5625008640000004
1.20195e-05,23.749996544,0.56949999808,1.473624997568,1.8750008319999996
1.202e-05,23.749996544,0.56949999808,1.473624997568,1.8750008319999996
1.2020500000000001e-05,22.968746496,0.56949999808,1.47487499744,1.5625008640000004
1.2021e-05,23.749996544,0.56949999808,1.47487499744,1.8750008319999996
1.20215e-05,23.749996544,0.56949999808,1.473624997568,1.5625008640000004
1.2022000000000001e-05,23.749996544,0.5632499987199999,1.473624997568,1.8750008319999996
1.20225e-05,23.749996544,0.56949999808,1.47487499744,1.8750008319999996
1.2023e-05,24.531246592000002,0.56949999808,1.472374997696,1.8750008319999996
1.2023500000000001e-05,23.749996544,0.56949999808,1.472374997696,1.5625008640000004
1.2024e-05,23.749996544,0.56949999808,1.472374997696,1.8750008319999996
1.2024500000000002e-05,23.749996544,0.56949999808,1.476124997312,1.2500008959999995
1.2025000000000001e-05,22.968746496,0.56949999808,1.47487499744,1.5625008640000004
1.20255e-05,22.968746496,0.56949999808,1.47487499744,1.8750008319999996
1.2026000000000001e-05,23.749996544,0.57574999744,1.477374997184,1.8750008319999996
1.20265e-05,23.749996544,0.57574999744,1.477374997184,1.5625008640000004
1.2027e-05,23.749996544,0.56949999808,1.477374997184,1.8750008319999996
1.2027500000000001e-05,22.968746496,0.56949999808,1.477374997184,2.1875007999999996
1.2028e-05,23.749996544,0.56949999808,1.476124997312,1.5625008640000004
1.20285e-05,23.749996544,0.56949999808,1.478624997056,1.5625008640000004
1.2029000000000001e-05,23.749996544,0.57574999744,1.476124997312,1.8750008319999996
1.20295e-05,23.749996544,0.57574999744,1.47487499744,1.5625008640000004
1.203e-05,23.749996544,0.56949999808,1.473624997568,1.8750008319999996
1.2030500000000001e-05,23.749996544,0.56949999808,1.47487499744,1.8750008319999996
1.2031e-05,22.968746496,0.56949999808,1.473624997568,1.5625008640000004
1.20315e-05,22.968746496,0.56949999808,1.473624997568,1.2500008959999995
1.2032000000000001e-05,23.749996544,0.56949999808,1.47487499744,1.5625008640000004
1.20325e-05,24.531246592000002,0.56949999808,1.476124997312,1.5625008640000004
1.2033000000000002e-05,23.749996544,0.57574999744,1.47487499744,1.5625008640000004
1.2033500000000001e-05,23.749996544,0.57574999744,1.473624997568,1.8750008319999996
1.2034e-05,23.749996544,0.56949999808,1.472374997696,1.8750008319999996
1.2034500000000001e-05,23.749996544,0.56949999808,1.47487499744,1.5625008640000004
1.2035e-05,22.968746496,0.56949999808,1.47487499744,1.5625008640000004
1.20355e-05,23.749996544,0.56949999808,1.472374997696,1.8750008319999996
1.2036000000000001e-05,23.749996544,0.57574999744,1.471124997824,1.5625008640000004
1.20365e-05,22.968746496,0.57574999744,1.472374997696,1.5625008640000004
1.2037e-05,23.749996544,0.57574999744,1.473624997568,1.8750008319999996
1.2037500000000001e-05,23.749996544,0.56949999808,1.472374997696,1.8750008319999996
1.2038e-05,23.749996544,0.56949999808,1.473624997568,1.8750008319999996
1.20385e-05,23.749996544,0.56949999808,1.47487499744,1.8750008319999996
1.2039000000000001e-05,23.749996544,0.56949999808,1.47487499744,1.5625008640000004
1.20395e-05,23.749996544,0.5632499987199999,1.47487499744,1.2500008959999995
1.204e-05,23.749996544,0.56949999808,1.47487499744,1.2500008959999995
1.2040500000000001e-05,23.749996544,0.56949999808,1.478624997056,1.5625008640000004
1.2041e-05,22.968746496,0.56949999808,1.477374997184,1.5625008640000004
1.2041500000000002e-05,22.968746496,0.56949999808,1.476124997312,1.8750008319999996
1.2042000000000001e-05,24.531246592000002,0.57574999744,1.477374997184,1.5625008640000004
1.20425e-05,22.968746496,0.57574999744,1.478624997056,1.5625008640000004
1.2043000000000001e-05,22.968746496,0.57574999744,1.477374997184,1.8750008319999996
1.20435e-05,22.968746496,0.56949999808,1.47487499744,1.5625008640000004
1.2044e-05,23.749996544,0.56949999808,1.47487499744,1.5625008640000004
1.2044500000000001e-05,22.968746496,0.56949999808,1.477374997184,1.5625008640000004
1.2045e-05,23.749996544,0.57574999744,1.477374997184,1.8750008319999996
1.20455e-05,23.749996544,0.57574999744,1.47487499744,1.5625008640000004
1.2046000000000001e-05,22.968746496,0.56949999808,1.472374997696,1.8750008319999996
1.20465e-05,23.749996544,0.56949999808,1.47487499744,1.8750008319999996
1.2047e-05,22.968746496,0.57574999744,1.476124997312,1.8750008319999996
1.2047500000000001e-05,22.968746496,0.57574999744,1.477374997184,1.2500008959999995
1.2048e-05,23.749996544,0.57574999744,1.47487499744,1.5625008640000004
1.20485e-05,22.968746496,0.56949999808,1.476124997312,1.2500008959999995
1.2049000000000001e-05,22.968746496,0.56949999808,1.476124997312,1.5625008640000004
1.20495e-05,22.968746496,0.56949999808,1.477374997184,1.5625008640000004
1.2050000000000002e-05,24.531246592000002,0.56949999808,1.476124997312,1.5625008640000004
1.2050500000000001e-05,22.968746496,0.5632499987199999,1.476124997312,1.5625008640000004
1.2051e-05,22.968746496,0.56949999808,1.476124997312,1.5625008640000004
1.2051500000000001e-05,22.968746496,0.5632499987199999,1.478624997056,1.8750008319999996
1.2052e-05,22.968746496,0.56949999808,1.478624997056,1.5625008640000004
1.20525e-05,22.968746496,0.56949999808,1.477374997184,1.5625008640000004
1.2053000000000001e-05,23.749996544,0.57574999744,1.473624997568,1.5625008640000004
1.20535e-05,23.749996544,0.57574999744,1.473624997568,1.5625008640000004
1.2054e-05,23.749996544,0.56949999808,1.478624997056,1.5625008640000004
1.2054500000000001e-05,22.968746496,0.56949999808,1.477374997184,1.8750008319999996
1.2055e-05,23.749996544,0.56949999808,1.47487499744,1.5625008640000004
1.20555e-05,23.749996544,0.57574999744,1.473624997568,1.2500008959999995
1.2056000000000001e-05,23.749996544,0.57574999744,1.473624997568,1.5625008640000004
1.20565e-05,23.749996544,0.5632499987199999,1.477374997184,1.5625008640000004
1.2057e-05,22.968746496,0.56949999808,1.477374997184,1.5625008640000004
1.2057500000000001e-05,22.968746496,0.56949999808,1.477374997184,1.5625008640000004
1.2058e-05,23.749996544,0.56949999808,1.476124997312,1.8750008319999996
1.2058500000000002e-05,23.749996544,0.5632499987199999,1.476124997312,1.5625008640000004
1.2059000000000001e-05,23.749996544,0.57574999744,1.476124997312,1.8750008319999996
1.20595e-05,22.968746496,0.56949999808,1.476124997312,1.8750008319999996
1.2060000000000001e-05,23.749996544,0.57574999744,1.473624997568,1.8750008319999996
1.20605e-05,22.968746496,0.56949999808,1.47487499744,1.5625008640000004
1.2061e-05,23.749996544,0.56949999808,1.47487499744,1.5625008640000004
1.2061500000000001e-05,23.749996544,0.56949999808,1.47487499744,1.5625008640000004
1.2062e-05,23.749996544,0.57574999744,1.473624997568,1.8750008319999996
1.20625e-05,22.968746496,0.57574999744,1.473624997568,1.8750008319999996
1.2063000000000001e-05,22.187496448000005,0.57574999744,1.472374997696,1.5625008640000004
1.20635e-05,22.968746496,0.56949999808,1.472374997696,1.2500008959999995
1.2064e-05,23.749996544,0.57574999744,1.471124997824,1.5625008640000004
1.2064500000000001e-05,23.749996544,0.56949999808,1.472374997696,1.5625008640000004
1.2065e-05,23.749996544,0.56949999808,1.472374997696,1.5625008640000004
1.20655e-05,22.968746496,0.56949999808,1.471124997824,1.8750008319999996
1.2066000000000001e-05,23.749996544,0.56949999808,1.473624997568,1.5625008640000004
1.20665e-05,22.968746496,0.56949999808,1.47487499744,1.5625008640000004
1.2067000000000002e-05,23.749996544,0.56949999808,1.47487499744,1.8750008319999996
1.2067500000000001e-05,22.968746496,0.5632499987199999,1.47487499744,1.8750008319999996
1.2068e-05,22.187496448000005,0.56949999808,1.476124997312,1.5625008640000004
1.2068500000000001e-05,22.968746496,0.57574999744,1.478624997056,1.5625008640000004
1.2069e-05,23.749996544,0.56949999808,1.476124997312,1.8750008319999996
1.20695e-05,22.968746496,0.56949999808,1.47487499744,1.5625008640000004
1.2070000000000001e-05,23.749996544,0.56949999808,1.473624997568,1.5625008640000004
1.20705e-05,22.968746496,0.56949999808,1.47487499744,1.5625008640000004
1.2071e-05,22.968746496,0.56949999808,1.47487499744,1.5625008640000004
1.2071500000000001e-05,23.749996544,0.56949999808,1.47487499744,1.2500008959999995
1.2072e-05,23.749996544,0.56949999808,1.472374997696,1.5625008640000004
1.20725e-05,23.749996544,0.56949999808,1.476124997312,1.2500008959999995
1.2073000000000001e-05,22.968746496,0.56949999808,1.47487499744,1.5625008640000004
1.20735e-05,22.187496448000005,0.57574999744,1.473624997568,1.8750008319999996
1.2074e-05,23.749996544,0.57574999744,1.472374997696,1.8750008319999996
1.2074500000000001e-05,23.749996544,0.57574999744,1.47487499744,1.5625008640000004
1.2075e-05,23.749996544,0.57574999744,1.478624997056,1.2500008959999995
1.2075500000000002e-05,22.968746496,0.56949999808,1.477374997184,1.8750008319999996
1.2076000000000001e-05,22.968746496,0.56949999808,1.47487499744,1.5625008640000004
1.20765e-05,22.968746496,0.56949999808,1.477374997184,1.5625008640000004
1.2077000000000001e-05,23.749996544,0.56949999808,1.477374997184,1.8750008319999996
1.20775e-05,23.749996544,0.56949999808,1.47487499744,1.5625008640000004
1.2078e-05,22.968746496,0.56949999808,1.473624997568,1.8750008319999996
1.2078500000000001e-05,22.968746496,0.56949999808,1.47487499744,1.5625008640000004
1.2079e-05,22.968746496,0.56949999808,1.472374997696,1.5625008640000004
1.20795e-05,23.749996544,0.56949999808,1.473624997568,1.5625008640000004
1.2080000000000001e-05,22.968746496,0.5632499987199999,1.473624997568,1.8750008319999996
1.20805e-05,23.749996544,0.5632499987199999,1.476124997312,1.5625008640000004
1.2081e-05,22.968746496,0.5632499987199999,1.47487499744,1.5625008640000004
1.2081500000000001e-05,22.968746496,0.56949999808,1.47487499744,1.5625008640000004
1.2082e-05,23.749996544,0.56949999808,1.476124997312,1.5625008640000004
1.20825e-05,22.187496448000005,0.57574999744,1.47487499744,1.2500008959999995
1.2083000000000001e-05,22.187496448000005,0.56949999808,1.473624997568,1.8750008319999996
1.20835e-05,22.968746496,0.57574999744,1.47487499744,1.5625008640000004
1.2084000000000002e-05,22.968746496,0.56949999808,1.476124997312,1.5625008640000004
1.2084500000000001e-05,23.749996544,0.57574999744,1.478624997056,1.5625008640000004
1.2085e-05,23.749996544,0.56949999808,1.476124997312,1.5625008640000004
1.2085500000000001e-05,23.749996544,0.5632499987199999,1.473624997568,1.2500008959999995
1.2086e-05,23.749996544,0.5632499987199999,1.473624997568,1.8750008319999996
1.20865e-05,22.968746496,0.56949999808,1.473624997568,1.5625008640000004
1.2087000000000001e-05,22.968746496,0.57574999744,1.473624997568,1.5625008640000004
1.20875e-05,22.187496448000005,0.56949999808,1.47487499744,1.5625008640000004
1.2088e-05,22.968746496,0.57574999744,1.47487499744,1.5625008640000004
1.2088500000000001e-05,23.749996544,0.5632499987199999,1.473624997568,1.2500008959999995
1.2089e-05,22.968746496,0.5632499987199999,1.473624997568,1.5625008640000004
1.20895e-05,22.968746496,0.56949999808,1.47487499744,1.8750008319999996
1.2090000000000001e-05,23.749996544,0.56949999808,1.472374997696,1.5625008640000004
1.20905e-05,23.749996544,0.56949999808,1.47487499744,1.5625008640000004
1.2091e-05,23.749996544,0.56949999808,1.47487499744,1.5625008640000004
1.2091500000000001e-05,22.968746496,0.56949999808,1.47487499744,1.8750008319999996
1.2092e-05,23.749996544,0.56949999808,1.473624997568,1.5625008640000004
1.2092500000000002e-05,22.968746496,0.56949999808,1.47487499744,1.2500008959999995
1.2093000000000001e-05,23.749996544,0.56949999808,1.47487499744,1.5625008640000004
1.20935e-05,22.968746496,0.56949999808,1.47487499744,1.5625008640000004
1.2094000000000001e-05,22.968746496,0.56949999808,1.473624997568,1.8750008319999996
1.20945e-05,22.187496448000005,0.5632499987199999,1.473624997568,1.8750008319999996
1.2095e-05,22.968746496,0.56949999808,1.473624997568,1.5625008640000004
1.2095500000000001e-05,23.749996544,0.56949999808,1.476124997312,1.2500008959999995
1.2096e-05,23.749996544,0.56949999808,1.47487499744,1.5625008640000004
1.20965e-05,23.749996544,0.56949999808,1.477374997184,1.2500008959999995
1.2097000000000001e-05,22.968746496,0.56949999808,1.476124997312,1.5625008640000004
1.20975e-05,22.968746496,0.56949999808,1.47487499744,1.8750008319999996
1.2098e-05,22.968746496,0.56949999808,1.47487499744,1.8750008319999996
1.2098500000000001e-05,22.968746496,0.56949999808,1.47487499744,1.2500008959999995
1.2099e-05,23.749996544,0.57574999744,1.47487499744,1.5625008640000004
1.20995e-05,22.968746496,0.56949999808,1.476124997312,1.5625008640000004
1.2100000000000001e-05,23.749996544,0.56949999808,1.47487499744,1.2500008959999995
1.21005e-05,22.968746496,0.57574999744,1.476124997312,1.5625008640000004
1.2101000000000002e-05,23.749996544,0.56949999808,1.473624997568,1.5625008640000004
1.2101500000000001e-05,22.968746496,0.57574999744,1.473624997568,1.5625008640000004
1.2102e-05,23.749996544,0.56949999808,1.476124997312,1.5625008640000004
1.2102500000000001e-05,23.749996544,0.5632499987199999,1.476124997312,1.8750008319999996
1.2103e-05,22.968746496,0.57574999744,1.47487499744,1.5625008640000004
1.21035e-05,22.968746496,0.56949999808,1.476124997312,1.5625008640000004
1.2104000000000001e-05,22.968746496,0.57574999744,1.473624997568,1.2500008959999995
1.21045e-05,23.749996544,0.56949999808,1.47487499744,1.5625008640000004
1.2105e-05,22.968746496,0.57574999744,1.47487499744,1.5625008640000004
1.2105500000000001e-05,23.749996544,0.56949999808,1.47487499744,1.8750008319999996
1.2106e-05,22.968746496,0.56949999808,1.472374997696,1.8750008319999996
1.21065e-05,23.749996544,0.5632499987199999,1.472374997696,1.5625008640000004
1.2107000000000001e-05,23.749996544,0.5819999967999999,1.47487499744,1.5625008640000004
1.21075e-05,22.968746496,0.56949999808,1.476124997312,1.8750008319999996
1.2108e-05,22.968746496,0.56949999808,1.47487499744,1.5625008640000004
1.2108500000000001e-05,23.749996544,0.57574999744,1.47487499744,1.5625008640000004
1.2109e-05,23.749996544,0.56949999808,1.47487499744,1.8750008319999996
1.2109500000000002e-05,23.749996544,0.57574999744,1.47487499744,1.5625008640000004
1.2110000000000001e-05,23.749996544,0.56949999808,1.473624997568,1.8750008319999996
1.21105e-05,23.749996544,0.56949999808,1.476124997312,1.8750008319999996
1.2111000000000001e-05,23.749996544,0.56949999808,1.47487499744,1.5625008640000004
1.21115e-05,23.749996544,0.56949999808,1.476124997312,1.5625008640000004
1.2112e-05,23.749996544,0.56949999808,1.473624997568,1.8750008319999996
1.2112500000000001e-05,23.749996544,0.56949999808,1.473624997568,1.2500008959999995
1.2113e-05,22.968746496,0.56949999808,1.47487499744,1.8750008319999996
1.21135e-05,23.749996544,0.57574999744,1.473624997568,1.8750008319999996
1.2114000000000001e-05,23.749996544,0.57574999744,1.47487499744,1.8750008319999996
1.21145e-05,22.968746496,0.56949999808,1.476124997312,1.5625008640000004
1.2115e-05,22.968746496,0.56949999808,1.47487499744,1.5625008640000004
1.2115500000000001e-05,23.749996544,0.57574999744,1.47487499744,1.8750008319999996
1.2116e-05,23.749996544,0.56949999808,1.471124997824,1.5625008640000004
1.21165e-05,23.749996544,0.57574999744,1.472374997696,1.8750008319999996
1.2117000000000001e-05,23.749996544,0.57574999744,1.47487499744,1.8750008319999996
1.21175e-05,22.968746496,0.56949999808,1.473624997568,1.5625008640000004
1.2118000000000002e-05,23.749996544,0.56949999808,1.473624997568,1.8750008319999996
1.2118500000000001e-05,22.968746496,0.56949999808,1.473624997568,1.5625008640000004
1.2119e-05,22.968746496,0.56949999808,1.473624997568,1.5625008640000004
1.2119500000000001e-05,23.749996544,0.56949999808,1.476124997312,1.8750008319999996
1.2120000000000001e-05,22.968746496,0.56949999808,1.47487499744,1.8750008319999996
1.21205e-05,22.968746496,0.56949999808,1.476124997312,1.8750008319999996
1.2121000000000001e-05,22.968746496,0.57574999744,1.477374997184,1.8750008319999996
1.21215e-05,22.968746496,0.57574999744,1.477374997184,1.8750008319999996
1.2122e-05,23.749996544,0.56949999808,1.476124997312,1.8750008319999996
1.2122500000000001e-05,22.968746496,0.5632499987199999,1.476124997312,1.5625008640000004
1.2123e-05,22.968746496,0.56949999808,1.477374997184,1.8750008319999996
1.21235e-05,22.968746496,0.56949999808,1.477374997184,1.8750008319999996
1.2124000000000001e-05,23.749996544,0.57574999744,1.476124997312,1.5625008640000004
1.21245e-05,23.749996544,0.57574999744,1.476124997312,1.8750008319999996
1.2125e-05,23.749996544,0.57574999744,1.47487499744,1.8750008319999996
1.2125500000000001e-05,23.749996544,0.56949999808,1.47487499744,1.8750008319999996
1.2126e-05,22.968746496,0.56949999808,1.476124997312,1.8750008319999996
1.2126500000000002e-05,22.187496448000005,0.56949999808,1.477374997184,1.8750008319999996
1.2127000000000001e-05,22.968746496,0.56949999808,1.476124997312,1.5625008640000004
1.21275e-05,22.968746496,0.56949999808,1.477374997184,1.5625008640000004
1.2128000000000001e-05,22.968746496,0.57574999744,1.47487499744,1.8750008319999996
1.2128500000000001e-05,23.749996544,0.56949999808,1.473624997568,1.5625008640000004
1.2129e-05,22.968746496,0.56949999808,1.473624997568,1.5625008640000004
1.2129500000000001e-05,22.968746496,0.56949999808,1.473624997568,1.5625008640000004
1.213e-05,23.749996544,0.56949999808,1.47487499744,1.5625008640000004
1.21305e-05,22.968746496,0.56949999808,1.47487499744,1.5625008640000004
1.2131000000000001e-05,22.968746496,0.56949999808,1.47487499744,1.8750008319999996
1.21315e-05,23.749996544,0.56949999808,1.47487499744,1.8750008319999996
1.2132e-05,23.749996544,0.56949999808,1.47487499744,1.8750008319999996
1.2132500000000001e-05,22.968746496,0.57574999744,1.477374997184,1.5625008640000004
1.2133e-05,23.749996544,0.56949999808,1.476124997312,1.8750008319999996
1.21335e-05,23.749996544,0.57574999744,1.477374997184,1.8750008319999996
1.2134000000000001e-05,23.749996544,0.56949999808,1.477374997184,1.8750008319999996
1.21345e-05,22.968746496,0.56949999808,1.477374997184,1.5625008640000004
1.2135000000000002e-05,23.749996544,0.57574999744,1.473624997568,1.5625008640000004
1.2135500000000001e-05,23.749996544,0.57574999744,1.47487499744,1.5625008640000004
1.2136e-05,22.968746496,0.57574999744,1.47487499744,1.5625008640000004
1.2136500000000001e-05,22.968746496,0.56949999808,1.476124997312,1.5625008640000004
1.2137000000000001e-05,22.968746496,0.56949999808,1.476124997312,1.8750008319999996
1.21375e-05,23.749996544,0.56949999808,1.477374997184,1.8750008319999996
1.2138000000000001e-05,22.968746496,0.57574999744,1.477374997184,1.8750008319999996
1.21385e-05,22.187496448000005,0.5632499987199999,1.477374997184,1.5625008640000004
1.2139e-05,22.968746496,0.57574999744,1.47487499744,1.8750008319999996
1.2139500000000001e-05,22.968746496,0.56949999808,1.47487499744,1.8750008319999996
1.214e-05,22.968746496,0.57574999744,1.47487499744,1.5625008640000004
1.21405e-05,23.749996544,0.56949999808,1.476124997312,1.5625008640000004
1.2141000000000001e-05,23.749996544,0.5632499987199999,1.473624997568,1.8750008319999996
1.21415e-05,22.968746496,0.56949999808,1.473624997568,1.8750008319999996
1.2142e-05,22.968746496,0.56949999808,1.476124997312,1.8750008319999996
1.2142500000000001e-05,22.968746496,0.56949999808,1.478624997056,1.8750008319999996
1.2143e-05,22.968746496,0.57574999744,1.473624997568,1.8750008319999996
1.2143500000000002e-05,22.968746496,0.57574999744,1.472374997696,1.8750008319999996
1.2144000000000001e-05,22.968746496,0.57574999744,1.473624997568,1.8750008319999996
1.21445e-05,23.749996544,0.56949999808,1.476124997312,1.5625008640000004
1.2145000000000001e-05,23.749996544,0.56949999808,1.47487499744,1.5625008640000004
1.2145500000000001e-05,22.968746496,0.57574999744,1.47487499744,1.8750008319999996
1.2146e-05,23.749996544,0.56949999808,1.473624997568,1.8750008319999996
1.2146500000000001e-05,22.968746496,0.57574999744,1.472374997696,1.5625008640000004
1.2147e-05,22.968746496,0.5819999967999999,1.471124997824,1.8750008319999996
1.21475e-05,22.968746496,0.56949999808,1.472374997696,1.5625008640000004
1.2148000000000001e-05,23.749996544,0.57574999744,1.472374997696,1.8750008319999996
1.21485e-05,22.968746496,0.57574999744,1.476124997312,1.5625008640000004
1.2149e-05,23.749996544,0.56949999808,1.473624997568,1.8750008319999996
1.2149500000000001e-05,23.749996544,0.57574999744,1.472374997696,1.8750008319999996
1.215e-05,22.968746496,0.5632499987199999,1.473624997568,1.8750008319999996
1.21505e-05,23.749996544,0.5632499987199999,1.47487499744,1.8750008319999996
1.2151000000000001e-05,23.749996544,0.56949999808,1.473624997568,1.5625008640000004
1.21515e-05,23.749996544,0.56949999808,1.471124997824,1.5625008640000004
1.2152000000000002e-05,23.749996544,0.56949999808,1.469874997952,1.5625008640000004
1.2152500000000001e-05,23.749996544,0.56949999808,1.473624997568,1.5625008640000004
1.2153e-05,22.968746496,0.56949999808,1.47487499744,1.5625008640000004
1.2153500000000001e-05,22.968746496,0.56949999808,1.473624997568,1.8750008319999996
1.2154000000000001e-05,23.749996544,0.56949999808,1.473624997568,1.8750008319999996
1.21545e-05,23.749996544,0.56949999808,1.47487499744,1.5625008640000004
1.2155000000000001e-05,23.749996544,0.57574999744,1.47487499744,1.8750008319999996
1.21555e-05,22.968746496,0.57574999744,1.473624997568,1.8750008319999996
1.2156e-05,22.187496448000005,0.56949999808,1.472374997696,1.8750008319999996
1.2156500000000001e-05,23.749996544,0.57574999744,1.472374997696,1.5625008640000004
1.2157e-05,23.749996544,0.57574999744,1.472374997696,1.5625008640000004
1.21575e-05,23.749996544,0.56949999808,1.47487499744,1.2500008959999995
1.2158000000000001e-05,23.749996544,0.5632499987199999,1.473624997568,1.5625008640000004
1.21585e-05,23.749996544,0.56949999808,1.473624997568,1.8750008319999996
1.2159e-05,23.749996544,0.56949999808,1.472374997696,1.5625008640000004
1.2159500000000001e-05,23.749996544,0.56949999808,1.472374997696,1.8750008319999996
1.216e-05,23.749996544,0.56949999808,1.472374997696,1.5625008640000004
1.2160500000000002e-05,22.968746496,0.56949999808,1.473624997568,1.5625008640000004
1.2161000000000001e-05,22.968746496,0.56949999808,1.473624997568,1.5625008640000004
1.21615e-05,23.749996544,0.56949999808,1.472374997696,1.5625008640000004
1.2162000000000001e-05,23.749996544,0.57574999744,1.471124997824,1.8750008319999996
1.2162500000000001e-05,22.968746496,0.56949999808,1.473624997568,1.5625008640000004
1.2163e-05,23.749996544,0.57574999744,1.47487499744,1.8750008319999996
1.2163500000000001e-05,23.749996544,0.56949999808,1.477374997184,1.8750008319999996
1.2164e-05,22.968746496,0.57574999744,1.476124997312,1.5625008640000004
1.21645e-05,23.749996544,0.57574999744,1.478624997056,1.5625008640000004
1.2165000000000001e-05,23.749996544,0.56949999808,1.478624997056,1.8750008319999996
1.21655e-05,22.968746496,0.57574999744,1.477374997184,1.8750008319999996
1.2166e-05,23.749996544,0.56949999808,1.476124997312,1.8750008319999996
1.2166500000000001e-05,22.968746496,0.56949999808,1.476124997312,1.8750008319999996
1.2167e-05,22.968746496,0.56949999808,1.473624997568,1.5625008640000004
1.21675e-05,22.968746496,0.56949999808,1.473624997568,1.5625008640000004
1.2168000000000001e-05,22.968746496,0.56949999808,1.473624997568,1.5625008640000004
1.21685e-05,23.749996544,0.56949999808,1.473624997568,1.5625008640000004
1.2169000000000002e-05,22.968746496,0.56949999808,1.473624997568,1.5625008640000004
1.2169500000000001e-05,23.749996544,0.56949999808,1.47487499744,1.8750008319999996
1.217e-05,23.749996544,0.56949999808,1.477374997184,1.8750008319999996
1.2170500000000001e-05,22.968746496,0.56949999808,1.477374997184,1.5625008640000004
1.2171000000000001e-05,23.749996544,0.56949999808,1.477374997184,1.8750008319999996
1.21715e-05,23.749996544,0.56949999808,1.47487499744,1.8750008319999996
1.2172000000000001e-05,23.749996544,0.57574999744,1.47487499744,1.5625008640000004
1.21725e-05,22.968746496,0.56949999808,1.47487499744,1.5625008640000004
1.2173e-05,23.749996544,0.56949999808,1.473624997568,1.8750008319999996
1.2173500000000001e-05,22.968746496,0.57574999744,1.47487499744,1.8750008319999996
1.2174e-05,22.968746496,0.57574999744,1.476124997312,1.8750008319999996
1.21745e-05,22.968746496,0.56949999808,1.476124997312,1.8750008319999996
1.2175000000000001e-05,22.968746496,0.56949999808,1.47487499744,1.8750008319999996
1.21755e-05,22.968746496,0.57574999744,1.477374997184,1.8750008319999996
1.2176e-05,22.968746496,0.57574999744,1.476124997312,1.5625008640000004
1.2176500000000001e-05,22.968746496,0.56949999808,1.478624997056,1.5625008640000004
1.2177e-05,22.968746496,0.56949999808,1.478624997056,1.5625008640000004
1.2177500000000002e-05,22.968746496,0.56949999808,1.477374997184,1.8750008319999996
1.2178000000000001e-05,23.749996544,0.57574999744,1.47487499744,1.8750008319999996
1.21785e-05,22.968746496,0.57574999744,1.47487499744,1.5625008640000004
1.2179000000000001e-05,23.749996544,0.57574999744,1.477374997184,1.8750008319999996
1.2179500000000001e-05,22.968746496,0.56949999808,1.478624997056,1.8750008319999996
1.218e-05,22.968746496,0.56949999808,1.478624997056,1.5625008640000004
1.2180500000000001e-05,22.968746496,0.57574999744,1.477374997184,1.5625008640000004
1.2181e-05,23.749996544,0.57574999744,1.476124997312,1.8750008319999996
1.21815e-05,23.749996544,0.57574999744,1.47487499744,2.1875007999999996
1.2182000000000001e-05,22.968746496,0.56949999808,1.473624997568,1.8750008319999996
1.21825e-05,23.749996544,0.56949999808,1.476124997312,1.8750008319999996
1.2183e-05,22.968746496,0.56949999808,1.47487499744,1.8750008319999996
1.2183500000000001e-05,22.968746496,0.57574999744,1.47487499744,1.8750008319999996
1.2184e-05,22.968746496,0.57574999744,1.47487499744,1.5625008640000004
1.21845e-05,23.749996544,0.56949999808,1.476124997312,1.2500008959999995
1.2185000000000001e-05,22.968746496,0.56949999808,1.47487499744,1.5625008640000004
1.21855e-05,23.749996544,0.57574999744,1.47487499744,1.8750008319999996
1.2186000000000002e-05,23.749996544,0.56949999808,1.472374997696,1.8750008319999996
1.2186500000000001e-05,23.749996544,0.56949999808,1.47487499744,1.5625008640000004
1.2187e-05,23.749996544,0.56949999808,1.47487499744,1.8750008319999996
1.2187500000000001e-05,23.749996544,0.56949999808,1.47487499744,1.8750008319999996
1.2188000000000001e-05,22.968746496,0.56949999808,1.473624997568,1.8750008319999996
1.21885e-05,22.968746496,0.56949999808,1.476124997312,1.8750008319999996
1.2189000000000001e-05,22.968746496,0.57574999744,1.477374997184,1.8750008319999996
1.21895e-05,23.749996544,0.56949999808,1.47487499744,1.8750008319999996
1.219e-05,22.968746496,0.56949999808,1.473624997568,1.8750008319999996
1.2190500000000001e-05,22.968746496,0.57574999744,1.47487499744,1.8750008319999996
1.2191e-05,22.968746496,0.56949999808,1.47487499744,1.5625008640000004
1.21915e-05,23.749996544,0.57574999744,1.47487499744,1.5625008640000004
1.2192000000000001e-05,23.749996544,0.57574999744,1.47487499744,1.8750008319999996
1.21925e-05,22.968746496,0.56949999808,1.477374997184,1.5625008640000004
1.2193e-05,22.968746496,0.56949999808,1.476124997312,1.8750008319999996
1.2193500000000001e-05,23.749996544,0.57574999744,1.47487499744,1.8750008319999996
1.2194e-05,23.749996544,0.56949999808,1.47487499744,1.8750008319999996
1.2194500000000002e-05,23.749996544,0.57574999744,1.476124997312,1.5625008640000004
1.2195000000000001e-05,22.968746496,0.57574999744,1.478624997056,1.8750008319999996
1.21955e-05,22.968746496,0.56949999808,1.478624997056,1.8750008319999996
1.2196000000000001e-05,22.968746496,0.57574999744,1.476124997312,1.8750008319999996
1.2196500000000001e-05,23.749996544,0.57574999744,1.477374997184,1.5625008640000004
1.2197e-05,23.749996544,0.56949999808,1.47487499744,1.5625008640000004
1.2197500000000001e-05,22.968746496,0.56949999808,1.476124997312,1.8750008319999996
1.2198e-05,22.968746496,0.57574999744,1.476124997312,1.8750008319999996
1.21985e-05,23.749996544,0.56949999808,1.477374997184,2.1875007999999996
1.2199000000000001e-05,23.749996544,0.56949999808,1.473624997568,1.8750008319999996
1.21995e-05,22.968746496,0.56949999808,1.473624997568,1.8750008319999996
1.22e-05,22.968746496,0.57574999744,1.47487499744,1.8750008319999996
1.2200500000000001e-05,23.749996544,0.56949999808,1.476124997312,1.5625008640000004
1.2201e-05,22.968746496,0.57574999744,1.47487499744,1.8750008319999996
1.22015e-05,22.968746496,0.57574999744,1.473624997568,1.5625008640000004
1.2202000000000001e-05,23.749996544,0.57574999744,1.472374997696,2.1875007999999996
1.22025e-05,22.968746496,0.57574999744,1.473624997568,1.5625008640000004
1.2203000000000002e-05,22.968746496,0.57574999744,1.476124997312,1.8750008319999996
1.2203500000000001e-05,22.968746496,0.57574999744,1.477374997184,2.1875007999999996
1.2204e-05,22.968746496,0.57574999744,1.476124997312,2.1875007999999996
1.2204500000000001e-05,23.749996544,0.57574999744,1.477374997184,1.8750008319999996
1.2205000000000001e-05,23.749996544,0.57574999744,1.476124997312,1.8750008319999996
1.22055e-05,23.749996544,0.57574999744,1.47487499744,1.8750008319999996
1.2206000000000001e-05,24.531246592000002,0.56949999808,1.47487499744,1.8750008319999996
1.22065e-05,23.749996544,0.56949999808,1.476124997312,2.1875007999999996
1.2207e-05,22.968746496,0.57574999744,1.47487499744,1.8750008319999996
1.2207500000000001e-05,23.749996544,0.57574999744,1.476124997312,1.2500008959999995
1.2208e-05,22.968746496,0.57574999744,1.476124997312,1.8750008319999996
1.22085e-05,23.749996544,0.56949999808,1.479874996928,1.5625008640000004
1.2209000000000001e-05,22.968746496,0.57574999744,1.479874996928,1.5625008640000004
1.22095e-05,23.749996544,0.57574999744,1.477374997184,1.8750008319999996
1.221e-05,24.531246592000002,0.57574999744,1.477374997184,2.1875007999999996
1.2210500000000001e-05,23.749996544,0.57574999744,1.47487499744,1.5625008640000004
1.2211e-05,23.749996544,0.56949999808,1.47487499744,2.1875007999999996
1.2211500000000002e-05,22.968746496,0.56949999808,1.47487499744,1.8750008319999996
1.2212000000000001e-05,22.968746496,0.56949999808,1.473624997568,2.1875007999999996
1.22125e-05,22.968746496,0.57574999744,1.476124997312,1.8750008319999996
1.2213000000000001e-05,23.749996544,0.57574999744,1.476124997312,1.8750008319999996
1.2213500000000001e-05,23.749996544,0.57574999744,1.476124997312,1.8750008319999996
1.2214e-05,24.531246592000002,0.57574999744,1.47487499744,1.8750008319999996
1.2214500000000001e-05,23.749996544,0.56949999808,1.473624997568,1.8750008319999996
1.2215e-05,22.968746496,0.56949999808,1.472374997696,1.8750008319999996
1.22155e-05,23.749996544,0.56949999808,1.471124997824,1.8750008319999996
1.2216000000000001e-05,22.968746496,0.57574999744,1.467374998208,1.8750008319999996
1.22165e-05,23.749996544,0.56949999808,1.473624997568,1.5625008640000004
1.2217e-05,22.968746496,0.56949999808,1.476124997312,1.8750008319999996
1.2217500000000001e-05,23.749996544,0.56949999808,1.477374997184,1.8750008319999996
1.2218e-05,23.749996544,0.57574999744,1.476124997312,1.8750008319999996
1.22185e-05,22.968746496,0.57574999744,1.473624997568,1.5625008640000004
1.2219000000000001e-05,23.749996544,0.56949999808,1.47487499744,2.1875007999999996
1.22195e-05,23.749996544,0.57574999744,1.478624997056,1.8750008319999996
1.2220000000000002e-05,23.749996544,0.57574999744,1.478624997056,2.5000007679999996
1.2220500000000001e-05,23.749996544,0.57574999744,1.477374997184,2.1875007999999996
1.2221e-05,23.749996544,0.57574999744,1.47487499744,2.1875007999999996
1.2221500000000001e-05,22.968746496,0.57574999744,1.473624997568,2.1875007999999996
1.2222000000000001e-05,22.968746496,0.5632499987199999,1.476124997312,2.1875007999999996
1.22225e-05,23.749996544,0.56949999808,1.477374997184,1.8750008319999996
1.2223000000000001e-05,23.749996544,0.57574999744,1.47487499744,1.8750008319999996
1.22235e-05,23.749996544,0.57574999744,1.478624997056,1.8750008319999996
1.2224e-05,23.749996544,0.57574999744,1.478624997056,1.8750008319999996
1.2224500000000001e-05,23.749996544,0.5632499987199999,1.478624997056,1.5625008640000004
1.2225e-05,23.749996544,0.56949999808,1.476124997312,1.8750008319999996
1.22255e-05,22.968746496,0.56949999808,1.47487499744,1.8750008319999996
1.2226000000000001e-05,23.749996544,0.57574999744,1.47487499744,1.8750008319999996
1.22265e-05,22.968746496,0.57574999744,1.473624997568,1.5625008640000004
1.2227e-05,23.749996544,0.57574999744,1.473624997568,2.1875007999999996
1.2227500000000001e-05,23.749996544,0.56949999808,1.473624997568,1.8750008319999996
1.2228e-05,22.968746496,0.56949999808,1.473624997568,1.8750008319999996
1.2228500000000002e-05,23.749996544,0.57574999744,1.476124997312,1.8750008319999996
1.2229000000000001e-05,23.749996544,0.57574999744,1.476124997312,1.8750008319999996
1.22295e-05,22.968746496,0.57574999744,1.47487499744,1.8750008319999996
1.2230000000000001e-05,22.968746496,0.57574999744,1.476124997312,2.1875007999999996
1.2230500000000001e-05,23.749996544,0.57574999744,1.476124997312,2.1875007999999996
1.2231e-05,23.749996544,0.56949999808,1.472374997696,1.8750008319999996
1.2231500000000001e-05,23.749996544,0.57574999744,1.472374997696,1.5625008640000004
1.2232e-05,24.531246592000002,0.57574999744,1.473624997568,1.8750008319999996
1.22325e-05,23.749996544,0.57574999744,1.476124997312,1.5625008640000004
1.2233000000000001e-05,22.968746496,0.5819999967999999,1.476124997312,1.5625008640000004
1.22335e-05,23.749996544,0.57574999744,1.476124997312,1.8750008319999996
1.2234e-05,24.531246592000002,0.57574999744,1.476124997312,2.1875007999999996
1.2234500000000001e-05,22.968746496,0.57574999744,1.476124997312,1.8750008319999996
1.2235e-05,22.968746496,0.57574999744,1.47487499744,2.1875007999999996
1.22355e-05,22.968746496,0.57574999744,1.47487499744,1.8750008319999996
1.2236000000000001e-05,23.749996544,0.57574999744,1.476124997312,1.8750008319999996
1.22365e-05,23.749996544,0.57574999744,1.477374997184,1.8750008319999996
1.2237000000000002e-05,24.531246592000002,0.57574999744,1.477374997184,1.8750008319999996
1.2237500000000001e-05,23.749996544,0.57574999744,1.477374997184,1.8750008319999996
1.2238e-05,23.749996544,0.57574999744,1.477374997184,1.8750008319999996
1.2238500000000001e-05,22.968746496,0.56949999808,1.479874996928,1.8750008319999996
1.2239000000000001e-05,22.968746496,0.57574999744,1.479874996928,1.5625008640000004
1.22395e-05,22.968746496,0.56949999808,1.478624997056,1.5625008640000004
1.2240000000000001e-05,22.968746496,0.56949999808,1.476124997312,1.8750008319999996
1.22405e-05,23.749996544,0.56949999808,1.476124997312,1.8750008319999996
1.2241e-05,22.968746496,0.57574999744,1.47487499744,1.8750008319999996
1.2241500000000001e-05,22.968746496,0.57574999744,1.476124997312,1.8750008319999996
1.2242e-05,22.968746496,0.56949999808,1.476124997312,1.8750008319999996
1.22425e-05,23.749996544,0.5632499987199999,1.476124997312,1.8750008319999996
1.2243000000000001e-05,22.968746496,0.57574999744,1.476124997312,1.8750008319999996
1.22435e-05,22.968746496,0.57574999744,1.477374997184,2.1875007999999996
1.2244e-05,23.749996544,0.56949999808,1.476124997312,1.8750008319999996
1.2244500000000001e-05,23.749996544,0.56949999808,1.476124997312,1.8750008319999996
1.2245e-05,24.531246592000002,0.56949999808,1.47487499744,1.8750008319999996
1.2245500000000002e-05,22.968746496,0.56949999808,1.477374997184,1.8750008319999996
1.2246000000000001e-05,22.968746496,0.56949999808,1.478624997056,1.8750008319999996
1.22465e-05,23.749996544,0.56949999808,1.477374997184,1.8750008319999996
1.2247000000000001e-05,23.749996544,0.56949999808,1.473624997568,1.8750008319999996
1.2247500000000001e-05,23.749996544,0.56949999808,1.471124997824,1.8750008319999996
1.2248e-05,22.968746496,0.57574999744,1.469874997952,1.8750008319999996
1.2248500000000001e-05,23.749996544,0.56949999808,1.473624997568,1.5625008640000004
1.2249e-05,22.968746496,0.56949999808,1.473624997568,1.5625008640000004
1.22495e-05,22.968746496,0.56949999808,1.473624997568,1.5625008640000004
1.2250000000000001e-05,23.749996544,0.57574999744,1.472374997696,2.1875007999999996
1.22505e-05,22.968746496,0.57574999744,1.473624997568,1.8750008319999996
1.2251e-05,22.968746496,0.57574999744,1.477374997184,2.1875007999999996
1.2251500000000001e-05,22.968746496,0.56949999808,1.479874996928,2.1875007999999996
1.2252e-05,22.968746496,0.57574999744,1.478624997056,1.8750008319999996
1.22525e-05,23.749996544,0.56949999808,1.47487499744,1.8750008319999996
1.2253000000000001e-05,23.749996544,0.57574999744,1.473624997568,2.1875007999999996
1.22535e-05,23.749996544,0.56949999808,1.47487499744,2.1875007999999996
1.2254000000000002e-05,23.749996544,0.56949999808,1.477374997184,1.8750008319999996
1.2254500000000001e-05,22.968746496,0.56949999808,1.477374997184,2.1875007999999996
1.2255e-05,23.749996544,0.56949999808,1.476124997312,1.8750008319999996
1.2255500000000001e-05,23.749996544,0.56949999808,1.47487499744,1.8750008319999996
1.2256000000000001e-05,22.968746496,0.57574999744,1.47487499744,1.5625008640000004
1.22565e-05,22.968746496,0.56949999808,1.47487499744,1.5625008640000004
1.2257000000000001e-05,22.968746496,0.57574999744,1.476124997312,1.8750008319999996
1.22575e-05,23.749996544,0.57574999744,1.476124997312,1.8750008319999996
1.2258e-05,23.749996544,0.57574999744,1.47487499744,1.8750008319999996
1.2258500000000001e-05,22.968746496,0.56949999808,1.476124997312,1.5625008640000004
1.2259e-05,23.749996544,0.57574999744,1.477374997184,1.8750008319999996
1.22595e-05,22.968746496,0.57574999744,1.476124997312,1.8750008319999996
1.2260000000000001e-05,22.968746496,0.5819999967999999,1.473624997568,1.8750008319999996
1.22605e-05,22.968746496,0.56949999808,1.47487499744,1.8750008319999996
1.2261e-05,23.749996544,0.56949999808,1.473624997568,1.8750008319999996
1.2261500000000001e-05,22.968746496,0.56949999808,1.473624997568,1.8750008319999996
1.2262e-05,22.968746496,0.56949999808,1.473624997568,2.1875007999999996
1.2262500000000002e-05,22.968746496,0.56949999808,1.476124997312,1.8750008319999996
1.2263000000000001e-05,23.749996544,0.56949999808,1.47487499744,1.5625008640000004
1.22635e-05,22.968746496,0.57574999744,1.47487499744,1.8750008319999996
1.2264000000000002e-05,22.968746496,0.57574999744,1.473624997568,1.8750008319999996
1.2264500000000001e-05,23.749996544,0.56949999808,1.47487499744,1.5625008640000004
1.2265e-05,23.749996544,0.56949999808,1.47487499744,1.8750008319999996
1.2265500000000001e-05,23.749996544,0.57574999744,1.473624997568,2.1875007999999996
1.2266e-05,23.749996544,0.57574999744,1.473624997568,2.1875007999999996
1.22665e-05,22.968746496,0.57574999744,1.47487499744,1.8750008319999996
1.2267000000000001e-05,22.968746496,0.56949999808,1.478624997056,1.8750008319999996
1.22675e-05,22.968746496,0.57574999744,1.479874996928,1.8750008319999996
1.2268e-05,23.749996544,0.56949999808,1.477374997184,1.8750008319999996
1.2268500000000001e-05,23.749996544,0.57574999744,1.479874996928,1.8750008319999996
1.2269e-05,22.968746496,0.56949999808,1.478624997056,2.1875007999999996
1.22695e-05,22.968746496,0.57574999744,1.477374997184,1.8750008319999996
1.2270000000000001e-05,22.968746496,0.57574999744,1.477374997184,2.1875007999999996
1.22705e-05,23.749996544,0.56949999808,1.478624997056,2.1875007999999996
1.2271000000000002e-05,23.749996544,0.57574999744,1.476124997312,1.8750008319999996
1.2271500000000001e-05,22.968746496,0.56949999808,1.476124997312,1.5625008640000004
1.2272e-05,23.749996544,0.57574999744,1.473624997568,1.8750008319999996
1.2272500000000002e-05,23.749996544,0.57574999744,1.47487499744,1.5625008640000004
1.2273000000000001e-05,22.968746496,0.57574999744,1.473624997568,2.1875007999999996
1.22735e-05,23.749996544,0.56949999808,1.47487499744,2.1875007999999996
1.2274000000000001e-05,22.968746496,0.56949999808,1.476124997312,2.1875007999999996
1.22745e-05,23.749996544,0.57574999744,1.47487499744,1.8750008319999996
1.2275e-05,22.968746496,0.57574999744,1.473624997568,1.8750008319999996
1.2275500000000001e-05,23.749996544,0.56949999808,1.471124997824,1.8750008319999996
1.2276e-05,23.749996544,0.56949999808,1.471124997824,1.8750008319999996
1.22765e-05,23.749996544,0.57574999744,1.476124997312,1.8750008319999996
1.2277000000000001e-05,23.749996544,0.56949999808,1.476124997312,2.1875007999999996
1.22775e-05,22.968746496,0.56949999808,1.473624997568,1.8750008319999996
1.2278e-05,23.749996544,0.57574999744,1.472374997696,1.8750008319999996
1.2278500000000001e-05,23.749996544,0.56949999808,1.47487499744,2.1875007999999996
1.2279e-05,22.968746496,0.57574999744,1.47487499744,1.8750008319999996
1.2279500000000002e-05,22.968746496,0.57574999744,1.477374997184,1.8750008319999996
1.2280000000000001e-05,22.968746496,0.57574999744,1.47487499744,1.8750008319999996
1.22805e-05,23.749996544,0.56949999808,1.479874996928,1.5625008640000004
1.2281000000000002e-05,22.968746496,0.56949999808,1.477374997184,1.5625008640000004
1.2281500000000001e-05,22.968746496,0.56949999808,1.476124997312,2.1875007999999996
1.2282e-05,23.749996544,0.56949999808,1.476124997312,2.1875007999999996
1.2282500000000001e-05,23.749996544,0.57574999744,1.477374997184,1.8750008319999996
1.2283e-05,22.968746496,0.57574999744,1.477374997184,2.1875007999999996
1.22835e-05,22.968746496,0.57574999744,1.47487499744,2.1875007999999996
1.2284000000000001e-05,23.749996544,0.56949999808,1.47487499744,1.8750008319999996
1.22845e-05,23.749996544,0.56949999808,1.478624997056,1.8750008319999996
1.2285e-05,23.749996544,0.56949999808,1.478624997056,1.8750008319999996
1.2285500000000001e-05,22.968746496,0.57574999744,1.476124997312,2.1875007999999996
1.2286e-05,23.749996544,0.56949999808,1.473624997568,2.1875007999999996
1.22865e-05,22.968746496,0.57574999744,1.476124997312,2.1875007999999996
1.2287000000000001e-05,22.968746496,0.57574999744,1.476124997312,1.8750008319999996
1.22875e-05,22.968746496,0.56949999808,1.476124997312,1.8750008319999996
1.2288000000000002e-05,22.968746496,0.57574999744,1.47487499744,1.8750008319999996
1.2288500000000001e-05,23.749996544,0.57574999744,1.476124997312,1.5625008640000004
1.2289e-05,23.749996544,0.56949999808,1.47487499744,1.8750008319999996
1.2289500000000002e-05,23.749996544,0.56949999808,1.476124997312,2.1875007999999996
1.2290000000000001e-05,23.749996544,0.56949999808,1.477374997184,2.1875007999999996
1.22905e-05,22.968746496,0.57574999744,1.477374997184,1.8750008319999996
1.2291000000000001e-05,22.968746496,0.57574999744,1.47487499744,2.1875007999999996
1.22915e-05,23.749996544,0.56949999808,1.473624997568,1.8750008319999996
1.2292e-05,23.749996544,0.56949999808,1.47487499744,1.8750008319999996
1.2292500000000001e-05,22.968746496,0.57574999744,1.477374997184,1.8750008319999996
1.2293e-05,23.749996544,0.56949999808,1.476124997312,1.8750008319999996
1.22935e-05,22.968746496,0.57574999744,1.473624997568,1.8750008319999996
1.2294000000000001e-05,23.749996544,0.56949999808,1.472374997696,1.8750008319999996
1.22945e-05,22.968746496,0.56949999808,1.47487499744,1.8750008319999996
1.2295e-05,23.749996544,0.56949999808,1.47487499744,1.8750008319999996
1.2295500000000001e-05,22.968746496,0.57574999744,1.47487499744,1.8750008319999996
1.2296e-05,22.968746496,0.57574999744,1.47487499744,1.8750008319999996
1.22965e-05,23.749996544,0.56949999808,1.477374997184,1.8750008319999996
1.2297000000000001e-05,22.968746496,0.56949999808,1.477374997184,2.1875007999999996
1.22975e-05,23.749996544,0.57574999744,1.477374997184,2.1875007999999996
1.2298000000000002e-05,23.749996544,0.56949999808,1.478624997056,2.1875007999999996
1.2298500000000001e-05,22.968746496,0.57574999744,1.477374997184,1.8750008319999996
1.2299e-05,22.968746496,0.56949999808,1.477374997184,1.8750008319999996
1.2299500000000001e-05,22.968746496,0.57574999744,1.476124997312,1.8750008319999996
1.23e-05,23.749996544,0.56949999808,1.47487499744,2.1875007999999996
1.23005e-05,23.749996544,0.57574999744,1.477374997184,2.1875007999999996
1.2301000000000001e-05,23.749996544,0.57574999744,1.478624997056,1.8750008319999996
1.23015e-05,23.749996544,0.57574999744,1.477374997184,1.5625008640000004
1.2302e-05,22.968746496,0.57574999744,1.47487499744,1.8750008319999996
1.2302500000000001e-05,22.968746496,0.56949999808,1.47487499744,2.1875007999999996
1.2303e-05,23.749996544,0.57574999744,1.473624997568,1.8750008319999996
1.23035e-05,23.749996544,0.57574999744,1.47487499744,1.8750008319999996
1.2304000000000001e-05,23.749996544,0.57574999744,1.47487499744,1.8750008319999996
1.23045e-05,23.749996544,0.56949999808,1.477374997184,1.5625008640000004
1.2305e-05,22.968746496,0.56949999808,1.476124997312,1.8750008319999996
1.2305500000000001e-05,22.968746496,0.57574999744,1.477374997184,2.1875007999999996
1.2306e-05,22.968746496,0.57574999744,1.477374997184,1.8750008319999996
1.2306500000000002e-05,22.968746496,0.57574999744,1.47487499744,1.8750008319999996
1.2307000000000001e-05,23.749996544,0.56949999808,1.476124997312,1.8750008319999996
1.23075e-05,22.968746496,0.5632499987199999,1.476124997312,1.8750008319999996
1.2308000000000001e-05,22.968746496,0.56949999808,1.47487499744,1.8750008319999996
1.23085e-05,23.749996544,0.57574999744,1.47487499744,1.8750008319999996
1.2309e-05,22.968746496,0.57574999744,1.476124997312,1.8750008319999996
1.2309500000000001e-05,23.749996544,0.57574999744,1.47487499744,1.8750008319999996
1.231e-05,22.968746496,0.57574999744,1.476124997312,1.8750008319999996
1.23105e-05,22.968746496,0.57574999744,1.478624997056,1.8750008319999996
1.2311000000000001e-05,22.187496448000005,0.57574999744,1.478624997056,1.8750008319999996
1.23115e-05,23.749996544,0.57574999744,1.476124997312,1.8750008319999996
1.2312e-05,22.968746496,0.57574999744,1.476124997312,1.8750008319999996
1.2312500000000001e-05,23.749996544,0.56949999808,1.477374997184,1.5625008640000004
1.2313e-05,22.968746496,0.57574999744,1.478624997056,1.5625008640000004
1.23135e-05,22.968746496,0.56949999808,1.477374997184,1.8750008319999996
1.2314000000000001e-05,24.531246592000002,0.57574999744,1.477374997184,1.8750008319999996
1.23145e-05,22.968746496,0.56949999808,1.477374997184,1.8750008319999996
1.2315000000000002e-05,23.749996544,0.56949999808,1.476124997312,1.8750008319999996
1.2315500000000001e-05,23.749996544,0.56949999808,1.473624997568,1.8750008319999996
1.2316e-05,23.749996544,0.56949999808,1.473624997568,1.5625008640000004
1.2316500000000001e-05,23.749996544,0.57574999744,1.476124997312,1.5625008640000004
1.2317e-05,23.749996544,0.57574999744,1.473624997568,1.5625008640000004
1.23175e-05,23.749996544,0.57574999744,1.47487499744,1.8750008319999996
1.2318000000000001e-05,23.749996544,0.56949999808,1.476124997312,2.1875007999999996
1.23185e-05,23.749996544,0.56949999808,1.478624997056,2.1875007999999996
1.2319e-05,23.749996544,0.56949999808,1.476124997312,1.8750008319999996
1.2319500000000001e-05,23.749996544,0.56949999808,1.477374997184,1.8750008319999996
1.232e-05,23.749996544,0.57574999744,1.47487499744,1.8750008319999996
1.23205e-05,23.749996544,0.56949999808,1.473624997568,1.8750008319999996
1.2321000000000001e-05,22.968746496,0.56949999808,1.471124997824,1.8750008319999996
1.23215e-05,22.968746496,0.57574999744,1.472374997696,2.1875007999999996
1.2322e-05,23.749996544,0.57574999744,1.47487499744,2.1875007999999996
1.2322500000000001e-05,22.968746496,0.57574999744,1.477374997184,1.8750008319999996
1.2323e-05,23.749996544,0.57574999744,1.476124997312,1.8750008319999996
1.2323500000000002e-05,23.749996544,0.57574999744,1.477374997184,1.8750008319999996
1.2324000000000001e-05,23.749996544,0.57574999744,1.47487499744,2.1875007999999996
1.23245e-05,23.749996544,0.57574999744,1.477374997184,1.8750008319999996
1.2325000000000001e-05,23.749996544,0.57574999744,1.47487499744,1.8750008319999996
1.23255e-05,23.749996544,0.56949999808,1.47487499744,2.1875007999999996
1.2326e-05,23.749996544,0.57574999744,1.47487499744,2.1875007999999996
1.2326500000000001e-05,23.749996544,0.57574999744,1.476124997312,1.8750008319999996
1.2327e-05,23.749996544,0.57574999744,1.47487499744,1.8750008319999996
1.23275e-05,23.749996544,0.56949999808,1.476124997312,1.8750008319999996
1.2328000000000001e-05,23.749996544,0.57574999744,1.47487499744,1.8750008319999996
1.23285e-05,23.749996544,0.57574999744,1.473624997568,1.5625008640000004
1.2329e-05,22.968746496,0.57574999744,1.472374997696,1.8750008319999996
1.2329500000000001e-05,23.749996544,0.57574999744,1.47487499744,1.8750008319999996
1.233e-05,23.749996544,0.56949999808,1.477374997184,2.1875007999999996
1.23305e-05,22.968746496,0.5632499987199999,1.476124997312,1.8750008319999996
1.2331000000000001e-05,22.968746496,0.56949999808,1.473624997568,1.8750008319999996
1.23315e-05,23.749996544,0.56949999808,1.473624997568,1.5625008640000004
1.2332000000000002e-05,23.749996544,0.56949999808,1.473624997568,1.8750008319999996
1.2332500000000001e-05,23.749996544,0.57574999744,1.476124997312,1.8750008319999996
1.2333e-05,23.749996544,0.56949999808,1.47487499744,2.1875007999999996
1.2333500000000001e-05,23.749996544,0.56949999808,1.47487499744,1.8750008319999996
1.2334e-05,22.968746496,0.56949999808,1.47487499744,2.1875007999999996
1.23345e-05,23.749996544,0.56949999808,1.476124997312,1.8750008319999996
1.2335000000000001e-05,22.968746496,0.56949999808,1.473624997568,1.8750008319999996
1.23355e-05,22.968746496,0.56949999808,1.473624997568,1.8750008319999996
1.2336e-05,22.968746496,0.57574999744,1.472374997696,1.8750008319999996
1.2336500000000001e-05,23.749996544,0.56949999808,1.476124997312,1.5625008640000004
1.2337e-05,23.749996544,0.56949999808,1.476124997312,1.8750008319999996
1.23375e-05,22.968746496,0.56949999808,1.476124997312,2.1875007999999996
1.2338000000000001e-05,23.749996544,0.5632499987199999,1.47487499744,2.1875007999999996
1.23385e-05,22.968746496,0.5632499987199999,1.47487499744,1.8750008319999996
1.2339e-05,22.968746496,0.57574999744,1.477374997184,1.8750008319999996
1.2339500000000001e-05,22.968746496,0.56949999808,1.476124997312,2.1875007999999996
1.234e-05,23.749996544,0.57574999744,1.47487499744,1.8750008319999996
1.2340500000000002e-05,23.749996544,0.56949999808,1.47487499744,1.5625008640000004
1.2341000000000001e-05,23.749996544,0.57574999744,1.476124997312,1.8750008319999996
1.23415e-05,22.968746496,0.56949999808,1.47487499744,1.8750008319999996
1.2342000000000001e-05,23.749996544,0.56949999808,1.473624997568,2.1875007999999996
1.23425e-05,23.749996544,0.56949999808,1.472374997696,2.1875007999999996
1.2343e-05,22.968746496,0.56949999808,1.473624997568,1.8750008319999996
1.2343500000000001e-05,23.749996544,0.56949999808,1.476124997312,1.8750008319999996
1.2344e-05,22.968746496,0.57574999744,1.47487499744,2.1875007999999996
1.23445e-05,23.749996544,0.57574999744,1.47487499744,1.8750008319999996
1.2345000000000001e-05,23.749996544,0.56949999808,1.478624997056,1.8750008319999996
1.23455e-05,23.749996544,0.56949999808,1.478624997056,2.1875007999999996
1.2346e-05,23.749996544,0.57574999744,1.476124997312,2.1875007999999996
1.2346500000000001e-05,22.968746496,0.56949999808,1.476124997312,2.1875007999999996
1.2347e-05,22.968746496,0.56949999808,1.477374997184,2.1875007999999996
1.23475e-05,23.749996544,0.56949999808,1.476124997312,2.1875007999999996
1.2348000000000001e-05,22.187496448000005,0.56949999808,1.476124997312,2.1875007999999996
1.23485e-05,22.968746496,0.57574999744,1.478624997056,1.8750008319999996
1.2349000000000002e-05,22.968746496,0.57574999744,1.477374997184,1.8750008319999996
1.2349500000000001e-05,23.749996544,0.57574999744,1.477374997184,1.8750008319999996
1.235e-05,23.749996544,0.57574999744,1.47487499744,2.1875007999999996
1.2350500000000001e-05,23.749996544,0.56949999808,1.476124997312,2.1875007999999996
1.2351e-05,23.749996544,0.57574999744,1.476124997312,1.8750008319999996
1.23515e-05,23.749996544,0.57574999744,1.476124997312,1.8750008319999996
1.2352000000000001e-05,23.749996544,0.57574999744,1.47487499744,2.1875007999999996
1.23525e-05,23.749996544,0.56949999808,1.476124997312,1.8750008319999996
1.2353e-05,22.968746496,0.56949999808,1.473624997568,1.8750008319999996
1.2353500000000001e-05,23.749996544,0.57574999744,1.473624997568,2.1875007999999996
1.2354e-05,23.749996544,0.57574999744,1.473624997568,2.1875007999999996
1.23545e-05,22.968746496,0.56949999808,1.47487499744,1.8750008319999996
1.2355000000000001e-05,22.968746496,0.56949999808,1.476124997312,1.8750008319999996
1.23555e-05,23.749996544,0.57574999744,1.47487499744,2.5000007679999996
1.2356e-05,23.749996544,0.56949999808,1.473624997568,1.8750008319999996
1.2356500000000001e-05,24.531246592000002,0.56949999808,1.477374997184,2.1875007999999996
1.2357e-05,23.749996544,0.57574999744,1.476124997312,1.8750008319999996
1.2357500000000002e-05,22.968746496,0.57574999744,1.476124997312,2.1875007999999996
1.2358000000000001e-05,23.749996544,0.57574999744,1.473624997568,2.1875007999999996
1.23585e-05,23.749996544,0.56949999808,1.47487499744,2.1875007999999996
1.2359000000000001e-05,23.749996544,0.56949999808,1.473624997568,2.1875007999999996
1.23595e-05,23.749996544,0.56949999808,1.473624997568,1.8750008319999996
1.236e-05,22.968746496,0.57574999744,1.473624997568,1.8750008319999996
1.2360500000000001e-05,23.749996544,0.56949999808,1.47487499744,1.5625008640000004
1.2361e-05,23.749996544,0.57574999744,1.472374997696,2.1875007999999996
1.23615e-05,22.968746496,0.57574999744,1.473624997568,1.8750008319999996
1.2362000000000001e-05,22.968746496,0.57574999744,1.476124997312,1.8750008319999996
1.23625e-05,22.968746496,0.57574999744,1.477374997184,1.8750008319999996
1.2363e-05,22.968746496,0.56949999808,1.477374997184,1.8750008319999996
1.2363500000000001e-05,23.749996544,0.57574999744,1.478624997056,2.1875007999999996
1.2364e-05,22.968746496,0.56949999808,1.477374997184,1.8750008319999996
1.23645e-05,23.749996544,0.57574999744,1.477374997184,2.1875007999999996
1.2365000000000001e-05,24.531246592000002,0.57574999744,1.476124997312,1.8750008319999996
1.23655e-05,22.968746496,0.57574999744,1.476124997312,1.5625008640000004
1.2366000000000002e-05,23.749996544,0.56949999808,1.476124997312,1.8750008319999996
1.2366500000000001e-05,23.749996544,0.56949999808,1.476124997312,2.1875007999999996
1.2367e-05,23.749996544,0.56949999808,1.477374997184,1.8750008319999996
1.2367500000000001e-05,23.749996544,0.57574999744,1.478624997056,1.8750008319999996
1.2368e-05,23.749996544,0.57574999744,1.47487499744,1.8750008319999996
1.23685e-05,23.749996544,0.57574999744,1.476124997312,1.5625008640000004
1.2369000000000001e-05,22.968746496,0.56949999808,1.47487499744,1.8750008319999996
1.23695e-05,22.968746496,0.56949999808,1.47487499744,2.1875007999999996
1.237e-05,23.749996544,0.56949999808,1.472374997696,2.1875007999999996
1.2370500000000001e-05,23.749996544,0.56949999808,1.473624997568,2.1875007999999996
1.2371e-05,23.749996544,0.57574999744,1.473624997568,1.8750008319999996
1.23715e-05,24.531246592000002,0.57574999744,1.47487499744,1.8750008319999996
1.2372000000000001e-05,23.749996544,0.57574999744,1.473624997568,2.1875007999999996
1.23725e-05,22.968746496,0.57574999744,1.47487499744,2.1875007999999996
1.2373e-05,23.749996544,0.57574999744,1.476124997312,2.1875007999999996
1.2373500000000001e-05,23.749996544,0.57574999744,1.47487499744,2.1875007999999996
1.2374e-05,23.749996544,0.57574999744,1.476124997312,2.1875007999999996
1.2374500000000002e-05,23.749996544,0.56949999808,1.476124997312,2.1875007999999996
1.2375000000000001e-05,23.749996544,0.56949999808,1.473624997568,1.8750008319999996
1.23755e-05,23.749996544,0.56949999808,1.473624997568,1.8750008319999996
1.2376000000000001e-05,24.531246592000002,0.57574999744,1.472374997696,1.8750008319999996
1.2376500000000001e-05,23.749996544,0.56949999808,1.47487499744,1.8750008319999996
1.2377e-05,23.749996544,0.56949999808,1.473624997568,1.8750008319999996
1.2377500000000001e-05,23.749996544,0.57574999744,1.473624997568,2.1875007999999996
1.2378e-05,23.749996544,0.56949999808,1.473624997568,2.1875007999999996
1.23785e-05,22.968746496,0.56949999808,1.476124997312,2.1875007999999996
1.2379000000000001e-05,22.968746496,0.56949999808,1.476124997312,2.1875007999999996
1.23795e-05,22.968746496,0.56949999808,1.47487499744,1.8750008319999996
1.238e-05,23.749996544,0.56949999808,1.47487499744,2.1875007999999996
1.2380500000000001e-05,23.749996544,0.57574999744,1.476124997312,1.8750008319999996
1.2381e-05,23.749996544,0.5819999967999999,1.473624997568,2.1875007999999996
1.23815e-05,22.968746496,0.57574999744,1.47487499744,1.8750008319999996
1.2382000000000001e-05,23.749996544,0.56949999808,1.473624997568,2.1875007999999996
1.23825e-05,23.749996544,0.57574999744,1.472374997696,2.5000007679999996
1.2383000000000002e-05,23.749996544,0.57574999744,1.472374997696,2.1875007999999996
1.2383500000000001e-05,23.749996544,0.56949999808,1.47487499744,1.8750008319999996
1.2384e-05,23.749996544,0.57574999744,1.47487499744,1.8750008319999996
1.2384500000000001e-05,23.749996544,0.57574999744,1.476124997312,1.8750008319999996
1.2385000000000001e-05,23.749996544,0.57574999744,1.472374997696,2.1875007999999996
1.23855e-05,23.749996544,0.57574999744,1.471124997824,2.1875007999999996
1.2386000000000001e-05,23.749996544,0.57574999744,1.472374997696,2.1875007999999996
1.23865e-05,22.968746496,0.57574999744,1.473624997568,1.8750008319999996
1.2387e-05,22.968746496,0.57574999744,1.476124997312,1.8750008319999996
1.2387500000000001e-05,22.968746496,0.56949999808,1.477374997184,2.1875007999999996
1.2388e-05,23.749996544,0.57574999744,1.477374997184,2.5000007679999996
1.23885e-05,22.968746496,0.57574999744,1.477374997184,2.1875007999999996
1.2389000000000001e-05,24.531246592000002,0.57574999744,1.476124997312,2.1875007999999996
1.23895e-05,22.968746496,0.57574999744,1.477374997184,1.8750008319999996
1.239e-05,22.968746496,0.56949999808,1.476124997312,2.1875007999999996
1.2390500000000001e-05,22.968746496,0.56949999808,1.477374997184,2.5000007679999996
1.2391e-05,22.968746496,0.56949999808,1.476124997312,1.8750008319999996
1.2391500000000002e-05,22.968746496,0.56949999808,1.47487499744,2.1875007999999996
1.2392000000000001e-05,23.749996544,0.57574999744,1.473624997568,2.1875007999999996
1.23925e-05,23.749996544,0.56949999808,1.473624997568,1.8750008319999996
1.2393000000000001e-05,22.968746496,0.57574999744,1.47487499744,2.1875007999999996
1.2393500000000001e-05,22.968746496,0.57574999744,1.476124997312,2.1875007999999996
1.2394e-05,23.749996544,0.57574999744,1.477374997184,2.1875007999999996
1.2394500000000001e-05,22.968746496,0.57574999744,1.476124997312,1.8750008319999996
1.2395e-05,22.968746496,0.5819999967999999,1.476124997312,2.1875007999999996
1.23955e-05,22.968746496,0.57574999744,1.47487499744,1.8750008319999996
1.2396000000000001e-05,23.749996544,0.56949999808,1.47487499744,2.1875007999999996
1.23965e-05,23.749996544,0.57574999744,1.47487499744,2.1875007999999996
1.2397e-05,22.968746496,0.57574999744,1.473624997568,2.1875007999999996
1.2397500000000001e-05,22.968746496,0.57574999744,1.47487499744,1.8750008319999996
1.2398e-05,22.968746496,0.56949999808,1.473624997568,2.1875007999999996
1.23985e-05,23.749996544,0.56949999808,1.47487499744,2.1875007999999996
1.2399000000000001e-05,22.968746496,0.56949999808,1.47487499744,1.8750008319999996
1.23995e-05,23.749996544,0.56949999808,1.478624997056,1.8750008319999996
1.2400000000000002e-05,23.749996544,0.57574999744,1.476124997312,1.8750008319999996
1.2400500000000001e-05,23.749996544,0.56949999808,1.476124997312,1.8750008319999996
1.2401e-05,23.749996544,0.56949999808,1.472374997696,1.8750008319999996
1.2401500000000001e-05,22.968746496,0.57574999744,1.473624997568,2.1875007999999996
1.2402000000000001e-05,22.968746496,0.57574999744,1.471124997824,2.5000007679999996
1.24025e-05,23.749996544,0.57574999744,1.47487499744,2.1875007999999996
1.2403000000000001e-05,23.749996544,0.56949999808,1.476124997312,2.1875007999999996
1.24035e-05,22.968746496,0.56949999808,1.473624997568,2.5000007679999996
1.2404e-05,22.968746496,0.57574999744,1.472374997696,2.1875007999999996
1.2404500000000001e-05,23.749996544,0.57574999744,1.47487499744,2.1875007999999996
1.2405e-05,23.749996544,0.57574999744,1.477374997184,2.1875007999999996
1.24055e-05,23.749996544,0.57574999744,1.478624997056,1.8750008319999996
1.2406000000000001e-05,23.749996544,0.57574999744,1.476124997312,2.1875007999999996
1.24065e-05,22.968746496,0.57574999744,1.478624997056,2.1875007999999996
1.2407e-05,22.968746496,0.57574999744,1.477374997184,1.8750008319999996
1.2407500000000001e-05,22.968746496,0.57574999744,1.477374997184,1.8750008319999996
1.2408e-05,23.749996544,0.5819999967999999,1.476124997312,2.1875007999999996
1.2408500000000002e-05,23.749996544,0.57574999744,1.476124997312,1.5625008640000004
1.2409000000000001e-05,23.749996544,0.57574999744,1.472374997696,2.1875007999999996
1.24095e-05,22.968746496,0.57574999744,1.473624997568,2.1875007999999996
1.2410000000000001e-05,23.749996544,0.56949999808,1.47487499744,2.1875007999999996
1.2410500000000001e-05,23.749996544,0.56949999808,1.47487499744,2.1875007999999996
1.2411e-05,23.749996544,0.56949999808,1.473624997568,2.1875007999999996
1.2411500000000001e-05,22.968746496,0.57574999744,1.473624997568,2.1875007999999996
1.2412e-05,23.749996544,0.57574999744,1.47487499744,1.8750008319999996
1.24125e-05,23.749996544,0.5819999967999999,1.473624997568,1.8750008319999996
1.2413000000000001e-05,23.749996544,0.57574999744,1.473624997568,1.8750008319999996
1.24135e-05,22.968746496,0.57574999744,1.473624997568,2.1875007999999996
1.2414e-05,23.749996544,0.56949999808,1.47487499744,2.1875007999999996
1.2414500000000001e-05,22.968746496,0.56949999808,1.473624997568,2.1875007999999996
1.2415e-05,23.749996544,0.57574999744,1.473624997568,1.8750008319999996
1.24155e-05,22.968746496,0.57574999744,1.472374997696,1.8750008319999996
1.2416000000000001e-05,22.968746496,0.56949999808,1.473624997568,1.8750008319999996
1.24165e-05,23.749996544,0.56949999808,1.476124997312,1.5625008640000004
1.2417000000000002e-05,23.749996544,0.57574999744,1.473624997568,1.8750008319999996
1.2417500000000001e-05,22.968746496,0.56949999808,1.473624997568,2.1875007999999996
1.2418e-05,23.749996544,0.57574999744,1.472374997696,2.1875007999999996
1.2418500000000001e-05,22.968746496,0.57574999744,1.473624997568,2.1875007999999996
1.2419000000000001e-05,22.968746496,0.56949999808,1.47487499744,1.8750008319999996
1.24195e-05,22.968746496,0.57574999744,1.476124997312,1.8750008319999996
1.2420000000000001e-05,23.749996544,0.56949999808,1.47487499744,1.8750008319999996
1.24205e-05,22.968746496,0.57574999744,1.476124997312,1.8750008319999996
1.2421e-05,23.749996544,0.5819999967999999,1.477374997184,1.8750008319999996
1.2421500000000001e-05,23.749996544,0.57574999744,1.477374997184,2.1875007999999996
1.2422e-05,22.968746496,0.57574999744,1.47487499744,2.1875007999999996
1.24225e-05,23.749996544,0.56949999808,1.473624997568,2.1875007999999996
1.2423000000000001e-05,22.968746496,0.57574999744,1.473624997568,1.8750008319999996
1.24235e-05,22.968746496,0.56949999808,1.473624997568,1.8750008319999996
1.2424e-05,23.749996544,0.57574999744,1.473624997568,1.8750008319999996
1.2424500000000001e-05,23.749996544,0.57574999744,1.472374997696,1.8750008319999996
1.2425e-05,22.968746496,0.57574999744,1.472374997696,1.8750008319999996
1.2425500000000002e-05,23.749996544,0.57574999744,1.476124997312,2.1875007999999996
1.2426000000000001e-05,23.749996544,0.57574999744,1.47487499744,1.8750008319999996
1.24265e-05,22.968746496,0.56949999808,1.47487499744,1.8750008319999996
1.2427000000000001e-05,23.749996544,0.57574999744,1.476124997312,2.1875007999999996
1.2427500000000001e-05,22.968746496,0.57574999744,1.476124997312,1.8750008319999996
1.2428e-05,23.749996544,0.57574999744,1.477374997184,1.8750008319999996
1.2428500000000001e-05,23.749996544,0.57574999744,1.477374997184,2.1875007999999996
1.2429e-05,23.749996544,0.5819999967999999,1.476124997312,2.1875007999999996
1.24295e-05,23.749996544,0.57574999744,1.476124997312,2.1875007999999996
1.2430000000000001e-05,23.749996544,0.57574999744,1.47487499744,1.8750008319999996
1.24305e-05,23.749996544,0.5819999967999999,1.473624997568,2.1875007999999996
1.2431e-05,22.968746496,0.57574999744,1.473624997568,2.1875007999999996
1.2431500000000001e-05,22.187496448000005,0.56949999808,1.473624997568,1.8750008319999996
1.2432e-05,22.968746496,0.57574999744,1.472374997696,2.1875007999999996
1.24325e-05,23.749996544,0.56949999808,1.473624997568,1.8750008319999996
1.2433000000000001e-05,22.968746496,0.57574999744,1.473624997568,1.8750008319999996
1.24335e-05,23.749996544,0.57574999744,1.473624997568,2.1875007999999996
1.2434000000000002e-05,23.749996544,0.57574999744,1.472374997696,2.1875007999999996
1.2434500000000001e-05,23.749996544,0.57574999744,1.472374997696,1.8750008319999996
1.2435e-05,23.749996544,0.5819999967999999,1.473624997568,2.1875007999999996
1.2435500000000001e-05,22.968746496,0.57574999744,1.47487499744,1.8750008319999996
1.2436000000000001e-05,23.749996544,0.57574999744,1.47487499744,2.1875007999999996
1.24365e-05,23.749996544,0.57574999744,1.477374997184,1.8750008319999996
1.2437000000000001e-05,23.749996544,0.57574999744,1.476124997312,2.1875007999999996
1.24375e-05,22.968746496,0.57574999744,1.473624997568,1.8750008319999996
1.2438e-05,23.749996544,0.57574999744,1.473624997568,2.1875007999999996
1.2438500000000001e-05,23.749996544,0.57574999744,1.476124997312,2.5000007679999996
1.2439e-05,22.968746496,0.57574999744,1.476124997312,1.8750008319999996
1.24395e-05,23.749996544,0.5819999967999999,1.473624997568,1.8750008319999996
1.2440000000000001e-05,23.749996544,0.5819999967999999,1.472374997696,2.1875007999999996
1.24405e-05,23.749996544,0.57574999744,1.473624997568,1.8750008319999996
1.2441e-05,22.968746496,0.57574999744,1.47487499744,1.8750008319999996
1.2441500000000001e-05,22.968746496,0.57574999744,1.473624997568,2.1875007999999996
1.2442e-05,23.749996544,0.5819999967999999,1.47487499744,2.1875007999999996
1.2442500000000002e-05,22.968746496,0.57574999744,1.476124997312,2.1875007999999996
1.2443000000000001e-05,23.749996544,0.57574999744,1.476124997312,1.8750008319999996
1.24435e-05,22.968746496,0.56949999808,1.473624997568,2.1875007999999996
1.2444000000000001e-05,23.749996544,0.57574999744,1.473624997568,2.1875007999999996
1.2444500000000001e-05,22.968746496,0.57574999744,1.473624997568,2.1875007999999996
1.2445e-05,23.749996544,0.57574999744,1.471124997824,1.8750008319999996
1.2445500000000001e-05,23.749996544,0.57574999744,1.471124997824,2.1875007999999996
1.2446e-05,22.968746496,0.56949999808,1.476124997312,2.5000007679999996
1.24465e-05,22.968746496,0.57574999744,1.477374997184,2.5000007679999996
1.2447000000000001e-05,23.749996544,0.56949999808,1.473624997568,1.8750008319999996
1.24475e-05,22.968746496,0.56949999808,1.473624997568,2.1875007999999996
1.2448e-05,22.968746496,0.57574999744,1.47487499744,1.8750008319999996
1.2448500000000001e-05,23.749996544,0.57574999744,1.476124997312,1.8750008319999996
1.2449e-05,22.968746496,0.57574999744,1.476124997312,1.8750008319999996
1.24495e-05,22.968746496,0.56949999808,1.473624997568,2.1875007999999996
1.2450000000000001e-05,22.968746496,0.57574999744,1.471124997824,2.1875007999999996
1.24505e-05,22.968746496,0.56949999808,1.472374997696,1.8750008319999996
1.2451000000000002e-05,22.968746496,0.56949999808,1.476124997312,2.1875007999999996
1.2451500000000001e-05,22.968746496,0.57574999744,1.477374997184,2.1875007999999996
1.2452e-05,22.968746496,0.56949999808,1.477374997184,2.1875007999999996
1.2452500000000001e-05,23.749996544,0.57574999744,1.476124997312,2.1875007999999996
1.2453000000000001e-05,22.968746496,0.56949999808,1.476124997312,2.1875007999999996
1.24535e-05,22.968746496,0.57574999744,1.473624997568,2.1875007999999996
1.2454000000000001e-05,22.968746496,0.57574999744,1.473624997568,2.1875007999999996
1.24545e-05,22.968746496,0.56949999808,1.473624997568,2.1875007999999996
1.2455e-05,22.968746496,0.57574999744,1.473624997568,1.8750008319999996
1.2455500000000001e-05,22.968746496,0.57574999744,1.472374997696,2.1875007999999996
1.2456e-05,22.968746496,0.57574999744,1.472374997696,2.1875007999999996
1.24565e-05,23.749996544,0.56949999808,1.476124997312,1.8750008319999996
1.2457000000000001e-05,22.968746496,0.56949999808,1.473624997568,2.1875007999999996
1.24575e-05,22.968746496,0.56949999808,1.471124997824,2.1875007999999996
1.2458e-05,22.968746496,0.57574999744,1.472374997696,2.1875007999999996
1.2458500000000001e-05,22.968746496,0.57574999744,1.47487499744,2.1875007999999996
1.2459e-05,23.749996544,0.57574999744,1.476124997312,2.1875007999999996
1.2459500000000002e-05,23.749996544,0.57574999744,1.477374997184,2.5000007679999996
1.2460000000000001e-05,22.968746496,0.56949999808,1.477374997184,2.5000007679999996
1.24605e-05,22.968746496,0.57574999744,1.477374997184,2.1875007999999996
1.2461000000000001e-05,23.749996544,0.56949999808,1.473624997568,2.1875007999999996
1.2461500000000001e-05,22.968746496,0.5819999967999999,1.473624997568,2.1875007999999996
1.2462e-05,22.968746496,0.57574999744,1.47487499744,1.8750008319999996
1.2462500000000001e-05,22.968746496,0.56949999808,1.47487499744,2.1875007999999996
1.2463e-05,23.749996544,0.56949999808,1.473624997568,1.8750008319999996
1.24635e-05,22.968746496,0.56949999808,1.476124997312,1.8750008319999996
1.2464000000000001e-05,22.968746496,0.57574999744,1.47487499744,1.8750008319999996
1.24645e-05,23.749996544,0.56949999808,1.47487499744,1.8750008319999996
1.2465e-05,22.968746496,0.57574999744,1.473624997568,2.1875007999999996
1.2465500000000001e-05,22.968746496,0.57574999744,1.47487499744,2.1875007999999996
1.2466e-05,23.749996544,0.5819999967999999,1.47487499744,2.1875007999999996
1.24665e-05,22.968746496,0.57574999744,1.47487499744,1.8750008319999996
1.2467000000000001e-05,22.968746496,0.5819999967999999,1.47487499744,1.8750008319999996
1.24675e-05,22.968746496,0.56949999808,1.47487499744,2.1875007999999996
1.2468000000000002e-05,22.968746496,0.57574999744,1.476124997312,1.8750008319999996
1.2468500000000001e-05,22.968746496,0.57574999744,1.479874996928,2.1875007999999996
1.2469e-05,22.968746496,0.56949999808,1.479874996928,2.1875007999999996
1.2469500000000001e-05,22.968746496,0.56949999808,1.478624997056,2.1875007999999996
1.2470000000000001e-05,23.749996544,0.56949999808,1.478624997056,2.1875007999999996
1.24705e-05,22.968746496,0.56949999808,1.478624997056,2.1875007999999996
1.2471000000000001e-05,22.968746496,0.56949999808,1.476124997312,1.8750008319999996
1.24715e-05,22.968746496,0.56949999808,1.473624997568,1.8750008319999996
1.2472e-05,22.968746496,0.57574999744,1.472374997696,2.1875007999999996
1.2472500000000001e-05,23.749996544,0.57574999744,1.47487499744,1.8750008319999996
1.2473e-05,22.968746496,0.57574999744,1.472374997696,2.1875007999999996
1.24735e-05,22.968746496,0.5819999967999999,1.472374997696,2.1875007999999996
1.2474000000000001e-05,22.968746496,0.57574999744,1.472374997696,2.1875007999999996
1.24745e-05,22.968746496,0.57574999744,1.473624997568,1.8750008319999996
1.2475e-05,22.968746496,0.5819999967999999,1.47487499744,2.1875007999999996
1.2475500000000001e-05,22.968746496,0.56949999808,1.47487499744,2.5000007679999996
1.2476e-05,23.749996544,0.57574999744,1.472374997696,2.1875007999999996
1.2476500000000002e-05,23.749996544,0.57574999744,1.471124997824,1.8750008319999996
1.2477000000000001e-05,23.749996544,0.5819999967999999,1.47487499744,1.8750008319999996
1.24775e-05,23.749996544,0.57574999744,1.47487499744,2.1875007999999996
1.2478000000000001e-05,22.968746496,0.56949999808,1.473624997568,2.1875007999999996
1.2478500000000001e-05,23.749996544,0.56949999808,1.473624997568,2.1875007999999996
1.2479e-05,23.749996544,0.57574999744,1.473624997568,1.8750008319999996
1.2479500000000001e-05,23.749996544,0.57574999744,1.47487499744,2.1875007999999996
1.248e-05,23.749996544,0.57574999744,1.473624997568,1.8750008319999996
1.24805e-05,23.749996544,0.57574999744,1.473624997568,1.5625008640000004
1.2481000000000001e-05,22.968746496,0.57574999744,1.473624997568,1.8750008319999996
1.24815e-05,23.749996544,0.57574999744,1.473624997568,2.1875007999999996
1.2482e-05,23.749996544,0.57574999744,1.472374997696,2.1875007999999996
1.2482500000000001e-05,23.749996544,0.56949999808,1.472374997696,1.8750008319999996
1.2483e-05,22.968746496,0.57574999744,1.473624997568,2.1875007999999996
1.24835e-05,22.968746496,0.56949999808,1.476124997312,2.1875007999999996
1.2484000000000001e-05,23.749996544,0.56949999808,1.47487499744,1.8750008319999996
1.24845e-05,22.968746496,0.5819999967999999,1.476124997312,1.8750008319999996
1.2485000000000002e-05,23.749996544,0.56949999808,1.47487499744,2.1875007999999996
1.2485500000000001e-05,22.968746496,0.57574999744,1.47487499744,2.1875007999999996
1.2486e-05,23.749996544,0.57574999744,1.472374997696,2.5000007679999996
1.2486500000000001e-05,22.968746496,0.56949999808,1.473624997568,2.5000007679999996
1.2487000000000001e-05,22.968746496,0.57574999744,1.47487499744,1.8750008319999996
1.24875e-05,22.968746496,0.56949999808,1.476124997312,1.8750008319999996
1.2488000000000001e-05,22.968746496,0.57574999744,1.476124997312,2.1875007999999996
1.24885e-05,23.749996544,0.56949999808,1.477374997184,2.1875007999999996
1.2489e-05,23.749996544,0.57574999744,1.476124997312,2.1875007999999996
1.2489500000000001e-05,23.749996544,0.57574999744,1.473624997568,2.1875007999999996
1.249e-05,22.968746496,0.57574999744,1.47487499744,2.1875007999999996
1.24905e-05,22.968746496,0.57574999744,1.47487499744,2.1875007999999996
1.2491000000000001e-05,23.749996544,0.5819999967999999,1.47487499744,2.5000007679999996
1.24915e-05,22.968746496,0.57574999744,1.47487499744,2.1875007999999996
1.2492e-05,22.968746496,0.57574999744,1.47487499744,2.5000007679999996
1.2492500000000001e-05,22.968746496,0.57574999744,1.476124997312,1.8750008319999996
1.2493e-05,24.531246592000002,0.5819999967999999,1.47487499744,2.1875007999999996
1.2493500000000002e-05,22.968746496,0.57574999744,1.47487499744,2.1875007999999996
1.2494000000000001e-05,22.968746496,0.57574999744,1.476124997312,2.1875007999999996
1.24945e-05,23.749996544,0.56949999808,1.477374997184,2.1875007999999996
1.2495000000000001e-05,22.968746496,0.57574999744,1.477374997184,2.1875007999999996
1.2495500000000001e-05,22.968746496,0.56949999808,1.476124997312,1.8750008319999996
1.2496e-05,23.749996544,0.57574999744,1.47487499744,2.1875007999999996
1.2496500000000001e-05,23.749996544,0.57574999744,1.476124997312,1.8750008319999996
1.2497e-05,22.968746496,0.56949999808,1.477374997184,1.8750008319999996
1.24975e-05,22.968746496,0.57574999744,1.478624997056,2.1875007999999996
1.2498000000000001e-05,22.968746496,0.57574999744,1.477374997184,2.1875007999999996
1.24985e-05,22.968746496,0.57574999744,1.476124997312,2.1875007999999996
1.2499e-05,23.749996544,0.57574999744,1.476124997312,2.1875007999999996
1.2499500000000001e-05,23.749996544,0.57574999744,1.477374997184,2.5000007679999996
1.25e-05,22.968746496,0.56949999808,1.477374997184,2.5000007679999996
1.25005e-05,23.749996544,0.57574999744,1.478624997056,2.1875007999999996
1.2501000000000001e-05,23.749996544,0.57574999744,1.476124997312,2.1875007999999996
1.25015e-05,22.968746496,0.57574999744,1.47487499744,2.1875007999999996
1.2502000000000002e-05,22.968746496,0.57574999744,1.477374997184,2.5000007679999996
1.2502500000000001e-05,23.749996544,0.57574999744,1.478624997056,2.5000007679999996
1.2503e-05,23.749996544,0.57574999744,1.476124997312,2.1875007999999996
1.2503500000000001e-05,23.749996544,0.56949999808,1.477374997184,2.1875007999999996
1.2504000000000001e-05,23.749996544,0.57574999744,1.476124997312,2.1875007999999996
1.25045e-05,23.749996544,0.57574999744,1.478624997056,1.8750008319999996
1.2505000000000001e-05,22.968746496,0.57574999744,1.476124997312,2.1875007999999996
1.25055e-05,23.749996544,0.5819999967999999,1.476124997312,2.1875007999999996
1.2506e-05,23.749996544,0.56949999808,1.476124997312,2.1875007999999996
1.2506500000000001e-05,23.749996544,0.57574999744,1.477374997184,2.1875007999999996
1.2507e-05,22.968746496,0.5819999967999999,1.478624997056,2.1875007999999996
1.25075e-05,22.968746496,0.57574999744,1.47487499744,2.1875007999999996
1.2508000000000001e-05,23.749996544,0.57574999744,1.476124997312,2.1875007999999996
1.25085e-05,22.968746496,0.57574999744,1.476124997312,2.1875007999999996
1.2509e-05,23.749996544,0.5819999967999999,1.476124997312,2.5000007679999996
1.2509500000000001e-05,22.968746496,0.57574999744,1.477374997184,2.1875007999999996
1.251e-05,23.749996544,0.57574999744,1.477374997184,2.5000007679999996
1.2510500000000002e-05,23.749996544,0.57574999744,1.478624997056,2.1875007999999996
1.2511000000000001e-05,23.749996544,0.57574999744,1.477374997184,1.8750008319999996
1.25115e-05,23.749996544,0.57574999744,1.476124997312,1.8750008319999996
1.2512000000000002e-05,23.749996544,0.57574999744,1.476124997312,1.8750008319999996
1.2512500000000001e-05,23.749996544,0.56949999808,1.476124997312,2.1875007999999996
1.2513e-05,22.968746496,0.57574999744,1.47487499744,2.1875007999999996
1.2513500000000001e-05,23.749996544,0.57574999744,1.47487499744,2.1875007999999996
1.2514e-05,23.749996544,0.57574999744,1.473624997568,2.1875007999999996
1.25145e-05,22.968746496,0.57574999744,1.47487499744,2.1875007999999996
1.2515000000000001e-05,23.749996544,0.57574999744,1.47487499744,1.8750008319999996
1.25155e-05,23.749996544,0.57574999744,1.473624997568,2.1875007999999996
1.2516e-05,23.749996544,0.56949999808,1.476124997312,2.1875007999999996
1.2516500000000001e-05,23.749996544,0.57574999744,1.478624997056,1.8750008319999996
1.2517e-05,24.531246592000002,0.57574999744,1.47487499744,2.1875007999999996
1.25175e-05,22.968746496,0.57574999744,1.473624997568,2.1875007999999996
1.2518000000000001e-05,23.749996544,0.57574999744,1.473624997568,2.1875007999999996
1.25185e-05,22.968746496,0.57574999744,1.477374997184,2.5000007679999996
1.2519000000000002e-05,23.749996544,0.57574999744,1.47487499744,2.1875007999999996
1.2519500000000001e-05,23.749996544,0.56949999808,1.476124997312,1.8750008319999996
1.252e-05,23.749996544,0.57574999744,1.476124997312,2.1875007999999996
1.2520500000000002e-05,24.531246592000002,0.56949999808,1.479874996928,1.5625008640000004
1.2521000000000001e-05,23.749996544,0.57574999744,1.478624997056,2.1875007999999996
1.25215e-05,23.749996544,0.57574999744,1.477374997184,2.1875007999999996
1.2522000000000001e-05,22.968746496,0.56949999808,1.476124997312,2.1875007999999996
1.25225e-05,22.968746496,0.56949999808,1.47487499744,2.1875007999999996
1.2523e-05,22.968746496,0.5819999967999999,1.47487499744,2.1875007999999996
1.2523500000000001e-05,23.749996544,0.57574999744,1.476124997312,2.5000007679999996
1.2524e-05,23.749996544,0.56949999808,1.477374997184,2.1875007999999996
1.25245e-05,23.749996544,0.56949999808,1.477374997184,1.8750008319999996
1.2525000000000001e-05,23.749996544,0.57574999744,1.476124997312,2.1875007999999996
1.25255e-05,23.749996544,0.57574999744,1.47487499744,2.1875007999999996
1.2526e-05,23.749996544,0.56949999808,1.476124997312,2.5000007679999996
1.2526500000000001e-05,23.749996544,0.56949999808,1.476124997312,2.1875007999999996
1.2527e-05,23.749996544,0.57574999744,1.476124997312,2.1875007999999996
1.2527500000000002e-05,23.749996544,0.57574999744,1.477374997184,1.8750008319999996
1.2528000000000001e-05,22.968746496,0.57574999744,1.47487499744,1.8750008319999996
1.25285e-05,23.749996544,0.56949999808,1.477374997184,1.8750008319999996
1.2529000000000002e-05,23.749996544,0.57574999744,1.477374997184,1.8750008319999996
1.2529500000000001e-05,22.968746496,0.57574999744,1.473624997568,2.1875007999999996
1.253e-05,22.968746496,0.57574999744,1.472374997696,2.1875007999999996
1.2530500000000001e-05,22.968746496,0.57574999744,1.476124997312,2.1875007999999996
1.2531e-05,23.749996544,0.5819999967999999,1.476124997312,2.1875007999999996
1.25315e-05,23.749996544,0.57574999744,1.47487499744,2.5000007679999996
1.2532000000000001e-05,22.968746496,0.5819999967999999,1.473624997568,2.1875007999999996
1.25325e-05,22.968746496,0.5819999967999999,1.472374997696,2.1875007999999996
1.2533e-05,23.749996544,0.5819999967999999,1.472374997696,1.8750008319999996
1.2533500000000001e-05,23.749996544,0.57574999744,1.47487499744,1.8750008319999996
1.2534e-05,23.749996544,0.57574999744,1.477374997184,2.1875007999999996
1.25345e-05,23.749996544,0.57574999744,1.478624997056,2.1875007999999996
1.2535000000000001e-05,22.968746496,0.57574999744,1.476124997312,2.1875007999999996
1.25355e-05,22.968746496,0.57574999744,1.47487499744,2.1875007999999996
1.2536000000000002e-05,22.968746496,0.57574999744,1.47487499744,2.1875007999999996
1.2536500000000001e-05,23.749996544,0.56949999808,1.476124997312,2.1875007999999996
1.2537e-05,22.968746496,0.57574999744,1.47487499744,2.1875007999999996
1.2537500000000002e-05,22.968746496,0.57574999744,1.47487499744,2.1875007999999996
1.2538000000000001e-05,23.749996544,0.57574999744,1.47487499744,2.1875007999999996
1.25385e-05,23.749996544,0.57574999744,1.476124997312,1.8750008319999996
1.2539000000000001e-05,23.749996544,0.58824999616,1.476124997312,2.1875007999999996
1.25395e-05,22.968746496,0.57574999744,1.472374997696,2.5000007679999996
1.254e-05,23.749996544,0.57574999744,1.471124997824,2.1875007999999996
1.2540500000000001e-05,22.968746496,0.57574999744,1.476124997312,2.1875007999999996
1.2541e-05,23.749996544,0.5819999967999999,1.476124997312,2.1875007999999996
1.25415e-05,23.749996544,0.57574999744,1.47487499744,2.1875007999999996
1.2542000000000001e-05,23.749996544,0.57574999744,1.476124997312,2.1875007999999996
1.25425e-05,23.749996544,0.57574999744,1.477374997184,2.1875007999999996
1.2543e-05,23.749996544,0.57574999744,1.478624997056,2.1875007999999996
1.2543500000000001e-05,23.749996544,0.5819999967999999,1.477374997184,2.1875007999999996
1.2544e-05,22.968746496,0.57574999744,1.477374997184,2.1875007999999996
1.2544500000000002e-05,23.749996544,0.57574999744,1.479874996928,1.8750008319999996
1.2545000000000001e-05,22.968746496,0.5819999967999999,1.477374997184,2.1875007999999996
1.25455e-05,22.968746496,0.5819999967999999,1.476124997312,2.5000007679999996
1.2546000000000002e-05,23.749996544,0.5819999967999999,1.477374997184,2.1875007999999996
1.2546500000000001e-05,22.968746496,0.5819999967999999,1.477374997184,2.1875007999999996
1.2547e-05,22.968746496,0.5819999967999999,1.477374997184,2.5000007679999996
1.2547500000000001e-05,22.968746496,0.5819999967999999,1.47487499744,2.1875007999999996
1.2548e-05,23.749996544,0.57574999744,1.47487499744,2.1875007999999996
1.25485e-05,23.749996544,0.5819999967999999,1.476124997312,2.1875007999999996
1.2549000000000001e-05,24.531246592000002,0.5819999967999999,1.477374997184,2.1875007999999996
1.25495e-05,22.968746496,0.5819999967999999,1.476124997312,2.1875007999999996
1.255e-05,23.749996544,0.57574999744,1.476124997312,2.1875007999999996
1.2550500000000001e-05,22.968746496,0.57574999744,1.47487499744,2.1875007999999996
1.2551e-05,23.749996544,0.56949999808,1.476124997312,2.1875007999999996
1.25515e-05,22.968746496,0.57574999744,1.478624997056,2.1875007999999996
1.2552000000000001e-05,23.749996544,0.57574999744,1.47487499744,2.5000007679999996
1.25525e-05,23.749996544,0.57574999744,1.476124997312,2.1875007999999996
1.2553000000000002e-05,22.968746496,0.57574999744,1.47487499744,2.1875007999999996
1.2553500000000001e-05,22.968746496,0.5819999967999999,1.477374997184,2.1875007999999996
1.2554e-05,23.749996544,0.5819999967999999,1.477374997184,2.5000007679999996
1.2554500000000002e-05,22.968746496,0.57574999744,1.47487499744,2.1875007999999996
1.2555000000000001e-05,23.749996544,0.5819999967999999,1.476124997312,2.1875007999999996
1.25555e-05,22.968746496,0.5819999967999999,1.47487499744,2.1875007999999996
1.2556000000000001e-05,23.749996544,0.57574999744,1.473624997568,2.5000007679999996
1.25565e-05,23.749996544,0.5819999967999999,1.47487499744,1.8750008319999996
1.2557e-05,23.749996544,0.57574999744,1.476124997312,2.1875007999999996
1.2557500000000001e-05,23.749996544,0.57574999744,1.476124997312,2.1875007999999996
1.2558e-05,22.968746496,0.57574999744,1.47487499744,2.5000007679999996
1.25585e-05,22.968746496,0.5819999967999999,1.476124997312,2.5000007679999996
1.2559000000000001e-05,23.749996544,0.57574999744,1.47487499744,1.8750008319999996
1.25595e-05,23.749996544,0.57574999744,1.473624997568,1.8750008319999996
1.256e-05,23.749996544,0.57574999744,1.472374997696,2.5000007679999996
1.2560500000000001e-05,23.749996544,0.5819999967999999,1.47487499744,2.1875007999999996
1.2561e-05,22.968746496,0.5819999967999999,1.473624997568,2.1875007999999996
1.2561500000000002e-05,22.968746496,0.5819999967999999,1.473624997568,2.5000007679999996
1.2562000000000001e-05,23.749996544,0.5819999967999999,1.471124997824,2.1875007999999996
1.25625e-05,23.749996544,0.5819999967999999,1.472374997696,2.1875007999999996
1.2563000000000002e-05,22.968746496,0.5819999967999999,1.473624997568,2.8125007359999996
1.2563500000000001e-05,23.749996544,0.5819999967999999,1.473624997568,2.8125007359999996
1.2564e-05,22.968746496,0.57574999744,1.47487499744,2.5000007679999996
1.2564500000000001e-05,22.968746496,0.57574999744,1.47487499744,2.1875007999999996
1.2565e-05,23.749996544,0.5819999967999999,1.47487499744,2.5000007679999996
1.25655e-05,23.749996544,0.57574999744,1.476124997312,2.5000007679999996
1.2566000000000001e-05,22.968746496,0.56949999808,1.476124997312,2.5000007679999996
1.25665e-05,23.749996544,0.57574999744,1.477374997184,2.5000007679999996
1.2567e-05,23.749996544,0.57574999744,1.473624997568,2.1875007999999996
1.2567500000000001e-05,22.968746496,0.5819999967999999,1.473624997568,2.1875007999999996
1.2568e-05,22.968746496,0.57574999744,1.47487499744,2.1875007999999996
1.25685e-05,23.749996544,0.57574999744,1.476124997312,1.8750008319999996
1.2569000000000001e-05,22.968746496,0.57574999744,1.477374997184,2.5000007679999996
1.25695e-05,22.968746496,0.5819999967999999,1.476124997312,2.1875007999999996
1.2570000000000002e-05,22.968746496,0.57574999744,1.476124997312,2.5000007679999996
1.2570500000000001e-05,22.968746496,0.57574999744,1.477374997184,2.1875007999999996
1.2571e-05,23.749996544,0.5819999967999999,1.476124997312,2.1875007999999996
1.2571500000000002e-05,22.968746496,0.57574999744,1.476124997312,2.1875007999999996
1.2572000000000001e-05,22.968746496,0.57574999744,1.476124997312,2.1875007999999996
1.25725e-05,22.968746496,0.5819999967999999,1.47487499744,2.1875007999999996
1.2573000000000001e-05,24.531246592000002,0.5819999967999999,1.476124997312,2.5000007679999996
1.25735e-05,23.749996544,0.57574999744,1.47487499744,2.5000007679999996
1.2574e-05,23.749996544,0.56949999808,1.47487499744,2.5000007679999996
1.2574500000000001e-05,23.749996544,0.56949999808,1.476124997312,2.5000007679999996
1.2575e-05,23.749996544,0.57574999744,1.476124997312,2.1875007999999996
1.25755e-05,23.749996544,0.5819999967999999,1.477374997184,2.1875007999999996
1.2576000000000001e-05,23.749996544,0.57574999744,1.476124997312,2.5000007679999996
1.25765e-05,23.749996544,0.57574999744,1.477374997184,2.1875007999999996
1.2577e-05,22.968746496,0.5819999967999999,1.476124997312,2.1875007999999996
1.2577500000000001e-05,23.749996544,0.5819999967999999,1.476124997312,2.1875007999999996
1.2578e-05,23.749996544,0.57574999744,1.476124997312,2.1875007999999996
1.2578500000000002e-05,22.968746496,0.57574999744,1.476124997312,2.1875007999999996
1.2579000000000001e-05,22.968746496,0.56949999808,1.47487499744,2.1875007999999996
1.25795e-05,23.749996544,0.57574999744,1.47487499744,2.5000007679999996
1.2580000000000002e-05,22.968746496,0.57574999744,1.47487499744,2.1875007999999996
1.2580500000000001e-05,22.968746496,0.57574999744,1.472374997696,2.1875007999999996
1.2581e-05,23.749996544,0.5819999967999999,1.471124997824,2.1875007999999996
1.2581500000000001e-05,23.749996544,0.5819999967999999,1.473624997568,2.1875007999999996
1.2582e-05,23.749996544,0.56949999808,1.47487499744,2.1875007999999996
1.25825e-05,23.749996544,0.56949999808,1.47487499744,2.1875007999999996
1.2583000000000001e-05,23.749996544,0.57574999744,1.476124997312,1.8750008319999996
1.25835e-05,22.968746496,0.57574999744,1.478624997056,2.1875007999999996
1.2584e-05,22.968746496,0.57574999744,1.47487499744,2.1875007999999996
1.2584500000000001e-05,22.968746496,0.56949999808,1.476124997312,1.8750008319999996
1.2585e-05,22.968746496,0.57574999744,1.476124997312,1.8750008319999996
1.25855e-05,22.968746496,0.57574999744,1.47487499744,2.1875007999999996
1.2586000000000001e-05,22.968746496,0.57574999744,1.477374997184,2.1875007999999996
1.25865e-05,22.968746496,0.57574999744,1.476124997312,2.1875007999999996
1.2587000000000002e-05,22.968746496,0.5819999967999999,1.476124997312,2.5000007679999996
1.2587500000000001e-05,23.749996544,0.57574999744,1.476124997312,2.1875007999999996
1.2588e-05,22.968746496,0.57574999744,1.47487499744,2.5000007679999996
1.2588500000000002e-05,22.968746496,0.5819999967999999,1.476124997312,2.1875007999999996
1.2589000000000001e-05,23.749996544,0.5819999967999999,1.477374997184,2.1875007999999996
1.25895e-05,22.968746496,0.5819999967999999,1.478624997056,2.5000007679999996
1.2590000000000001e-05,23.749996544,0.57574999744,1.477374997184,2.1875007999999996
1.25905e-05,23.749996544,0.57574999744,1.47487499744,2.1875007999999996
1.2591e-05,22.968746496,0.5819999967999999,1.47487499744,1.8750008319999996
1.2591500000000001e-05,23.749996544,0.5819999967999999,1.476124997312,2.1875007999999996
1.2592e-05,22.968746496,0.5819999967999999,1.476124997312,2.5000007679999996
1.25925e-05,23.749996544,0.5819999967999999,1.476124997312,2.1875007999999996
1.2593000000000001e-05,23.749996544,0.5819999967999999,1.47487499744,2.5000007679999996
1.25935e-05,22.968746496,0.5819999967999999,1.473624997568,2.5000007679999996
1.2594e-05,23.749996544,0.5819999967999999,1.473624997568,2.5000007679999996
1.2594500000000001e-05,23.749996544,0.5819999967999999,1.473624997568,2.1875007999999996
1.2595e-05,22.968746496,0.5819999967999999,1.473624997568,2.1875007999999996
1.25955e-05,22.968746496,0.57574999744,1.473624997568,2.1875007999999996
1.2596000000000001e-05,23.749996544,0.57574999744,1.47487499744,2.1875007999999996
1.25965e-05,23.749996544,0.5819999967999999,1.479874996928,2.1875007999999996
1.2597000000000002e-05,23.749996544,0.58824999616,1.477374997184,2.1875007999999996
1.2597500000000001e-05,23.749996544,0.57574999744,1.47487499744,2.1875007999999996
1.2598e-05,23.749996544,0.57574999744,1.477374997184,2.1875007999999996
1.2598500000000001e-05,23.749996544,0.57574999744,1.478624997056,2.1875007999999996
1.2599e-05,22.968746496,0.5819999967999999,1.47487499744,1.8750008319999996
1.25995e-05,23.749996544,0.57574999744,1.47487499744,2.1875007999999996
1.2600000000000001e-05,23.749996544,0.5819999967999999,1.47487499744,2.1875007999999996
1.26005e-05,23.749996544,0.57574999744,1.476124997312,1.8750008319999996
1.2601e-05,22.968746496,0.57574999744,1.473624997568,2.1875007999999996
1.2601500000000001e-05,22.968746496,0.5819999967999999,1.473624997568,2.5000007679999996
1.2602e-05,23.749996544,0.57574999744,1.473624997568,2.5000007679999996
1.26025e-05,22.968746496,0.5819999967999999,1.476124997312,2.1875007999999996
1.2603000000000001e-05,23.749996544,0.5819999967999999,1.477374997184,2.1875007999999996
1.26035e-05,22.968746496,0.57574999744,1.477374997184,2.5000007679999996
1.2604e-05,23.749996544,0.57574999744,1.47487499744,2.1875007999999996
1.2604500000000001e-05,23.749996544,0.57574999744,1.47487499744,1.8750008319999996
1.2605e-05,23.749996544,0.5819999967999999,1.47487499744,2.1875007999999996
1.2605500000000002e-05,23.749996544,0.57574999744,1.473624997568,2.1875007999999996
1.2606000000000001e-05,22.968746496,0.56949999808,1.473624997568,2.1875007999999996
1.26065e-05,23.749996544,0.57574999744,1.47487499744,2.5000007679999996
1.2607000000000001e-05,22.968746496,0.57574999744,1.473624997568,2.1875007999999996
1.26075e-05,22.968746496,0.57574999744,1.476124997312,2.1875007999999996
1.2608e-05,22.968746496,0.57574999744,1.47487499744,2.1875007999999996
1.2608500000000001e-05,23.749996544,0.56949999808,1.478624997056,1.8750008319999996
1.2609e-05,22.968746496,0.57574999744,1.478624997056,1.8750008319999996
1.26095e-05,23.749996544,0.57574999744,1.478624997056,2.1875007999999996
1.2610000000000001e-05,23.749996544,0.56949999808,1.477374997184,2.1875007999999996
1.26105e-05,23.749996544,0.56949999808,1.478624997056,2.1875007999999996
1.2611e-05,22.968746496,0.57574999744,1.478624997056,2.1875007999999996
1.2611500000000001e-05,22.968746496,0.57574999744,1.47487499744,2.1875007999999996
1.2612e-05,22.968746496,0.5819999967999999,1.472374997696,1.8750008319999996
1.26125e-05,23.749996544,0.5819999967999999,1.476124997312,1.8750008319999996
1.2613000000000001e-05,23.749996544,0.5819999967999999,1.476124997312,2.1875007999999996
1.26135e-05,22.968746496,0.5819999967999999,1.47487499744,2.1875007999999996
1.2614000000000002e-05,22.968746496,0.57574999744,1.476124997312,2.1875007999999996
1.2614500000000001e-05,23.749996544,0.58824999616,1.478624997056,2.1875007999999996
1.2615e-05,23.749996544,0.5819999967999999,1.478624997056,2.1875007999999996
1.2615500000000001e-05,22.968746496,0.57574999744,1.477374997184,2.1875007999999996
1.2616e-05,22.968746496,0.57574999744,1.473624997568,2.1875007999999996
1.26165e-05,23.749996544,0.57574999744,1.473624997568,2.1875007999999996
1.2617000000000001e-05,22.968746496,0.5819999967999999,1.472374997696,2.1875007999999996
1.26175e-05,22.968746496,0.5819999967999999,1.473624997568,2.1875007999999996
1.2618e-05,22.968746496,0.5819999967999999,1.476124997312,2.1875007999999996
1.2618500000000001e-05,22.968746496,0.57574999744,1.476124997312,2.1875007999999996
1.2619e-05,22.968746496,0.5819999967999999,1.477374997184,2.5000007679999996
1.26195e-05,23.749996544,0.57574999744,1.47487499744,2.1875007999999996
1.2620000000000001e-05,22.187496448000005,0.57574999744,1.473624997568,2.1875007999999996
1.26205e-05,22.968746496,0.57574999744,1.473624997568,2.1875007999999996
1.2621e-05,22.968746496,0.5819999967999999,1.476124997312,2.1875007999999996
1.2621500000000001e-05,22.968746496,0.57574999744,1.477374997184,2.1875007999999996
1.2622e-05,22.968746496,0.57574999744,1.477374997184,2.5000007679999996
1.2622500000000002e-05,22.968746496,0.57574999744,1.478624997056,2.1875007999999996
1.2623000000000001e-05,22.968746496,0.57574999744,1.477374997184,1.8750008319999996
1.26235e-05,23.749996544,0.5819999967999999,1.477374997184,2.1875007999999996
1.2624000000000001e-05,23.749996544,0.5819999967999999,1.47487499744,2.5000007679999996
1.26245e-05,22.968746496,0.57574999744,1.478624997056,1.8750008319999996
1.2625e-05,22.968746496,0.56949999808,1.477374997184,2.5000007679999996
1.2625500000000001e-05,22.968746496,0.57574999744,1.477374997184,2.5000007679999996
1.2626e-05,23.749996544,0.57574999744,1.476124997312,2.5000007679999996
1.26265e-05,22.187496448000005,0.57574999744,1.476124997312,2.1875007999999996
1.2627000000000001e-05,22.968746496,0.58824999616,1.476124997312,2.5000007679999996
1.26275e-05,22.968746496,0.57574999744,1.477374997184,2.5000007679999996
1.2628e-05,23.749996544,0.57574999744,1.47487499744,2.1875007999999996
1.2628500000000001e-05,22.968746496,0.5819999967999999,1.476124997312,2.1875007999999996
1.2629e-05,23.749996544,0.58824999616,1.47487499744,2.1875007999999996
1.26295e-05,23.749996544,0.5819999967999999,1.47487499744,2.1875007999999996
1.2630000000000001e-05,23.749996544,0.57574999744,1.476124997312,2.1875007999999996
1.26305e-05,23.749996544,0.57574999744,1.476124997312,2.1875007999999996
1.2631000000000002e-05,23.749996544,0.57574999744,1.476124997312,2.1875007999999996
1.2631500000000001e-05,23.749996544,0.5819999967999999,1.47487499744,2.1875007999999996
1.2632e-05,23.749996544,0.57574999744,1.476124997312,2.5000007679999996
1.2632500000000001e-05,23.749996544,0.56949999808,1.479874996928,1.8750008319999996
1.2633000000000001e-05,22.968746496,0.57574999744,1.476124997312,2.1875007999999996
1.26335e-05,23.749996544,0.57574999744,1.477374997184,2.5000007679999996
1.2634000000000001e-05,23.749996544,0.57574999744,1.477374997184,2.5000007679999996
1.26345e-05,22.968746496,0.57574999744,1.476124997312,2.1875007999999996
1.2635e-05,22.968746496,0.5819999967999999,1.476124997312,2.5000007679999996
1.2635500000000001e-05,23.749996544,0.57574999744,1.477374997184,2.1875007999999996
1.2636e-05,23.749996544,0.56949999808,1.476124997312,2.5000007679999996
1.26365e-05,23.749996544,0.5819999967999999,1.477374997184,2.5000007679999996
1.2637000000000001e-05,23.749996544,0.5819999967999999,1.476124997312,2.5000007679999996
1.26375e-05,23.749996544,0.5819999967999999,1.476124997312,2.5000007679999996
1.2638e-05,23.749996544,0.57574999744,1.47487499744,2.5000007679999996
1.2638500000000001e-05,22.968746496,0.57574999744,1.477374997184,2.8125007359999996
1.2639e-05,23.749996544,0.5819999967999999,1.477374997184,2.1875007999999996
1.2639500000000002e-05,22.968746496,0.57574999744,1.478624997056,1.8750008319999996
1.2640000000000001e-05,22.968746496,0.57574999744,1.476124997312,2.1875007999999996
1.26405e-05,23.749996544,0.56949999808,1.478624997056,1.8750008319999996
1.2641000000000001e-05,23.749996544,0.57574999744,1.477374997184,2.5000007679999996
1.2641500000000001e-05,23.749996544,0.5819999967999999,1.477374997184,2.8125007359999996
1.2642e-05,23.749996544,0.5819999967999999,1.478624997056,2.1875007999999996
1.2642500000000001e-05,23.749996544,0.57574999744,1.478624997056,2.1875007999999996
1.2643e-05,22.968746496,0.5819999967999999,1.478624997056,2.5000007679999996
1.26435e-05,22.968746496,0.5819999967999999,1.477374997184,2.5000007679999996
1.2644000000000001e-05,23.749996544,0.5819999967999999,1.47487499744,2.5000007679999996
1.26445e-05,22.968746496,0.5819999967999999,1.476124997312,2.1875007999999996
1.2645e-05,23.749996544,0.5819999967999999,1.478624997056,2.5000007679999996
1.2645500000000001e-05,23.749996544,0.57574999744,1.477374997184,2.5000007679999996
1.2646e-05,23.749996544,0.57574999744,1.473624997568,2.5000007679999996
1.26465e-05,22.968746496,0.57574999744,1.472374997696,2.5000007679999996
1.2647000000000001e-05,23.749996544,0.57574999744,1.472374997696,2.5000007679999996
1.26475e-05,22.968746496,0.5819999967999999,1.47487499744,2.1875007999999996
1.2648000000000002e-05,22.968746496,0.5819999967999999,1.47487499744,2.1875007999999996
1.2648500000000001e-05,23.749996544,0.5819999967999999,1.476124997312,1.8750008319999996
1.2649e-05,22.968746496,0.5819999967999999,1.476124997312,2.1875007999999996
1.2649500000000001e-05,22.968746496,0.57574999744,1.477374997184,2.5000007679999996
1.2650000000000001e-05,23.749996544,0.57574999744,1.476124997312,2.5000007679999996
1.26505e-05,22.968746496,0.57574999744,1.47487499744,2.1875007999999996
1.2651000000000001e-05,23.749996544,0.5819999967999999,1.472374997696,2.5000007679999996
1.26515e-05,23.749996544,0.5819999967999999,1.471124997824,2.5000007679999996
1.2652e-05,23.749996544,0.56949999808,1.472374997696,2.5000007679999996
1.2652500000000001e-05,23.749996544,0.57574999744,1.47487499744,2.1875007999999996
1.2653e-05,23.749996544,0.57574999744,1.473624997568,2.1875007999999996
1.26535e-05,23.749996544,0.5819999967999999,1.47487499744,2.1875007999999996
1.2654000000000001e-05,23.749996544,0.57574999744,1.477374997184,2.1875007999999996
1.26545e-05,23.749996544,0.57574999744,1.479874996928,2.1875007999999996
1.2655e-05,22.968746496,0.57574999744,1.477374997184,2.1875007999999996
1.2655500000000001e-05,22.968746496,0.57574999744,1.477374997184,1.8750008319999996
1.2656e-05,22.968746496,0.5819999967999999,1.47487499744,2.1875007999999996
1.2656500000000002e-05,23.749996544,0.57574999744,1.476124997312,1.8750008319999996
1.2657000000000001e-05,22.968746496,0.57574999744,1.476124997312,2.1875007999999996
1.26575e-05,22.968746496,0.57574999744,1.47487499744,2.1875007999999996
1.2658000000000001e-05,23.749996544,0.5819999967999999,1.476124997312,2.1875007999999996
1.2658500000000001e-05,22.968746496,0.5819999967999999,1.476124997312,2.1875007999999996
1.2659e-05,22.968746496,0.5819999967999999,1.476124997312,2.5000007679999996
1.2659500000000001e-05,23.749996544,0.57574999744,1.47487499744,2.5000007679999996
1.266e-05,23.749996544,0.57574999744,1.47487499744,2.5000007679999996
1.26605e-05,23.749996544,0.58824999616,1.476124997312,1.8750008319999996
1.2661000000000001e-05,22.968746496,0.5819999967999999,1.478624997056,2.1875007999999996
1.26615e-05,22.187496448000005,0.5819999967999999,1.476124997312,2.5000007679999996
1.2662e-05,23.749996544,0.57574999744,1.47487499744,2.5000007679999996
1.2662500000000001e-05,22.968746496,0.5819999967999999,1.476124997312,2.5000007679999996
1.2663e-05,22.968746496,0.5819999967999999,1.476124997312,2.1875007999999996
1.26635e-05,22.968746496,0.5819999967999999,1.478624997056,2.5000007679999996
1.2664000000000001e-05,23.749996544,0.5819999967999999,1.478624997056,2.1875007999999996
1.26645e-05,23.749996544,0.57574999744,1.479874996928,1.8750008319999996
1.2665000000000002e-05,22.968746496,0.5819999967999999,1.478624997056,2.1875007999999996
1.2665500000000001e-05,22.968746496,0.57574999744,1.477374997184,2.1875007999999996
1.2666e-05,22.968746496,0.56949999808,1.47487499744,2.1875007999999996
1.2666500000000001e-05,22.968746496,0.57574999744,1.47487499744,2.1875007999999996
1.2667000000000001e-05,23.749996544,0.58824999616,1.47487499744,2.1875007999999996
1.26675e-05,22.968746496,0.5819999967999999,1.47487499744,2.5000007679999996
1.2668000000000001e-05,23.749996544,0.5819999967999999,1.476124997312,2.1875007999999996
1.26685e-05,22.968746496,0.57574999744,1.479874996928,2.1875007999999996
1.2669e-05,23.749996544,0.5819999967999999,1.4823749966720001,2.1875007999999996
1.2669500000000001e-05,22.968746496,0.5819999967999999,1.478624997056,2.1875007999999996
1.267e-05,23.749996544,0.57574999744,1.477374997184,2.1875007999999996
1.26705e-05,23.749996544,0.58824999616,1.478624997056,2.1875007999999996
1.2671000000000001e-05,23.749996544,0.57574999744,1.477374997184,2.1875007999999996
1.26715e-05,22.968746496,0.5819999967999999,1.477374997184,1.8750008319999996
1.2672e-05,22.968746496,0.5819999967999999,1.476124997312,2.1875007999999996
1.2672500000000001e-05,23.749996544,0.57574999744,1.479874996928,1.8750008319999996
1.2673e-05,22.968746496,0.57574999744,1.479874996928,2.5000007679999996
1.2673500000000002e-05,23.749996544,0.5819999967999999,1.478624997056,2.1875007999999996
1.2674000000000001e-05,23.749996544,0.57574999744,1.477374997184,2.1875007999999996
1.26745e-05,23.749996544,0.57574999744,1.477374997184,1.8750008319999996
1.2675000000000001e-05,23.749996544,0.5819999967999999,1.476124997312,2.5000007679999996
1.2675500000000001e-05,22.968746496,0.5819999967999999,1.477374997184,2.1875007999999996
1.2676e-05,23.749996544,0.57574999744,1.476124997312,2.5000007679999996
1.2676500000000001e-05,22.187496448000005,0.5819999967999999,1.476124997312,2.1875007999999996
1.2677e-05,23.749996544,0.5819999967999999,1.476124997312,2.1875007999999996
1.26775e-05,23.749996544,0.5819999967999999,1.477374997184,2.1875007999999996
1.2678000000000001e-05,23.749996544,0.57574999744,1.476124997312,2.1875007999999996
1.26785e-05,23.749996544,0.56949999808,1.473624997568,2.5000007679999996
1.2679e-05,23.749996544,0.57574999744,1.47487499744,2.1875007999999996
1.2679500000000001e-05,22.968746496,0.57574999744,1.477374997184,2.1875007999999996
1.268e-05,23.749996544,0.5819999967999999,1.47487499744,2.5000007679999996
1.26805e-05,23.749996544,0.56949999808,1.473624997568,1.8750008319999996
1.2681000000000001e-05,22.968746496,0.57574999744,1.476124997312,2.1875007999999996
1.26815e-05,22.968746496,0.5819999967999999,1.477374997184,2.5000007679999996
1.2682000000000002e-05,22.968746496,0.5819999967999999,1.47487499744,2.5000007679999996
1.2682500000000001e-05,22.968746496,0.5819999967999999,1.476124997312,2.1875007999999996
1.2683e-05,22.968746496,0.5819999967999999,1.477374997184,2.1875007999999996
1.2683500000000001e-05,22.968746496,0.57574999744,1.477374997184,2.1875007999999996
1.2684000000000001e-05,22.968746496,0.5819999967999999,1.47487499744,2.5000007679999996
1.26845e-05,23.749996544,0.5819999967999999,1.47487499744,2.1875007999999996
1.2685000000000001e-05,23.749996544,0.5819999967999999,1.476124997312,2.5000007679999996
1.26855e-05,22.968746496,0.5819999967999999,1.47487499744,2.5000007679999996
1.2686e-05,22.968746496,0.57574999744,1.476124997312,2.1875007999999996
1.2686500000000001e-05,22.968746496,0.57574999744,1.478624997056,2.1875007999999996
1.2687e-05,23.749996544,0.57574999744,1.477374997184,2.1875007999999996
1.26875e-05,22.968746496,0.57574999744,1.478624997056,2.1875007999999996
1.2688000000000001e-05,23.749996544,0.57574999744,1.476124997312,2.1875007999999996
1.26885e-05,23.749996544,0.56949999808,1.479874996928,2.1875007999999996
1.2689e-05,22.968746496,0.57574999744,1.477374997184,2.5000007679999996
1.2689500000000001e-05,22.968746496,0.5819999967999999,1.478624997056,2.1875007999999996
1.269e-05,22.968746496,0.5819999967999999,1.478624997056,2.1875007999999996
1.2690500000000002e-05,23.749996544,0.57574999744,1.478624997056,2.1875007999999996
1.2691000000000001e-05,23.749996544,0.5819999967999999,1.478624997056,2.1875007999999996
1.26915e-05,22.968746496,0.57574999744,1.473624997568,2.1875007999999996
1.2692000000000001e-05,23.749996544,0.57574999744,1.472374997696,2.5000007679999996
1.2692500000000001e-05,23.749996544,0.57574999744,1.477374997184,2.1875007999999996
1.2693e-05,22.968746496,0.58824999616,1.4811249968,2.1875007999999996
1.2693500000000001e-05,22.968746496,0.5819999967999999,1.477374997184,2.1875007999999996
1.2694e-05,23.749996544,0.57574999744,1.47487499744,2.5000007679999996
1.26945e-05,23.749996544,0.5819999967999999,1.477374997184,2.1875007999999996
1.2695000000000001e-05,23.749996544,0.57574999744,1.476124997312,2.1875007999999996
1.26955e-05,22.968746496,0.5819999967999999,1.47487499744,2.5000007679999996
1.2696e-05,22.968746496,0.57574999744,1.47487499744,2.5000007679999996
1.2696500000000001e-05,23.749996544,0.57574999744,1.47487499744,2.1875007999999996
1.2697e-05,22.968746496,0.57574999744,1.473624997568,2.1875007999999996
1.26975e-05,23.749996544,0.5819999967999999,1.47487499744,2.1875007999999996
1.2698000000000001e-05,23.749996544,0.58824999616,1.476124997312,2.1875007999999996
1.26985e-05,23.749996544,0.58824999616,1.47487499744,2.1875007999999996
1.2699000000000002e-05,22.968746496,0.58824999616,1.473624997568,2.5000007679999996
1.2699500000000001e-05,22.968746496,0.57574999744,1.473624997568,2.1875007999999996
1.27e-05,22.968746496,0.57574999744,1.47487499744,2.5000007679999996
1.2700500000000001e-05,23.749996544,0.57574999744,1.477374997184,2.5000007679999996
1.2701000000000001e-05,23.749996544,0.58824999616,1.4811249968,2.5000007679999996
1.27015e-05,23.749996544,0.57574999744,1.479874996928,2.5000007679999996
1.2702000000000001e-05,23.749996544,0.5819999967999999,1.479874996928,2.5000007679999996
1.27025e-05,22.968746496,0.57574999744,1.4811249968,2.5000007679999996
1.2703e-05,22.968746496,0.5819999967999999,1.479874996928,2.1875007999999996
1.2703500000000001e-05,22.968746496,0.5819999967999999,1.477374997184,2.1875007999999996
1.2704e-05,22.968746496,0.5819999967999999,1.476124997312,2.5000007679999996
1.27045e-05,23.749996544,0.57574999744,1.478624997056,2.5000007679999996
1.2705000000000001e-05,23.749996544,0.5819999967999999,1.479874996928,2.5000007679999996
1.27055e-05,23.749996544,0.5819999967999999,1.479874996928,2.5000007679999996
1.2706e-05,23.749996544,0.5819999967999999,1.478624997056,2.1875007999999996
1.2706500000000001e-05,22.968746496,0.57574999744,1.478624997056,2.1875007999999996
1.2707e-05,22.968746496,0.58824999616,1.478624997056,2.5000007679999996
1.2707500000000002e-05,22.968746496,0.5819999967999999,1.477374997184,2.8125007359999996
1.2708000000000001e-05,23.749996544,0.5819999967999999,1.47487499744,2.5000007679999996
1.27085e-05,23.749996544,0.57574999744,1.479874996928,2.1875007999999996
1.2709000000000001e-05,23.749996544,0.58824999616,1.478624997056,2.1875007999999996
1.2709500000000001e-05,22.968746496,0.5819999967999999,1.476124997312,2.1875007999999996
1.271e-05,22.968746496,0.58824999616,1.476124997312,2.5000007679999996
1.2710500000000001e-05,22.968746496,0.5819999967999999,1.477374997184,2.5000007679999996
1.2711e-05,22.968746496,0.5819999967999999,1.476124997312,2.1875007999999996
1.27115e-05,22.968746496,0.58824999616,1.477374997184,2.1875007999999996
1.2712000000000001e-05,23.749996544,0.5819999967999999,1.477374997184,2.1875007999999996
1.27125e-05,23.749996544,0.57574999744,1.479874996928,2.1875007999999996
1.2713e-05,22.968746496,0.57574999744,1.476124997312,2.1875007999999996
1.2713500000000001e-05,22.968746496,0.5819999967999999,1.477374997184,2.5000007679999996
1.2714e-05,22.968746496,0.5819999967999999,1.476124997312,2.1875007999999996
1.27145e-05,22.968746496,0.5819999967999999,1.476124997312,2.1875007999999996
1.2715000000000001e-05,23.749996544,0.58824999616,1.477374997184,2.1875007999999996
1.27155e-05,22.968746496,0.5819999967999999,1.47487499744,2.1875007999999996
1.2716000000000002e-05,22.968746496,0.57574999744,1.473624997568,2.5000007679999996
1.2716500000000001e-05,23.749996544,0.5819999967999999,1.47487499744,2.1875007999999996
1.2717e-05,23.749996544,0.58824999616,1.47487499744,2.5000007679999996
1.2717500000000001e-05,22.968746496,0.57574999744,1.477374997184,2.1875007999999996
1.2718000000000001e-05,22.968746496,0.5819999967999999,1.478624997056,2.5000007679999996
1.27185e-05,22.968746496,0.5819999967999999,1.478624997056,2.1875007999999996
1.2719000000000001e-05,22.968746496,0.5819999967999999,1.478624997056,2.1875007999999996
1.27195e-05,23.749996544,0.57574999744,1.478624997056,2.1875007999999996
1.272e-05,23.749996544,0.57574999744,1.476124997312,2.1875007999999996
1.2720500000000001e-05,23.749996544,0.57574999744,1.477374997184,2.1875007999999996
1.2721e-05,23.749996544,0.5819999967999999,1.476124997312,2.5000007679999996
1.27215e-05,22.968746496,0.5819999967999999,1.477374997184,2.5000007679999996
1.2722000000000001e-05,22.968746496,0.57574999744,1.476124997312,2.1875007999999996
1.27225e-05,23.749996544,0.57574999744,1.477374997184,1.8750008319999996
1.2723e-05,23.749996544,0.5819999967999999,1.479874996928,2.5000007679999996
1.2723500000000001e-05,22.968746496,0.5819999967999999,1.478624997056,2.5000007679999996
1.2724e-05,23.749996544,0.57574999744,1.47487499744,2.5000007679999996
1.2724500000000002e-05,23.749996544,0.5819999967999999,1.477374997184,2.1875007999999996
1.2725000000000001e-05,24.531246592000002,0.5819999967999999,1.478624997056,2.1875007999999996
1.27255e-05,23.749996544,0.5819999967999999,1.477374997184,2.1875007999999996
1.2726000000000001e-05,22.968746496,0.57574999744,1.476124997312,2.1875007999999996
1.2726500000000001e-05,22.968746496,0.57574999744,1.477374997184,2.5000007679999996
1.2727e-05,22.968746496,0.5819999967999999,1.476124997312,2.5000007679999996
1.2727500000000001e-05,23.749996544,0.5819999967999999,1.476124997312,2.1875007999999996
1.2728e-05,22.968746496,0.5819999967999999,1.476124997312,2.1875007999999996
1.27285e-05,23.749996544,0.58824999616,1.479874996928,1.8750008319999996
1.2729000000000001e-05,22.968746496,0.5819999967999999,1.478624997056,2.1875007999999996
1.27295e-05,23.749996544,0.5819999967999999,1.477374997184,2.5000007679999996
1.273e-05,24.531246592000002,0.5819999967999999,1.477374997184,2.1875007999999996
1.2730500000000001e-05,23.749996544,0.58824999616,1.479874996928,2.1875007999999996
1.2731e-05,23.749996544,0.5819999967999999,1.478624997056,2.1875007999999996
1.27315e-05,23.749996544,0.57574999744,1.479874996928,2.1875007999999996
1.2732000000000001e-05,23.749996544,0.57574999744,1.477374997184,2.1875007999999996
1.27325e-05,23.749996544,0.5819999967999999,1.477374997184,2.1875007999999996
1.2733000000000002e-05,22.968746496,0.5819999967999999,1.47487499744,2.1875007999999996
1.2733500000000001e-05,22.968746496,0.5819999967999999,1.476124997312,1.8750008319999996
1.2734e-05,23.749996544,0.5819999967999999,1.476124997312,2.1875007999999996
1.2734500000000001e-05,23.749996544,0.5819999967999999,1.478624997056,2.1875007999999996
1.2735000000000001e-05,22.968746496,0.5819999967999999,1.477374997184,1.8750008319999996
1.27355e-05,22.968746496,0.5819999967999999,1.477374997184,2.1875007999999996
1.2736000000000001e-05,22.968746496,0.5819999967999999,1.478624997056,2.1875007999999996
1.27365e-05,23.749996544,0.57574999744,1.4811249968,1.8750008319999996
1.2737e-05,23.749996544,0.5819999967999999,1.479874996928,2.1875007999999996
1.2737500000000001e-05,23.749996544,0.5819999967999999,1.478624997056,2.1875007999999996
1.2738e-05,24.531246592000002,0.5819999967999999,1.476124997312,2.1875007999999996
1.27385e-05,23.749996544,0.5819999967999999,1.47487499744,2.1875007999999996
1.2739000000000001e-05,23.749996544,0.5819999967999999,1.477374997184,2.1875007999999996
1.27395e-05,22.968746496,0.5819999967999999,1.477374997184,1.8750008319999996
1.274e-05,23.749996544,0.57574999744,1.476124997312,2.1875007999999996
1.2740500000000001e-05,22.968746496,0.5819999967999999,1.477374997184,2.1875007999999996
1.2741e-05,23.749996544,0.5819999967999999,1.476124997312,2.5000007679999996
1.2741500000000002e-05,22.968746496,0.5819999967999999,1.477374997184,2.1875007999999996
1.2742000000000001e-05,22.968746496,0.5819999967999999,1.47487499744,2.5000007679999996
1.27425e-05,22.968746496,0.5819999967999999,1.476124997312,2.5000007679999996
1.2743000000000001e-05,22.968746496,0.5819999967999999,1.47487499744,2.1875007999999996
1.2743500000000001e-05,22.968746496,0.5819999967999999,1.477374997184,2.1875007999999996
1.2744e-05,22.968746496,0.5819999967999999,1.476124997312,2.1875007999999996
1.2744500000000001e-05,23.749996544,0.57574999744,1.478624997056,2.1875007999999996
1.2745e-05,23.749996544,0.5819999967999999,1.477374997184,2.1875007999999996
1.27455e-05,23.749996544,0.57574999744,1.477374997184,2.1875007999999996
1.2746000000000001e-05,24.531246592000002,0.57574999744,1.476124997312,2.1875007999999996
1.27465e-05,23.749996544,0.5819999967999999,1.476124997312,2.1875007999999996
1.2747e-05,23.749996544,0.5819999967999999,1.477374997184,2.1875007999999996
1.2747500000000001e-05,22.968746496,0.5819999967999999,1.477374997184,2.5000007679999996
1.2748e-05,22.968746496,0.57574999744,1.476124997312,2.5000007679999996
1.27485e-05,23.749996544,0.57574999744,1.476124997312,2.1875007999999996
1.2749000000000001e-05,23.749996544,0.5819999967999999,1.47487499744,2.1875007999999996
1.27495e-05,23.749996544,0.5819999967999999,1.47487499744,2.1875007999999996
1.2750000000000002e-05,22.968746496,0.5819999967999999,1.473624997568,2.1875007999999996
1.2750500000000001e-05,23.749996544,0.58824999616,1.47487499744,2.5000007679999996
1.2751e-05,23.749996544,0.5819999967999999,1.476124997312,2.5000007679999996
1.2751500000000001e-05,22.968746496,0.5819999967999999,1.47487499744,2.1875007999999996
1.2752000000000001e-05,23.749996544,0.57574999744,1.472374997696,2.5000007679999996
1.27525e-05,23.749996544,0.57574999744,1.47487499744,2.1875007999999996
1.2753000000000001e-05,22.968746496,0.5819999967999999,1.473624997568,2.1875007999999996
1.27535e-05,22.968746496,0.57574999744,1.47487499744,2.1875007999999996
1.2754e-05,22.968746496,0.5819999967999999,1.476124997312,2.1875007999999996
1.2754500000000001e-05,22.187496448000005,0.5819999967999999,1.476124997312,2.1875007999999996
1.2755e-05,22.968746496,0.5819999967999999,1.476124997312,2.5000007679999996
1.27555e-05,22.968746496,0.5819999967999999,1.476124997312,2.1875007999999996
1.2756000000000001e-05,22.968746496,0.57574999744,1.477374997184,2.1875007999999996
1.27565e-05,22.968746496,0.5819999967999999,1.477374997184,2.1875007999999996
1.2757e-05,23.749996544,0.5819999967999999,1.476124997312,2.1875007999999996
1.2757500000000001e-05,22.968746496,0.5819999967999999,1.479874996928,2.1875007999999996
1.2758e-05,23.749996544,0.57574999744,1.478624997056,2.5000007679999996
1.2758500000000002e-05,22.968746496,0.5819999967999999,1.477374997184,2.5000007679999996
1.2759000000000001e-05,23.749996544,0.57574999744,1.476124997312,2.1875007999999996
1.27595e-05,22.968746496,0.5819999967999999,1.479874996928,2.1875007999999996
1.2760000000000001e-05,22.968746496,0.5819999967999999,1.476124997312,2.1875007999999996
1.2760500000000001e-05,23.749996544,0.57574999744,1.476124997312,1.8750008319999996
1.2761e-05,22.968746496,0.5819999967999999,1.473624997568,2.1875007999999996
1.2761500000000001e-05,22.968746496,0.5819999967999999,1.473624997568,2.5000007679999996
1.2762e-05,22.968746496,0.5819999967999999,1.47487499744,2.5000007679999996
1.27625e-05,22.968746496,0.5819999967999999,1.476124997312,2.1875007999999996
1.2763000000000001e-05,23.749996544,0.58824999616,1.479874996928,2.1875007999999996
1.27635e-05,23.749996544,0.57574999744,1.478624997056,2.5000007679999996
1.2764e-05,23.749996544,0.57574999744,1.47487499744,2.5000007679999996
1.2764500000000001e-05,22.968746496,0.5819999967999999,1.473624997568,2.1875007999999996
1.2765e-05,23.749996544,0.5819999967999999,1.47487499744,2.5000007679999996
1.27655e-05,22.968746496,0.58824999616,1.476124997312,2.5000007679999996
1.2766000000000001e-05,22.968746496,0.5819999967999999,1.477374997184,2.5000007679999996
1.27665e-05,23.749996544,0.5819999967999999,1.477374997184,2.5000007679999996
1.2767000000000002e-05,23.749996544,0.58824999616,1.47487499744,2.5000007679999996
1.2767500000000001e-05,22.968746496,0.5819999967999999,1.477374997184,2.5000007679999996
1.2768e-05,22.968746496,0.5819999967999999,1.478624997056,2.5000007679999996
1.2768500000000002e-05,23.749996544,0.5819999967999999,1.478624997056,2.1875007999999996
1.2769000000000001e-05,22.968746496,0.5819999967999999,1.476124997312,2.1875007999999996
1.27695e-05,22.968746496,0.57574999744,1.477374997184,2.1875007999999996
1.2770000000000001e-05,23.749996544,0.5819999967999999,1.47487499744,2.1875007999999996
1.27705e-05,22.968746496,0.5819999967999999,1.476124997312,2.5000007679999996
1.2771e-05,23.749996544,0.58824999616,1.477374997184,2.5000007679999996
1.2771500000000001e-05,23.749996544,0.57574999744,1.47487499744,2.1875007999999996
1.2772e-05,23.749996544,0.57574999744,1.47487499744,2.5000007679999996
1.27725e-05,23.749996544,0.5819999967999999,1.477374997184,2.1875007999999996
1.2773000000000001e-05,23.749996544,0.58824999616,1.476124997312,2.1875007999999996
1.27735e-05,22.968746496,0.5819999967999999,1.47487499744,2.1875007999999996
1.2774e-05,22.968746496,0.5819999967999999,1.476124997312,2.5000007679999996
1.2774500000000001e-05,23.749996544,0.57574999744,1.477374997184,2.5000007679999996
1.2775e-05,23.749996544,0.5819999967999999,1.47487499744,2.5000007679999996
1.2775500000000002e-05,23.749996544,0.57574999744,1.47487499744,2.5000007679999996
1.2776000000000001e-05,23.749996544,0.57574999744,1.473624997568,2.1875007999999996
1.27765e-05,23.749996544,0.5819999967999999,1.476124997312,2.1875007999999996
1.2777000000000002e-05,22.968746496,0.5819999967999999,1.47487499744,2.5000007679999996
1.2777500000000001e-05,23.749996544,0.5819999967999999,1.47487499744,2.5000007679999996
1.2778e-05,23.749996544,0.5819999967999999,1.476124997312,2.1875007999999996
1.2778500000000001e-05,22.968746496,0.58824999616,1.47487499744,2.1875007999999996
1.2779e-05,22.968746496,0.58824999616,1.47487499744,2.1875007999999996
1.27795e-05,22.968746496,0.5819999967999999,1.47487499744,2.5000007679999996
1.2780000000000001e-05,22.968746496,0.5819999967999999,1.47487499744,2.5000007679999996
1.27805e-05,23.749996544,0.5819999967999999,1.478624997056,2.5000007679999996
1.2781e-05,23.749996544,0.5819999967999999,1.477374997184,2.1875007999999996
1.2781500000000001e-05,23.749996544,0.5819999967999999,1.47487499744,2.5000007679999996
1.2782e-05,23.749996544,0.57574999744,1.473624997568,2.5000007679999996
1.27825e-05,23.749996544,0.58824999616,1.47487499744,2.1875007999999996
1.2783000000000001e-05,23.749996544,0.58824999616,1.476124997312,1.8750008319999996
1.27835e-05,23.749996544,0.5819999967999999,1.477374997184,2.1875007999999996
1.2784000000000002e-05,22.968746496,0.5819999967999999,1.473624997568,2.1875007999999996
1.2784500000000001e-05,22.968746496,0.5819999967999999,1.476124997312,2.1875007999999996
1.2785e-05,22.968746496,0.5819999967999999,1.476124997312,2.5000007679999996
1.2785500000000002e-05,22.968746496,0.5819999967999999,1.476124997312,2.1875007999999996
1.2786000000000001e-05,23.749996544,0.5819999967999999,1.47487499744,2.1875007999999996
1.27865e-05,22.968746496,0.5819999967999999,1.47487499744,1.8750008319999996
1.2787000000000001e-05,22.968746496,0.58824999616,1.47487499744,2.1875007999999996
1.27875e-05,23.749996544,0.57574999744,1.47487499744,2.1875007999999996
1.2788e-05,22.968746496,0.5819999967999999,1.476124997312,2.5000007679999996
1.2788500000000001e-05,23.749996544,0.5819999967999999,1.477374997184,2.1875007999999996
1.2789e-05,24.531246592000002,0.58824999616,1.47487499744,2.1875007999999996
1.27895e-05,22.968746496,0.58824999616,1.47487499744,2.1875007999999996
1.2790000000000001e-05,23.749996544,0.5819999967999999,1.477374997184,2.1875007999999996
1.27905e-05,23.749996544,0.5819999967999999,1.477374997184,2.5000007679999996
1.2791e-05,23.749996544,0.58824999616,1.476124997312,2.5000007679999996
1.2791500000000001e-05,23.749996544,0.5819999967999999,1.476124997312,2.1875007999999996
1.2792e-05,22.968746496,0.57574999744,1.473624997568,2.1875007999999996
1.2792500000000002e-05,22.968746496,0.57574999744,1.47487499744,1.8750008319999996
1.2793000000000001e-05,22.968746496,0.57574999744,1.476124997312,2.1875007999999996
1.27935e-05,23.749996544,0.5819999967999999,1.479874996928,2.1875007999999996
1.2794000000000002e-05,23.749996544,0.5819999967999999,1.478624997056,2.1875007999999996
1.2794500000000001e-05,22.968746496,0.5819999967999999,1.477374997184,2.1875007999999996
1.2795e-05,23.749996544,0.58824999616,1.476124997312,2.1875007999999996
1.2795500000000001e-05,22.968746496,0.5819999967999999,1.476124997312,2.1875007999999996
1.2796e-05,22.968746496,0.5819999967999999,1.47487499744,2.1875007999999996
1.27965e-05,22.968746496,0.5819999967999999,1.478624997056,2.1875007999999996
1.2797000000000001e-05,23.749996544,0.58824999616,1.476124997312,2.1875007999999996
1.27975e-05,22.968746496,0.58824999616,1.476124997312,2.1875007999999996
1.2798e-05,22.968746496,0.58824999616,1.473624997568,2.5000007679999996
1.2798500000000001e-05,22.968746496,0.58824999616,1.47487499744,2.5000007679999996
1.2799e-05,23.749996544,0.58824999616,1.47487499744,2.1875007999999996
1.27995e-05,23.749996544,0.58824999616,1.476124997312,2.1875007999999996
1.2800000000000001e-05,23.749996544,0.58824999616,1.47487499744,2.1875007999999996
1.28005e-05,23.749996544,0.58824999616,1.476124997312,1.8750008319999996
1.2801000000000002e-05,22.968746496,0.5819999967999999,1.476124997312,2.5000007679999996
1.2801500000000001e-05,22.968746496,0.5819999967999999,1.477374997184,2.5000007679999996
1.2802e-05,23.749996544,0.5819999967999999,1.477374997184,2.1875007999999996
1.2802500000000002e-05,22.968746496,0.58824999616,1.477374997184,1.8750008319999996
1.2803000000000001e-05,22.968746496,0.58824999616,1.477374997184,2.1875007999999996
1.28035e-05,23.749996544,0.5819999967999999,1.476124997312,2.1875007999999996
1.2804000000000001e-05,23.749996544,0.5819999967999999,1.47487499744,2.5000007679999996
1.28045e-05,22.968746496,0.5819999967999999,1.477374997184,2.1875007999999996
1.2805e-05,23.749996544,0.58824999616,1.478624997056,2.1875007999999996
1.2805500000000001e-05,22.968746496,0.5819999967999999,1.477374997184,2.1875007999999996
1.2806e-05,23.749996544,0.58824999616,1.476124997312,2.1875007999999996
1.28065e-05,22.968746496,0.57574999744,1.476124997312,2.1875007999999996
1.2807000000000001e-05,22.187496448000005,0.57574999744,1.476124997312,1.8750008319999996
1.28075e-05,23.749996544,0.5819999967999999,1.476124997312,2.1875007999999996
1.2808e-05,23.749996544,0.58824999616,1.47487499744,2.1875007999999996
1.2808500000000001e-05,23.749996544,0.5819999967999999,1.476124997312,1.8750008319999996
1.2809e-05,22.968746496,0.5819999967999999,1.47487499744,2.1875007999999996
1.2809500000000002e-05,22.968746496,0.58824999616,1.47487499744,2.1875007999999996
1.2810000000000001e-05,22.968746496,0.5819999967999999,1.476124997312,2.1875007999999996
1.28105e-05,22.968746496,0.5819999967999999,1.476124997312,2.1875007999999996
1.2811000000000002e-05,23.749996544,0.58824999616,1.476124997312,2.5000007679999996
1.2811500000000001e-05,22.968746496,0.5819999967999999,1.47487499744,2.5000007679999996
1.2812e-05,22.968746496,0.57574999744,1.47487499744,2.5000007679999996
1.2812500000000001e-05,22.968746496,0.5819999967999999,1.47487499744,2.1875007999999996
1.2813e-05,23.749996544,0.58824999616,1.47487499744,2.1875007999999996
1.28135e-05,22.968746496,0.5819999967999999,1.47487499744,2.1875007999999996
1.2814000000000001e-05,22.968746496,0.57574999744,1.47487499744,2.5000007679999996
1.28145e-05,22.968746496,0.58824999616,1.477374997184,2.1875007999999996
1.2815e-05,23.749996544,0.5819999967999999,1.477374997184,2.1875007999999996
1.2815500000000001e-05,22.968746496,0.5819999967999999,1.477374997184,1.8750008319999996
1.2816e-05,22.968746496,0.5819999967999999,1.473624997568,2.1875007999999996
1.28165e-05,23.749996544,0.58824999616,1.476124997312,1.8750008319999996
1.2817000000000001e-05,22.968746496,0.58824999616,1.477374997184,2.1875007999999996
1.28175e-05,22.968746496,0.58824999616,1.476124997312,2.5000007679999996
1.2818000000000002e-05,23.749996544,0.5819999967999999,1.47487499744,2.1875007999999996
1.2818500000000001e-05,22.968746496,0.58824999616,1.477374997184,2.1875007999999996
1.2819e-05,23.749996544,0.58824999616,1.477374997184,2.5000007679999996
1.2819500000000002e-05,22.968746496,0.5819999967999999,1.477374997184,2.1875007999999996
1.2820000000000001e-05,23.749996544,0.5819999967999999,1.476124997312,2.5000007679999996
1.28205e-05,23.749996544,0.58824999616,1.478624997056,2.1875007999999996
1.2821000000000001e-05,23.749996544,0.58824999616,1.476124997312,2.1875007999999996
1.28215e-05,23.749996544,0.58824999616,1.476124997312,2.1875007999999996
1.2822e-05,23.749996544,0.58824999616,1.477374997184,2.1875007999999996
1.2822500000000001e-05,23.749996544,0.58824999616,1.476124997312,2.1875007999999996
1.2823e-05,22.968746496,0.5819999967999999,1.478624997056,2.1875007999999996
1.28235e-05,22.968746496,0.58824999616,1.478624997056,2.1875007999999996
1.2824000000000001e-05,22.968746496,0.5819999967999999,1.47487499744,2.5000007679999996
1.28245e-05,22.968746496,0.57574999744,1.477374997184,1.8750008319999996
1.2825e-05,22.968746496,0.5819999967999999,1.476124997312,2.1875007999999996
1.2825500000000001e-05,22.968746496,0.5819999967999999,1.473624997568,2.5000007679999996
1.2826e-05,23.749996544,0.5819999967999999,1.472374997696,2.1875007999999996
1.2826500000000002e-05,22.968746496,0.5819999967999999,1.473624997568,1.8750008319999996
1.2827000000000001e-05,22.968746496,0.58824999616,1.476124997312,2.1875007999999996
1.28275e-05,22.968746496,0.5819999967999999,1.47487499744,2.5000007679999996
1.2828000000000002e-05,23.749996544,0.5819999967999999,1.47487499744,2.5000007679999996
1.2828500000000001e-05,23.749996544,0.5819999967999999,1.477374997184,2.1875007999999996
1.2829e-05,22.968746496,0.5819999967999999,1.477374997184,2.1875007999999996
1.2829500000000001e-05,22.968746496,0.58824999616,1.47487499744,2.1875007999999996
1.283e-05,22.968746496,0.5819999967999999,1.473624997568,2.1875007999999996
1.28305e-05,22.968746496,0.5819999967999999,1.473624997568,2.1875007999999996
1.2831000000000001e-05,22.968746496,0.58824999616,1.472374997696,2.5000007679999996
1.28315e-05,22.968746496,0.5819999967999999,1.47487499744,2.1875007999999996
1.2832e-05,23.749996544,0.5819999967999999,1.476124997312,2.1875007999999996
1.2832500000000001e-05,23.749996544,0.58824999616,1.479874996928,1.8750008319999996
1.2833e-05,23.749996544,0.5819999967999999,1.478624997056,2.1875007999999996
1.28335e-05,23.749996544,0.5819999967999999,1.477374997184,2.1875007999999996
1.2834000000000001e-05,23.749996544,0.5819999967999999,1.476124997312,2.1875007999999996
1.28345e-05,23.749996544,0.58824999616,1.476124997312,1.8750008319999996
1.2835000000000002e-05,23.749996544,0.58824999616,1.479874996928,2.1875007999999996
1.2835500000000001e-05,22.968746496,0.5819999967999999,1.478624997056,2.1875007999999996
1.2836e-05,23.749996544,0.5819999967999999,1.476124997312,1.8750008319999996
1.2836500000000002e-05,22.968746496,0.5819999967999999,1.477374997184,2.1875007999999996
1.2837000000000001e-05,23.749996544,0.58824999616,1.476124997312,2.1875007999999996
1.28375e-05,23.749996544,0.5819999967999999,1.477374997184,2.5000007679999996
1.2838000000000001e-05,23.749996544,0.58824999616,1.476124997312,2.5000007679999996
1.28385e-05,22.968746496,0.58824999616,1.477374997184,2.5000007679999996
1.2839e-05,23.749996544,0.58824999616,1.476124997312,1.8750008319999996
1.2839500000000001e-05,23.749996544,0.58824999616,1.476124997312,2.1875007999999996
1.284e-05,22.968746496,0.58824999616,1.47487499744,2.5000007679999996
1.28405e-05,23.749996544,0.58824999616,1.476124997312,2.1875007999999996
1.2841000000000001e-05,22.968746496,0.58824999616,1.473624997568,2.1875007999999996
1.28415e-05,23.749996544,0.58824999616,1.47487499744,2.1875007999999996
1.2842e-05,22.968746496,0.59449999552,1.47487499744,2.1875007999999996
1.2842500000000001e-05,22.968746496,0.58824999616,1.47487499744,1.8750008319999996
1.2843e-05,22.968746496,0.58824999616,1.477374997184,2.1875007999999996
1.2843500000000002e-05,22.968746496,0.58824999616,1.478624997056,2.1875007999999996
1.2844000000000001e-05,23.749996544,0.58824999616,1.476124997312,2.5000007679999996
1.28445e-05,23.749996544,0.58824999616,1.477374997184,2.1875007999999996
1.2845000000000002e-05,24.531246592000002,0.5819999967999999,1.476124997312,2.1875007999999996
1.2845500000000001e-05,23.749996544,0.58824999616,1.47487499744,2.1875007999999996
1.2846e-05,23.749996544,0.58824999616,1.47487499744,2.5000007679999996
1.2846500000000001e-05,23.749996544,0.57574999744,1.476124997312,2.5000007679999996
1.2847e-05,23.749996544,0.58824999616,1.477374997184,2.5000007679999996
1.28475e-05,23.749996544,0.5819999967999999,1.477374997184,2.1875007999999996
1.2848000000000001e-05,23.749996544,0.5819999967999999,1.47487499744,2.1875007999999996
1.28485e-05,24.531246592000002,0.5819999967999999,1.47487499744,2.1875007999999996
1.2849e-05,22.968746496,0.5819999967999999,1.472374997696,2.1875007999999996
1.2849500000000001e-05,23.749996544,0.58824999616,1.47487499744,2.5000007679999996
1.285e-05,22.968746496,0.5819999967999999,1.476124997312,2.1875007999999996
1.28505e-05,22.968746496,0.58824999616,1.47487499744,1.8750008319999996
1.2851000000000001e-05,23.749996544,0.58824999616,1.47487499744,2.5000007679999996
1.28515e-05,22.968746496,0.5819999967999999,1.476124997312,2.5000007679999996
1.2852000000000002e-05,23.749996544,0.57574999744,1.478624997056,2.1875007999999996
1.2852500000000001e-05,23.749996544,0.58824999616,1.479874996928,2.1875007999999996
1.2853e-05,23.749996544,0.58824999616,1.476124997312,2.1875007999999996
1.2853500000000002e-05,23.749996544,0.58824999616,1.476124997312,2.1875007999999996
1.2854000000000001e-05,23.749996544,0.58824999616,1.476124997312,2.5000007679999996
1.28545e-05,23.749996544,0.58824999616,1.477374997184,2.5000007679999996
1.2855000000000001e-05,23.749996544,0.58824999616,1.476124997312,2.1875007999999996
1.28555e-05,22.968746496,0.5819999967999999,1.47487499744,1.8750008319999996
1.2856e-05,23.749996544,0.58824999616,1.472374997696,2.1875007999999996
1.2856500000000001e-05,23.749996544,0.5819999967999999,1.473624997568,2.1875007999999996
1.2857e-05,22.968746496,0.5819999967999999,1.47487499744,2.1875007999999996
1.28575e-05,23.749996544,0.5819999967999999,1.47487499744,2.5000007679999996
1.2858000000000001e-05,22.968746496,0.58824999616,1.47487499744,2.5000007679999996
1.28585e-05,22.968746496,0.58824999616,1.47487499744,2.1875007999999996
1.2859e-05,24.531246592000002,0.58824999616,1.477374997184,2.5000007679999996
1.2859500000000001e-05,22.968746496,0.5819999967999999,1.476124997312,2.5000007679999996
1.286e-05,22.968746496,0.58824999616,1.47487499744,2.1875007999999996
1.2860500000000002e-05,22.968746496,0.58824999616,1.477374997184,2.1875007999999996
1.2861000000000001e-05,23.749996544,0.58824999616,1.476124997312,2.5000007679999996
1.28615e-05,22.968746496,0.58824999616,1.473624997568,2.1875007999999996
1.2862000000000002e-05,22.968746496,0.5819999967999999,1.473624997568,2.5000007679999996
1.2862500000000001e-05,23.749996544,0.5819999967999999,1.476124997312,2.5000007679999996
1.2863e-05,24.531246592000002,0.58824999616,1.476124997312,1.8750008319999996
1.2863500000000001e-05,23.749996544,0.58824999616,1.478624997056,2.1875007999999996
1.2864e-05,23.749996544,0.58824999616,1.477374997184,2.1875007999999996
1.28645e-05,23.749996544,0.5819999967999999,1.479874996928,2.1875007999999996
1.2865000000000001e-05,22.968746496,0.5819999967999999,1.4811249968,2.1875007999999996
1.28655e-05,23.749996544,0.5819999967999999,1.477374997184,2.5000007679999996
1.2866e-05,23.749996544,0.58824999616,1.476124997312,2.1875007999999996
1.2866500000000001e-05,23.749996544,0.58824999616,1.478624997056,2.1875007999999996
1.2867e-05,22.968746496,0.58824999616,1.479874996928,2.5000007679999996
1.28675e-05,23.749996544,0.5819999967999999,1.478624997056,2.5000007679999996
1.2868000000000001e-05,22.968746496,0.5819999967999999,1.478624997056,2.5000007679999996
1.28685e-05,22.968746496,0.58824999616,1.479874996928,2.1875007999999996
1.2869000000000002e-05,23.749996544,0.58824999616,1.478624997056,2.1875007999999996
1.2869500000000001e-05,23.749996544,0.58824999616,1.47487499744,2.5000007679999996
1.287e-05,23.749996544,0.5819999967999999,1.477374997184,2.5000007679999996
1.2870500000000002e-05,23.749996544,0.58824999616,1.478624997056,2.8125007359999996
1.2871000000000001e-05,22.968746496,0.58824999616,1.478624997056,2.5000007679999996
1.28715e-05,22.968746496,0.59449999552,1.4811249968,2.1875007999999996
1.2872000000000001e-05,22.968746496,0.58824999616,1.478624997056,2.1875007999999996
1.28725e-05,23.749996544,0.58824999616,1.478624997056,1.8750008319999996
1.2873e-05,22.968746496,0.58824999616,1.477374997184,2.1875007999999996
1.2873500000000001e-05,22.968746496,0.58824999616,1.477374997184,2.5000007679999996
1.2874e-05,22.968746496,0.58824999616,1.476124997312,2.5000007679999996
1.28745e-05,23.749996544,0.58824999616,1.477374997184,2.1875007999999996
1.2875000000000001e-05,22.968746496,0.58824999616,1.479874996928,2.5000007679999996
1.28755e-05,22.968746496,0.5819999967999999,1.478624997056,2.5000007679999996
1.2876e-05,23.749996544,0.5819999967999999,1.47487499744,2.5000007679999996
1.2876500000000001e-05,23.749996544,0.58824999616,1.477374997184,2.1875007999999996
1.2877e-05,23.749996544,0.58824999616,1.477374997184,2.1875007999999996
1.2877500000000002e-05,22.968746496,0.58824999616,1.477374997184,2.5000007679999996
1.2878000000000001e-05,23.749996544,0.5819999967999999,1.47487499744,2.1875007999999996
1.28785e-05,23.749996544,0.58824999616,1.476124997312,2.5000007679999996
1.2879000000000002e-05,23.749996544,0.58824999616,1.476124997312,2.1875007999999996
1.2879500000000001e-05,23.749996544,0.58824999616,1.477374997184,2.1875007999999996
1.288e-05,23.749996544,0.58824999616,1.47487499744,2.5000007679999996
1.2880500000000001e-05,23.749996544,0.5819999967999999,1.47487499744,2.1875007999999996
1.2881000000000001e-05,23.749996544,0.58824999616,1.47487499744,2.5000007679999996
1.28815e-05,23.749996544,0.5819999967999999,1.477374997184,2.1875007999999996
1.2882000000000001e-05,23.749996544,0.5819999967999999,1.477374997184,2.5000007679999996
1.28825e-05,22.968746496,0.58824999616,1.476124997312,2.1875007999999996
1.2883e-05,22.968746496,0.58824999616,1.47487499744,2.5000007679999996
1.2883500000000001e-05,22.968746496,0.58824999616,1.473624997568,2.8125007359999996
1.2884e-05,23.749996544,0.5819999967999999,1.47487499744,2.5000007679999996
1.28845e-05,23.749996544,0.59449999552,1.477374997184,2.5000007679999996
1.2885000000000001e-05,23.749996544,0.58824999616,1.478624997056,2.1875007999999996
1.28855e-05,22.968746496,0.58824999616,1.477374997184,2.1875007999999996
1.2886000000000002e-05,23.749996544,0.58824999616,1.476124997312,2.1875007999999996
1.2886500000000001e-05,23.749996544,0.58824999616,1.476124997312,2.5000007679999996
1.2887e-05,23.749996544,0.58824999616,1.477374997184,2.5000007679999996
1.2887500000000002e-05,22.968746496,0.5819999967999999,1.478624997056,2.5000007679999996
1.2888000000000001e-05,23.749996544,0.5819999967999999,1.478624997056,2.5000007679999996
1.28885e-05,23.749996544,0.57574999744,1.478624997056,2.1875007999999996
1.2889000000000001e-05,22.968746496,0.58824999616,1.477374997184,2.5000007679999996
1.2889500000000001e-05,23.749996544,0.5819999967999999,1.477374997184,2.5000007679999996
1.289e-05,23.749996544,0.5819999967999999,1.478624997056,2.5000007679999996
1.2890500000000001e-05,22.968746496,0.58824999616,1.479874996928,2.5000007679999996
1.2891e-05,22.968746496,0.58824999616,1.479874996928,2.1875007999999996
1.28915e-05,22.968746496,0.5819999967999999,1.478624997056,1.8750008319999996
1.2892000000000001e-05,23.749996544,0.58824999616,1.477374997184,2.1875007999999996
1.28925e-05,22.968746496,0.58824999616,1.477374997184,2.1875007999999996
1.2893e-05,23.749996544,0.58824999616,1.47487499744,2.1875007999999996
1.2893500000000001e-05,23.749996544,0.58824999616,1.477374997184,2.5000007679999996
1.2894e-05,23.749996544,0.5819999967999999,1.478624997056,2.5000007679999996
1.2894500000000002e-05,23.749996544,0.58824999616,1.479874996928,2.5000007679999996
1.2895000000000001e-05,23.749996544,0.58824999616,1.478624997056,2.5000007679999996
1.28955e-05,23.749996544,0.58824999616,1.479874996928,2.1875007999999996
1.2896000000000002e-05,23.749996544,0.58824999616,1.477374997184,2.1875007999999996
1.2896500000000001e-05,23.749996544,0.58824999616,1.476124997312,1.8750008319999996
1.2897e-05,22.968746496,0.5819999967999999,1.476124997312,2.1875007999999996
1.2897500000000001e-05,23.749996544,0.5819999967999999,1.476124997312,2.1875007999999996
1.2898000000000001e-05,23.749996544,0.58824999616,1.477374997184,2.1875007999999996
1.28985e-05,22.968746496,0.59449999552,1.477374997184,2.1875007999999996
1.2899000000000001e-05,23.749996544,0.59449999552,1.478624997056,2.1875007999999996
1.28995e-05,23.749996544,0.58824999616,1.47487499744,2.1875007999999996
1.29e-05,23.749996544,0.5819999967999999,1.476124997312,2.1875007999999996
1.2900500000000001e-05,23.749996544,0.58824999616,1.477374997184,1.8750008319999996
1.2901e-05,23.749996544,0.58824999616,1.477374997184,2.1875007999999996
1.29015e-05,23.749996544,0.58824999616,1.47487499744,2.5000007679999996
1.2902000000000001e-05,22.968746496,0.58824999616,1.476124997312,2.8125007359999996
1.29025e-05,23.749996544,0.58824999616,1.476124997312,2.5000007679999996
1.2903e-05,22.968746496,0.58824999616,1.47487499744,2.1875007999999996
1.2903500000000001e-05,23.749996544,0.58824999616,1.477374997184,2.1875007999999996
1.2904e-05,23.749996544,0.59449999552,1.47487499744,2.5000007679999996
1.2904500000000002e-05,23.749996544,0.58824999616,1.47487499744,1.8750008319999996
1.2905000000000001e-05,22.968746496,0.58824999616,1.473624997568,2.1875007999999996
1.29055e-05,22.968746496,0.5819999967999999,1.47487499744,2.1875007999999996
1.2906000000000001e-05,23.749996544,0.5819999967999999,1.47487499744,2.1875007999999996
1.2906500000000001e-05,22.968746496,0.58824999616,1.476124997312,2.1875007999999996
1.2907e-05,23.749996544,0.58824999616,1.476124997312,2.5000007679999996
1.2907500000000001e-05,22.968746496,0.58824999616,1.47487499744,2.5000007679999996
1.2908e-05,23.749996544,0.58824999616,1.47487499744,2.5000007679999996
1.29085e-05,23.749996544,0.58824999616,1.478624997056,2.5000007679999996
1.2909000000000001e-05,23.749996544,0.58824999616,1.478624997056,2.5000007679999996
1.29095e-05,22.968746496,0.58824999616,1.476124997312,2.5000007679999996
1.291e-05,23.749996544,0.58824999616,1.477374997184,2.1875007999999996
1.2910500000000001e-05,22.968746496,0.58824999616,1.478624997056,2.5000007679999996
1.2911e-05,23.749996544,0.59449999552,1.476124997312,2.1875007999999996
1.29115e-05,22.968746496,0.58824999616,1.477374997184,2.1875007999999996
1.2912000000000001e-05,22.968746496,0.58824999616,1.47487499744,2.1875007999999996
1.29125e-05,22.968746496,0.58824999616,1.476124997312,1.8750008319999996
1.2913000000000002e-05,22.968746496,0.58824999616,1.47487499744,1.8750008319999996
1.2913500000000001e-05,23.749996544,0.58824999616,1.476124997312,2.5000007679999996
1.2914e-05,23.749996544,0.5819999967999999,1.476124997312,2.5000007679999996
1.2914500000000001e-05,22.968746496,0.58824999616,1.47487499744,2.1875007999999996
1.2915000000000001e-05,22.968746496,0.58824999616,1.47487499744,2.5000007679999996
1.29155e-05,22.968746496,0.58824999616,1.47487499744,2.5000007679999996
1.2916000000000001e-05,22.968746496,0.58824999616,1.47487499744,2.5000007679999996
1.29165e-05,23.749996544,0.59449999552,1.478624997056,2.1875007999999996
1.2917e-05,23.749996544,0.58824999616,1.47487499744,2.5000007679999996
1.2917500000000001e-05,22.968746496,0.58824999616,1.47487499744,2.5000007679999996
1.2918e-05,23.749996544,0.58824999616,1.476124997312,2.1875007999999996
1.29185e-05,23.749996544,0.58824999616,1.477374997184,2.5000007679999996
1.2919000000000001e-05,22.968746496,0.59449999552,1.476124997312,2.1875007999999996
1.29195e-05,22.968746496,0.58824999616,1.479874996928,1.8750008319999996
1.292e-05,23.749996544,0.58824999616,1.477374997184,2.1875007999999996
1.2920500000000001e-05,23.749996544,0.5819999967999999,1.478624997056,2.1875007999999996
1.2921e-05,22.968746496,0.5819999967999999,1.479874996928,2.1875007999999996
1.2921500000000002e-05,22.968746496,0.58824999616,1.4811249968,2.5000007679999996
1.2922000000000001e-05,22.968746496,0.5819999967999999,1.478624997056,2.1875007999999996
1.29225e-05,23.749996544,0.59449999552,1.478624997056,2.1875007999999996
1.2923000000000001e-05,22.968746496,0.59449999552,1.478624997056,2.1875007999999996
1.2923500000000001e-05,22.968746496,0.58824999616,1.477374997184,2.5000007679999996
1.2924e-05,22.968746496,0.58824999616,1.476124997312,2.5000007679999996
1.2924500000000001e-05,23.749996544,0.59449999552,1.478624997056,2.1875007999999996
1.2925e-05,24.531246592000002,0.58824999616,1.476124997312,2.1875007999999996
1.29255e-05,23.749996544,0.58824999616,1.476124997312,2.1875007999999996
1.2926000000000001e-05,23.749996544,0.58824999616,1.476124997312,2.1875007999999996
1.29265e-05,22.968746496,0.58824999616,1.478624997056,2.5000007679999996
1.2927e-05,23.749996544,0.59449999552,1.479874996928,2.1875007999999996
1.2927500000000001e-05,22.968746496,0.58824999616,1.479874996928,2.1875007999999996
1.2928e-05,22.968746496,0.58824999616,1.477374997184,2.1875007999999996
1.29285e-05,22.968746496,0.58824999616,1.478624997056,1.8750008319999996
1.2929000000000001e-05,23.749996544,0.5819999967999999,1.47487499744,2.1875007999999996
1.29295e-05,22.968746496,0.58824999616,1.47487499744,2.1875007999999996
1.2930000000000002e-05,22.968746496,0.59449999552,1.476124997312,2.1875007999999996
1.2930500000000001e-05,23.749996544,0.59449999552,1.476124997312,1.8750008319999996
1.2931e-05,23.749996544,0.58824999616,1.476124997312,2.1875007999999996
1.2931500000000001e-05,22.968746496,0.5819999967999999,1.477374997184,2.1875007999999996
1.2932000000000001e-05,22.968746496,0.58824999616,1.476124997312,2.1875007999999996
1.29325e-05,23.749996544,0.5819999967999999,1.477374997184,2.1875007999999996
1.2933000000000001e-05,23.749996544,0.5819999967999999,1.476124997312,2.1875007999999996
1.29335e-05,23.749996544,0.58824999616,1.47487499744,2.5000007679999996
1.2934e-05,23.749996544,0.58824999616,1.473624997568,2.1875007999999996
1.2934500000000001e-05,22.968746496,0.58824999616,1.476124997312,2.1875007999999996
1.2935e-05,22.968746496,0.58824999616,1.473624997568,2.1875007999999996
1.29355e-05,22.968746496,0.5819999967999999,1.476124997312,1.8750008319999996
1.2936000000000001e-05,23.749996544,0.5819999967999999,1.476124997312,1.8750008319999996
1.29365e-05,23.749996544,0.5819999967999999,1.478624997056,1.8750008319999996
1.2937e-05,22.968746496,0.58824999616,1.477374997184,1.8750008319999996
1.2937500000000001e-05,22.968746496,0.58824999616,1.476124997312,2.1875007999999996
1.2938e-05,22.968746496,0.58824999616,1.47487499744,2.1875007999999996
1.2938500000000002e-05,22.968746496,0.59449999552,1.476124997312,2.1875007999999996
1.2939000000000001e-05,22.968746496,0.59449999552,1.478624997056,2.5000007679999996
1.29395e-05,22.968746496,0.58824999616,1.477374997184,2.1875007999999996
1.2940000000000001e-05,22.968746496,0.58824999616,1.476124997312,2.5000007679999996
1.2940500000000001e-05,22.968746496,0.58824999616,1.478624997056,2.1875007999999996
1.2941e-05,22.968746496,0.5819999967999999,1.477374997184,2.1875007999999996
1.2941500000000001e-05,22.968746496,0.5819999967999999,1.477374997184,2.5000007679999996
1.2942e-05,23.749996544,0.5819999967999999,1.477374997184,2.5000007679999996
1.29425e-05,23.749996544,0.5819999967999999,1.477374997184,2.1875007999999996
1.2943000000000001e-05,23.749996544,0.58824999616,1.476124997312,2.1875007999999996
1.29435e-05,22.968746496,0.58824999616,1.476124997312,1.8750008319999996
1.2944e-05,22.968746496,0.58824999616,1.476124997312,2.1875007999999996
1.2944500000000001e-05,22.187496448000005,0.5819999967999999,1.478624997056,1.8750008319999996
1.2945e-05,22.187496448000005,0.58824999616,1.478624997056,1.8750008319999996
1.29455e-05,22.968746496,0.58824999616,1.477374997184,2.1875007999999996
1.2946000000000001e-05,23.749996544,0.58824999616,1.476124997312,2.5000007679999996
1.29465e-05,22.968746496,0.58824999616,1.47487499744,2.1875007999999996
1.2947000000000002e-05,22.968746496,0.58824999616,1.476124997312,2.5000007679999996
1.2947500000000001e-05,22.187496448000005,0.5819999967999999,1.477374997184,2.1875007999999996
1.2948e-05,23.749996544,0.58824999616,1.47487499744,2.1875007999999996
1.2948500000000001e-05,22.968746496,0.58824999616,1.476124997312,2.1875007999999996
1.2949000000000001e-05,23.749996544,0.5819999967999999,1.476124997312,1.8750008319999996
1.29495e-05,22.968746496,0.5819999967999999,1.477374997184,2.1875007999999996
1.2950000000000001e-05,23.749996544,0.58824999616,1.477374997184,2.1875007999999996
1.29505e-05,23.749996544,0.58824999616,1.477374997184,2.1875007999999996
1.2951e-05,23.749996544,0.5819999967999999,1.476124997312,1.8750008319999996
1.2951500000000001e-05,22.968746496,0.5819999967999999,1.477374997184,1.8750008319999996
1.2952e-05,22.968746496,0.58824999616,1.476124997312,2.1875007999999996
1.29525e-05,23.749996544,0.58824999616,1.479874996928,1.8750008319999996
1.2953000000000001e-05,22.968746496,0.58824999616,1.477374997184,2.1875007999999996
1.29535e-05,23.749996544,0.58824999616,1.477374997184,2.5000007679999996
1.2954e-05,23.749996544,0.58824999616,1.4811249968,2.1875007999999996
1.2954500000000001e-05,22.968746496,0.58824999616,1.4811249968,2.1875007999999996
1.2955e-05,23.749996544,0.58824999616,1.477374997184,2.5000007679999996
1.2955500000000002e-05,22.968746496,0.58824999616,1.476124997312,2.5000007679999996
1.2956000000000001e-05,22.968746496,0.58824999616,1.47487499744,2.5000007679999996
1.29565e-05,23.749996544,0.59449999552,1.476124997312,2.1875007999999996
1.2957000000000001e-05,23.749996544,0.58824999616,1.476124997312,2.1875007999999996
1.2957500000000001e-05,22.968746496,0.59449999552,1.477374997184,2.1875007999999996
1.2958e-05,22.968746496,0.58824999616,1.477374997184,2.1875007999999996
1.2958500000000001e-05,23.749996544,0.58824999616,1.4811249968,2.5000007679999996
1.2959e-05,22.187496448000005,0.58824999616,1.4811249968,2.1875007999999996
1.29595e-05,22.968746496,0.58824999616,1.479874996928,2.1875007999999996
1.2960000000000001e-05,22.968746496,0.58824999616,1.477374997184,2.5000007679999996
1.29605e-05,22.968746496,0.58824999616,1.478624997056,2.5000007679999996
1.2961e-05,22.968746496,0.58824999616,1.477374997184,2.5000007679999996
1.2961500000000001e-05,22.968746496,0.59449999552,1.477374997184,2.1875007999999996
1.2962e-05,22.968746496,0.58824999616,1.476124997312,2.1875007999999996
1.29625e-05,22.968746496,0.59449999552,1.476124997312,2.1875007999999996
1.2963000000000001e-05,22.968746496,0.59449999552,1.478624997056,2.5000007679999996
1.29635e-05,22.968746496,0.58824999616,1.479874996928,2.5000007679999996
1.2964000000000002e-05,22.968746496,0.5819999967999999,1.479874996928,2.5000007679999996
1.2964500000000001e-05,23.749996544,0.58824999616,1.479874996928,2.1875007999999996
1.2965e-05,23.749996544,0.58824999616,1.477374997184,2.1875007999999996
1.2965500000000001e-05,22.968746496,0.58824999616,1.476124997312,2.5000007679999996
1.2966000000000001e-05,22.968746496,0.59449999552,1.476124997312,2.5000007679999996
1.29665e-05,22.968746496,0.58824999616,1.477374997184,2.1875007999999996
1.2967000000000001e-05,22.187496448000005,0.59449999552,1.476124997312,2.1875007999999996
1.29675e-05,22.968746496,0.5819999967999999,1.476124997312,2.1875007999999996
1.2968e-05,22.968746496,0.58824999616,1.47487499744,2.1875007999999996
1.2968500000000001e-05,23.749996544,0.58824999616,1.47487499744,2.1875007999999996
1.2969e-05,22.968746496,0.59449999552,1.473624997568,2.1875007999999996
1.29695e-05,23.749996544,0.6007499948799999,1.473624997568,2.1875007999999996
1.2970000000000001e-05,23.749996544,0.58824999616,1.47487499744,2.1875007999999996
1.29705e-05,22.968746496,0.58824999616,1.478624997056,2.1875007999999996
1.2971e-05,22.968746496,0.58824999616,1.479874996928,2.5000007679999996
1.2971500000000001e-05,22.968746496,0.58824999616,1.477374997184,2.1875007999999996
1.2972e-05,22.187496448000005,0.58824999616,1.47487499744,2.1875007999999996
1.2972500000000002e-05,22.968746496,0.58824999616,1.476124997312,1.8750008319999996
1.2973000000000001e-05,23.749996544,0.58824999616,1.476124997312,2.1875007999999996
1.29735e-05,23.749996544,0.58824999616,1.477374997184,2.5000007679999996
1.2974000000000001e-05,22.968746496,0.58824999616,1.476124997312,2.5000007679999996
1.2974500000000001e-05,22.968746496,0.58824999616,1.47487499744,2.1875007999999996
1.2975e-05,23.749996544,0.58824999616,1.476124997312,1.8750008319999996
1.2975500000000001e-05,23.749996544,0.58824999616,1.478624997056,2.1875007999999996
1.2976e-05,23.749996544,0.59449999552,1.476124997312,2.1875007999999996
1.29765e-05,23.749996544,0.58824999616,1.478624997056,2.1875007999999996
1.2977000000000001e-05,23.749996544,0.58824999616,1.478624997056,2.1875007999999996
1.29775e-05,22.968746496,0.58824999616,1.476124997312,2.1875007999999996
1.2978e-05,23.749996544,0.58824999616,1.476124997312,2.1875007999999996
1.2978500000000001e-05,23.749996544,0.58824999616,1.476124997312,1.8750008319999996
1.2979e-05,22.968746496,0.58824999616,1.478624997056,2.1875007999999996
1.29795e-05,22.968746496,0.5819999967999999,1.477374997184,2.1875007999999996
1.2980000000000001e-05,23.749996544,0.59449999552,1.476124997312,2.1875007999999996
1.29805e-05,23.749996544,0.59449999552,1.477374997184,1.8750008319999996
1.2981000000000002e-05,23.749996544,0.58824999616,1.478624997056,2.1875007999999996
1.2981500000000001e-05,23.749996544,0.58824999616,1.477374997184,2.5000007679999996
1.2982e-05,22.968746496,0.58824999616,1.47487499744,2.5000007679999996
1.2982500000000001e-05,22.968746496,0.59449999552,1.47487499744,2.5000007679999996
1.2983000000000001e-05,22.968746496,0.59449999552,1.47487499744,2.1875007999999996
1.29835e-05,22.968746496,0.59449999552,1.477374997184,2.1875007999999996
1.2984000000000001e-05,22.968746496,0.58824999616,1.476124997312,2.1875007999999996
1.29845e-05,22.968746496,0.58824999616,1.479874996928,2.1875007999999996
1.2985e-05,22.968746496,0.58824999616,1.478624997056,2.1875007999999996
1.2985500000000001e-05,22.968746496,0.58824999616,1.476124997312,2.5000007679999996
1.2986e-05,22.968746496,0.58824999616,1.476124997312,2.1875007999999996
1.29865e-05,22.968746496,0.59449999552,1.476124997312,2.1875007999999996
1.2987000000000001e-05,22.968746496,0.59449999552,1.476124997312,2.5000007679999996
1.29875e-05,22.968746496,0.58824999616,1.476124997312,2.5000007679999996
1.2988e-05,23.749996544,0.59449999552,1.476124997312,2.5000007679999996
1.2988500000000001e-05,23.749996544,0.59449999552,1.476124997312,2.1875007999999996
1.2989e-05,22.968746496,0.59449999552,1.476124997312,2.1875007999999996
1.2989500000000002e-05,22.968746496,0.58824999616,1.476124997312,2.5000007679999996
1.2990000000000001e-05,22.968746496,0.58824999616,1.476124997312,2.5000007679999996
1.29905e-05,23.749996544,0.58824999616,1.477374997184,2.5000007679999996
1.2991000000000001e-05,23.749996544,0.58824999616,1.477374997184,2.1875007999999996
1.2991500000000001e-05,23.749996544,0.58824999616,1.479874996928,2.1875007999999996
1.2992e-05,23.749996544,0.58824999616,1.478624997056,2.1875007999999996
1.2992500000000001e-05,22.968746496,0.58824999616,1.479874996928,2.1875007999999996
1.2993e-05,22.968746496,0.58824999616,1.477374997184,2.1875007999999996
1.29935e-05,22.968746496,0.58824999616,1.476124997312,2.1875007999999996
1.2994000000000001e-05,22.968746496,0.58824999616,1.47487499744,2.1875007999999996
1.29945e-05,22.187496448000005,0.58824999616,1.47487499744,2.1875007999999996
1.2995e-05,22.968746496,0.59449999552,1.476124997312,2.1875007999999996
1.2995500000000001e-05,23.749996544,0.58824999616,1.477374997184,2.1875007999999996
1.2996e-05,23.749996544,0.58824999616,1.477374997184,2.1875007999999996
1.29965e-05,22.968746496,0.58824999616,1.478624997056,1.8750008319999996
1.2997000000000001e-05,23.749996544,0.58824999616,1.478624997056,2.1875007999999996
1.29975e-05,22.968746496,0.59449999552,1.476124997312,2.1875007999999996
1.2998000000000002e-05,22.968746496,0.59449999552,1.476124997312,2.5000007679999996
1.2998500000000001e-05,23.749996544,0.59449999552,1.478624997056,2.5000007679999996
1.2999e-05,23.749996544,0.59449999552,1.477374997184,2.1875007999999996
1.2999500000000001e-05,22.968746496,0.58824999616,1.477374997184,2.5000007679999996
1.3000000000000001e-05,22.968746496,0.58824999616,1.476124997312,2.5000007679999996
1.30005e-05,22.968746496,0.58824999616,1.477374997184,2.1875007999999996
1.3001000000000001e-05,22.968746496,0.59449999552,1.478624997056,2.1875007999999996
1.30015e-05,22.968746496,0.59449999552,1.477374997184,2.1875007999999996
1.3002e-05,23.749996544,0.59449999552,1.476124997312,2.1875007999999996
1.3002500000000001e-05,22.968746496,0.58824999616,1.47487499744,2.1875007999999996
1.3003e-05,22.187496448000005,0.58824999616,1.47487499744,2.1875007999999996
1.30035e-05,23.749996544,0.58824999616,1.477374997184,1.8750008319999996
1.3004000000000001e-05,22.968746496,0.58824999616,1.478624997056,2.5000007679999996
1.30045e-05,22.968746496,0.59449999552,1.477374997184,2.1875007999999996
1.3005e-05,22.968746496,0.58824999616,1.476124997312,2.1875007999999996
1.3005500000000001e-05,22.968746496,0.59449999552,1.477374997184,2.1875007999999996
1.3006e-05,22.968746496,0.58824999616,1.478624997056,2.1875007999999996
1.3006500000000002e-05,22.968746496,0.59449999552,1.479874996928,2.1875007999999996
1.3007000000000001e-05,22.968746496,0.59449999552,1.476124997312,1.8750008319999996
1.30075e-05,22.968746496,0.58824999616,1.476124997312,2.1875007999999996
1.3008000000000001e-05,23.749996544,0.58824999616,1.47487499744,2.1875007999999996
1.3008500000000001e-05,23.749996544,0.58824999616,1.476124997312,1.8750008319999996
1.3009e-05,22.968746496,0.58824999616,1.477374997184,2.1875007999999996
1.3009500000000001e-05,22.968746496,0.58824999616,1.479874996928,2.5000007679999996
1.301e-05,23.749996544,0.58824999616,1.4811249968,2.1875007999999996
1.30105e-05,22.968746496,0.58824999616,1.478624997056,2.1875007999999996
1.3011000000000001e-05,23.749996544,0.58824999616,1.478624997056,2.5000007679999996
1.30115e-05,22.968746496,0.58824999616,1.477374997184,2.5000007679999996
1.3012e-05,23.749996544,0.59449999552,1.477374997184,2.1875007999999996
1.3012500000000001e-05,22.968746496,0.59449999552,1.476124997312,2.1875007999999996
1.3013e-05,23.749996544,0.59449999552,1.476124997312,2.1875007999999996
1.30135e-05,23.749996544,0.6007499948799999,1.47487499744,2.5000007679999996
1.3014000000000001e-05,23.749996544,0.58824999616,1.473624997568,2.5000007679999996
1.30145e-05,22.968746496,0.59449999552,1.477374997184,2.1875007999999996
1.3015000000000002e-05,22.968746496,0.59449999552,1.478624997056,2.1875007999999996
1.3015500000000001e-05,22.968746496,0.58824999616,1.477374997184,2.1875007999999996
1.3016e-05,23.749996544,0.58824999616,1.476124997312,2.1875007999999996
1.3016500000000001e-05,23.749996544,0.58824999616,1.477374997184,2.1875007999999996
1.3017000000000001e-05,22.968746496,0.59449999552,1.477374997184,2.5000007679999996
1.30175e-05,22.968746496,0.59449999552,1.476124997312,2.5000007679999996
1.3018000000000001e-05,22.968746496,0.59449999552,1.47487499744,2.1875007999999996
1.30185e-05,22.968746496,0.59449999552,1.47487499744,2.1875007999999996
1.3019e-05,22.968746496,0.6007499948799999,1.479874996928,2.5000007679999996
1.3019500000000001e-05,22.968746496,0.59449999552,1.4811249968,2.5000007679999996
1.302e-05,23.749996544,0.59449999552,1.479874996928,2.5000007679999996
1.30205e-05,22.968746496,0.59449999552,1.479874996928,2.1875007999999996
1.3021000000000001e-05,23.749996544,0.59449999552,1.479874996928,1.8750008319999996
1.30215e-05,23.749996544,0.59449999552,1.478624997056,2.5000007679999996
1.3022e-05,22.968746496,0.58824999616,1.477374997184,2.5000007679999996
1.3022500000000001e-05,22.968746496,0.59449999552,1.477374997184,2.1875007999999996
1.3023e-05,23.749996544,0.59449999552,1.47487499744,2.1875007999999996
1.3023500000000002e-05,22.968746496,0.58824999616,1.477374997184,2.1875007999999996
1.3024000000000001e-05,22.968746496,0.59449999552,1.476124997312,2.1875007999999996
1.30245e-05,23.749996544,0.58824999616,1.476124997312,1.8750008319999996
1.3025000000000002e-05,22.968746496,0.59449999552,1.473624997568,2.1875007999999996
1.3025500000000001e-05,22.968746496,0.59449999552,1.476124997312,2.1875007999999996
1.3026e-05,23.749996544,0.59449999552,1.478624997056,2.5000007679999996
1.3026500000000001e-05,22.968746496,0.58824999616,1.478624997056,1.8750008319999996
1.3027e-05,23.749996544,0.6007499948799999,1.479874996928,2.1875007999999996
1.30275e-05,22.968746496,0.59449999552,1.477374997184,1.8750008319999996
1.3028000000000001e-05,22.968746496,0.58824999616,1.47487499744,2.1875007999999996
1.30285e-05,22.968746496,0.59449999552,1.476124997312,1.8750008319999996
1.3029e-05,22.968746496,0.59449999552,1.47487499744,2.1875007999999996
1.3029500000000001e-05,23.749996544,0.58824999616,1.476124997312,2.1875007999999996
1.303e-05,22.968746496,0.59449999552,1.479874996928,2.1875007999999996
1.30305e-05,22.968746496,0.59449999552,1.478624997056,2.1875007999999996
1.3031000000000001e-05,22.968746496,0.58824999616,1.476124997312,2.1875007999999996
1.30315e-05,22.968746496,0.58824999616,1.476124997312,1.8750008319999996
1.3032000000000002e-05,22.968746496,0.58824999616,1.476124997312,2.1875007999999996
1.3032500000000001e-05,22.968746496,0.58824999616,1.4811249968,1.8750008319999996
1.3033e-05,22.968746496,0.58824999616,1.479874996928,2.1875007999999996
1.3033500000000002e-05,22.968746496,0.59449999552,1.478624997056,2.1875007999999996
1.3034000000000001e-05,22.968746496,0.59449999552,1.476124997312,2.1875007999999996
1.30345e-05,22.968746496,0.59449999552,1.477374997184,1.8750008319999996
1.3035000000000001e-05,22.968746496,0.59449999552,1.476124997312,2.1875007999999996
1.30355e-05,23.749996544,0.59449999552,1.476124997312,2.1875007999999996
1.3036e-05,23.749996544,0.59449999552,1.476124997312,2.1875007999999996
1.3036500000000001e-05,22.968746496,0.6007499948799999,1.476124997312,1.8750008319999996
1.3037e-05,23.749996544,0.59449999552,1.47487499744,2.1875007999999996
1.30375e-05,22.968746496,0.6007499948799999,1.47487499744,2.1875007999999996
1.3038000000000001e-05,23.749996544,0.59449999552,1.476124997312,2.5000007679999996
1.30385e-05,23.749996544,0.6007499948799999,1.477374997184,1.8750008319999996
1.3039e-05,22.968746496,0.59449999552,1.476124997312,1.8750008319999996
1.3039500000000001e-05,22.968746496,0.59449999552,1.476124997312,1.8750008319999996
1.304e-05,22.968746496,0.58824999616,1.47487499744,2.1875007999999996
1.3040500000000002e-05,23.749996544,0.59449999552,1.476124997312,1.8750008319999996
1.3041000000000001e-05,22.968746496,0.59449999552,1.47487499744,2.1875007999999996
1.30415e-05,23.749996544,0.59449999552,1.476124997312,1.8750008319999996
1.3042000000000002e-05,23.749996544,0.59449999552,1.476124997312,2.1875007999999996
1.3042500000000001e-05,22.968746496,0.59449999552,1.477374997184,1.8750008319999996
1.3043e-05,23.749996544,0.6007499948799999,1.479874996928,2.1875007999999996
1.3043500000000001e-05,23.749996544,0.59449999552,1.478624997056,2.1875007999999996
1.3044e-05,23.749996544,0.6007499948799999,1.476124997312,2.5000007679999996
1.30445e-05,22.968746496,0.59449999552,1.478624997056,2.1875007999999996
1.3045000000000001e-05,23.749996544,0.59449999552,1.476124997312,2.1875007999999996
1.30455e-05,24.531246592000002,0.58824999616,1.47487499744,1.8750008319999996
1.3046e-05,23.749996544,0.58824999616,1.473624997568,2.1875007999999996
1.3046500000000001e-05,23.749996544,0.59449999552,1.476124997312,2.1875007999999996
1.3047e-05,22.968746496,0.59449999552,1.47487499744,2.1875007999999996
1.30475e-05,22.187496448000005,0.59449999552,1.477374997184,2.1875007999999996
1.3048000000000001e-05,23.749996544,0.59449999552,1.476124997312,2.5000007679999996
1.30485e-05,23.749996544,0.59449999552,1.476124997312,2.1875007999999996
1.3049000000000002e-05,22.968746496,0.58824999616,1.476124997312,2.1875007999999996
1.3049500000000001e-05,22.968746496,0.6007499948799999,1.477374997184,2.1875007999999996
1.305e-05,23.749996544,0.59449999552,1.47487499744,2.1875007999999996
1.3050500000000002e-05,22.968746496,0.59449999552,1.47487499744,2.1875007999999996
1.3051000000000001e-05,23.749996544,0.6007499948799999,1.473624997568,2.1875007999999996
1.30515e-05,22.968746496,0.6007499948799999,1.473624997568,2.5000007679999996
1.3052000000000001e-05,23.749996544,0.59449999552,1.47487499744,2.5000007679999996
1.30525e-05,22.968746496,0.59449999552,1.477374997184,2.1875007999999996
1.3053e-05,23.749996544,0.6007499948799999,1.476124997312,2.1875007999999996
1.3053500000000001e-05,22.968746496,0.59449999552,1.477374997184,2.5000007679999996
1.3054e-05,23.749996544,0.59449999552,1.478624997056,2.1875007999999996
1.30545e-05,22.968746496,0.59449999552,1.478624997056,2.1875007999999996
1.3055000000000001e-05,22.968746496,0.59449999552,1.47487499744,2.1875007999999996
1.30555e-05,22.968746496,0.59449999552,1.477374997184,1.8750008319999996
1.3056e-05,23.749996544,0.59449999552,1.476124997312,2.1875007999999996
1.3056500000000001e-05,23.749996544,0.59449999552,1.477374997184,1.8750008319999996
1.3057e-05,22.968746496,0.59449999552,1.476124997312,2.1875007999999996
1.3057500000000002e-05,23.749996544,0.58824999616,1.477374997184,2.1875007999999996
1.3058000000000001e-05,23.749996544,0.59449999552,1.478624997056,2.1875007999999996
1.30585e-05,22.968746496,0.59449999552,1.476124997312,2.1875007999999996
1.3059000000000002e-05,22.968746496,0.59449999552,1.477374997184,2.5000007679999996
1.3059500000000001e-05,22.968746496,0.59449999552,1.478624997056,2.5000007679999996
1.306e-05,22.968746496,0.58824999616,1.478624997056,2.5000007679999996
1.3060500000000001e-05,23.749996544,0.59449999552,1.478624997056,2.1875007999999996
1.3061e-05,23.749996544,0.59449999552,1.477374997184,2.1875007999999996
1.30615e-05,22.968746496,0.59449999552,1.477374997184,2.1875007999999996
1.3062000000000001e-05,22.968746496,0.58824999616,1.478624997056,2.5000007679999996
1.30625e-05,23.749996544,0.59449999552,1.477374997184,2.1875007999999996
1.3063e-05,22.968746496,0.59449999552,1.47487499744,2.1875007999999996
1.3063500000000001e-05,22.968746496,0.5819999967999999,1.476124997312,2.1875007999999996
1.3064e-05,22.968746496,0.59449999552,1.476124997312,2.5000007679999996
1.30645e-05,23.749996544,0.59449999552,1.478624997056,1.8750008319999996
1.3065000000000001e-05,22.968746496,0.59449999552,1.476124997312,2.1875007999999996
1.30655e-05,22.968746496,0.59449999552,1.476124997312,2.1875007999999996
1.3066000000000002e-05,23.749996544,0.59449999552,1.477374997184,2.1875007999999996
1.3066500000000001e-05,22.968746496,0.59449999552,1.478624997056,2.1875007999999996
1.3067e-05,22.968746496,0.58824999616,1.478624997056,2.1875007999999996
1.3067500000000002e-05,22.968746496,0.58824999616,1.478624997056,2.5000007679999996
1.3068000000000001e-05,22.968746496,0.58824999616,1.477374997184,2.5000007679999996
1.30685e-05,23.749996544,0.59449999552,1.478624997056,2.1875007999999996
1.3069000000000001e-05,23.749996544,0.59449999552,1.476124997312,2.1875007999999996
1.30695e-05,22.968746496,0.59449999552,1.476124997312,2.1875007999999996
1.307e-05,22.968746496,0.59449999552,1.477374997184,2.1875007999999996
1.3070500000000001e-05,22.968746496,0.59449999552,1.479874996928,2.5000007679999996
1.3071e-05,23.749996544,0.59449999552,1.479874996928,2.1875007999999996
1.30715e-05,22.968746496,0.59449999552,1.477374997184,1.8750008319999996
1.3072000000000001e-05,23.749996544,0.59449999552,1.47487499744,2.5000007679999996
1.30725e-05,23.749996544,0.59449999552,1.477374997184,1.8750008319999996
1.3073e-05,22.968746496,0.59449999552,1.477374997184,2.1875007999999996
1.3073500000000001e-05,22.968746496,0.59449999552,1.479874996928,2.1875007999999996
1.3074e-05,23.749996544,0.59449999552,1.478624997056,2.1875007999999996
1.3074500000000002e-05,22.968746496,0.59449999552,1.478624997056,2.1875007999999996
1.3075000000000001e-05,23.749996544,0.6007499948799999,1.478624997056,2.1875007999999996
1.30755e-05,23.749996544,0.59449999552,1.477374997184,2.5000007679999996
1.3076000000000002e-05,22.968746496,0.59449999552,1.476124997312,2.5000007679999996
1.3076500000000001e-05,23.749996544,0.59449999552,1.478624997056,2.1875007999999996
1.3077e-05,23.749996544,0.59449999552,1.4811249968,2.1875007999999996
1.3077500000000001e-05,22.968746496,0.59449999552,1.4811249968,2.1875007999999996
1.3078e-05,22.968746496,0.59449999552,1.479874996928,2.5000007679999996
1.30785e-05,22.968746496,0.59449999552,1.479874996928,2.5000007679999996
1.3079000000000001e-05,22.968746496,0.6007499948799999,1.479874996928,1.8750008319999996
1.30795e-05,23.749996544,0.59449999552,1.479874996928,1.8750008319999996
1.308e-05,23.749996544,0.59449999552,1.47487499744,2.1875007999999996
1.3080500000000001e-05,23.749996544,0.59449999552,1.477374997184,1.8750008319999996
1.3081e-05,22.968746496,0.6007499948799999,1.478624997056,2.1875007999999996
1.30815e-05,22.968746496,0.6007499948799999,1.479874996928,1.8750008319999996
1.3082000000000001e-05,23.749996544,0.59449999552,1.478624997056,2.1875007999999996
1.30825e-05,23.749996544,0.58824999616,1.477374997184,2.1875007999999996
1.3083000000000002e-05,22.968746496,0.59449999552,1.477374997184,2.5000007679999996
1.3083500000000001e-05,22.968746496,0.59449999552,1.476124997312,2.5000007679999996
1.3084e-05,22.968746496,0.59449999552,1.47487499744,2.1875007999999996
1.3084500000000002e-05,22.968746496,0.6007499948799999,1.478624997056,2.1875007999999996
1.3085000000000001e-05,23.749996544,0.6007499948799999,1.476124997312,2.5000007679999996
1.30855e-05,22.968746496,0.6007499948799999,1.47487499744,2.1875007999999996
1.3086000000000001e-05,23.749996544,0.59449999552,1.476124997312,2.1875007999999996
1.30865e-05,23.749996544,0.59449999552,1.476124997312,2.1875007999999996
1.3087e-05,22.968746496,0.59449999552,1.47487499744,2.1875007999999996
1.3087500000000001e-05,22.968746496,0.59449999552,1.476124997312,1.8750008319999996
1.3088e-05,22.968746496,0.58824999616,1.476124997312,2.1875007999999996
1.30885e-05,23.749996544,0.59449999552,1.478624997056,1.8750008319999996
1.3089000000000001e-05,22.968746496,0.58824999616,1.47487499744,2.1875007999999996
1.30895e-05,22.968746496,0.59449999552,1.47487499744,2.5000007679999996
1.309e-05,23.749996544,0.58824999616,1.476124997312,2.1875007999999996
1.3090500000000001e-05,22.968746496,0.59449999552,1.476124997312,1.8750008319999996
1.3091e-05,22.968746496,0.59449999552,1.476124997312,2.1875007999999996
1.3091500000000002e-05,22.968746496,0.58824999616,1.47487499744,2.1875007999999996
1.3092000000000001e-05,23.749996544,0.58824999616,1.476124997312,2.1875007999999996
1.30925e-05,22.968746496,0.58824999616,1.478624997056,2.1875007999999996
1.3093000000000002e-05,23.749996544,0.59449999552,1.478624997056,2.1875007999999996
1.3093500000000001e-05,22.968746496,0.58824999616,1.4811249968,2.1875007999999996
1.3094e-05,22.968746496,0.58824999616,1.479874996928,2.1875007999999996
1.3094500000000001e-05,22.968746496,0.59449999552,1.479874996928,2.5000007679999996
1.3095e-05,22.968746496,0.59449999552,1.477374997184,1.8750008319999996
1.30955e-05,22.968746496,0.58824999616,1.477374997184,2.1875007999999996
1.3096000000000001e-05,22.968746496,0.59449999552,1.47487499744,2.1875007999999996
1.30965e-05,23.749996544,0.58824999616,1.477374997184,1.8750008319999996
1.3097e-05,22.968746496,0.6007499948799999,1.476124997312,2.1875007999999996
1.3097500000000001e-05,22.968746496,0.6007499948799999,1.477374997184,2.1875007999999996
1.3098e-05,22.968746496,0.59449999552,1.476124997312,2.1875007999999996
1.30985e-05,22.968746496,0.59449999552,1.47487499744,1.8750008319999996
1.3099000000000001e-05,23.749996544,0.59449999552,1.47487499744,2.1875007999999996
1.30995e-05,23.749996544,0.58824999616,1.476124997312,2.1875007999999996
1.3100000000000002e-05,23.749996544,0.59449999552,1.477374997184,1.8750008319999996
1.3100500000000001e-05,22.968746496,0.59449999552,1.479874996928,1.8750008319999996
1.3101e-05,22.968746496,0.59449999552,1.4811249968,2.1875007999999996
1.3101500000000002e-05,22.968746496,0.59449999552,1.478624997056,2.1875007999999996
1.3102000000000001e-05,22.968746496,0.59449999552,1.476124997312,2.5000007679999996
1.31025e-05,23.749996544,0.59449999552,1.477374997184,2.5000007679999996
1.3103000000000001e-05,23.749996544,0.59449999552,1.477374997184,2.1875007999999996
1.31035e-05,22.968746496,0.58824999616,1.478624997056,1.8750008319999996
1.3104e-05,22.968746496,0.59449999552,1.476124997312,2.1875007999999996
1.3104500000000001e-05,23.749996544,0.59449999552,1.479874996928,1.8750008319999996
1.3105e-05,22.968746496,0.59449999552,1.478624997056,2.1875007999999996
1.31055e-05,22.968746496,0.59449999552,1.477374997184,2.1875007999999996
1.3106000000000001e-05,23.749996544,0.59449999552,1.476124997312,2.1875007999999996
1.31065e-05,22.968746496,0.59449999552,1.47487499744,2.1875007999999996
1.3107e-05,22.968746496,0.6007499948799999,1.478624997056,2.1875007999999996
1.3107500000000001e-05,22.968746496,0.6007499948799999,1.4811249968,2.5000007679999996
1.3108e-05,22.968746496,0.59449999552,1.478624997056,2.5000007679999996
1.3108500000000002e-05,22.968746496,0.59449999552,1.477374997184,2.1875007999999996
1.3109000000000001e-05,23.749996544,0.59449999552,1.476124997312,2.1875007999999996
1.31095e-05,22.968746496,0.6007499948799999,1.478624997056,2.1875007999999996
1.3110000000000002e-05,22.968746496,0.59449999552,1.477374997184,2.5000007679999996
1.3110500000000001e-05,23.749996544,0.59449999552,1.479874996928,2.5000007679999996
1.3111e-05,23.749996544,0.59449999552,1.477374997184,2.5000007679999996
1.3111500000000001e-05,22.968746496,0.59449999552,1.476124997312,2.1875007999999996
1.3112e-05,22.968746496,0.59449999552,1.47487499744,2.5000007679999996
1.31125e-05,23.749996544,0.59449999552,1.477374997184,2.1875007999999996
1.3113000000000001e-05,22.968746496,0.58824999616,1.478624997056,2.1875007999999996
1.31135e-05,22.968746496,0.58824999616,1.477374997184,2.1875007999999996
1.3114e-05,23.749996544,0.58824999616,1.476124997312,2.5000007679999996
1.3114500000000001e-05,22.968746496,0.59449999552,1.476124997312,2.5000007679999996
1.3115e-05,22.968746496,0.59449999552,1.479874996928,2.5000007679999996
1.31155e-05,22.968746496,0.59449999552,1.477374997184,2.5000007679999996
1.3116000000000001e-05,22.968746496,0.59449999552,1.47487499744,2.5000007679999996
1.31165e-05,23.749996544,0.58824999616,1.476124997312,2.1875007999999996
1.3117000000000002e-05,23.749996544,0.59449999552,1.476124997312,2.1875007999999996
1.3117500000000001e-05,23.749996544,0.59449999552,1.477374997184,2.5000007679999996
1.3118e-05,22.968746496,0.59449999552,1.477374997184,2.5000007679999996
1.3118500000000002e-05,22.968746496,0.59449999552,1.477374997184,2.5000007679999996
1.3119000000000001e-05,22.968746496,0.6007499948799999,1.478624997056,1.8750008319999996
1.31195e-05,23.749996544,0.59449999552,1.479874996928,2.1875007999999996
1.3120000000000001e-05,22.968746496,0.58824999616,1.477374997184,2.1875007999999996
1.31205e-05,23.749996544,0.58824999616,1.479874996928,2.1875007999999996
1.3121e-05,22.968746496,0.59449999552,1.477374997184,2.1875007999999996
1.3121500000000001e-05,22.968746496,0.59449999552,1.478624997056,2.5000007679999996
1.3122e-05,22.968746496,0.59449999552,1.477374997184,2.1875007999999996
1.31225e-05,22.968746496,0.58824999616,1.47487499744,2.1875007999999996
1.3123000000000001e-05,22.968746496,0.6007499948799999,1.477374997184,2.5000007679999996
1.31235e-05,23.749996544,0.6007499948799999,1.479874996928,1.8750008319999996
1.3124e-05,23.749996544,0.59449999552,1.478624997056,2.5000007679999996
1.3124500000000001e-05,22.968746496,0.59449999552,1.477374997184,2.1875007999999996
1.3125e-05,23.749996544,0.6007499948799999,1.476124997312,2.1875007999999996
1.3125500000000002e-05,22.968746496,0.59449999552,1.47487499744,2.1875007999999996
1.3126000000000001e-05,23.749996544,0.58824999616,1.476124997312,2.1875007999999996
1.31265e-05,23.749996544,0.6007499948799999,1.478624997056,2.5000007679999996
1.3127000000000002e-05,22.187496448000005,0.59449999552,1.477374997184,2.1875007999999996
1.3127500000000001e-05,22.968746496,0.59449999552,1.4811249968,2.1875007999999996
1.3128e-05,22.968746496,0.59449999552,1.479874996928,2.5000007679999996
1.3128500000000001e-05,23.749996544,0.59449999552,1.4811249968,1.8750008319999996
1.3129e-05,22.968746496,0.59449999552,1.479874996928,2.1875007999999996
1.31295e-05,23.749996544,0.6007499948799999,1.478624997056,2.5000007679999996
1.3130000000000001e-05,23.749996544,0.6007499948799999,1.478624997056,2.1875007999999996
1.31305e-05,22.187496448000005,0.6007499948799999,1.476124997312,2.1875007999999996
1.3131e-05,22.968746496,0.6007499948799999,1.477374997184,2.5000007679999996
1.3131500000000001e-05,22.968746496,0.59449999552,1.479874996928,2.5000007679999996
1.3132e-05,22.968746496,0.59449999552,1.479874996928,2.1875007999999996
1.31325e-05,22.968746496,0.59449999552,1.479874996928,1.8750008319999996
1.3133000000000001e-05,23.749996544,0.59449999552,1.479874996928,2.1875007999999996
1.31335e-05,22.968746496,0.58824999616,1.479874996928,2.1875007999999996
1.3134000000000002e-05,23.749996544,0.58824999616,1.478624997056,2.5000007679999996
1.3134500000000001e-05,22.968746496,0.59449999552,1.479874996928,2.1875007999999996
1.3135e-05,23.749996544,0.59449999552,1.476124997312,1.8750008319999996
1.3135500000000002e-05,22.968746496,0.59449999552,1.477374997184,1.8750008319999996
1.3136000000000001e-05,22.968746496,0.59449999552,1.477374997184,2.1875007999999996
1.31365e-05,22.968746496,0.59449999552,1.478624997056,1.8750008319999996
1.3137000000000001e-05,22.968746496,0.59449999552,1.478624997056,2.1875007999999996
1.3137500000000001e-05,22.968746496,0.59449999552,1.478624997056,2.1875007999999996
1.3138e-05,22.968746496,0.59449999552,1.4811249968,2.1875007999999996
1.3138500000000001e-05,22.968746496,0.59449999552,1.478624997056,2.1875007999999996
1.3139e-05,22.968746496,0.6007499948799999,1.478624997056,2.1875007999999996
1.31395e-05,23.749996544,0.59449999552,1.479874996928,1.8750008319999996
1.3140000000000001e-05,23.749996544,0.6007499948799999,1.477374997184,2.5000007679999996
1.31405e-05,23.749996544,0.6007499948799999,1.476124997312,2.1875007999999996
1.3141e-05,23.749996544,0.60699999424,1.476124997312,2.1875007999999996
1.3141500000000001e-05,22.968746496,0.6007499948799999,1.476124997312,2.5000007679999996
1.3142e-05,22.968746496,0.59449999552,1.478624997056,2.1875007999999996
1.3142500000000002e-05,22.968746496,0.59449999552,1.4811249968,2.1875007999999996
1.3143000000000001e-05,23.749996544,0.59449999552,1.478624997056,1.8750008319999996
1.31435e-05,22.968746496,0.59449999552,1.479874996928,1.8750008319999996
1.3144000000000002e-05,22.968746496,0.59449999552,1.479874996928,2.1875007999999996
1.3144500000000001e-05,22.968746496,0.59449999552,1.4811249968,1.8750008319999996
1.3145e-05,22.968746496,0.59449999552,1.479874996928,2.1875007999999996
1.3145500000000001e-05,22.968746496,0.59449999552,1.479874996928,2.1875007999999996
1.3146000000000001e-05,22.968746496,0.59449999552,1.478624997056,2.1875007999999996
1.31465e-05,22.187496448000005,0.59449999552,1.478624997056,1.8750008319999996
1.3147000000000001e-05,22.968746496,0.6007499948799999,1.479874996928,1.8750008319999996
1.31475e-05,22.187496448000005,0.59449999552,1.4811249968,2.1875007999999996
1.3148e-05,22.187496448000005,0.6007499948799999,1.479874996928,2.1875007999999996
1.3148500000000001e-05,22.968746496,0.6007499948799999,1.479874996928,2.1875007999999996
1.3149e-05,23.749996544,0.6007499948799999,1.479874996928,2.1875007999999996
1.31495e-05,22.968746496,0.59449999552,1.479874996928,1.8750008319999996
1.3150000000000001e-05,22.968746496,0.6007499948799999,1.478624997056,2.1875007999999996
1.31505e-05,23.749996544,0.59449999552,1.478624997056,2.5000007679999996
1.3151000000000002e-05,22.968746496,0.59449999552,1.477374997184,1.8750008319999996
1.3151500000000001e-05,22.968746496,0.58824999616,1.477374997184,2.1875007999999996
1.3152e-05,22.968746496,0.59449999552,1.476124997312,2.1875007999999996
1.3152500000000002e-05,23.749996544,0.59449999552,1.479874996928,1.8750008319999996
1.3153000000000001e-05,22.968746496,0.6007499948799999,1.479874996928,2.1875007999999996
1.31535e-05,22.968746496,0.6007499948799999,1.479874996928,2.1875007999999996
1.3154000000000001e-05,22.968746496,0.60699999424,1.4811249968,2.1875007999999996
1.3154500000000001e-05,22.968746496,0.6007499948799999,1.479874996928,1.8750008319999996
1.3155e-05,22.968746496,0.6007499948799999,1.4811249968,2.5000007679999996
1.3155500000000001e-05,23.749996544,0.59449999552,1.479874996928,2.1875007999999996
1.3156e-05,22.968746496,0.59449999552,1.478624997056,2.1875007999999996
1.31565e-05,22.968746496,0.6007499948799999,1.479874996928,1.8750008319999996
1.3157000000000001e-05,23.749996544,0.6007499948799999,1.477374997184,2.1875007999999996
1.31575e-05,23.749996544,0.59449999552,1.476124997312,1.8750008319999996
1.3158e-05,22.968746496,0.6007499948799999,1.476124997312,2.1875007999999996
1.3158500000000001e-05,22.968746496,0.6007499948799999,1.476124997312,2.1875007999999996
1.3159e-05,22.968746496,0.6007499948799999,1.47487499744,1.8750008319999996
1.3159500000000002e-05,22.968746496,0.59449999552,1.47487499744,2.1875007999999996
1.3160000000000001e-05,23.749996544,0.59449999552,1.47487499744,2.1875007999999996
1.31605e-05,23.749996544,0.58824999616,1.478624997056,1.8750008319999996
1.3161000000000002e-05,22.968746496,0.59449999552,1.478624997056,1.8750008319999996
1.3161500000000001e-05,22.968746496,0.59449999552,1.477374997184,1.8750008319999996
1.3162e-05,22.968746496,0.59449999552,1.478624997056,2.1875007999999996
1.3162500000000001e-05,22.968746496,0.59449999552,1.4811249968,2.1875007999999996
1.3163000000000001e-05,22.968746496,0.6007499948799999,1.479874996928,2.1875007999999996
1.31635e-05,23.749996544,0.6007499948799999,1.4811249968,2.1875007999999996
1.3164000000000001e-05,22.968746496,0.59449999552,1.479874996928,2.1875007999999996
1.31645e-05,22.968746496,0.59449999552,1.4811249968,1.8750008319999996
1.3165e-05,23.749996544,0.59449999552,1.4823749966720001,1.8750008319999996
1.3165500000000001e-05,23.749996544,0.59449999552,1.479874996928,2.1875007999999996
1.3166e-05,22.968746496,0.59449999552,1.477374997184,2.1875007999999996
1.31665e-05,23.749996544,0.6007499948799999,1.478624997056,2.1875007999999996
1.3167000000000001e-05,23.749996544,0.6007499948799999,1.477374997184,2.1875007999999996
1.31675e-05,22.968746496,0.59449999552,1.479874996928,1.8750008319999996
1.3168000000000002e-05,23.749996544,0.6007499948799999,1.479874996928,2.1875007999999996
1.3168500000000001e-05,23.749996544,0.59449999552,1.4811249968,1.5625008640000004
1.3169e-05,22.968746496,0.59449999552,1.478624997056,1.8750008319999996
1.3169500000000002e-05,22.968746496,0.6007499948799999,1.478624997056,2.1875007999999996
1.3170000000000001e-05,23.749996544,0.59449999552,1.478624997056,1.8750008319999996
1.31705e-05,22.968746496,0.59449999552,1.4823749966720001,2.1875007999999996
1.3171000000000001e-05,23.749996544,0.6007499948799999,1.4811249968,2.1875007999999996
1.3171500000000001e-05,22.968746496,0.59449999552,1.483624996544,2.1875007999999996
1.3172e-05,23.749996544,0.6007499948799999,1.4823749966720001,1.8750008319999996
1.3172500000000001e-05,23.749996544,0.6007499948799999,1.4811249968,1.8750008319999996
1.3173e-05,23.749996544,0.6007499948799999,1.478624997056,1.8750008319999996
1.31735e-05,23.749996544,0.59449999552,1.477374997184,2.1875007999999996
1.3174000000000001e-05,23.749996544,0.59449999552,1.476124997312,2.5000007679999996
1.31745e-05,23.749996544,0.6007499948799999,1.478624997056,2.5000007679999996
1.3175e-05,22.968746496,0.6007499948799999,1.479874996928,2.1875007999999996
1.3175500000000001e-05,22.968746496,0.6007499948799999,1.4811249968,2.1875007999999996
1.3176e-05,22.968746496,0.6007499948799999,1.478624997056,1.8750008319999996
1.3176500000000002e-05,23.749996544,0.59449999552,1.479874996928,1.5625008640000004
1.3177000000000001e-05,23.749996544,0.6007499948799999,1.479874996928,2.1875007999999996
1.31775e-05,23.749996544,0.6007499948799999,1.477374997184,2.1875007999999996
1.3178000000000002e-05,22.968746496,0.59449999552,1.478624997056,2.1875007999999996
1.3178500000000001e-05,22.968746496,0.6007499948799999,1.478624997056,2.1875007999999996
1.3179e-05,22.968746496,0.60699999424,1.479874996928,2.1875007999999996
1.3179500000000001e-05,23.749996544,0.6007499948799999,1.479874996928,2.5000007679999996
1.3180000000000001e-05,23.749996544,0.6007499948799999,1.477374997184,1.8750008319999996
1.31805e-05,22.968746496,0.6007499948799999,1.477374997184,1.8750008319999996
1.3181000000000001e-05,23.749996544,0.6007499948799999,1.478624997056,1.8750008319999996
1.31815e-05,22.968746496,0.59449999552,1.477374997184,2.1875007999999996
1.3182e-05,23.749996544,0.59449999552,1.479874996928,2.1875007999999996
1.3182500000000001e-05,22.968746496,0.59449999552,1.4811249968,2.1875007999999996
1.3183e-05,23.749996544,0.6007499948799999,1.478624997056,1.8750008319999996
1.31835e-05,22.968746496,0.59449999552,1.479874996928,1.8750008319999996
1.3184000000000001e-05,22.968746496,0.59449999552,1.479874996928,1.8750008319999996
1.31845e-05,23.749996544,0.58824999616,1.4811249968,1.8750008319999996
1.3185000000000002e-05,22.968746496,0.59449999552,1.478624997056,1.8750008319999996
1.3185500000000001e-05,23.749996544,0.59449999552,1.477374997184,1.8750008319999996
1.3186e-05,23.749996544,0.59449999552,1.477374997184,2.1875007999999996
1.3186500000000002e-05,22.968746496,0.59449999552,1.477374997184,1.5625008640000004
1.3187000000000001e-05,23.749996544,0.6007499948799999,1.479874996928,2.1875007999999996
1.31875e-05,23.749996544,0.58824999616,1.4811249968,2.5000007679999996
1.3188000000000001e-05,22.968746496,0.59449999552,1.479874996928,1.8750008319999996
1.3188500000000001e-05,23.749996544,0.59449999552,1.478624997056,2.1875007999999996
1.3189e-05,23.749996544,0.6007499948799999,1.477374997184,2.1875007999999996
1.3189500000000001e-05,22.968746496,0.6007499948799999,1.478624997056,1.8750008319999996
1.319e-05,23.749996544,0.59449999552,1.479874996928,2.1875007999999996
1.31905e-05,22.968746496,0.6007499948799999,1.479874996928,2.1875007999999996
1.3191000000000001e-05,23.749996544,0.59449999552,1.476124997312,1.8750008319999996
1.31915e-05,23.749996544,0.58824999616,1.477374997184,2.1875007999999996
1.3192e-05,22.968746496,0.59449999552,1.476124997312,2.1875007999999996
1.3192500000000001e-05,23.749996544,0.58824999616,1.479874996928,1.5625008640000004
1.3193e-05,22.968746496,0.58824999616,1.477374997184,1.8750008319999996
1.3193500000000002e-05,22.968746496,0.59449999552,1.476124997312,1.8750008319999996
1.3194000000000001e-05,23.749996544,0.59449999552,1.476124997312,2.1875007999999996
1.31945e-05,22.968746496,0.6007499948799999,1.478624997056,1.8750008319999996
1.3195000000000002e-05,22.968746496,0.6007499948799999,1.479874996928,2.1875007999999996
1.3195500000000001e-05,22.968746496,0.6007499948799999,1.479874996928,2.5000007679999996
1.3196e-05,22.968746496,0.6007499948799999,1.478624997056,2.5000007679999996
1.3196500000000001e-05,23.749996544,0.6007499948799999,1.479874996928,1.8750008319999996
1.3197000000000001e-05,23.749996544,0.6007499948799999,1.4811249968,2.1875007999999996
1.31975e-05,22.968746496,0.59449999552,1.478624997056,2.1875007999999996
1.3198000000000001e-05,23.749996544,0.58824999616,1.476124997312,2.1875007999999996
1.31985e-05,22.968746496,0.6007499948799999,1.477374997184,2.5000007679999996
1.3199e-05,22.968746496,0.6007499948799999,1.477374997184,2.1875007999999996
1.3199500000000001e-05,22.968746496,0.59449999552,1.4811249968,1.8750008319999996
1.32e-05,23.749996544,0.59449999552,1.479874996928,1.8750008319999996
1.32005e-05,22.968746496,0.59449999552,1.4811249968,1.8750008319999996
1.3201000000000001e-05,22.968746496,0.59449999552,1.479874996928,2.1875007999999996
1.32015e-05,23.749996544,0.59449999552,1.4811249968,2.1875007999999996
1.3202e-05,23.749996544,0.59449999552,1.478624997056,2.1875007999999996
1.3202500000000001e-05,22.968746496,0.6007499948799999,1.476124997312,2.1875007999999996
1.3203e-05,22.968746496,0.59449999552,1.478624997056,2.1875007999999996
1.3203500000000002e-05,22.968746496,0.59449999552,1.478624997056,1.8750008319999996
1.3204000000000001e-05,23.749996544,0.59449999552,1.479874996928,1.8750008319999996
1.32045e-05,23.749996544,0.6007499948799999,1.478624997056,1.8750008319999996
1.3205000000000001e-05,23.749996544,0.6007499948799999,1.479874996928,2.1875007999999996
1.3205500000000001e-05,22.968746496,0.6007499948799999,1.477374997184,2.1875007999999996
1.3206e-05,23.749996544,0.59449999552,1.478624997056,2.1875007999999996
1.3206500000000001e-05,22.968746496,0.59449999552,1.478624997056,2.1875007999999996
1.3207e-05,23.749996544,0.6007499948799999,1.479874996928,1.8750008319999996
1.32075e-05,22.968746496,0.59449999552,1.4823749966720001,2.1875007999999996
1.3208000000000001e-05,23.749996544,0.6007499948799999,1.479874996928,2.1875007999999996
1.32085e-05,23.749996544,0.6007499948799999,1.479874996928,1.8750008319999996
1.3209e-05,22.968746496,0.59449999552,1.478624997056,2.1875007999999996
1.3209500000000001e-05,22.968746496,0.6007499948799999,1.478624997056,1.8750008319999996
1.321e-05,23.749996544,0.6007499948799999,1.477374997184,2.1875007999999996
1.32105e-05,23.749996544,0.6007499948799999,1.477374997184,2.1875007999999996
1.3211000000000001e-05,23.749996544,0.59449999552,1.479874996928,1.8750008319999996
1.32115e-05,23.749996544,0.59449999552,1.479874996928,2.1875007999999996
1.3212000000000002e-05,23.749996544,0.6007499948799999,1.478624997056,2.1875007999999996
1.3212500000000001e-05,23.749996544,0.6007499948799999,1.477374997184,2.1875007999999996
1.3213e-05,23.749996544,0.6007499948799999,1.477374997184,2.1875007999999996
1.3213500000000001e-05,22.968746496,0.6007499948799999,1.477374997184,2.1875007999999996
1.3214000000000001e-05,22.968746496,0.59449999552,1.478624997056,2.5000007679999996
1.32145e-05,22.968746496,0.59449999552,1.478624997056,2.1875007999999996
1.3215000000000001e-05,22.968746496,0.6007499948799999,1.478624997056,1.8750008319999996
1.32155e-05,23.749996544,0.59449999552,1.477374997184,1.8750008319999996
1.3216e-05,22.968746496,0.6007499948799999,1.47487499744,2.1875007999999996
1.3216500000000001e-05,23.749996544,0.59449999552,1.478624997056,1.8750008319999996
1.3217e-05,22.968746496,0.59449999552,1.478624997056,2.1875007999999996
1.32175e-05,23.749996544,0.59449999552,1.478624997056,1.8750008319999996
1.3218000000000001e-05,23.749996544,0.59449999552,1.478624997056,2.1875007999999996
1.32185e-05,22.968746496,0.59449999552,1.477374997184,1.8750008319999996
1.3219e-05,22.968746496,0.6007499948799999,1.477374997184,2.1875007999999996
1.3219500000000001e-05,22.968746496,0.6007499948799999,1.478624997056,2.5000007679999996
1.322e-05,23.749996544,0.59449999552,1.476124997312,2.1875007999999996
1.3220500000000002e-05,22.968746496,0.6007499948799999,1.477374997184,2.1875007999999996
1.3221000000000001e-05,22.968746496,0.6007499948799999,1.477374997184,2.1875007999999996
1.32215e-05,22.968746496,0.6007499948799999,1.477374997184,1.8750008319999996
1.3222000000000001e-05,22.968746496,0.59449999552,1.476124997312,1.8750008319999996
1.3222500000000001e-05,22.968746496,0.59449999552,1.476124997312,2.1875007999999996
1.3223e-05,22.968746496,0.6007499948799999,1.47487499744,1.8750008319999996
1.3223500000000001e-05,23.749996544,0.6007499948799999,1.477374997184,1.8750008319999996
1.3224e-05,23.749996544,0.60699999424,1.476124997312,2.1875007999999996
1.32245e-05,22.968746496,0.59449999552,1.477374997184,1.8750008319999996
1.3225000000000001e-05,22.968746496,0.59449999552,1.476124997312,2.1875007999999996
1.32255e-05,22.968746496,0.6007499948799999,1.477374997184,2.1875007999999996
1.3226e-05,23.749996544,0.59449999552,1.477374997184,2.1875007999999996
1.3226500000000001e-05,22.968746496,0.59449999552,1.477374997184,2.1875007999999996
1.3227e-05,22.968746496,0.6007499948799999,1.476124997312,2.1875007999999996
1.32275e-05,22.968746496,0.6007499948799999,1.477374997184,2.1875007999999996
1.3228000000000001e-05,23.749996544,0.6007499948799999,1.477374997184,2.5000007679999996
1.32285e-05,22.968746496,0.59449999552,1.478624997056,2.1875007999999996
1.3229000000000002e-05,23.749996544,0.6007499948799999,1.479874996928,2.1875007999999996
1.3229500000000001e-05,23.749996544,0.59449999552,1.477374997184,2.1875007999999996
1.323e-05,23.749996544,0.59449999552,1.476124997312,2.1875007999999996
1.3230500000000001e-05,22.968746496,0.6007499948799999,1.476124997312,2.1875007999999996
1.3231000000000001e-05,22.968746496,0.6007499948799999,1.477374997184,2.1875007999999996
1.32315e-05,22.968746496,0.59449999552,1.479874996928,2.1875007999999996
1.3232000000000001e-05,22.968746496,0.59449999552,1.477374997184,1.8750008319999996
1.32325e-05,23.749996544,0.59449999552,1.479874996928,1.5625008640000004
1.3233e-05,22.968746496,0.59449999552,1.478624997056,1.8750008319999996
1.3233500000000001e-05,22.968746496,0.59449999552,1.477374997184,2.1875007999999996
1.3234e-05,22.968746496,0.59449999552,1.478624997056,2.1875007999999996
1.32345e-05,22.187496448000005,0.6007499948799999,1.478624997056,1.8750008319999996
1.3235000000000001e-05,22.968746496,0.6007499948799999,1.478624997056,2.1875007999999996
1.32355e-05,22.968746496,0.59449999552,1.478624997056,2.5000007679999996
1.3236e-05,22.968746496,0.59449999552,1.477374997184,2.1875007999999996
1.3236500000000001e-05,23.749996544,0.6007499948799999,1.478624997056,2.1875007999999996
1.3237e-05,23.749996544,0.6007499948799999,1.478624997056,2.5000007679999996
1.3237500000000002e-05,23.749996544,0.59449999552,1.478624997056,2.1875007999999996
1.3238000000000001e-05,22.968746496,0.59449999552,1.478624997056,1.8750008319999996
1.32385e-05,22.968746496,0.59449999552,1.4811249968,2.1875007999999996
1.3239000000000001e-05,22.187496448000005,0.6007499948799999,1.4811249968,1.8750008319999996
1.3239500000000001e-05,22.187496448000005,0.6007499948799999,1.4811249968,1.8750008319999996
1.324e-05,22.968746496,0.59449999552,1.479874996928,2.1875007999999996
1.3240500000000001e-05,22.968746496,0.59449999552,1.4811249968,1.5625008640000004
1.3241e-05,22.968746496,0.59449999552,1.479874996928,1.8750008319999996
1.32415e-05,22.968746496,0.59449999552,1.478624997056,2.1875007999999996
1.3242000000000001e-05,23.749996544,0.59449999552,1.476124997312,2.1875007999999996
1.32425e-05,22.187496448000005,0.59449999552,1.472374997696,2.1875007999999996
1.3243e-05,22.968746496,0.6007499948799999,1.47487499744,2.1875007999999996
1.3243500000000001e-05,22.968746496,0.6007499948799999,1.476124997312,2.1875007999999996
1.3244e-05,22.968746496,0.6007499948799999,1.478624997056,2.1875007999999996
1.32445e-05,23.749996544,0.6007499948799999,1.4811249968,2.1875007999999996
1.3245000000000001e-05,22.968746496,0.6007499948799999,1.478624997056,2.1875007999999996
1.32455e-05,22.968746496,0.6007499948799999,1.476124997312,1.8750008319999996
1.3246000000000002e-05,22.968746496,0.59449999552,1.477374997184,2.1875007999999996
1.3246500000000001e-05,22.968746496,0.59449999552,1.479874996928,2.1875007999999996
1.3247e-05,22.968746496,0.59449999552,1.4811249968,1.8750008319999996
1.3247500000000001e-05,22.968746496,0.6007499948799999,1.4811249968,2.1875007999999996
1.3248000000000001e-05,22.968746496,0.6007499948799999,1.47487499744,2.1875007999999996
1.32485e-05,22.968746496,0.59449999552,1.473624997568,1.8750008319999996
1.3249000000000001e-05,22.968746496,0.6007499948799999,1.476124997312,2.1875007999999996
1.32495e-05,22.968746496,0.6007499948799999,1.478624997056,2.1875007999999996
1.325e-05,22.968746496,0.59449999552,1.479874996928,2.1875007999999996
1.3250500000000001e-05,22.187496448000005,0.59449999552,1.479874996928,2.1875007999999996
1.3251e-05,22.968746496,0.60699999424,1.478624997056,2.1875007999999996
1.32515e-05,22.968746496,0.6007499948799999,1.478624997056,2.1875007999999996
1.3252000000000001e-05,23.749996544,0.59449999552,1.479874996928,1.8750008319999996
1.32525e-05,23.749996544,0.6007499948799999,1.4811249968,1.8750008319999996
1.3253e-05,22.968746496,0.60699999424,1.4811249968,2.1875007999999996
1.3253500000000001e-05,22.968746496,0.60699999424,1.478624997056,2.1875007999999996
1.3254e-05,22.968746496,0.6007499948799999,1.478624997056,2.1875007999999996
1.3254500000000002e-05,22.968746496,0.6007499948799999,1.479874996928,2.1875007999999996
1.3255000000000001e-05,23.749996544,0.60699999424,1.477374997184,1.8750008319999996
1.32555e-05,22.968746496,0.6007499948799999,1.478624997056,2.1875007999999996
1.3256000000000001e-05,23.749996544,0.6007499948799999,1.478624997056,2.1875007999999996
1.3256500000000001e-05,22.968746496,0.6007499948799999,1.479874996928,1.8750008319999996
1.3257e-05,22.968746496,0.6007499948799999,1.479874996928,2.1875007999999996
1.3257500000000001e-05,22.187496448000005,0.6007499948799999,1.4823749966720001,2.1875007999999996
1.3258e-05,22.968746496,0.6007499948799999,1.483624996544,2.1875007999999996
1.32585e-05,22.968746496,0.6007499948799999,1.4823749966720001,2.1875007999999996
1.3259000000000001e-05,22.968746496,0.60699999424,1.479874996928,2.5000007679999996
1.32595e-05,22.968746496,0.6007499948799999,1.479874996928,2.1875007999999996
1.326e-05,23.749996544,0.6007499948799999,1.4811249968,2.1875007999999996
1.3260500000000001e-05,22.968746496,0.6007499948799999,1.479874996928,1.8750008319999996
1.3261e-05,23.749996544,0.59449999552,1.478624997056,2.1875007999999996
1.32615e-05,22.968746496,0.6007499948799999,1.477374997184,2.1875007999999996
1.3262000000000001e-05,22.968746496,0.59449999552,1.476124997312,2.1875007999999996
1.32625e-05,22.968746496,0.6007499948799999,1.478624997056,2.5000007679999996
1.3263000000000002e-05,23.749996544,0.60699999424,1.478624997056,1.8750008319999996
1.3263500000000001e-05,22.968746496,0.59449999552,1.479874996928,2.1875007999999996
1.3264e-05,23.749996544,0.6007499948799999,1.479874996928,1.8750008319999996
1.3264500000000001e-05,23.749996544,0.59449999552,1.4811249968,1.5625008640000004
1.3265000000000001e-05,22.968746496,0.6007499948799999,1.479874996928,1.8750008319999996
1.32655e-05,22.968746496,0.59449999552,1.478624997056,2.1875007999999996
1.3266000000000001e-05,22.968746496,0.59449999552,1.479874996928,2.1875007999999996
1.32665e-05,22.187496448000005,0.59449999552,1.4811249968,2.1875007999999996
1.3267e-05,22.968746496,0.6007499948799999,1.479874996928,1.8750008319999996
1.3267500000000001e-05,23.749996544,0.59449999552,1.479874996928,2.5000007679999996
1.3268e-05,23.749996544,0.59449999552,1.477374997184,2.1875007999999996
1.32685e-05,22.968746496,0.6007499948799999,1.478624997056,2.1875007999999996
1.3269000000000001e-05,23.749996544,0.60699999424,1.479874996928,2.5000007679999996
1.32695e-05,22.968746496,0.6007499948799999,1.478624997056,2.1875007999999996
1.327e-05,22.968746496,0.6007499948799999,1.478624997056,2.1875007999999996
1.3270500000000001e-05,22.968746496,0.60699999424,1.483624996544,2.1875007999999996
1.3271e-05,22.968746496,0.6007499948799999,1.4823749966720001,1.8750008319999996
1.3271500000000002e-05,22.968746496,0.59449999552,1.484874996416,1.8750008319999996
1.3272000000000001e-05,23.749996544,0.6007499948799999,1.4823749966720001,1.8750008319999996
1.32725e-05,23.749996544,0.6007499948799999,1.4823749966720001,1.8750008319999996
1.3273000000000001e-05,22.968746496,0.6007499948799999,1.479874996928,2.1875007999999996
1.3273500000000001e-05,22.968746496,0.6007499948799999,1.479874996928,1.8750008319999996
1.3274e-05,22.968746496,0.59449999552,1.479874996928,2.1875007999999996
1.3274500000000001e-05,22.187496448000005,0.6007499948799999,1.4811249968,1.8750008319999996
1.3275e-05,22.968746496,0.6007499948799999,1.4811249968,2.1875007999999996
1.32755e-05,22.968746496,0.6007499948799999,1.4823749966720001,2.5000007679999996
1.3276000000000001e-05,22.968746496,0.6007499948799999,1.4823749966720001,2.5000007679999996
1.32765e-05,22.968746496,0.6007499948799999,1.4811249968,2.1875007999999996
1.3277e-05,23.749996544,0.6007499948799999,1.479874996928,2.5000007679999996
1.3277500000000001e-05,22.968746496,0.6007499948799999,1.476124997312,2.1875007999999996
1.3278e-05,22.968746496,0.59449999552,1.477374997184,2.5000007679999996
1.32785e-05,23.749996544,0.6007499948799999,1.478624997056,2.5000007679999996
1.3279000000000001e-05,22.968746496,0.60699999424,1.477374997184,1.8750008319999996
1.32795e-05,22.968746496,0.60699999424,1.479874996928,1.8750008319999996
1.3280000000000002e-05,23.749996544,0.60699999424,1.479874996928,2.1875007999999996
1.3280500000000001e-05,23.749996544,0.6007499948799999,1.479874996928,1.8750008319999996
1.3281e-05,22.968746496,0.6007499948799999,1.478624997056,2.1875007999999996
1.3281500000000002e-05,23.749996544,0.6007499948799999,1.477374997184,2.1875007999999996
1.3282000000000001e-05,23.749996544,0.59449999552,1.479874996928,2.1875007999999996
1.32825e-05,23.749996544,0.6007499948799999,1.477374997184,1.8750008319999996
1.3283000000000001e-05,22.968746496,0.60699999424,1.477374997184,2.1875007999999996
1.32835e-05,22.187496448000005,0.6007499948799999,1.476124997312,1.8750008319999996
1.3284e-05,22.968746496,0.60699999424,1.477374997184,1.8750008319999996
1.3284500000000001e-05,22.968746496,0.6007499948799999,1.479874996928,1.8750008319999996
1.3285e-05,22.968746496,0.60699999424,1.479874996928,1.8750008319999996
1.32855e-05,22.968746496,0.60699999424,1.478624997056,1.8750008319999996
1.3286000000000001e-05,23.749996544,0.6007499948799999,1.476124997312,2.1875007999999996
1.32865e-05,22.968746496,0.60699999424,1.477374997184,2.1875007999999996
1.3287e-05,22.968746496,0.60699999424,1.477374997184,1.8750008319999996
1.3287500000000001e-05,22.968746496,0.6007499948799999,1.477374997184,1.8750008319999996
1.3288e-05,22.968746496,0.60699999424,1.477374997184,2.1875007999999996
1.3288500000000002e-05,22.968746496,0.6007499948799999,1.4811249968,1.8750008319999996
1.3289000000000001e-05,22.968746496,0.6007499948799999,1.479874996928,1.8750008319999996
1.32895e-05,22.968746496,0.6007499948799999,1.477374997184,2.1875007999999996
1.3290000000000002e-05,22.968746496,0.60699999424,1.476124997312,2.1875007999999996
1.3290500000000001e-05,22.968746496,0.60699999424,1.478624997056,1.8750008319999996
1.3291e-05,22.968746496,0.60699999424,1.479874996928,1.8750008319999996
1.3291500000000001e-05,22.968746496,0.6007499948799999,1.4811249968,2.1875007999999996
1.3292e-05,23.749996544,0.6007499948799999,1.478624997056,1.8750008319999996
1.32925e-05,23.749996544,0.60699999424,1.478624997056,1.8750008319999996
1.3293000000000001e-05,23.749996544,0.60699999424,1.478624997056,1.8750008319999996
1.32935e-05,22.968746496,0.60699999424,1.478624997056,2.1875007999999996
1.3294e-05,22.187496448000005,0.6007499948799999,1.479874996928,2.1875007999999996
1.3294500000000001e-05,21.4062464,0.6007499948799999,1.479874996928,2.1875007999999996
1.3295e-05,20.624996352000004,0.6007499948799999,1.478624997056,1.8750008319999996
1.32955e-05,19.843746304,0.6007499948799999,1.478624997056,2.1875007999999996
1.3296000000000001e-05,19.843746304,0.60699999424,1.47487499744,2.1875007999999996
1.32965e-05,19.062496256000003,0.6007499948799999,1.476124997312,1.5625008640000004
1.3297000000000002e-05,18.281246208,0.60699999424,1.476124997312,1.8750008319999996
1.3297500000000001e-05,17.499996160000002,0.60699999424,1.477374997184,1.8750008319999996
1.3298e-05,15.937496064000001,0.60699999424,1.476124997312,2.1875007999999996
1.3298500000000002e-05,15.156246015999997,0.6007499948799999,1.47487499744,1.8750008319999996
1.3299000000000001e-05,14.374995968000007,0.60699999424,1.477374997184,1.8750008319999996
1.32995e-05,12.812495872,0.6007499948799999,1.478624997056,2.1875007999999996
1.3300000000000001e-05,12.031245823999996,0.6007499948799999,1.477374997184,2.1875007999999996
1.33005e-05,11.249995776000006,0.6007499948799999,1.478624997056,2.1875007999999996
1.3301e-05,9.687495679999998,0.6007499948799999,1.479874996928,1.8750008319999996
1.3301500000000001e-05,8.906245632000008,0.6007499948799999,1.477374997184,2.1875007999999996
1.3302e-05,7.343745536,0.59449999552,1.476124997312,2.1875007999999996
1.33025e-05,6.562495487999996,0.6007499948799999,1.478624997056,1.8750008319999996
1.3303000000000001e-05,5.781245440000006,0.6007499948799999,1.477374997184,1.8750008319999996
1.33035e-05,4.2187453439999985,0.6007499948799999,1.477374997184,1.8750008319999996
1.3304e-05,2.6562452480000047,0.6007499948799999,1.47487499744,1.8750008319999996
1.3304500000000001e-05,2.6562452480000047,0.6007499948799999,1.477374997184,1.5625008640000004
1.3305e-05,1.8749952000000008,0.6007499948799999,1.478624997056,1.5625008640000004
1.3305500000000002e-05,0.312495104000007,0.6007499948799999,1.477374997184,1.8750008319999996
1.3306000000000001e-05,-0.46875494399999695,0.6007499948799999,1.476124997312,1.8750008319999996
1.33065e-05,-1.250004992000001,0.59449999552,1.476124997312,1.8750008319999996
1.3307000000000002e-05,-2.0312550399999907,0.60699999424,1.476124997312,1.8750008319999996
1.3307500000000001e-05,-2.8125050879999947,0.6007499948799999,1.477374997184,1.8750008319999996
1.3308e-05,-4.375005184000003,0.6007499948799999,1.4811249968,2.1875007999999996
1.3308500000000001e-05,-4.375005184000003,0.6007499948799999,1.4811249968,1.8750008319999996
1.3309e-05,-4.375005184000003,0.6007499948799999,1.476124997312,2.1875007999999996
1.33095e-05,-5.156255231999992,0.60699999424,1.47487499744,2.1875007999999996
1.3310000000000001e-05,-4.375005184000003,0.6007499948799999,1.476124997312,2.1875007999999996
1.33105e-05,-4.375005184000003,0.6007499948799999,1.477374997184,1.8750008319999996
1.3311e-05,-3.5937551359999986,0.60699999424,1.47487499744,1.8750008319999996
1.3311500000000001e-05,-2.8125050879999947,0.6007499948799999,1.476124997312,1.8750008319999996
1.3312e-05,-2.0312550399999907,0.6007499948799999,1.476124997312,2.1875007999999996
1.33125e-05,-0.46875494399999695,0.6007499948799999,1.478624997056,1.8750008319999996
1.3313000000000001e-05,0.312495104000007,0.6007499948799999,1.477374997184,1.8750008319999996
1.33135e-05,0.312495104000007,0.6007499948799999,1.477374997184,2.1875007999999996
1.3314000000000002e-05,0.312495104000007,0.60699999424,1.476124997312,2.1875007999999996
1.3314500000000001e-05,0.312495104000007,0.59449999552,1.473624997568,1.8750008319999996
1.3315e-05,0.312495104000007,0.6007499948799999,1.473624997568,1.8750008319999996
1.3315500000000002e-05,0.312495104000007,0.59449999552,1.47487499744,1.8750008319999996
1.3316000000000001e-05,-0.46875494399999695,0.59449999552,1.47487499744,1.5625008640000004
1.33165e-05,-1.250004992000001,0.6007499948799999,1.476124997312,1.8750008319999996
1.3317000000000001e-05,-1.250004992000001,0.60699999424,1.47487499744,1.8750008319999996
1.33175e-05,-2.0312550399999907,0.6007499948799999,1.471124997824,1.8750008319999996
1.3318e-05,-2.0312550399999907,0.6007499948799999,1.471124997824,2.1875007999999996
1.3318500000000001e-05,-2.8125050879999947,0.6007499948799999,1.471124997824,1.8750008319999996
1.3319e-05,-2.8125050879999947,0.60699999424,1.471124997824,1.8750008319999996
1.33195e-05,-2.8125050879999947,0.60699999424,1.473624997568,1.8750008319999996
1.3320000000000001e-05,-2.0312550399999907,0.60699999424,1.472374997696,1.8750008319999996
1.33205e-05,-1.250004992000001,0.59449999552,1.472374997696,1.5625008640000004
1.3321e-05,-1.250004992000001,0.6007499948799999,1.471124997824,1.8750008319999996
1.3321500000000001e-05,0.312495104000007,0.6007499948799999,1.473624997568,2.1875007999999996
1.3322e-05,0.312495104000007,0.6007499948799999,1.473624997568,1.8750008319999996
1.3322500000000002e-05,-0.46875494399999695,0.59449999552,1.472374997696,1.8750008319999996
1.3323000000000001e-05,-0.46875494399999695,0.6007499948799999,1.472374997696,2.1875007999999996
1.33235e-05,0.312495104000007,0.6007499948799999,1.472374997696,1.8750008319999996
1.3324000000000002e-05,-0.46875494399999695,0.6007499948799999,1.473624997568,1.8750008319999996
1.3324500000000001e-05,-0.46875494399999695,0.6007499948799999,1.47487499744,2.1875007999999996
1.3325e-05,-1.250004992000001,0.6007499948799999,1.473624997568,2.1875007999999996
1.3325500000000001e-05,-1.250004992000001,0.59449999552,1.472374997696,1.8750008319999996
1.3326e-05,-0.46875494399999695,0.6007499948799999,1.472374997696,2.1875007999999996
1.33265e-05,-2.0312550399999907,0.6007499948799999,1.473624997568,1.8750008319999996
1.3327000000000001e-05,-2.0312550399999907,0.6007499948799999,1.473624997568,1.8750008319999996
1.33275e-05,-1.250004992000001,0.6007499948799999,1.469874997952,1.8750008319999996
1.3328e-05,-1.250004992000001,0.6007499948799999,1.469874997952,2.1875007999999996
1.3328500000000001e-05,-0.46875494399999695,0.6007499948799999,1.473624997568,1.8750008319999996
1.3329e-05,-1.250004992000001,0.60699999424,1.471124997824,1.8750008319999996
1.33295e-05,-0.46875494399999695,0.60699999424,1.471124997824,2.1875007999999996
1.3330000000000001e-05,0.312495104000007,0.60699999424,1.472374997696,2.1875007999999996
1.33305e-05,-0.46875494399999695,0.6007499948799999,1.473624997568,1.8750008319999996
1.3331000000000002e-05,0.312495104000007,0.6007499948799999,1.473624997568,2.1875007999999996
1.3331500000000001e-05,0.312495104000007,0.60699999424,1.473624997568,2.1875007999999996
1.3332e-05,-0.46875494399999695,0.6007499948799999,1.472374997696,2.1875007999999996
1.3332500000000002e-05,-0.46875494399999695,0.60699999424,1.473624997568,1.8750008319999996
1.3333000000000001e-05,-0.46875494399999695,0.60699999424,1.47487499744,1.8750008319999996
1.33335e-05,-0.46875494399999695,0.6007499948799999,1.473624997568,2.1875007999999996
1.3334000000000001e-05,-0.46875494399999695,0.6007499948799999,1.473624997568,2.1875007999999996
1.33345e-05,-0.46875494399999695,0.60699999424,1.47487499744,2.1875007999999996
1.3335e-05,-1.250004992000001,0.60699999424,1.473624997568,1.8750008319999996
1.3335500000000001e-05,-2.0312550399999907,0.60699999424,1.476124997312,1.8750008319999996
1.3336e-05,-1.250004992000001,0.60699999424,1.473624997568,2.1875007999999996
1.33365e-05,-1.250004992000001,0.6007499948799999,1.476124997312,1.5625008640000004
1.3337000000000001e-05,-1.250004992000001,0.6007499948799999,1.476124997312,1.8750008319999996
1.33375e-05,0.312495104000007,0.6007499948799999,1.476124997312,2.1875007999999996
1.3338e-05,-0.46875494399999695,0.6007499948799999,1.47487499744,1.8750008319999996
1.3338500000000001e-05,-0.46875494399999695,0.60699999424,1.47487499744,1.8750008319999996
1.3339e-05,-0.46875494399999695,0.60699999424,1.477374997184,1.8750008319999996
1.3339500000000002e-05,0.312495104000007,0.60699999424,1.477374997184,2.1875007999999996
1.3340000000000001e-05,-0.46875494399999695,0.60699999424,1.476124997312,2.1875007999999996
1.33405e-05,0.312495104000007,0.6007499948799999,1.479874996928,2.1875007999999996
1.3341000000000002e-05,0.312495104000007,0.60699999424,1.4811249968,2.1875007999999996
1.3341500000000001e-05,-1.250004992000001,0.6007499948799999,1.479874996928,1.8750008319999996
1.3342e-05,-0.46875494399999695,0.6007499948799999,1.479874996928,1.8750008319999996
1.3342500000000001e-05,-0.46875494399999695,0.60699999424,1.4811249968,2.1875007999999996
1.3343e-05,-0.46875494399999695,0.60699999424,1.4823749966720001,1.8750008319999996
1.33435e-05,-1.250004992000001,0.6007499948799999,1.4823749966720001,1.5625008640000004
1.3344000000000001e-05,-0.46875494399999695,0.60699999424,1.4823749966720001,1.8750008319999996
1.33445e-05,-0.46875494399999695,0.6007499948799999,1.486124996288,1.8750008319999996
1.3345e-05,-0.46875494399999695,0.6007499948799999,1.486124996288,2.1875007999999996
1.3345500000000001e-05,0.312495104000007,0.60699999424,1.486124996288,1.8750008319999996
1.3346e-05,0.312495104000007,0.60699999424,1.484874996416,2.1875007999999996
1.33465e-05,0.312495104000007,0.60699999424,1.483624996544,1.8750008319999996
1.3347000000000001e-05,-0.46875494399999695,0.60699999424,1.484874996416,2.1875007999999996
1.33475e-05,0.312495104000007,0.60699999424,1.486124996288,2.1875007999999996
1.3348000000000002e-05,0.312495104000007,0.6007499948799999,1.48737499616,2.1875007999999996
1.3348500000000001e-05,-0.46875494399999695,0.6007499948799999,1.48737499616,1.8750008319999996
1.3349e-05,-0.46875494399999695,0.60699999424,1.486124996288,1.8750008319999996
1.3349500000000002e-05,-0.46875494399999695,0.60699999424,1.486124996288,2.1875007999999996
1.3350000000000001e-05,-0.46875494399999695,0.6007499948799999,1.48737499616,2.1875007999999996
1.33505e-05,-0.46875494399999695,0.60699999424,1.484874996416,1.8750008319999996
1.3351000000000001e-05,-1.250004992000001,0.60699999424,1.4823749966720001,1.8750008319999996
1.33515e-05,-1.250004992000001,0.6007499948799999,1.4823749966720001,1.8750008319999996
1.3352e-05,-1.250004992000001,0.6007499948799999,1.4823749966720001,1.8750008319999996
1.3352500000000001e-05,-0.46875494399999695,0.6007499948799999,1.486124996288,1.5625008640000004
1.3353e-05,-1.250004992000001,0.60699999424,1.484874996416,1.5625008640000004
1.33535e-05,-1.250004992000001,0.60699999424,1.48737499616,1.8750008319999996
1.3354000000000001e-05,-1.250004992000001,0.60699999424,1.48737499616,2.1875007999999996
1.33545e-05,-0.46875494399999695,0.6007499948799999,1.486124996288,1.8750008319999996
1.3355e-05,-0.46875494399999695,0.60699999424,1.484874996416,2.1875007999999996
1.3355500000000001e-05,-0.46875494399999695,0.60699999424,1.48737499616,2.1875007999999996
1.3356e-05,-0.46875494399999695,0.60699999424,1.48737499616,1.8750008319999996
1.3356500000000002e-05,-0.46875494399999695,0.60699999424,1.488624996032,2.1875007999999996
1.3357000000000001e-05,0.312495104000007,0.60699999424,1.488624996032,1.8750008319999996
1.33575e-05,-0.46875494399999695,0.60699999424,1.48737499616,1.8750008319999996
1.3358000000000002e-05,-0.46875494399999695,0.6007499948799999,1.486124996288,2.1875007999999996
1.3358500000000001e-05,0.312495104000007,0.6007499948799999,1.484874996416,1.8750008319999996
1.3359e-05,-0.46875494399999695,0.60699999424,1.484874996416,1.8750008319999996
1.3359500000000001e-05,-0.46875494399999695,0.6007499948799999,1.486124996288,1.8750008319999996
1.336e-05,0.312495104000007,0.60699999424,1.4823749966720001,1.8750008319999996
1.33605e-05,0.312495104000007,0.6007499948799999,1.4823749966720001,1.5625008640000004
1.3361000000000001e-05,-0.46875494399999695,0.6007499948799999,1.483624996544,1.8750008319999996
1.33615e-05,-0.46875494399999695,0.6007499948799999,1.483624996544,1.8750008319999996
1.3362e-05,-0.46875494399999695,0.6007499948799999,1.483624996544,1.8750008319999996
1.3362500000000001e-05,-0.46875494399999695,0.60699999424,1.479874996928,1.5625008640000004
1.3363e-05,-0.46875494399999695,0.60699999424,1.477374997184,1.8750008319999996
1.33635e-05,0.312495104000007,0.60699999424,1.479874996928,1.8750008319999996
1.3364000000000001e-05,-0.46875494399999695,0.6132499936,1.4823749966720001,1.5625008640000004
1.33645e-05,0.312495104000007,0.6007499948799999,1.4823749966720001,1.5625008640000004
1.3365000000000002e-05,-1.250004992000001,0.60699999424,1.4811249968,1.8750008319999996
1.3365500000000001e-05,-0.46875494399999695,0.6007499948799999,1.479874996928,1.8750008319999996
1.3366e-05,-0.46875494399999695,0.6007499948799999,1.4811249968,1.8750008319999996
1.3366500000000002e-05,-0.46875494399999695,0.6007499948799999,1.4811249968,1.8750008319999996
1.3367000000000001e-05,-1.250004992000001,0.60699999424,1.479874996928,1.8750008319999996
1.33675e-05,-0.46875494399999695,0.60699999424,1.479874996928,1.8750008319999996
1.3368000000000001e-05,-1.250004992000001,0.6132499936,1.478624997056,1.8750008319999996
1.33685e-05,-0.46875494399999695,0.60699999424,1.479874996928,1.5625008640000004
1.3369e-05,-1.250004992000001,0.6007499948799999,1.477374997184,1.8750008319999996
1.3369500000000001e-05,-0.46875494399999695,0.60699999424,1.478624997056,1.8750008319999996
1.337e-05,0.312495104000007,0.60699999424,1.479874996928,2.1875007999999996
1.33705e-05,-0.46875494399999695,0.6007499948799999,1.479874996928,1.8750008319999996
1.3371000000000001e-05,-0.46875494399999695,0.60699999424,1.476124997312,1.8750008319999996
1.33715e-05,0.312495104000007,0.60699999424,1.476124997312,1.8750008319999996
1.3372e-05,-0.46875494399999695,0.6007499948799999,1.476124997312,1.8750008319999996
1.3372500000000001e-05,-0.46875494399999695,0.60699999424,1.478624997056,1.5625008640000004
1.3373e-05,0.312495104000007,0.60699999424,1.476124997312,1.8750008319999996
1.3373500000000002e-05,0.312495104000007,0.60699999424,1.473624997568,1.5625008640000004
1.3374000000000001e-05,-0.46875494399999695,0.6132499936,1.473624997568,2.1875007999999996
1.33745e-05,-0.46875494399999695,0.60699999424,1.47487499744,1.8750008319999996
1.3375000000000002e-05,-0.46875494399999695,0.60699999424,1.473624997568,1.8750008319999996
1.3375500000000001e-05,-1.250004992000001,0.6007499948799999,1.47487499744,1.8750008319999996
1.3376e-05,0.312495104000007,0.60699999424,1.477374997184,1.5625008640000004
1.3376500000000001e-05,-0.46875494399999695,0.60699999424,1.479874996928,1.5625008640000004
1.3377e-05,-1.250004992000001,0.60699999424,1.476124997312,1.8750008319999996
1.33775e-05,-0.46875494399999695,0.60699999424,1.47487499744,2.1875007999999996
1.3378000000000001e-05,0.312495104000007,0.60699999424,1.476124997312,1.8750008319999996
1.33785e-05,-0.46875494399999695,0.60699999424,1.478624997056,1.5625008640000004
1.3379e-05,-0.46875494399999695,0.6132499936,1.4823749966720001,1.8750008319999996
1.3379500000000001e-05,-0.46875494399999695,0.60699999424,1.479874996928,2.1875007999999996
1.338e-05,-0.46875494399999695,0.6007499948799999,1.479874996928,1.8750008319999996
1.33805e-05,-0.46875494399999695,0.6007499948799999,1.479874996928,1.5625008640000004
1.3381000000000001e-05,0.312495104000007,0.6007499948799999,1.479874996928,1.8750008319999996
1.33815e-05,0.312495104000007,0.6007499948799999,1.477374997184,1.8750008319999996
1.3382000000000002e-05,-0.46875494399999695,0.6007499948799999,1.476124997312,1.8750008319999996
1.3382500000000001e-05,-0.46875494399999695,0.60699999424,1.477374997184,1.8750008319999996
1.3383e-05,-0.46875494399999695,0.6007499948799999,1.47487499744,1.8750008319999996
1.3383500000000002e-05,-0.46875494399999695,0.60699999424,1.477374997184,1.8750008319999996
1.3384000000000001e-05,0.312495104000007,0.60699999424,1.47487499744,1.5625008640000004
1.33845e-05,-1.250004992000001,0.6007499948799999,1.476124997312,1.5625008640000004
1.3385000000000001e-05,-0.46875494399999695,0.6007499948799999,1.476124997312,1.5625008640000004
1.33855e-05,-0.46875494399999695,0.60699999424,1.473624997568,1.8750008319999996
1.3386e-05,0.312495104000007,0.60699999424,1.472374997696,1.8750008319999996
1.3386500000000001e-05,-1.250004992000001,0.60699999424,1.47487499744,1.5625008640000004
1.3387e-05,-0.46875494399999695,0.60699999424,1.477374997184,1.8750008319999996
1.33875e-05,-0.46875494399999695,0.6007499948799999,1.478624997056,1.8750008319999996
1.3388000000000001e-05,-0.46875494399999695,0.59449999552,1.477374997184,1.8750008319999996
1.33885e-05,-0.46875494399999695,0.6007499948799999,1.479874996928,1.8750008319999996
1.3389e-05,-0.46875494399999695,0.6007499948799999,1.477374997184,1.8750008319999996
1.3389500000000001e-05,-0.46875494399999695,0.6007499948799999,1.476124997312,1.8750008319999996
1.339e-05,-0.46875494399999695,0.6007499948799999,1.477374997184,1.8750008319999996
1.3390500000000002e-05,0.312495104000007,0.6007499948799999,1.479874996928,1.8750008319999996
1.3391000000000001e-05,-0.46875494399999695,0.60699999424,1.478624997056,1.5625008640000004
1.33915e-05,-0.46875494399999695,0.6007499948799999,1.478624997056,1.5625008640000004
1.3392000000000002e-05,0.312495104000007,0.60699999424,1.476124997312,1.5625008640000004
1.3392500000000001e-05,0.312495104000007,0.59449999552,1.477374997184,1.5625008640000004
1.3393e-05,-0.46875494399999695,0.6007499948799999,1.476124997312,1.5625008640000004
1.3393500000000001e-05,0.312495104000007,0.60699999424,1.477374997184,1.8750008319999996
1.3394000000000001e-05,0.312495104000007,0.60699999424,1.479874996928,1.5625008640000004
1.33945e-05,-0.46875494399999695,0.60699999424,1.4811249968,1.8750008319999996
1.3395000000000001e-05,-0.46875494399999695,0.6132499936,1.479874996928,1.5625008640000004
1.33955e-05,-1.250004992000001,0.60699999424,1.4811249968,1.5625008640000004
1.3396e-05,-0.46875494399999695,0.6007499948799999,1.4811249968,1.8750008319999996
1.3396500000000001e-05,-0.46875494399999695,0.60699999424,1.4811249968,1.5625008640000004
1.3397e-05,0.312495104000007,0.60699999424,1.4811249968,1.8750008319999996
1.33975e-05,-0.46875494399999695,0.60699999424,1.478624997056,1.8750008319999996
1.3398000000000001e-05,-0.46875494399999695,0.60699999424,1.479874996928,1.8750008319999996
1.33985e-05,-0.46875494399999695,0.60699999424,1.4823749966720001,1.8750008319999996
1.3399000000000002e-05,-1.250004992000001,0.60699999424,1.479874996928,1.8750008319999996
1.3399500000000001e-05,-0.46875494399999695,0.6007499948799999,1.478624997056,1.8750008319999996
1.34e-05,-0.46875494399999695,0.60699999424,1.476124997312,1.8750008319999996
1.3400500000000002e-05,-0.46875494399999695,0.60699999424,1.479874996928,1.5625008640000004
1.3401000000000001e-05,-1.250004992000001,0.60699999424,1.478624997056,1.5625008640000004
1.34015e-05,-0.46875494399999695,0.6132499936,1.478624997056,1.8750008319999996
1.3402000000000001e-05,0.312495104000007,0.6132499936,1.4811249968,2.1875007999999996
1.3402500000000001e-05,-1.250004992000001,0.6132499936,1.483624996544,1.8750008319999996
1.3403e-05,-0.46875494399999695,0.6132499936,1.4823749966720001,1.8750008319999996
1.3403500000000001e-05,-0.46875494399999695,0.60699999424,1.483624996544,1.8750008319999996
1.3404e-05,-1.250004992000001,0.60699999424,1.4823749966720001,1.8750008319999996
1.34045e-05,-0.46875494399999695,0.6132499936,1.4823749966720001,1.8750008319999996
1.3405000000000001e-05,-0.46875494399999695,0.6132499936,1.4823749966720001,2.1875007999999996
1.34055e-05,-0.46875494399999695,0.60699999424,1.4823749966720001,1.8750008319999996
1.3406e-05,0.312495104000007,0.6132499936,1.4823749966720001,2.1875007999999996
1.3406500000000001e-05,-0.46875494399999695,0.6132499936,1.484874996416,2.1875007999999996
1.3407e-05,-0.46875494399999695,0.6132499936,1.4823749966720001,1.8750008319999996
1.3407500000000002e-05,-0.46875494399999695,0.60699999424,1.4823749966720001,1.8750008319999996
1.3408000000000001e-05,0.312495104000007,0.60699999424,1.479874996928,1.5625008640000004
1.34085e-05,-0.46875494399999695,0.60699999424,1.4811249968,1.5625008640000004
1.3409000000000002e-05,-1.250004992000001,0.6007499948799999,1.4823749966720001,1.8750008319999996
1.3409500000000001e-05,-1.250004992000001,0.60699999424,1.4811249968,2.1875007999999996
1.341e-05,-0.46875494399999695,0.60699999424,1.479874996928,1.8750008319999996
1.3410500000000001e-05,-0.46875494399999695,0.60699999424,1.4811249968,1.5625008640000004
1.3411000000000001e-05,-0.46875494399999695,0.60699999424,1.4823749966720001,1.8750008319999996
1.34115e-05,-0.46875494399999695,0.60699999424,1.483624996544,1.8750008319999996
1.3412000000000001e-05,-1.250004992000001,0.6007499948799999,1.4823749966720001,1.5625008640000004
1.34125e-05,-0.46875494399999695,0.60699999424,1.4811249968,1.5625008640000004
1.3413e-05,0.312495104000007,0.60699999424,1.4811249968,1.8750008319999996
1.3413500000000001e-05,-0.46875494399999695,0.60699999424,1.478624997056,1.5625008640000004
1.3414e-05,0.312495104000007,0.60699999424,1.478624997056,1.8750008319999996
1.34145e-05,-0.46875494399999695,0.60699999424,1.477374997184,1.8750008319999996
1.3415000000000001e-05,0.312495104000007,0.60699999424,1.476124997312,1.8750008319999996
1.34155e-05,-1.250004992000001,0.60699999424,1.478624997056,1.8750008319999996
1.3416000000000002e-05,0.312495104000007,0.60699999424,1.478624997056,1.8750008319999996
1.3416500000000001e-05,0.312495104000007,0.6007499948799999,1.479874996928,1.5625008640000004
1.3417e-05,-0.46875494399999695,0.60699999424,1.479874996928,1.8750008319999996
1.3417500000000002e-05,0.312495104000007,0.60699999424,1.479874996928,1.8750008319999996
1.3418000000000001e-05,0.312495104000007,0.60699999424,1.479874996928,1.8750008319999996
1.34185e-05,-0.46875494399999695,0.60699999424,1.479874996928,1.5625008640000004
1.3419000000000001e-05,-0.46875494399999695,0.60699999424,1.479874996928,1.8750008319999996
1.3419500000000001e-05,-0.46875494399999695,0.6007499948799999,1.478624997056,1.8750008319999996
1.342e-05,-0.46875494399999695,0.60699999424,1.476124997312,1.8750008319999996
1.3420500000000001e-05,-0.46875494399999695,0.60699999424,1.476124997312,1.5625008640000004
1.3421e-05,0.312495104000007,0.60699999424,1.47487499744,1.8750008319999996
1.34215e-05,-0.46875494399999695,0.60699999424,1.47487499744,1.8750008319999996
1.3422000000000001e-05,-0.46875494399999695,0.60699999424,1.477374997184,1.8750008319999996
1.34225e-05,-0.46875494399999695,0.6132499936,1.479874996928,1.8750008319999996
1.3423e-05,-0.46875494399999695,0.60699999424,1.477374997184,1.8750008319999996
1.3423500000000001e-05,-0.46875494399999695,0.60699999424,1.476124997312,1.8750008319999996
1.3424e-05,0.312495104000007,0.60699999424,1.476124997312,1.5625008640000004
1.3424500000000002e-05,-0.46875494399999695,0.60699999424,1.4823749966720001,1.2500008959999995
1.3425000000000001e-05,-1.250004992000001,0.60699999424,1.4811249968,1.8750008319999996
1.34255e-05,-0.46875494399999695,0.6132499936,1.479874996928,1.5625008640000004
1.3426000000000002e-05,0.312495104000007,0.60699999424,1.478624997056,1.8750008319999996
1.3426500000000001e-05,-0.46875494399999695,0.6132499936,1.479874996928,1.5625008640000004
1.3427e-05,0.312495104000007,0.6132499936,1.479874996928,1.8750008319999996
1.3427500000000001e-05,0.312495104000007,0.60699999424,1.479874996928,1.5625008640000004
1.3428000000000001e-05,-0.46875494399999695,0.60699999424,1.477374997184,1.5625008640000004
1.34285e-05,0.312495104000007,0.60699999424,1.477374997184,1.5625008640000004
1.3429000000000001e-05,0.312495104000007,0.60699999424,1.476124997312,1.5625008640000004
1.34295e-05,0.312495104000007,0.60699999424,1.47487499744,1.5625008640000004
1.343e-05,0.312495104000007,0.60699999424,1.477374997184,1.8750008319999996
1.3430500000000001e-05,-0.46875494399999695,0.60699999424,1.479874996928,1.5625008640000004
1.3431e-05,0.312495104000007,0.60699999424,1.4811249968,1.5625008640000004
1.34315e-05,0.312495104000007,0.6007499948799999,1.4823749966720001,1.8750008319999996
1.3432000000000001e-05,0.312495104000007,0.60699999424,1.478624997056,1.8750008319999996
1.34325e-05,0.312495104000007,0.60699999424,1.479874996928,1.5625008640000004
1.3433000000000002e-05,0.312495104000007,0.60699999424,1.478624997056,1.5625008640000004
1.3433500000000001e-05,-1.250004992000001,0.6132499936,1.4811249968,1.8750008319999996
1.3434e-05,0.312495104000007,0.6132499936,1.4811249968,1.8750008319999996
1.3434500000000002e-05,-0.46875494399999695,0.60699999424,1.479874996928,1.8750008319999996
1.3435000000000001e-05,0.312495104000007,0.60699999424,1.478624997056,1.8750008319999996
1.34355e-05,0.312495104000007,0.60699999424,1.478624997056,1.5625008640000004
1.3436000000000001e-05,0.312495104000007,0.60699999424,1.478624997056,1.5625008640000004
1.3436500000000001e-05,0.312495104000007,0.6132499936,1.479874996928,1.5625008640000004
1.3437e-05,0.312495104000007,0.6132499936,1.479874996928,1.5625008640000004
1.3437500000000001e-05,-0.46875494399999695,0.60699999424,1.478624997056,1.2500008959999995
1.3438e-05,-0.46875494399999695,0.6007499948799999,1.477374997184,1.8750008319999996
1.34385e-05,-0.46875494399999695,0.60699999424,1.477374997184,1.5625008640000004
1.3439000000000001e-05,-0.46875494399999695,0.60699999424,1.477374997184,1.8750008319999996
1.34395e-05,0.312495104000007,0.60699999424,1.479874996928,1.5625008640000004
1.344e-05,-0.46875494399999695,0.6132499936,1.479874996928,1.5625008640000004
1.3440500000000001e-05,-0.46875494399999695,0.6132499936,1.4811249968,1.5625008640000004
1.3441e-05,-0.46875494399999695,0.60699999424,1.4811249968,1.5625008640000004
1.3441500000000002e-05,-0.46875494399999695,0.60699999424,1.4823749966720001,1.8750008319999996
1.3442000000000001e-05,0.312495104000007,0.60699999424,1.4811249968,1.8750008319999996
1.34425e-05,-0.46875494399999695,0.60699999424,1.478624997056,1.2500008959999995
1.3443000000000002e-05,0.312495104000007,0.60699999424,1.478624997056,1.5625008640000004
1.3443500000000001e-05,-0.46875494399999695,0.60699999424,1.4811249968,1.8750008319999996
1.3444e-05,-0.46875494399999695,0.6132499936,1.4811249968,1.8750008319999996
1.3444500000000001e-05,-0.46875494399999695,0.61949999296,1.4823749966720001,1.5625008640000004
1.3445000000000001e-05,0.312495104000007,0.6132499936,1.4811249968,1.8750008319999996
1.34455e-05,0.312495104000007,0.60699999424,1.478624997056,1.5625008640000004
1.3446000000000001e-05,-0.46875494399999695,0.60699999424,1.476124997312,1.5625008640000004
1.34465e-05,-0.46875494399999695,0.60699999424,1.477374997184,1.8750008319999996
1.3447e-05,-1.250004992000001,0.6132499936,1.477374997184,1.8750008319999996
1.3447500000000001e-05,-1.250004992000001,0.60699999424,1.477374997184,1.5625008640000004
1.3448e-05,0.312495104000007,0.6132499936,1.477374997184,1.5625008640000004
1.34485e-05,-0.46875494399999695,0.6007499948799999,1.479874996928,1.2500008959999995
1.3449000000000001e-05,-1.250004992000001,0.60699999424,1.478624997056,1.5625008640000004
1.34495e-05,-1.250004992000001,0.6132499936,1.476124997312,1.8750008319999996
1.3450000000000002e-05,0.312495104000007,0.6132499936,1.476124997312,2.1875007999999996
1.3450500000000001e-05,-0.46875494399999695,0.60699999424,1.47487499744,1.5625008640000004
1.3451e-05,-0.46875494399999695,0.6132499936,1.476124997312,1.8750008319999996
1.3451500000000002e-05,0.312495104000007,0.60699999424,1.478624997056,1.8750008319999996
1.3452000000000001e-05,-0.46875494399999695,0.60699999424,1.478624997056,1.5625008640000004
1.34525e-05,-0.46875494399999695,0.60699999424,1.479874996928,1.5625008640000004
1.3453000000000001e-05,0.312495104000007,0.60699999424,1.478624997056,1.8750008319999996
1.3453500000000001e-05,0.312495104000007,0.6132499936,1.478624997056,1.5625008640000004
1.3454e-05,0.312495104000007,0.60699999424,1.478624997056,1.5625008640000004
1.3454500000000001e-05,-0.46875494399999695,0.6132499936,1.478624997056,1.5625008640000004
1.3455e-05,0.312495104000007,0.60699999424,1.479874996928,1.8750008319999996
1.34555e-05,0.312495104000007,0.60699999424,1.4811249968,1.2500008959999995
1.3456000000000001e-05,0.312495104000007,0.60699999424,1.477374997184,1.5625008640000004
1.34565e-05,-0.46875494399999695,0.60699999424,1.479874996928,1.2500008959999995
1.3457e-05,-1.250004992000001,0.60699999424,1.479874996928,1.5625008640000004
1.3457500000000001e-05,0.312495104000007,0.60699999424,1.4811249968,1.5625008640000004
1.3458e-05,0.312495104000007,0.6132499936,1.4811249968,1.5625008640000004
1.3458500000000002e-05,-0.46875494399999695,0.60699999424,1.479874996928,1.5625008640000004
1.3459000000000001e-05,-0.46875494399999695,0.6132499936,1.479874996928,1.5625008640000004
1.34595e-05,0.312495104000007,0.6132499936,1.479874996928,1.5625008640000004
1.3460000000000002e-05,-0.46875494399999695,0.6132499936,1.478624997056,1.5625008640000004
1.3460500000000001e-05,0.312495104000007,0.6132499936,1.479874996928,1.5625008640000004
1.3461e-05,0.312495104000007,0.6132499936,1.479874996928,1.5625008640000004
1.3461500000000001e-05,0.312495104000007,0.6132499936,1.479874996928,1.8750008319999996
1.3462000000000001e-05,-0.46875494399999695,0.6132499936,1.479874996928,1.8750008319999996
1.34625e-05,-0.46875494399999695,0.60699999424,1.4811249968,1.5625008640000004
1.3463000000000001e-05,0.312495104000007,0.6132499936,1.478624997056,1.5625008640000004
1.34635e-05,0.312495104000007,0.60699999424,1.478624997056,1.2500008959999995
1.3464e-05,0.312495104000007,0.6132499936,1.478624997056,1.8750008319999996
1.3464500000000001e-05,0.312495104000007,0.60699999424,1.4811249968,1.2500008959999995
1.3465e-05,0.312495104000007,0.60699999424,1.479874996928,1.5625008640000004
1.34655e-05,0.312495104000007,0.60699999424,1.477374997184,1.5625008640000004
1.3466000000000001e-05,-0.46875494399999695,0.60699999424,1.476124997312,1.8750008319999996
1.34665e-05,-0.46875494399999695,0.60699999424,1.477374997184,1.8750008319999996
1.3467000000000002e-05,-0.46875494399999695,0.6132499936,1.478624997056,1.8750008319999996
1.3467500000000001e-05,0.312495104000007,0.60699999424,1.479874996928,1.8750008319999996
1.3468e-05,-0.46875494399999695,0.6132499936,1.478624997056,1.5625008640000004
1.3468500000000002e-05,0.312495104000007,0.6132499936,1.479874996928,1.5625008640000004
1.3469000000000001e-05,-0.46875494399999695,0.6132499936,1.478624997056,1.5625008640000004
1.34695e-05,-0.46875494399999695,0.6132499936,1.477374997184,1.5625008640000004
1.3470000000000001e-05,-0.46875494399999695,0.6132499936,1.477374997184,1.5625008640000004
1.3470500000000001e-05,-0.46875494399999695,0.60699999424,1.478624997056,1.8750008319999996
1.3471e-05,0.312495104000007,0.60699999424,1.477374997184,1.8750008319999996
1.3471500000000001e-05,0.312495104000007,0.60699999424,1.478624997056,1.8750008319999996
1.3472e-05,0.312495104000007,0.60699999424,1.477374997184,1.8750008319999996
1.34725e-05,0.312495104000007,0.60699999424,1.479874996928,1.2500008959999995
1.3473000000000001e-05,-0.46875494399999695,0.60699999424,1.479874996928,1.2500008959999995
1.34735e-05,-1.250004992000001,0.6132499936,1.479874996928,1.2500008959999995
1.3474e-05,0.312495104000007,0.6132499936,1.479874996928,1.2500008959999995
1.3474500000000001e-05,-0.46875494399999695,0.60699999424,1.478624997056,1.2500008959999995
1.3475e-05,0.312495104000007,0.6132499936,1.479874996928,1.5625008640000004
1.3475500000000002e-05,-0.46875494399999695,0.60699999424,1.4811249968,1.5625008640000004
1.3476000000000001e-05,-0.46875494399999695,0.6132499936,1.4811249968,1.5625008640000004
1.34765e-05,-0.46875494399999695,0.6132499936,1.479874996928,1.5625008640000004
1.3477000000000002e-05,-0.46875494399999695,0.60699999424,1.477374997184,1.2500008959999995
1.3477500000000001e-05,0.312495104000007,0.6132499936,1.478624997056,1.2500008959999995
1.3478e-05,-0.46875494399999695,0.60699999424,1.478624997056,1.5625008640000004
1.3478500000000001e-05,0.312495104000007,0.60699999424,1.477374997184,1.5625008640000004
1.3479000000000001e-05,-0.46875494399999695,0.60699999424,1.47487499744,1.5625008640000004
1.34795e-05,-0.46875494399999695,0.60699999424,1.477374997184,1.2500008959999995
1.3480000000000001e-05,0.312495104000007,0.6132499936,1.477374997184,1.8750008319999996
1.34805e-05,-0.46875494399999695,0.60699999424,1.478624997056,1.2500008959999995
1.3481e-05,-1.250004992000001,0.60699999424,1.479874996928,1.5625008640000004
1.3481500000000001e-05,-0.46875494399999695,0.60699999424,1.477374997184,1.8750008319999996
1.3482e-05,0.312495104000007,0.6132499936,1.478624997056,1.8750008319999996
1.34825e-05,-0.46875494399999695,0.6132499936,1.479874996928,1.2500008959999995
1.3483000000000001e-05,-0.46875494399999695,0.61949999296,1.479874996928,1.5625008640000004
1.34835e-05,0.312495104000007,0.6132499936,1.478624997056,1.5625008640000004
1.3484000000000002e-05,-0.46875494399999695,0.60699999424,1.47487499744,1.5625008640000004
1.3484500000000001e-05,-0.46875494399999695,0.6132499936,1.478624997056,1.5625008640000004
1.3485e-05,-0.46875494399999695,0.6132499936,1.478624997056,1.8750008319999996
1.3485500000000002e-05,-0.46875494399999695,0.60699999424,1.477374997184,1.5625008640000004
1.3486000000000001e-05,-0.46875494399999695,0.60699999424,1.477374997184,1.8750008319999996
1.34865e-05,-0.46875494399999695,0.60699999424,1.478624997056,1.8750008319999996
1.3487000000000001e-05,-1.250004992000001,0.60699999424,1.476124997312,1.5625008640000004
1.3487500000000001e-05,0.312495104000007,0.60699999424,1.479874996928,1.2500008959999995
1.3488e-05,-0.46875494399999695,0.6132499936,1.479874996928,1.2500008959999995
1.3488500000000001e-05,-0.46875494399999695,0.60699999424,1.479874996928,1.2500008959999995
1.3489e-05,-1.250004992000001,0.6007499948799999,1.477374997184,1.5625008640000004
1.34895e-05,0.312495104000007,0.60699999424,1.47487499744,1.5625008640000004
1.3490000000000001e-05,0.312495104000007,0.60699999424,1.476124997312,1.5625008640000004
1.34905e-05,-0.46875494399999695,0.6132499936,1.479874996928,1.5625008640000004
1.3491e-05,0.312495104000007,0.6132499936,1.4823749966720001,1.5625008640000004
1.3491500000000001e-05,0.312495104000007,0.6132499936,1.479874996928,1.8750008319999996
1.3492e-05,-0.46875494399999695,0.6132499936,1.479874996928,1.5625008640000004
1.3492500000000002e-05,-0.46875494399999695,0.6132499936,1.479874996928,1.5625008640000004
1.3493000000000001e-05,-0.46875494399999695,0.6132499936,1.476124997312,1.8750008319999996
1.34935e-05,0.312495104000007,0.60699999424,1.47487499744,1.2500008959999995
1.3494000000000002e-05,-0.46875494399999695,0.60699999424,1.476124997312,1.5625008640000004
1.3494500000000001e-05,0.312495104000007,0.60699999424,1.477374997184,1.5625008640000004
1.3495e-05,-0.46875494399999695,0.6132499936,1.476124997312,1.5625008640000004
1.3495500000000001e-05,0.312495104000007,0.60699999424,1.477374997184,1.2500008959999995
1.3496000000000001e-05,0.312495104000007,0.6132499936,1.476124997312,1.5625008640000004
1.34965e-05,-0.46875494399999695,0.60699999424,1.478624997056,1.5625008640000004
1.3497000000000001e-05,-0.46875494399999695,0.60699999424,1.479874996928,1.5625008640000004
1.34975e-05,0.312495104000007,0.6132499936,1.4811249968,1.2500008959999995
1.3498e-05,0.312495104000007,0.61949999296,1.4811249968,1.2500008959999995
1.3498500000000001e-05,-0.46875494399999695,0.60699999424,1.479874996928,1.5625008640000004
1.3499e-05,0.312495104000007,0.6132499936,1.4823749966720001,1.5625008640000004
1.34995e-05,0.312495104000007,0.60699999424,1.483624996544,1.5625008640000004
1.3500000000000001e-05,-0.46875494399999695,0.60699999424,1.4811249968,1.5625008640000004
1.35005e-05,0.312495104000007,0.60699999424,1.4823749966720001,1.2500008959999995
1.3501000000000002e-05,-0.46875494399999695,0.60699999424,1.4811249968,1.5625008640000004
1.3501500000000001e-05,-0.46875494399999695,0.60699999424,1.478624997056,1.2500008959999995
1.3502e-05,-0.46875494399999695,0.60699999424,1.478624997056,1.5625008640000004
1.3502500000000002e-05,-0.46875494399999695,0.6132499936,1.4823749966720001,1.5625008640000004
1.3503000000000001e-05,-0.46875494399999695,0.60699999424,1.4823749966720001,1.5625008640000004
1.35035e-05,-0.46875494399999695,0.60699999424,1.4823749966720001,1.2500008959999995
1.3504000000000001e-05,-0.46875494399999695,0.6132499936,1.479874996928,1.2500008959999995
1.3504500000000001e-05,-0.46875494399999695,0.60699999424,1.4811249968,1.2500008959999995
1.3505e-05,0.312495104000007,0.60699999424,1.4823749966720001,1.5625008640000004
1.3505500000000001e-05,0.312495104000007,0.60699999424,1.4823749966720001,1.2500008959999995
1.3506e-05,-0.46875494399999695,0.6132499936,1.4823749966720001,1.2500008959999995
1.35065e-05,-1.250004992000001,0.6132499936,1.483624996544,1.2500008959999995
1.3507000000000001e-05,-0.46875494399999695,0.6132499936,1.4823749966720001,1.2500008959999995
1.35075e-05,-0.46875494399999695,0.6132499936,1.4823749966720001,1.2500008959999995
1.3508e-05,-1.250004992000001,0.6132499936,1.4811249968,1.5625008640000004
1.3508500000000001e-05,0.312495104000007,0.6132499936,1.4811249968,1.2500008959999995
1.3509e-05,-0.46875494399999695,0.60699999424,1.4823749966720001,1.5625008640000004
1.35095e-05,-0.46875494399999695,0.60699999424,1.478624997056,1.2500008959999995
1.3510000000000001e-05,-0.46875494399999695,0.6132499936,1.477374997184,1.8750008319999996
1.35105e-05,0.312495104000007,0.6132499936,1.479874996928,1.5625008640000004
1.3511000000000002e-05,-1.250004992000001,0.6132499936,1.479874996928,1.5625008640000004
1.3511500000000001e-05,-1.250004992000001,0.60699999424,1.4823749966720001,1.2500008959999995
1.3512e-05,-1.250004992000001,0.6132499936,1.479874996928,1.5625008640000004
1.3512500000000001e-05,-0.46875494399999695,0.6132499936,1.4811249968,1.2500008959999995
1.3513000000000001e-05,-0.46875494399999695,0.60699999424,1.478624997056,1.5625008640000004
1.35135e-05,-0.46875494399999695,0.60699999424,1.479874996928,1.5625008640000004
1.3514000000000001e-05,0.312495104000007,0.61949999296,1.479874996928,1.5625008640000004
1.35145e-05,-0.46875494399999695,0.60699999424,1.479874996928,1.2500008959999995
1.3515e-05,-0.46875494399999695,0.6132499936,1.479874996928,1.5625008640000004
1.3515500000000001e-05,-0.46875494399999695,0.6132499936,1.479874996928,1.5625008640000004
1.3516e-05,-1.250004992000001,0.60699999424,1.478624997056,1.5625008640000004
1.35165e-05,-1.250004992000001,0.60699999424,1.478624997056,1.5625008640000004
1.3517000000000001e-05,-0.46875494399999695,0.6132499936,1.479874996928,1.8750008319999996
1.35175e-05,-1.250004992000001,0.6132499936,1.478624997056,1.2500008959999995
1.3518e-05,-0.46875494399999695,0.6132499936,1.479874996928,1.8750008319999996
1.3518500000000001e-05,0.312495104000007,0.6132499936,1.4823749966720001,1.5625008640000004
1.3519e-05,-0.46875494399999695,0.60699999424,1.4811249968,1.5625008640000004
1.3519500000000002e-05,-0.46875494399999695,0.60699999424,1.4823749966720001,1.2500008959999995
1.3520000000000001e-05,-0.46875494399999695,0.60699999424,1.478624997056,1.5625008640000004
1.35205e-05,-0.46875494399999695,0.60699999424,1.476124997312,1.2500008959999995
1.3521000000000001e-05,-0.46875494399999695,0.6132499936,1.477374997184,1.5625008640000004
1.3521500000000001e-05,0.312495104000007,0.6132499936,1.479874996928,1.8750008319999996
1.3522e-05,0.312495104000007,0.60699999424,1.479874996928,1.5625008640000004
1.3522500000000001e-05,-0.46875494399999695,0.6132499936,1.4811249968,1.2500008959999995
1.3523e-05,-0.46875494399999695,0.6132499936,1.478624997056,1.5625008640000004
1.35235e-05,0.312495104000007,0.60699999424,1.477374997184,1.5625008640000004
1.3524000000000001e-05,-0.46875494399999695,0.6132499936,1.47487499744,1.2500008959999995
1.35245e-05,-0.46875494399999695,0.6132499936,1.478624997056,0.9375009279999986
1.3525e-05,0.312495104000007,0.6132499936,1.478624997056,1.5625008640000004
1.3525500000000001e-05,-0.46875494399999695,0.60699999424,1.477374997184,1.5625008640000004
1.3526e-05,-0.46875494399999695,0.60699999424,1.476124997312,1.5625008640000004
1.35265e-05,-0.46875494399999695,0.6132499936,1.478624997056,1.5625008640000004
1.3527000000000001e-05,0.312495104000007,0.6132499936,1.479874996928,1.5625008640000004
1.35275e-05,0.312495104000007,0.60699999424,1.4823749966720001,1.2500008959999995
1.3528000000000002e-05,0.312495104000007,0.61949999296,1.478624997056,1.2500008959999995
1.3528500000000001e-05,-0.46875494399999695,0.60699999424,1.479874996928,1.2500008959999995
1.3529e-05,0.312495104000007,0.60699999424,1.479874996928,1.2500008959999995
1.3529500000000001e-05,0.312495104000007,0.60699999424,1.479874996928,1.5625008640000004
1.3530000000000001e-05,-0.46875494399999695,0.60699999424,1.478624997056,1.2500008959999995
1.35305e-05,-0.46875494399999695,0.6132499936,1.477374997184,1.2500008959999995
1.3531000000000001e-05,-0.46875494399999695,0.61949999296,1.479874996928,1.5625008640000004
1.35315e-05,0.312495104000007,0.60699999424,1.479874996928,1.2500008959999995
1.3532e-05,0.312495104000007,0.60699999424,1.478624997056,1.2500008959999995
1.3532500000000001e-05,-1.250004992000001,0.6132499936,1.479874996928,1.2500008959999995
1.3533e-05,-0.46875494399999695,0.6132499936,1.479874996928,1.2500008959999995
1.35335e-05,-0.46875494399999695,0.6132499936,1.479874996928,1.2500008959999995
1.3534000000000001e-05,-0.46875494399999695,0.60699999424,1.479874996928,1.5625008640000004
1.35345e-05,-0.46875494399999695,0.6132499936,1.4811249968,1.5625008640000004
1.3535e-05,-1.250004992000001,0.6132499936,1.479874996928,1.5625008640000004
1.3535500000000001e-05,0.312495104000007,0.60699999424,1.4811249968,0.9375009279999986
1.3536e-05,0.312495104000007,0.61949999296,1.479874996928,0.9375009279999986
1.3536500000000002e-05,0.312495104000007,0.6132499936,1.4811249968,0.9375009279999986
1.3537000000000001e-05,-0.46875494399999695,0.6132499936,1.479874996928,1.2500008959999995
1.35375e-05,0.312495104000007,0.6132499936,1.478624997056,1.2500008959999995
1.3538000000000002e-05,0.312495104000007,0.61949999296,1.478624997056,0.9375009279999986
1.3538500000000001e-05,-0.46875494399999695,0.6132499936,1.479874996928,1.2500008959999995
1.3539e-05,-0.46875494399999695,0.60699999424,1.4823749966720001,1.5625008640000004
1.3539500000000001e-05,0.312495104000007,0.6132499936,1.4811249968,1.2500008959999995
1.354e-05,-0.46875494399999695,0.6132499936,1.4811249968,1.2500008959999995
1.35405e-05,-0.46875494399999695,0.61949999296,1.4823749966720001,0.9375009279999986
1.3541000000000001e-05,0.312495104000007,0.6132499936,1.4823749966720001,1.5625008640000004
1.35415e-05,-0.46875494399999695,0.6132499936,1.4811249968,1.2500008959999995
1.3542e-05,0.312495104000007,0.6132499936,1.479874996928,1.2500008959999995
1.3542500000000001e-05,-0.46875494399999695,0.6132499936,1.4811249968,1.2500008959999995
1.3543e-05,0.312495104000007,0.61949999296,1.4823749966720001,1.2500008959999995
1.35435e-05,0.312495104000007,0.6132499936,1.483624996544,1.2500008959999995
1.3544000000000001e-05,-1.250004992000001,0.6132499936,1.4823749966720001,1.5625008640000004
1.35445e-05,0.312495104000007,0.60699999424,1.483624996544,1.2500008959999995
1.3545000000000002e-05,0.312495104000007,0.6132499936,1.4823749966720001,1.5625008640000004
1.3545500000000001e-05,0.312495104000007,0.6132499936,1.4823749966720001,1.2500008959999995
1.3546e-05,0.312495104000007,0.6132499936,1.478624997056,1.2500008959999995
1.3546500000000002e-05,0.312495104000007,0.6132499936,1.478624997056,1.2500008959999995
1.3547000000000001e-05,-0.46875494399999695,0.6132499936,1.478624997056,1.2500008959999995
1.35475e-05,-0.46875494399999695,0.60699999424,1.478624997056,1.2500008959999995
1.3548000000000001e-05,-1.250004992000001,0.60699999424,1.477374997184,1.5625008640000004
1.35485e-05,-0.46875494399999695,0.6132499936,1.479874996928,1.5625008640000004
1.3549e-05,-0.46875494399999695,0.6132499936,1.4811249968,1.2500008959999995
1.3549500000000001e-05,0.312495104000007,0.6132499936,1.479874996928,1.2500008959999995
1.355e-05,-0.46875494399999695,0.6132499936,1.478624997056,1.8750008319999996
1.35505e-05,-0.46875494399999695,0.6132499936,1.478624997056,1.5625008640000004
1.3551000000000001e-05,-0.46875494399999695,0.6132499936,1.476124997312,1.5625008640000004
1.35515e-05,-0.46875494399999695,0.6132499936,1.477374997184,1.2500008959999995
1.3552e-05,0.312495104000007,0.6132499936,1.476124997312,0.9375009279999986
1.3552500000000001e-05,-0.46875494399999695,0.60699999424,1.479874996928,0.9375009279999986
1.3553e-05,-1.250004992000001,0.60699999424,1.479874996928,1.2500008959999995
1.3553500000000002e-05,-0.46875494399999695,0.6132499936,1.4811249968,1.2500008959999995
1.3554000000000001e-05,0.312495104000007,0.60699999424,1.479874996928,0.9375009279999986
1.35545e-05,-0.46875494399999695,0.6132499936,1.4811249968,1.2500008959999995
1.3555000000000002e-05,-0.46875494399999695,0.6132499936,1.4811249968,1.2500008959999995
1.3555500000000001e-05,0.312495104000007,0.6132499936,1.4811249968,1.5625008640000004
1.3556e-05,-0.46875494399999695,0.60699999424,1.479874996928,1.5625008640000004
1.3556500000000001e-05,-0.46875494399999695,0.6132499936,1.4811249968,0.9375009279999986
1.3557e-05,-0.46875494399999695,0.6132499936,1.4823749966720001,1.2500008959999995
1.35575e-05,0.312495104000007,0.60699999424,1.4811249968,1.2500008959999995
1.3558000000000001e-05,-0.46875494399999695,0.60699999424,1.483624996544,1.5625008640000004
1.35585e-05,-0.46875494399999695,0.6132499936,1.483624996544,1.2500008959999995
1.3559e-05,-0.46875494399999695,0.60699999424,1.479874996928,1.2500008959999995
1.3559500000000001e-05,0.312495104000007,0.60699999424,1.479874996928,0.9375009279999986
1.356e-05,0.312495104000007,0.6132499936,1.4811249968,1.2500008959999995
1.35605e-05,-0.46875494399999695,0.6132499936,1.483624996544,0.9375009279999986
1.3561000000000001e-05,-0.46875494399999695,0.60699999424,1.479874996928,0.9375009279999986
1.35615e-05,-0.46875494399999695,0.6132499936,1.478624997056,1.2500008959999995
1.3562000000000002e-05,-0.46875494399999695,0.6132499936,1.476124997312,0.9375009279999986
1.3562500000000001e-05,-0.46875494399999695,0.6132499936,1.477374997184,1.2500008959999995
1.3563e-05,-0.46875494399999695,0.6132499936,1.4811249968,1.5625008640000004
1.3563500000000002e-05,-0.46875494399999695,0.6132499936,1.4811249968,1.5625008640000004
1.3564000000000001e-05,-0.46875494399999695,0.60699999424,1.479874996928,1.5625008640000004
1.35645e-05,-0.46875494399999695,0.61949999296,1.4811249968,0.9375009279999986
1.3565000000000001e-05,0.312495104000007,0.6132499936,1.4823749966720001,1.5625008640000004
1.35655e-05,0.312495104000007,0.60699999424,1.4823749966720001,1.2500008959999995
1.3566e-05,-0.46875494399999695,0.6132499936,1.4823749966720001,1.5625008640000004
1.3566500000000001e-05,-0.46875494399999695,0.6132499936,1.4811249968,1.5625008640000004
1.3567e-05,0.312495104000007,0.6132499936,1.4811249968,1.5625008640000004
1.35675e-05,0.312495104000007,0.6132499936,1.4823749966720001,1.2500008959999995
1.3568000000000001e-05,0.312495104000007,0.61949999296,1.479874996928,1.2500008959999995
1.35685e-05,1.0937451519999968,0.60699999424,1.4823749966720001,1.2500008959999995
1.3569e-05,-1.250004992000001,0.60699999424,1.479874996928,1.2500008959999995
1.3569500000000001e-05,-0.46875494399999695,0.60699999424,1.479874996928,1.2500008959999995
1.357e-05,0.312495104000007,0.6132499936,1.4811249968,1.2500008959999995
1.3570500000000002e-05,-0.46875494399999695,0.6132499936,1.479874996928,1.2500008959999995
1.3571000000000001e-05,-0.46875494399999695,0.61949999296,1.479874996928,1.2500008959999995
1.35715e-05,0.312495104000007,0.6132499936,1.4811249968,1.2500008959999995
1.3572000000000002e-05,-0.46875494399999695,0.6132499936,1.478624997056,1.5625008640000004
1.3572500000000001e-05,-0.46875494399999695,0.6132499936,1.478624997056,1.2500008959999995
1.3573e-05,-0.46875494399999695,0.6132499936,1.477374997184,1.2500008959999995
1.3573500000000001e-05,-0.46875494399999695,0.60699999424,1.4823749966720001,0.9375009279999986
1.3574e-05,0.312495104000007,0.60699999424,1.486124996288,1.5625008640000004
1.35745e-05,0.312495104000007,0.60699999424,1.484874996416,1.2500008959999995
1.3575000000000001e-05,-0.46875494399999695,0.60699999424,1.4823749966720001,1.5625008640000004
1.35755e-05,0.312495104000007,0.6132499936,1.4811249968,1.2500008959999995
1.3576e-05,0.312495104000007,0.6132499936,1.479874996928,1.2500008959999995
1.3576500000000001e-05,-0.46875494399999695,0.6132499936,1.483624996544,1.2500008959999995
1.3577e-05,-0.46875494399999695,0.60699999424,1.4823749966720001,1.5625008640000004
1.35775e-05,0.312495104000007,0.6132499936,1.478624997056,1.2500008959999995
1.3578000000000001e-05,0.312495104000007,0.60699999424,1.477374997184,1.2500008959999995
1.35785e-05,0.312495104000007,0.60699999424,1.4811249968,0.9375009279999986
1.3579000000000002e-05,0.312495104000007,0.6132499936,1.483624996544,1.2500008959999995
1.3579500000000001e-05,0.312495104000007,0.60699999424,1.4811249968,1.2500008959999995
1.358e-05,0.312495104000007,0.6132499936,1.478624997056,1.5625008640000004
1.3580500000000002e-05,-0.46875494399999695,0.6132499936,1.479874996928,1.5625008640000004
1.3581000000000001e-05,-0.46875494399999695,0.6132499936,1.479874996928,1.5625008640000004
1.35815e-05,-0.46875494399999695,0.6132499936,1.4811249968,0.9375009279999986
1.3582000000000001e-05,0.312495104000007,0.60699999424,1.4811249968,1.2500008959999995
1.35825e-05,-0.46875494399999695,0.6132499936,1.479874996928,1.5625008640000004
1.3583e-05,0.312495104000007,0.60699999424,1.478624997056,1.2500008959999995
1.3583500000000001e-05,-1.250004992000001,0.60699999424,1.479874996928,0.9375009279999986
1.3584e-05,-1.250004992000001,0.6132499936,1.478624997056,1.2500008959999995
1.35845e-05,-0.46875494399999695,0.6132499936,1.483624996544,0.9375009279999986
1.3585000000000001e-05,0.312495104000007,0.6132499936,1.4811249968,1.2500008959999995
1.35855e-05,-0.46875494399999695,0.61949999296,1.4811249968,1.2500008959999995
1.3586e-05,0.312495104000007,0.6132499936,1.479874996928,1.2500008959999995
1.3586500000000001e-05,-0.46875494399999695,0.6132499936,1.4823749966720001,1.2500008959999995
1.3587e-05,0.312495104000007,0.6132499936,1.479874996928,1.5625008640000004
1.3587500000000002e-05,-0.46875494399999695,0.6132499936,1.478624997056,1.2500008959999995
1.3588000000000001e-05,-0.46875494399999695,0.6132499936,1.476124997312,1.2500008959999995
1.35885e-05,0.312495104000007,0.6132499936,1.478624997056,0.9375009279999986
1.3589000000000002e-05,0.312495104000007,0.6132499936,1.478624997056,1.2500008959999995
1.3589500000000001e-05,-0.46875494399999695,0.6132499936,1.478624997056,0.9375009279999986
1.359e-05,-0.46875494399999695,0.60699999424,1.478624997056,1.2500008959999995
1.3590500000000001e-05,-0.46875494399999695,0.6132499936,1.479874996928,1.2500008959999995
1.3591e-05,0.312495104000007,0.60699999424,1.477374997184,1.5625008640000004
1.35915e-05,0.312495104000007,0.60699999424,1.476124997312,0.9375009279999986
1.3592000000000001e-05,-0.46875494399999695,0.6132499936,1.476124997312,1.2500008959999995
1.35925e-05,-0.46875494399999695,0.60699999424,1.4823749966720001,0.9375009279999986
1.3593e-05,-1.250004992000001,0.6132499936,1.4811249968,1.5625008640000004
1.3593500000000001e-05,0.312495104000007,0.6132499936,1.479874996928,1.2500008959999995
1.3594e-05,0.312495104000007,0.61949999296,1.479874996928,0.9375009279999986
1.35945e-05,-0.46875494399999695,0.6132499936,1.479874996928,0.9375009279999986
1.3595000000000001e-05,-0.46875494399999695,0.6132499936,1.478624997056,0.9375009279999986
1.35955e-05,-0.46875494399999695,0.6132499936,1.4811249968,1.5625008640000004
1.3596000000000002e-05,-0.46875494399999695,0.6132499936,1.479874996928,1.2500008959999995
1.3596500000000001e-05,-0.46875494399999695,0.6132499936,1.479874996928,0.9375009279999986
1.3597e-05,-0.46875494399999695,0.6132499936,1.479874996928,1.2500008959999995
1.3597500000000002e-05,-1.250004992000001,0.6132499936,1.479874996928,1.2500008959999995
1.3598000000000001e-05,-0.46875494399999695,0.60699999424,1.479874996928,1.5625008640000004
1.35985e-05,-0.46875494399999695,0.60699999424,1.4811249968,1.5625008640000004
1.3599000000000001e-05,-0.46875494399999695,0.60699999424,1.478624997056,1.2500008959999995
1.35995e-05,-0.46875494399999695,0.6132499936,1.477374997184,1.2500008959999995
1.36e-05,-0.46875494399999695,0.61949999296,1.476124997312,1.2500008959999995
1.3600500000000001e-05,-0.46875494399999695,0.6132499936,1.4811249968,0.9375009279999986
1.3601e-05,0.312495104000007,0.6132499936,1.4823749966720001,1.2500008959999995
1.36015e-05,-0.46875494399999695,0.60699999424,1.4823749966720001,1.2500008959999995
1.3602000000000001e-05,-0.46875494399999695,0.6132499936,1.4811249968,0.9375009279999986
1.36025e-05,-0.46875494399999695,0.6132499936,1.4811249968,0.9375009279999986
1.3603e-05,-0.46875494399999695,0.60699999424,1.4823749966720001,0.9375009279999986
1.3603500000000001e-05,-0.46875494399999695,0.6132499936,1.4823749966720001,0.9375009279999986
1.3604e-05,-0.46875494399999695,0.6132499936,1.478624997056,1.2500008959999995
1.3604500000000002e-05,-0.46875494399999695,0.61949999296,1.478624997056,1.2500008959999995
1.3605000000000001e-05,-0.46875494399999695,0.6132499936,1.478624997056,0.9375009279999986
1.36055e-05,0.312495104000007,0.6132499936,1.479874996928,0.9375009279999986
1.3606000000000002e-05,-0.46875494399999695,0.6132499936,1.4823749966720001,1.2500008959999995
1.3606500000000001e-05,0.312495104000007,0.6132499936,1.483624996544,0.9375009279999986
1.3607e-05,0.312495104000007,0.6132499936,1.479874996928,0.6250009599999995
1.3607500000000001e-05,-0.46875494399999695,0.6132499936,1.478624997056,0.9375009279999986
1.3608e-05,-1.250004992000001,0.6132499936,1.478624997056,0.9375009279999986
1.36085e-05,0.312495104000007,0.60699999424,1.479874996928,0.9375009279999986
1.3609000000000001e-05,-1.250004992000001,0.6132499936,1.479874996928,1.2500008959999995
1.36095e-05,-0.46875494399999695,0.6132499936,1.479874996928,1.2500008959999995
1.361e-05,0.312495104000007,0.6132499936,1.478624997056,0.9375009279999986
1.3610500000000001e-05,0.312495104000007,0.6132499936,1.477374997184,0.9375009279999986
1.3611e-05,-0.46875494399999695,0.60699999424,1.477374997184,1.2500008959999995
1.36115e-05,-0.46875494399999695,0.60699999424,1.478624997056,0.9375009279999986
1.3612000000000001e-05,-1.250004992000001,0.60699999424,1.477374997184,1.2500008959999995
1.36125e-05,-0.46875494399999695,0.6132499936,1.479874996928,1.2500008959999995
1.3613000000000002e-05,-0.46875494399999695,0.6132499936,1.477374997184,1.2500008959999995
1.3613500000000001e-05,-0.46875494399999695,0.6132499936,1.477374997184,0.9375009279999986
1.3614e-05,-0.46875494399999695,0.6132499936,1.478624997056,0.9375009279999986
1.3614500000000002e-05,0.312495104000007,0.6132499936,1.478624997056,1.5625008640000004
1.3615000000000001e-05,-0.46875494399999695,0.6132499936,1.477374997184,1.2500008959999995
1.36155e-05,-0.46875494399999695,0.60699999424,1.477374997184,0.6250009599999995
1.3616000000000001e-05,-0.46875494399999695,0.6132499936,1.478624997056,0.9375009279999986
1.36165e-05,-0.46875494399999695,0.6132499936,1.4823749966720001,0.9375009279999986
1.3617e-05,-0.46875494399999695,0.6132499936,1.479874996928,1.2500008959999995
1.3617500000000001e-05,-0.46875494399999695,0.6132499936,1.477374997184,1.2500008959999995
1.3618e-05,0.312495104000007,0.61949999296,1.477374997184,1.2500008959999995
1.36185e-05,-0.46875494399999695,0.6132499936,1.478624997056,1.2500008959999995
1.3619000000000001e-05,0.312495104000007,0.6132499936,1.479874996928,1.5625008640000004
1.36195e-05,-0.46875494399999695,0.60699999424,1.479874996928,1.2500008959999995
1.362e-05,-1.250004992000001,0.6132499936,1.477374997184,0.9375009279999986
1.3620500000000001e-05,-1.250004992000001,0.61949999296,1.478624997056,0.9375009279999986
1.3621e-05,-0.46875494399999695,0.6132499936,1.477374997184,0.9375009279999986
1.3621500000000002e-05,-0.46875494399999695,0.60699999424,1.478624997056,0.9375009279999986
1.3622000000000001e-05,0.312495104000007,0.6132499936,1.479874996928,1.2500008959999995
1.36225e-05,-0.46875494399999695,0.6132499936,1.4811249968,1.2500008959999995
1.3623000000000002e-05,-0.46875494399999695,0.6132499936,1.479874996928,1.2500008959999995
1.3623500000000001e-05,-0.46875494399999695,0.61949999296,1.479874996928,0.9375009279999986
1.3624e-05,0.312495104000007,0.61949999296,1.477374997184,0.9375009279999986
1.3624500000000001e-05,-0.46875494399999695,0.6132499936,1.479874996928,0.9375009279999986
1.3625e-05,0.312495104000007,0.6132499936,1.479874996928,1.2500008959999995
1.36255e-05,0.312495104000007,0.60699999424,1.479874996928,1.2500008959999995
1.3626000000000001e-05,0.312495104000007,0.6132499936,1.479874996928,0.9375009279999986
1.36265e-05,-0.46875494399999695,0.6132499936,1.4823749966720001,1.2500008959999995
1.3627e-05,-0.46875494399999695,0.6132499936,1.4811249968,0.9375009279999986
1.3627500000000001e-05,-0.46875494399999695,0.6132499936,1.4811249968,1.2500008959999995
1.3628e-05,-0.46875494399999695,0.6132499936,1.4811249968,0.9375009279999986
1.36285e-05,-0.46875494399999695,0.61949999296,1.483624996544,0.9375009279999986
1.3629000000000001e-05,0.312495104000007,0.6132499936,1.483624996544,1.2500008959999995
1.36295e-05,-0.46875494399999695,0.6132499936,1.4811249968,1.2500008959999995
1.3630000000000002e-05,-0.46875494399999695,0.6132499936,1.4811249968,1.2500008959999995
1.3630500000000001e-05,-0.46875494399999695,0.6132499936,1.483624996544,1.2500008959999995
1.3631e-05,0.312495104000007,0.60699999424,1.479874996928,0.9375009279999986
1.3631500000000002e-05,0.312495104000007,0.60699999424,1.477374997184,0.9375009279999986
1.3632000000000001e-05,-0.46875494399999695,0.6132499936,1.477374997184,0.9375009279999986
1.36325e-05,-0.46875494399999695,0.6132499936,1.479874996928,0.9375009279999986
1.3633000000000001e-05,-0.46875494399999695,0.6132499936,1.478624997056,1.2500008959999995
1.36335e-05,-1.250004992000001,0.6132499936,1.479874996928,1.2500008959999995
1.3634e-05,0.312495104000007,0.6132499936,1.4823749966720001,0.9375009279999986
1.3634500000000001e-05,-0.46875494399999695,0.6132499936,1.4811249968,0.9375009279999986
1.3635e-05,-0.46875494399999695,0.6132499936,1.479874996928,1.2500008959999995
1.36355e-05,-0.46875494399999695,0.61949999296,1.479874996928,1.5625008640000004
1.3636000000000001e-05,-0.46875494399999695,0.6132499936,1.478624997056,1.2500008959999995
1.36365e-05,-0.46875494399999695,0.61949999296,1.478624997056,0.9375009279999986
1.3637e-05,-0.46875494399999695,0.6132499936,1.4811249968,1.2500008959999995
1.3637500000000001e-05,0.312495104000007,0.60699999424,1.4823749966720001,0.9375009279999986
1.3638e-05,-0.46875494399999695,0.60699999424,1.484874996416,1.2500008959999995
1.3638500000000002e-05,-0.46875494399999695,0.6132499936,1.483624996544,1.2500008959999995
1.3639000000000001e-05,0.312495104000007,0.6132499936,1.4811249968,0.9375009279999986
1.36395e-05,-0.46875494399999695,0.60699999424,1.4823749966720001,0.6250009599999995
1.3640000000000002e-05,-1.250004992000001,0.6132499936,1.4811249968,0.9375009279999986
1.3640500000000001e-05,-0.46875494399999695,0.60699999424,1.483624996544,0.9375009279999986
1.3641e-05,-1.250004992000001,0.60699999424,1.479874996928,1.2500008959999995
1.3641500000000001e-05,0.312495104000007,0.60699999424,1.478624997056,1.2500008959999995
1.3642e-05,0.312495104000007,0.6132499936,1.479874996928,0.9375009279999986
1.36425e-05,-0.46875494399999695,0.6132499936,1.4811249968,0.9375009279999986
1.3643000000000001e-05,-0.46875494399999695,0.60699999424,1.478624997056,0.9375009279999986
1.36435e-05,-0.46875494399999695,0.60699999424,1.478624997056,1.2500008959999995
1.3644e-05,-0.46875494399999695,0.60699999424,1.478624997056,1.2500008959999995
1.3644500000000001e-05,-0.46875494399999695,0.6132499936,1.479874996928,0.9375009279999986
1.3645e-05,-0.46875494399999695,0.6132499936,1.479874996928,1.2500008959999995
1.36455e-05,-1.250004992000001,0.60699999424,1.478624997056,0.9375009279999986
1.3646000000000001e-05,-0.46875494399999695,0.6132499936,1.476124997312,1.2500008959999995
1.36465e-05,-0.46875494399999695,0.60699999424,1.477374997184,1.2500008959999995
1.3647000000000002e-05,-0.46875494399999695,0.6132499936,1.477374997184,0.9375009279999986
1.3647500000000001e-05,0.312495104000007,0.60699999424,1.479874996928,0.9375009279999986
1.3648e-05,-0.46875494399999695,0.60699999424,1.479874996928,1.2500008959999995
1.3648500000000002e-05,-0.46875494399999695,0.6132499936,1.4823749966720001,0.9375009279999986
1.3649000000000001e-05,-0.46875494399999695,0.6132499936,1.4811249968,1.2500008959999995
1.36495e-05,0.312495104000007,0.60699999424,1.4811249968,1.2500008959999995
1.3650000000000001e-05,0.312495104000007,0.60699999424,1.4811249968,1.2500008959999995
1.3650500000000001e-05,-0.46875494399999695,0.6132499936,1.4811249968,1.2500008959999995
1.3651e-05,-0.46875494399999695,0.60699999424,1.479874996928,0.9375009279999986
1.3651500000000001e-05,-0.46875494399999695,0.6132499936,1.479874996928,1.2500008959999995
1.3652e-05,-0.46875494399999695,0.6132499936,1.479874996928,1.2500008959999995
1.36525e-05,0.312495104000007,0.60699999424,1.4823749966720001,0.9375009279999986
1.3653000000000001e-05,0.312495104000007,0.6132499936,1.4823749966720001,1.2500008959999995
1.36535e-05,-0.46875494399999695,0.60699999424,1.4811249968,0.9375009279999986
1.3654e-05,-0.46875494399999695,0.6132499936,1.4823749966720001,1.2500008959999995
1.3654500000000001e-05,-0.46875494399999695,0.6132499936,1.4811249968,0.9375009279999986
1.3655e-05,-1.250004992000001,0.61949999296,1.478624997056,0.9375009279999986
1.3655500000000002e-05,-1.250004992000001,0.60699999424,1.478624997056,0.9375009279999986
1.3656000000000001e-05,-0.46875494399999695,0.6132499936,1.477374997184,0.9375009279999986
1.36565e-05,-0.46875494399999695,0.60699999424,1.479874996928,0.9375009279999986
1.3657000000000002e-05,-1.250004992000001,0.6132499936,1.478624997056,1.2500008959999995
1.3657500000000001e-05,-0.46875494399999695,0.6132499936,1.477374997184,0.9375009279999986
1.3658e-05,0.312495104000007,0.6132499936,1.478624997056,0.9375009279999986
1.3658500000000001e-05,-0.46875494399999695,0.60699999424,1.4811249968,0.9375009279999986
1.3659000000000001e-05,0.312495104000007,0.60699999424,1.483624996544,0.9375009279999986
1.36595e-05,-0.46875494399999695,0.60699999424,1.4823749966720001,0.9375009279999986
1.3660000000000001e-05,-0.46875494399999695,0.6132499936,1.478624997056,1.2500008959999995
1.36605e-05,-0.46875494399999695,0.61949999296,1.477374997184,0.9375009279999986
1.3661e-05,0.312495104000007,0.6132499936,1.478624997056,1.2500008959999995
1.3661500000000001e-05,-0.46875494399999695,0.6132499936,1.479874996928,1.2500008959999995
1.3662e-05,-0.46875494399999695,0.6132499936,1.4811249968,1.2500008959999995
1.36625e-05,-0.46875494399999695,0.6132499936,1.4823749966720001,1.2500008959999995
1.3663000000000001e-05,-0.46875494399999695,0.62574999232,1.4823749966720001,0.9375009279999986
1.36635e-05,0.312495104000007,0.61949999296,1.4823749966720001,0.9375009279999986
1.3664000000000002e-05,0.312495104000007,0.61949999296,1.479874996928,0.9375009279999986
1.3664500000000001e-05,-0.46875494399999695,0.6132499936,1.4811249968,0.9375009279999986
1.3665e-05,-1.250004992000001,0.6132499936,1.478624997056,1.2500008959999995
1.3665500000000002e-05,-0.46875494399999695,0.60699999424,1.477374997184,1.2500008959999995
1.3666000000000001e-05,-0.46875494399999695,0.61949999296,1.479874996928,0.9375009279999986
1.36665e-05,-0.46875494399999695,0.6132499936,1.479874996928,0.9375009279999986
1.3667000000000001e-05,0.312495104000007,0.61949999296,1.479874996928,1.2500008959999995
1.3667500000000001e-05,-0.46875494399999695,0.6132499936,1.4811249968,1.2500008959999995
1.3668e-05,-1.250004992000001,0.6132499936,1.4811249968,1.2500008959999995
1.3668500000000001e-05,-0.46875494399999695,0.61949999296,1.4811249968,0.9375009279999986
1.3669e-05,0.312495104000007,0.6132499936,1.4811249968,0.9375009279999986
1.36695e-05,-0.46875494399999695,0.6132499936,1.4823749966720001,0.9375009279999986
1.3670000000000001e-05,-0.46875494399999695,0.60699999424,1.479874996928,1.2500008959999995
1.36705e-05,-0.46875494399999695,0.6132499936,1.479874996928,1.2500008959999995
1.3671e-05,-0.46875494399999695,0.6132499936,1.478624997056,0.9375009279999986
1.3671500000000001e-05,-0.46875494399999695,0.6132499936,1.479874996928,0.9375009279999986
1.3672e-05,-1.250004992000001,0.6132499936,1.477374997184,0.9375009279999986
1.3672500000000002e-05,-0.46875494399999695,0.6132499936,1.479874996928,0.9375009279999986
1.3673000000000001e-05,-1.250004992000001,0.6132499936,1.478624997056,1.2500008959999995
1.36735e-05,-0.46875494399999695,0.6132499936,1.478624997056,1.2500008959999995
1.3674000000000002e-05,-0.46875494399999695,0.6132499936,1.478624997056,0.9375009279999986
1.3674500000000001e-05,-0.46875494399999695,0.6132499936,1.479874996928,0.9375009279999986
1.3675e-05,-0.46875494399999695,0.6132499936,1.478624997056,0.9375009279999986
1.3675500000000001e-05,-0.46875494399999695,0.6132499936,1.479874996928,0.9375009279999986
1.3676000000000001e-05,-1.250004992000001,0.6132499936,1.479874996928,0.9375009279999986
1.36765e-05,-1.250004992000001,0.61949999296,1.4811249968,0.6250009599999995
1.3677000000000001e-05,-0.46875494399999695,0.61949999296,1.4823749966720001,1.2500008959999995
1.36775e-05,-0.46875494399999695,0.61949999296,1.479874996928,0.9375009279999986
1.3678e-05,-0.46875494399999695,0.6132499936,1.476124997312,0.9375009279999986
1.3678500000000001e-05,-0.46875494399999695,0.6132499936,1.476124997312,0.9375009279999986
1.3679e-05,-0.46875494399999695,0.61949999296,1.477374997184,0.9375009279999986
1.36795e-05,-0.46875494399999695,0.6132499936,1.477374997184,0.9375009279999986
1.3680000000000001e-05,0.312495104000007,0.61949999296,1.477374997184,0.9375009279999986
1.36805e-05,0.312495104000007,0.6132499936,1.479874996928,0.6250009599999995
1.3681000000000002e-05,0.312495104000007,0.61949999296,1.478624997056,1.2500008959999995
1.3681500000000001e-05,-0.46875494399999695,0.61949999296,1.477374997184,0.9375009279999986
1.3682e-05,-0.46875494399999695,0.61949999296,1.477374997184,0.6250009599999995
1.3682500000000002e-05,-1.250004992000001,0.6132499936,1.479874996928,0.9375009279999986
1.3683000000000001e-05,0.312495104000007,0.6132499936,1.479874996928,0.9375009279999986
1.36835e-05,-0.46875494399999695,0.61949999296,1.4811249968,0.9375009279999986
1.3684000000000001e-05,-0.46875494399999695,0.6132499936,1.4823749966720001,1.2500008959999995
1.3684500000000001e-05,-0.46875494399999695,0.6132499936,1.483624996544,0.9375009279999986
1.3685e-05,0.312495104000007,0.6132499936,1.4811249968,1.2500008959999995
1.3685500000000001e-05,-0.46875494399999695,0.61949999296,1.477374997184,0.6250009599999995
1.3686e-05,-0.46875494399999695,0.61949999296,1.477374997184,0.9375009279999986
1.36865e-05,-0.46875494399999695,0.6132499936,1.479874996928,0.9375009279999986
1.3687000000000001e-05,-1.250004992000001,0.6132499936,1.479874996928,0.9375009279999986
1.36875e-05,-0.46875494399999695,0.6132499936,1.4823749966720001,0.6250009599999995
1.3688e-05,0.312495104000007,0.61949999296,1.4823749966720001,0.6250009599999995
1.3688500000000001e-05,0.312495104000007,0.6132499936,1.4823749966720001,0.6250009599999995
1.3689e-05,-0.46875494399999695,0.61949999296,1.479874996928,0.9375009279999986
1.3689500000000002e-05,0.312495104000007,0.61949999296,1.4811249968,0.9375009279999986
1.3690000000000001e-05,-0.46875494399999695,0.61949999296,1.4811249968,0.6250009599999995
1.36905e-05,-0.46875494399999695,0.61949999296,1.4811249968,0.9375009279999986
1.3691000000000002e-05,-0.46875494399999695,0.61949999296,1.479874996928,0.9375009279999986
1.3691500000000001e-05,-0.46875494399999695,0.6132499936,1.479874996928,0.9375009279999986
1.3692e-05,-0.46875494399999695,0.61949999296,1.479874996928,0.6250009599999995
1.3692500000000001e-05,-0.46875494399999695,0.61949999296,1.4811249968,0.9375009279999986
1.3693000000000001e-05,0.312495104000007,0.61949999296,1.4811249968,1.2500008959999995
1.36935e-05,-0.46875494399999695,0.6132499936,1.479874996928,0.9375009279999986
1.3694000000000001e-05,-0.46875494399999695,0.6132499936,1.4823749966720001,1.2500008959999995
1.36945e-05,0.312495104000007,0.6132499936,1.4823749966720001,1.2500008959999995
1.3695e-05,-0.46875494399999695,0.6132499936,1.4811249968,0.9375009279999986
1.3695500000000001e-05,-0.46875494399999695,0.6132499936,1.4811249968,0.6250009599999995
1.3696e-05,-1.250004992000001,0.61949999296,1.4811249968,0.9375009279999986
1.36965e-05,-0.46875494399999695,0.6132499936,1.4823749966720001,0.9375009279999986
1.3697000000000001e-05,-1.250004992000001,0.6132499936,1.4811249968,0.9375009279999986
1.36975e-05,-0.46875494399999695,0.61949999296,1.4823749966720001,1.2500008959999995
1.3698000000000002e-05,-0.46875494399999695,0.61949999296,1.479874996928,0.9375009279999986
1.3698500000000001e-05,-0.46875494399999695,0.6132499936,1.478624997056,0.9375009279999986
1.3699e-05,0.312495104000007,0.6132499936,1.479874996928,0.9375009279999986
1.3699500000000002e-05,0.312495104000007,0.60699999424,1.4823749966720001,0.9375009279999986
1.3700000000000001e-05,-1.250004992000001,0.6132499936,1.4811249968,0.9375009279999986
1.37005e-05,-0.46875494399999695,0.61949999296,1.4811249968,0.9375009279999986
1.3701000000000001e-05,0.312495104000007,0.6132499936,1.4811249968,1.2500008959999995
1.3701500000000001e-05,-0.46875494399999695,0.6132499936,1.479874996928,0.9375009279999986
1.3702e-05,-0.46875494399999695,0.61949999296,1.479874996928,1.2500008959999995
1.3702500000000001e-05,-0.46875494399999695,0.6132499936,1.479874996928,0.9375009279999986
1.3703e-05,0.312495104000007,0.6132499936,1.478624997056,0.9375009279999986
1.37035e-05,0.312495104000007,0.6132499936,1.478624997056,0.6250009599999995
1.3704000000000001e-05,0.312495104000007,0.61949999296,1.478624997056,0.9375009279999986
1.37045e-05,0.312495104000007,0.6132499936,1.4823749966720001,0.6250009599999995
1.3705e-05,-0.46875494399999695,0.6132499936,1.4823749966720001,0.9375009279999986
1.3705500000000001e-05,-0.46875494399999695,0.60699999424,1.4823749966720001,1.2500008959999995
1.3706e-05,-0.46875494399999695,0.6132499936,1.4811249968,0.9375009279999986
1.3706500000000002e-05,-0.46875494399999695,0.6132499936,1.4823749966720001,0.9375009279999986
1.3707000000000001e-05,-0.46875494399999695,0.6132499936,1.4823749966720001,0.9375009279999986
1.37075e-05,0.312495104000007,0.6132499936,1.4811249968,1.2500008959999995
1.3708000000000002e-05,-0.46875494399999695,0.61949999296,1.4811249968,0.9375009279999986
1.3708500000000001e-05,-0.46875494399999695,0.61949999296,1.4811249968,0.9375009279999986
1.3709e-05,-0.46875494399999695,0.61949999296,1.4811249968,1.2500008959999995
1.3709500000000001e-05,-0.46875494399999695,0.6132499936,1.479874996928,1.2500008959999995
1.3710000000000001e-05,0.312495104000007,0.6132499936,1.4811249968,0.9375009279999986
1.37105e-05,0.312495104000007,0.6132499936,1.479874996928,0.9375009279999986
1.3711000000000001e-05,0.312495104000007,0.6132499936,1.477374997184,0.9375009279999986
1.37115e-05,0.312495104000007,0.60699999424,1.479874996928,0.6250009599999995
1.3712e-05,0.312495104000007,0.6132499936,1.476124997312,0.6250009599999995
1.3712500000000001e-05,-0.46875494399999695,0.6132499936,1.477374997184,0.6250009599999995
1.3713e-05,-0.46875494399999695,0.6132499936,1.477374997184,0.9375009279999986
1.37135e-05,0.312495104000007,0.6132499936,1.477374997184,0.9375009279999986
1.3714000000000001e-05,0.312495104000007,0.6132499936,1.478624997056,0.9375009279999986
1.37145e-05,0.312495104000007,0.6132499936,1.478624997056,0.9375009279999986
1.3715000000000002e-05,0.312495104000007,0.6132499936,1.478624997056,0.9375009279999986
1.3715500000000001e-05,-0.46875494399999695,0.6132499936,1.478624997056,0.9375009279999986
1.3716e-05,0.312495104000007,0.6132499936,1.478624997056,1.2500008959999995
1.3716500000000002e-05,-0.46875494399999695,0.61949999296,1.479874996928,0.9375009279999986
1.3717000000000001e-05,0.312495104000007,0.61949999296,1.478624997056,1.2500008959999995
1.37175e-05,-0.46875494399999695,0.62574999232,1.477374997184,0.6250009599999995
1.3718000000000001e-05,-0.46875494399999695,0.61949999296,1.477374997184,0.9375009279999986
1.3718500000000001e-05,0.312495104000007,0.6132499936,1.478624997056,0.9375009279999986
1.3719e-05,0.312495104000007,0.6132499936,1.479874996928,0.9375009279999986
1.3719500000000001e-05,0.312495104000007,0.6132499936,1.4811249968,0.9375009279999986
1.372e-05,0.312495104000007,0.6132499936,1.478624997056,0.9375009279999986
1.37205e-05,-0.46875494399999695,0.61949999296,1.479874996928,0.9375009279999986
1.3721000000000001e-05,0.312495104000007,0.6132499936,1.479874996928,1.2500008959999995
1.37215e-05,0.312495104000007,0.6132499936,1.479874996928,0.9375009279999986
1.3722e-05,0.312495104000007,0.61949999296,1.477374997184,0.9375009279999986
1.3722500000000001e-05,-1.250004992000001,0.6132499936,1.477374997184,0.9375009279999986
1.3723e-05,-0.46875494399999695,0.61949999296,1.479874996928,0.9375009279999986
1.3723500000000002e-05,0.312495104000007,0.61949999296,1.4823749966720001,0.9375009279999986
1.3724000000000001e-05,-0.46875494399999695,0.6132499936,1.4811249968,0.9375009279999986
1.37245e-05,-0.46875494399999695,0.61949999296,1.479874996928,0.6250009599999995
1.3725000000000002e-05,-0.46875494399999695,0.6132499936,1.479874996928,1.2500008959999995
1.3725500000000001e-05,-0.46875494399999695,0.61949999296,1.4811249968,0.9375009279999986
1.3726e-05,-0.46875494399999695,0.6132499936,1.4823749966720001,0.9375009279999986
1.3726500000000001e-05,-0.46875494399999695,0.6132499936,1.479874996928,0.9375009279999986
1.3727000000000001e-05,-0.46875494399999695,0.6132499936,1.476124997312,0.9375009279999986
1.37275e-05,-1.250004992000001,0.6132499936,1.478624997056,0.6250009599999995
1.3728000000000001e-05,-1.250004992000001,0.61949999296,1.479874996928,0.9375009279999986
1.37285e-05,-0.46875494399999695,0.6132499936,1.4811249968,0.6250009599999995
1.3729e-05,-0.46875494399999695,0.6132499936,1.478624997056,1.2500008959999995
1.3729500000000001e-05,-0.46875494399999695,0.60699999424,1.478624997056,0.9375009279999986
1.373e-05,0.312495104000007,0.6132499936,1.477374997184,0.6250009599999995
1.37305e-05,-0.46875494399999695,0.6132499936,1.478624997056,0.9375009279999986
1.3731000000000001e-05,-0.46875494399999695,0.61949999296,1.4811249968,0.9375009279999986
1.37315e-05,-0.46875494399999695,0.6132499936,1.483624996544,0.9375009279999986
1.3732000000000002e-05,-1.250004992000001,0.6132499936,1.4811249968,0.6250009599999995
1.3732500000000001e-05,-0.46875494399999695,0.61949999296,1.479874996928,0.6250009599999995
1.3733e-05,0.312495104000007,0.6132499936,1.479874996928,0.9375009279999986
1.3733500000000002e-05,0.312495104000007,0.61949999296,1.479874996928,0.9375009279999986
1.3734000000000001e-05,-0.46875494399999695,0.6132499936,1.4823749966720001,0.9375009279999986
1.37345e-05,-0.46875494399999695,0.6132499936,1.4823749966720001,1.2500008959999995
1.3735000000000001e-05,-0.46875494399999695,0.6132499936,1.479874996928,0.9375009279999986
1.3735500000000001e-05,-0.46875494399999695,0.60699999424,1.479874996928,0.9375009279999986
1.3736e-05,-0.46875494399999695,0.6132499936,1.476124997312,0.6250009599999995
1.3736500000000001e-05,-0.46875494399999695,0.6132499936,1.479874996928,0.31250099200000037
1.3737e-05,-0.46875494399999695,0.61949999296,1.4811249968,0.6250009599999995
1.37375e-05,-0.46875494399999695,0.6132499936,1.4811249968,0.6250009599999995
1.3738000000000001e-05,0.312495104000007,0.61949999296,1.479874996928,0.9375009279999986
1.37385e-05,0.312495104000007,0.6132499936,1.4811249968,0.9375009279999986
1.3739e-05,-0.46875494399999695,0.6132499936,1.4811249968,0.6250009599999995
1.3739500000000001e-05,-0.46875494399999695,0.6132499936,1.4823749966720001,0.9375009279999986
1.374e-05,-0.46875494399999695,0.6132499936,1.4811249968,0.6250009599999995
1.3740500000000002e-05,1.0937451519999968,0.61949999296,1.479874996928,0.6250009599999995
1.3741000000000001e-05,0.312495104000007,0.6132499936,1.479874996928,0.9375009279999986
1.37415e-05,-0.46875494399999695,0.6132499936,1.4811249968,0.9375009279999986
1.3742000000000002e-05,0.312495104000007,0.6132499936,1.4823749966720001,0.9375009279999986
1.3742500000000001e-05,0.312495104000007,0.6132499936,1.4811249968,1.2500008959999995
1.3743e-05,-0.46875494399999695,0.61949999296,1.478624997056,0.9375009279999986
1.3743500000000001e-05,-0.46875494399999695,0.6132499936,1.478624997056,0.9375009279999986
1.3744000000000001e-05,-0.46875494399999695,0.61949999296,1.47487499744,0.6250009599999995
1.37445e-05,0.312495104000007,0.61949999296,1.476124997312,0.9375009279999986
1.3745000000000001e-05,-1.250004992000001,0.6132499936,1.477374997184,0.6250009599999995
1.37455e-05,-1.250004992000001,0.6132499936,1.477374997184,0.6250009599999995
1.3746e-05,-0.46875494399999695,0.61949999296,1.477374997184,0.6250009599999995
1.3746500000000001e-05,-0.46875494399999695,0.6132499936,1.476124997312,0.9375009279999986
1.3747e-05,-0.46875494399999695,0.61949999296,1.477374997184,0.6250009599999995
1.37475e-05,0.312495104000007,0.61949999296,1.478624997056,0.9375009279999986
1.3748000000000001e-05,-0.46875494399999695,0.6132499936,1.478624997056,0.9375009279999986
1.37485e-05,-0.46875494399999695,0.6132499936,1.479874996928,0.6250009599999995
1.3749000000000002e-05,0.312495104000007,0.6132499936,1.478624997056,0.6250009599999995
1.3749500000000001e-05,-0.46875494399999695,0.61949999296,1.479874996928,0.6250009599999995
1.375e-05,-0.46875494399999695,0.6132499936,1.479874996928,0.9375009279999986
1.3750500000000002e-05,0.312495104000007,0.6132499936,1.477374997184,0.6250009599999995
1.3751000000000001e-05,-0.46875494399999695,0.61949999296,1.477374997184,0.6250009599999995
1.37515e-05,-1.250004992000001,0.6132499936,1.479874996928,0.31250099200000037
1.3752000000000001e-05,-0.46875494399999695,0.61949999296,1.479874996928,0.6250009599999995
1.3752500000000001e-05,-0.46875494399999695,0.6132499936,1.4823749966720001,0.31250099200000037
1.3753e-05,-0.46875494399999695,0.61949999296,1.4811249968,0.6250009599999995
1.3753500000000001e-05,0.312495104000007,0.6132499936,1.4823749966720001,0.6250009599999995
1.3754e-05,0.312495104000007,0.61949999296,1.4811249968,0.6250009599999995
1.37545e-05,-0.46875494399999695,0.6132499936,1.479874996928,0.9375009279999986
1.3755000000000001e-05,-0.46875494399999695,0.6132499936,1.479874996928,0.6250009599999995
1.37555e-05,0.312495104000007,0.6132499936,1.479874996928,0.9375009279999986
1.3756e-05,-0.46875494399999695,0.6132499936,1.479874996928,0.6250009599999995
1.3756500000000001e-05,0.312495104000007,0.6132499936,1.4811249968,0.6250009599999995
1.3757e-05,-0.46875494399999695,0.6132499936,1.479874996928,0.9375009279999986
1.3757500000000002e-05,-0.46875494399999695,0.6132499936,1.478624997056,0.6250009599999995
1.3758000000000001e-05,0.312495104000007,0.6132499936,1.479874996928,0.9375009279999986
1.37585e-05,0.312495104000007,0.6132499936,1.4811249968,0.6250009599999995
1.3759000000000002e-05,0.312495104000007,0.6132499936,1.479874996928,0.6250009599999995
1.3759500000000001e-05,-0.46875494399999695,0.6132499936,1.479874996928,0.6250009599999995
1.376e-05,-1.250004992000001,0.61949999296,1.479874996928,0.9375009279999986
1.3760500000000001e-05,-0.46875494399999695,0.60699999424,1.4823749966720001,0.6250009599999995
1.3761000000000001e-05,-0.46875494399999695,0.6132499936,1.4811249968,1.2500008959999995
1.37615e-05,-0.46875494399999695,0.6132499936,1.4823749966720001,0.9375009279999986
1.3762000000000001e-05,-0.46875494399999695,0.6132499936,1.479874996928,0.6250009599999995
1.37625e-05,-0.46875494399999695,0.6132499936,1.479874996928,0.6250009599999995
1.3763e-05,-0.46875494399999695,0.61949999296,1.4823749966720001,0.6250009599999995
1.3763500000000001e-05,-0.46875494399999695,0.6132499936,1.4823749966720001,0.9375009279999986
1.3764e-05,-1.250004992000001,0.61949999296,1.478624997056,0.9375009279999986
1.37645e-05,-0.46875494399999695,0.61949999296,1.479874996928,0.6250009599999995
1.3765000000000001e-05,0.312495104000007,0.6132499936,1.4811249968,0.9375009279999986
1.37655e-05,-0.46875494399999695,0.6132499936,1.4811249968,0.6250009599999995
1.3766000000000002e-05,0.312495104000007,0.6132499936,1.4823749966720001,0.9375009279999986
1.3766500000000001e-05,-0.46875494399999695,0.6132499936,1.4823749966720001,0.9375009279999986
1.3767e-05,-0.46875494399999695,0.6132499936,1.479874996928,0.6250009599999995
1.3767500000000002e-05,-0.46875494399999695,0.6132499936,1.479874996928,0.6250009599999995
1.3768000000000001e-05,0.312495104000007,0.61949999296,1.477374997184,0.6250009599999995
1.37685e-05,0.312495104000007,0.6132499936,1.4811249968,0.31250099200000037
1.3769000000000001e-05,0.312495104000007,0.61949999296,1.4811249968,0.6250009599999995
1.3769500000000001e-05,0.312495104000007,0.61949999296,1.4811249968,1.2500008959999995
1.377e-05,0.312495104000007,0.6132499936,1.479874996928,0.6250009599999995
1.3770500000000001e-05,-0.46875494399999695,0.6132499936,1.479874996928,0.9375009279999986
1.3771e-05,0.312495104000007,0.61949999296,1.4811249968,0.6250009599999995
1.37715e-05,-0.46875494399999695,0.6132499936,1.479874996928,0.6250009599999995
1.3772000000000001e-05,-0.46875494399999695,0.61949999296,1.479874996928,0.6250009599999995
1.37725e-05,-0.46875494399999695,0.61949999296,1.479874996928,0.9375009279999986
1.3773e-05,0.312495104000007,0.61949999296,1.479874996928,0.6250009599999995
1.3773500000000001e-05,0.312495104000007,0.61949999296,1.479874996928,0.6250009599999995
1.3774e-05,0.312495104000007,0.61949999296,1.479874996928,0.9375009279999986
1.3774500000000002e-05,0.312495104000007,0.6132499936,1.4811249968,0.9375009279999986
1.3775000000000001e-05,0.312495104000007,0.61949999296,1.4811249968,0.6250009599999995
1.37755e-05,1.0937451519999968,0.6132499936,1.484874996416,0.6250009599999995
1.3776000000000002e-05,0.312495104000007,0.61949999296,1.486124996288,0.31250099200000037
1.3776500000000001e-05,0.312495104000007,0.6132499936,1.488624996032,0.31250099200000037
1.3777e-05,0.312495104000007,0.6132499936,1.483624996544,0.6250009599999995
1.3777500000000001e-05,-0.46875494399999695,0.6132499936,1.4823749966720001,0.6250009599999995
1.3778000000000001e-05,-0.46875494399999695,0.6132499936,1.4823749966720001,0.6250009599999995
1.37785e-05,0.312495104000007,0.6132499936,1.4823749966720001,0.9375009279999986
1.3779000000000001e-05,0.312495104000007,0.61949999296,1.4811249968,0.6250009599999995
1.37795e-05,-0.46875494399999695,0.61949999296,1.4811249968,0.9375009279999986
1.378e-05,0.312495104000007,0.6132499936,1.479874996928,0.9375009279999986
1.3780500000000001e-05,0.312495104000007,0.61949999296,1.4823749966720001,0.9375009279999986
1.3781e-05,0.312495104000007,0.63199999168,1.4823749966720001,0.6250009599999995
1.37815e-05,0.312495104000007,0.62574999232,1.478624997056,0.6250009599999995
1.3782000000000001e-05,-0.46875494399999695,0.6132499936,1.479874996928,0.6250009599999995
1.37825e-05,-0.46875494399999695,0.6132499936,1.479874996928,0.9375009279999986
1.3783000000000002e-05,-0.46875494399999695,0.6132499936,1.477374997184,0.6250009599999995
1.3783500000000001e-05,-0.46875494399999695,0.6132499936,1.479874996928,0.9375009279999986
1.3784e-05,0.312495104000007,0.61949999296,1.478624997056,0.6250009599999995
1.3784500000000002e-05,-0.46875494399999695,0.6132499936,1.479874996928,0.31250099200000037
1.3785000000000001e-05,-0.46875494399999695,0.6132499936,1.4811249968,0.6250009599999995
1.37855e-05,-0.46875494399999695,0.6132499936,1.4823749966720001,0.6250009599999995
1.3786000000000002e-05,0.312495104000007,0.61949999296,1.479874996928,0.6250009599999995
1.3786500000000001e-05,0.312495104000007,0.6132499936,1.4811249968,0.6250009599999995
1.3787e-05,-0.46875494399999695,0.61949999296,1.4823749966720001,0.6250009599999995
1.3787500000000001e-05,0.312495104000007,0.6132499936,1.4823749966720001,0.6250009599999995
1.3788e-05,-0.46875494399999695,0.6132499936,1.478624997056,0.6250009599999995
1.37885e-05,-0.46875494399999695,0.6132499936,1.478624997056,0.6250009599999995
1.3789000000000001e-05,0.312495104000007,0.6132499936,1.479874996928,0.6250009599999995
1.37895e-05,-1.250004992000001,0.61949999296,1.478624997056,0.6250009599999995
1.379e-05,0.312495104000007,0.6132499936,1.477374997184,0.6250009599999995
1.3790500000000001e-05,-0.46875494399999695,0.6132499936,1.478624997056,0.6250009599999995
1.3791e-05,0.312495104000007,0.61949999296,1.478624997056,0.31250099200000037
1.3791500000000002e-05,-0.46875494399999695,0.6132499936,1.478624997056,0.31250099200000037
1.3792000000000001e-05,0.312495104000007,0.6132499936,1.47487499744,0.6250009599999995
1.37925e-05,-0.46875494399999695,0.6132499936,1.476124997312,0.31250099200000037
1.3793000000000002e-05,-0.46875494399999695,0.6132499936,1.476124997312,0.6250009599999995
1.3793500000000001e-05,-0.46875494399999695,0.61949999296,1.478624997056,0.31250099200000037
1.3794e-05,-0.46875494399999695,0.61949999296,1.4811249968,0.31250099200000037
1.3794500000000002e-05,0.312495104000007,0.6132499936,1.4823749966720001,0.6250009599999995
1.3795000000000001e-05,-0.46875494399999695,0.61949999296,1.479874996928,0.6250009599999995
1.37955e-05,-0.46875494399999695,0.61949999296,1.4811249968,0.9375009279999986
1.3796000000000001e-05,-1.250004992000001,0.6132499936,1.4811249968,0.6250009599999995
1.37965e-05,-0.46875494399999695,0.61949999296,1.4823749966720001,0.31250099200000037
1.3797e-05,-0.46875494399999695,0.61949999296,1.4823749966720001,0.6250009599999995
1.3797500000000001e-05,-1.250004992000001,0.6132499936,1.4823749966720001,0.6250009599999995
1.3798e-05,-0.46875494399999695,0.6132499936,1.4811249968,0.6250009599999995
1.37985e-05,0.312495104000007,0.6132499936,1.4811249968,0.31250099200000037
1.3799000000000001e-05,-0.46875494399999695,0.6132499936,1.4811249968,0.6250009599999995
1.37995e-05,-0.46875494399999695,0.6132499936,1.479874996928,0.31250099200000037
1.3800000000000002e-05,-1.250004992000001,0.61949999296,1.478624997056,0.6250009599999995
1.3800500000000001e-05,-0.46875494399999695,0.6132499936,1.4811249968,0.6250009599999995
1.3801e-05,0.312495104000007,0.6132499936,1.479874996928,0.6250009599999995
1.3801500000000002e-05,0.312495104000007,0.61949999296,1.477374997184,0.6250009599999995
1.3802000000000001e-05,-0.46875494399999695,0.61949999296,1.479874996928,0.6250009599999995
1.38025e-05,0.312495104000007,0.61949999296,1.4811249968,0.6250009599999995
1.3803000000000002e-05,-0.46875494399999695,0.61949999296,1.479874996928,0.6250009599999995
1.3803500000000001e-05,0.312495104000007,0.6132499936,1.479874996928,0.6250009599999995
1.3804e-05,-0.46875494399999695,0.6132499936,1.479874996928,0.6250009599999995
1.3804500000000001e-05,-0.46875494399999695,0.61949999296,1.479874996928,0.6250009599999995
1.3805e-05,0.312495104000007,0.61949999296,1.479874996928,0.6250009599999995
1.38055e-05,-0.46875494399999695,0.61949999296,1.479874996928,0.31250099200000037
1.3806000000000001e-05,-0.46875494399999695,0.6132499936,1.478624997056,0.9375009279999986
1.38065e-05,0.312495104000007,0.6132499936,1.478624997056,0.31250099200000037
1.3807e-05,-0.46875494399999695,0.6132499936,1.479874996928,0.6250009599999995
1.3807500000000001e-05,0.312495104000007,0.6132499936,1.478624997056,1.0239999994610116e-06
1.3808e-05,-0.46875494399999695,0.61949999296,1.476124997312,0.31250099200000037
1.38085e-05,0.312495104000007,0.61949999296,1.479874996928,0.31250099200000037
1.3809000000000001e-05,-0.46875494399999695,0.61949999296,1.479874996928,0.9375009279999986
1.38095e-05,0.312495104000007,0.62574999232,1.479874996928,0.31250099200000037
1.3810000000000002e-05,0.312495104000007,0.62574999232,1.478624997056,0.6250009599999995
1.3810500000000001e-05,-0.46875494399999695,0.61949999296,1.478624997056,0.6250009599999995
1.3811e-05,0.312495104000007,0.62574999232,1.478624997056,0.6250009599999995
1.3811500000000002e-05,0.312495104000007,0.61949999296,1.478624997056,0.6250009599999995
1.3812000000000001e-05,-0.46875494399999695,0.61949999296,1.478624997056,0.6250009599999995
1.38125e-05,-0.46875494399999695,0.61949999296,1.479874996928,0.6250009599999995
1.3813000000000001e-05,-0.46875494399999695,0.61949999296,1.477374997184,0.31250099200000037
1.38135e-05,-0.46875494399999695,0.6132499936,1.476124997312,0.6250009599999995
1.3814e-05,-0.46875494399999695,0.6132499936,1.477374997184,0.6250009599999995
1.3814500000000001e-05,0.312495104000007,0.61949999296,1.478624997056,0.31250099200000037
1.3815e-05,0.312495104000007,0.61949999296,1.477374997184,0.31250099200000037
1.38155e-05,-0.46875494399999695,0.6132499936,1.477374997184,0.31250099200000037
1.3816000000000001e-05,-1.250004992000001,0.6132499936,1.477374997184,0.6250009599999995
1.38165e-05,-0.46875494399999695,0.6132499936,1.479874996928,0.6250009599999995
1.3817e-05,0.312495104000007,0.6132499936,1.4811249968,0.9375009279999986
1.3817500000000001e-05,0.312495104000007,0.6132499936,1.483624996544,0.6250009599999995
1.3818e-05,0.312495104000007,0.61949999296,1.4823749966720001,0.6250009599999995
1.3818500000000002e-05,-0.46875494399999695,0.6132499936,1.4823749966720001,0.6250009599999995
1.3819000000000001e-05,0.312495104000007,0.61949999296,1.4823749966720001,0.6250009599999995
1.38195e-05,0.312495104000007,0.6132499936,1.483624996544,0.6250009599999995
1.3820000000000002e-05,-0.46875494399999695,0.61949999296,1.4811249968,0.6250009599999995
1.3820500000000001e-05,-0.46875494399999695,0.61949999296,1.4811249968,0.6250009599999995
1.3821e-05,0.312495104000007,0.6132499936,1.483624996544,0.6250009599999995
1.3821500000000001e-05,-0.46875494399999695,0.6132499936,1.4811249968,0.6250009599999995
1.3822e-05,-0.46875494399999695,0.61949999296,1.478624997056,0.9375009279999986
1.38225e-05,-0.46875494399999695,0.6132499936,1.479874996928,0.6250009599999995
1.3823000000000001e-05,-0.46875494399999695,0.6132499936,1.479874996928,0.31250099200000037
1.38235e-05,-0.46875494399999695,0.6132499936,1.4811249968,0.31250099200000037
1.3824e-05,-1.250004992000001,0.61949999296,1.479874996928,0.6250009599999995
1.3824500000000001e-05,-0.46875494399999695,0.6132499936,1.4811249968,0.31250099200000037
1.3825e-05,-0.46875494399999695,0.6132499936,1.479874996928,0.6250009599999995
1.38255e-05,-1.250004992000001,0.61949999296,1.4811249968,0.6250009599999995
1.3826000000000001e-05,-0.46875494399999695,0.61949999296,1.4811249968,0.6250009599999995
1.38265e-05,-0.46875494399999695,0.6132499936,1.4823749966720001,0.31250099200000037
1.3827000000000002e-05,0.312495104000007,0.61949999296,1.4823749966720001,0.6250009599999995
1.3827500000000001e-05,-0.46875494399999695,0.61949999296,1.4823749966720001,0.9375009279999986
1.3828e-05,-0.46875494399999695,0.61949999296,1.478624997056,0.6250009599999995
1.3828500000000002e-05,0.312495104000007,0.61949999296,1.479874996928,0.6250009599999995
1.3829000000000001e-05,0.312495104000007,0.61949999296,1.478624997056,0.6250009599999995
1.38295e-05,0.312495104000007,0.61949999296,1.478624997056,0.6250009599999995
1.3830000000000001e-05,0.312495104000007,0.61949999296,1.479874996928,0.9375009279999986
1.38305e-05,-0.46875494399999695,0.61949999296,1.4823749966720001,0.6250009599999995
1.3831e-05,-0.46875494399999695,0.61949999296,1.4811249968,0.31250099200000037
1.3831500000000001e-05,-0.46875494399999695,0.61949999296,1.4811249968,0.6250009599999995
1.3832e-05,-0.46875494399999695,0.61949999296,1.479874996928,0.6250009599999995
1.38325e-05,-0.46875494399999695,0.6132499936,1.4823749966720001,0.31250099200000037
1.3833000000000001e-05,-0.46875494399999695,0.6132499936,1.4811249968,0.6250009599999995
1.38335e-05,0.312495104000007,0.6132499936,1.479874996928,0.6250009599999995
1.3834e-05,-0.46875494399999695,0.61949999296,1.479874996928,0.31250099200000037
1.3834500000000001e-05,-0.46875494399999695,0.61949999296,1.479874996928,0.6250009599999995
1.3835e-05,0.312495104000007,0.61949999296,1.4811249968,0.6250009599999995
1.3835500000000002e-05,0.312495104000007,0.6132499936,1.4811249968,0.6250009599999995
1.3836000000000001e-05,0.312495104000007,0.6132499936,1.478624997056,0.6250009599999995
1.38365e-05,0.312495104000007,0.61949999296,1.479874996928,0.6250009599999995
1.3837000000000002e-05,-0.46875494399999695,0.61949999296,1.479874996928,0.6250009599999995
1.3837500000000001e-05,0.312495104000007,0.6132499936,1.478624997056,0.31250099200000037
1.3838e-05,0.312495104000007,0.6132499936,1.478624997056,0.6250009599999995
1.3838500000000001e-05,0.312495104000007,0.6132499936,1.478624997056,0.9375009279999986
1.3839e-05,0.312495104000007,0.61949999296,1.478624997056,0.6250009599999995
1.38395e-05,0.312495104000007,0.6132499936,1.477374997184,0.31250099200000037
1.3840000000000001e-05,0.312495104000007,0.61949999296,1.477374997184,0.31250099200000037
1.38405e-05,0.312495104000007,0.6132499936,1.4811249968,0.6250009599999995
1.3841e-05,0.312495104000007,0.6132499936,1.4811249968,0.6250009599999995
1.3841500000000001e-05,0.312495104000007,0.61949999296,1.479874996928,0.6250009599999995
1.3842e-05,0.312495104000007,0.61949999296,1.478624997056,0.6250009599999995
1.38425e-05,0.312495104000007,0.6132499936,1.4823749966720001,0.6250009599999995
1.3843000000000001e-05,-0.46875494399999695,0.61949999296,1.4823749966720001,0.6250009599999995
1.38435e-05,-0.46875494399999695,0.61949999296,1.4811249968,0.6250009599999995
1.3844000000000002e-05,0.312495104000007,0.6132499936,1.4811249968,0.6250009599999995
1.3844500000000001e-05,1.0937451519999968,0.61949999296,1.483624996544,0.31250099200000037
1.3845e-05,0.312495104000007,0.62574999232,1.483624996544,0.6250009599999995
1.3845500000000002e-05,0.312495104000007,0.61949999296,1.4811249968,0.6250009599999995
1.3846000000000001e-05,0.312495104000007,0.61949999296,1.478624997056,0.9375009279999986
1.38465e-05,0.312495104000007,0.61949999296,1.477374997184,0.6250009599999995
1.3847000000000001e-05,0.312495104000007,0.61949999296,1.478624997056,0.31250099200000037
1.38475e-05,0.312495104000007,0.61949999296,1.479874996928,0.6250009599999995
1.3848e-05,0.312495104000007,0.61949999296,1.479874996928,0.6250009599999995
1.3848500000000001e-05,-0.46875494399999695,0.6132499936,1.4811249968,0.31250099200000037
1.3849e-05,0.312495104000007,0.6132499936,1.478624997056,0.6250009599999995
1.38495e-05,0.312495104000007,0.61949999296,1.478624997056,0.31250099200000037
1.3850000000000001e-05,-0.46875494399999695,0.61949999296,1.479874996928,0.31250099200000037
1.38505e-05,-0.46875494399999695,0.6132499936,1.478624997056,0.31250099200000037
1.3851e-05,-0.46875494399999695,0.61949999296,1.478624997056,0.31250099200000037
1.3851500000000001e-05,0.312495104000007,0.61949999296,1.477374997184,0.6250009599999995
1.3852e-05,0.312495104000007,0.6132499936,1.476124997312,0.6250009599999995
1.3852500000000002e-05,0.312495104000007,0.61949999296,1.479874996928,0.31250099200000037
1.3853000000000001e-05,0.312495104000007,0.61949999296,1.479874996928,0.6250009599999995
1.38535e-05,0.312495104000007,0.61949999296,1.478624997056,0.31250099200000037
1.3854000000000002e-05,0.312495104000007,0.6132499936,1.478624997056,0.6250009599999995
1.3854500000000001e-05,-0.46875494399999695,0.61949999296,1.479874996928,0.6250009599999995
1.3855e-05,-0.46875494399999695,0.6132499936,1.478624997056,0.6250009599999995
1.3855500000000001e-05,0.312495104000007,0.6132499936,1.479874996928,0.31250099200000037
1.3856e-05,-0.46875494399999695,0.61949999296,1.479874996928,0.31250099200000037
1.38565e-05,-0.46875494399999695,0.61949999296,1.4811249968,1.0239999994610116e-06
1.3857000000000001e-05,-0.46875494399999695,0.61949999296,1.478624997056,0.31250099200000037
1.38575e-05,-0.46875494399999695,0.6132499936,1.478624997056,0.31250099200000037
1.3858e-05,0.312495104000007,0.61949999296,1.478624997056,0.6250009599999995
1.3858500000000001e-05,-0.46875494399999695,0.61949999296,1.478624997056,0.6250009599999995
1.3859e-05,0.312495104000007,0.6132499936,1.479874996928,0.31250099200000037
1.38595e-05,-0.46875494399999695,0.6132499936,1.4811249968,0.6250009599999995
1.3860000000000001e-05,0.312495104000007,0.6132499936,1.479874996928,0.6250009599999995
1.38605e-05,0.312495104000007,0.61949999296,1.479874996928,0.31250099200000037
1.3861000000000002e-05,0.312495104000007,0.6132499936,1.4811249968,0.6250009599999995
1.3861500000000001e-05,0.312495104000007,0.61949999296,1.4823749966720001,0.31250099200000037
1.3862e-05,-0.46875494399999695,0.6132499936,1.4823749966720001,0.6250009599999995
1.3862500000000002e-05,-0.46875494399999695,0.6132499936,1.4811249968,0.31250099200000037
1.3863000000000001e-05,-1.250004992000001,0.61949999296,1.479874996928,0.6250009599999995
1.38635e-05,0.312495104000007,0.61949999296,1.477374997184,0.31250099200000037
1.3864000000000001e-05,0.312495104000007,0.61949999296,1.476124997312,0.31250099200000037
1.38645e-05,0.312495104000007,0.61949999296,1.478624997056,1.0239999994610116e-06
1.3865e-05,-0.46875494399999695,0.6132499936,1.477374997184,0.6250009599999995
1.3865500000000001e-05,0.312495104000007,0.6132499936,1.479874996928,0.31250099200000037
1.3866e-05,0.312495104000007,0.6132499936,1.479874996928,1.0239999994610116e-06
1.38665e-05,-0.46875494399999695,0.6132499936,1.4823749966720001,0.6250009599999995
1.3867000000000001e-05,0.312495104000007,0.61949999296,1.4811249968,0.6250009599999995
1.38675e-05,-0.46875494399999695,0.6132499936,1.479874996928,0.6250009599999995
1.3868e-05,-0.46875494399999695,0.6132499936,1.478624997056,0.6250009599999995
1.3868500000000001e-05,-0.46875494399999695,0.61949999296,1.478624997056,0.6250009599999995
1.3869e-05,0.312495104000007,0.6132499936,1.479874996928,0.31250099200000037
1.3869500000000002e-05,-0.46875494399999695,0.61949999296,1.478624997056,0.31250099200000037
1.3870000000000001e-05,-0.46875494399999695,0.6132499936,1.479874996928,0.6250009599999995
1.38705e-05,-0.46875494399999695,0.6132499936,1.4811249968,0.31250099200000037
1.3871000000000002e-05,-0.46875494399999695,0.62574999232,1.4823749966720001,0.31250099200000037
1.3871500000000001e-05,0.312495104000007,0.6132499936,1.483624996544,1.0239999994610116e-06
1.3872e-05,0.312495104000007,0.61949999296,1.479874996928,1.0239999994610116e-06
1.3872500000000001e-05,-0.46875494399999695,0.61949999296,1.4823749966720001,1.0239999994610116e-06
1.3873e-05,-0.46875494399999695,0.61949999296,1.4811249968,0.31250099200000037
1.38735e-05,-0.46875494399999695,0.61949999296,1.4823749966720001,0.31250099200000037
1.3874000000000001e-05,0.312495104000007,0.61949999296,1.4811249968,0.31250099200000037
1.38745e-05,-0.46875494399999695,0.61949999296,1.478624997056,0.31250099200000037
1.3875e-05,0.312495104000007,0.62574999232,1.479874996928,0.31250099200000037
1.3875500000000001e-05,-1.250004992000001,0.6132499936,1.4811249968,0.31250099200000037
1.3876e-05,-0.46875494399999695,0.6132499936,1.4811249968,0.31250099200000037
1.38765e-05,-0.46875494399999695,0.61949999296,1.4811249968,0.31250099200000037
1.3877000000000001e-05,0.312495104000007,0.61949999296,1.479874996928,0.6250009599999995
1.38775e-05,-0.46875494399999695,0.61949999296,1.479874996928,0.31250099200000037
1.3878000000000002e-05,-0.46875494399999695,0.61949999296,1.4823749966720001,0.31250099200000037
1.3878500000000001e-05,-0.46875494399999695,0.61949999296,1.4823749966720001,0.31250099200000037
1.3879e-05,-1.250004992000001,0.62574999232,1.479874996928,0.31250099200000037
1.3879500000000002e-05,0.312495104000007,0.61949999296,1.479874996928,1.0239999994610116e-06
1.3880000000000001e-05,0.312495104000007,0.61949999296,1.477374997184,0.31250099200000037
1.38805e-05,0.312495104000007,0.6132499936,1.478624997056,1.0239999994610116e-06
1.3881000000000001e-05,-0.46875494399999695,0.61949999296,1.478624997056,0.6250009599999995
1.38815e-05,0.312495104000007,0.6132499936,1.477374997184,0.31250099200000037
1.3882e-05,0.312495104000007,0.61949999296,1.478624997056,0.31250099200000037
1.3882500000000001e-05,0.312495104000007,0.6132499936,1.479874996928,0.31250099200000037
1.3883e-05,-0.46875494399999695,0.61949999296,1.479874996928,0.31250099200000037
1.38835e-05,-0.46875494399999695,0.61949999296,1.4811249968,0.6250009599999995
1.3884000000000001e-05,-0.46875494399999695,0.61949999296,1.4811249968,0.31250099200000037
1.38845e-05,0.312495104000007,0.61949999296,1.483624996544,0.31250099200000037
1.3885e-05,0.312495104000007,0.61949999296,1.4823749966720001,1.0239999994610116e-06
1.3885500000000001e-05,0.312495104000007,0.61949999296,1.4823749966720001,0.31250099200000037
1.3886e-05,-0.46875494399999695,0.61949999296,1.4823749966720001,0.6250009599999995
1.3886500000000002e-05,0.312495104000007,0.62574999232,1.479874996928,0.31250099200000037
1.3887000000000001e-05,-0.46875494399999695,0.61949999296,1.478624997056,1.0239999994610116e-06
1.38875e-05,0.312495104000007,0.61949999296,1.4811249968,1.0239999994610116e-06
1.3888000000000002e-05,-0.46875494399999695,0.61949999296,1.4811249968,1.0239999994610116e-06
1.3888500000000001e-05,0.312495104000007,0.6132499936,1.4823749966720001,-0.31249894400000144
1.3889e-05,0.312495104000007,0.61949999296,1.4811249968,0.31250099200000037
1.3889500000000001e-05,0.312495104000007,0.62574999232,1.478624997056,0.31250099200000037
1.389e-05,0.312495104000007,0.62574999232,1.478624997056,0.31250099200000037
1.38905e-05,0.312495104000007,0.61949999296,1.4811249968,0.6250009599999995
1.3891000000000001e-05,1.0937451519999968,0.61949999296,1.483624996544,0.6250009599999995
1.38915e-05,0.312495104000007,0.6132499936,1.483624996544,0.31250099200000037
1.3892e-05,0.312495104000007,0.6132499936,1.4811249968,0.31250099200000037
1.3892500000000001e-05,-0.46875494399999695,0.61949999296,1.4811249968,1.0239999994610116e-06
1.3893e-05,0.312495104000007,0.62574999232,1.4823749966720001,0.31250099200000037
1.38935e-05,0.312495104000007,0.62574999232,1.478624997056,0.31250099200000037
1.3894000000000001e-05,0.312495104000007,0.61949999296,1.478624997056,0.31250099200000037
1.38945e-05,0.312495104000007,0.62574999232,1.4811249968,0.31250099200000037
1.3895000000000002e-05,-1.250004992000001,0.61949999296,1.483624996544,1.0239999994610116e-06
1.3895500000000001e-05,-0.46875494399999695,0.61949999296,1.484874996416,1.0239999994610116e-06
1.3896e-05,-0.46875494399999695,0.61949999296,1.4823749966720001,0.31250099200000037
1.3896500000000002e-05,0.312495104000007,0.61949999296,1.4823749966720001,1.0239999994610116e-06
1.3897000000000001e-05,0.312495104000007,0.6132499936,1.4823749966720001,0.31250099200000037
1.38975e-05,0.312495104000007,0.6132499936,1.4811249968,0.31250099200000037
1.3898000000000001e-05,0.312495104000007,0.61949999296,1.4811249968,0.31250099200000037
1.38985e-05,-0.46875494399999695,0.61949999296,1.4823749966720001,0.6250009599999995
1.3899e-05,-0.46875494399999695,0.61949999296,1.479874996928,0.31250099200000037
1.3899500000000001e-05,0.312495104000007,0.61949999296,1.479874996928,0.31250099200000037
1.39e-05,0.312495104000007,0.61949999296,1.4811249968,0.31250099200000037
1.39005e-05,0.312495104000007,0.61949999296,1.4823749966720001,0.6250009599999995
1.3901000000000001e-05,0.312495104000007,0.62574999232,1.4823749966720001,0.31250099200000037
1.39015e-05,0.312495104000007,0.61949999296,1.4811249968,1.0239999994610116e-06
1.3902e-05,0.312495104000007,0.61949999296,1.4811249968,0.31250099200000037
1.3902500000000001e-05,0.312495104000007,0.62574999232,1.4811249968,1.0239999994610116e-06
1.3903e-05,-0.46875494399999695,0.62574999232,1.479874996928,0.31250099200000037
1.3903500000000002e-05,1.0937451519999968,0.61949999296,1.479874996928,1.0239999994610116e-06
1.3904000000000001e-05,0.312495104000007,0.62574999232,1.476124997312,0.31250099200000037
1.39045e-05,0.312495104000007,0.61949999296,1.476124997312,-0.31249894400000144
1.3905000000000002e-05,-0.46875494399999695,0.6132499936,1.476124997312,0.31250099200000037
1.3905500000000001e-05,0.312495104000007,0.61949999296,1.478624997056,1.0239999994610116e-06
1.3906e-05,0.312495104000007,0.61949999296,1.478624997056,0.31250099200000037
1.3906500000000001e-05,-0.46875494399999695,0.61949999296,1.476124997312,1.0239999994610116e-06
1.3907000000000001e-05,0.312495104000007,0.62574999232,1.476124997312,0.31250099200000037
1.39075e-05,0.312495104000007,0.61949999296,1.478624997056,0.6250009599999995
1.3908000000000001e-05,-0.46875494399999695,0.61949999296,1.479874996928,1.0239999994610116e-06
1.39085e-05,0.312495104000007,0.62574999232,1.4811249968,0.31250099200000037
1.3909e-05,0.312495104000007,0.61949999296,1.479874996928,0.31250099200000037
1.3909500000000001e-05,0.312495104000007,0.61949999296,1.478624997056,1.0239999994610116e-06
1.391e-05,-0.46875494399999695,0.6132499936,1.478624997056,0.31250099200000037
1.39105e-05,-0.46875494399999695,0.61949999296,1.4811249968,1.0239999994610116e-06
1.3911000000000001e-05,0.312495104000007,0.62574999232,1.4811249968,1.0239999994610116e-06
1.39115e-05,0.312495104000007,0.61949999296,1.4823749966720001,1.0239999994610116e-06
1.3912000000000002e-05,0.312495104000007,0.61949999296,1.4811249968,1.0239999994610116e-06
1.3912500000000001e-05,-0.46875494399999695,0.6132499936,1.4811249968,1.0239999994610116e-06
1.3913e-05,-0.46875494399999695,0.61949999296,1.478624997056,0.31250099200000037
1.3913500000000002e-05,-0.46875494399999695,0.62574999232,1.479874996928,0.31250099200000037
1.3914000000000001e-05,0.312495104000007,0.62574999232,1.479874996928,1.0239999994610116e-06
1.39145e-05,0.312495104000007,0.62574999232,1.4823749966720001,1.0239999994610116e-06
1.3915000000000001e-05,0.312495104000007,0.62574999232,1.479874996928,0.31250099200000037
1.3915500000000001e-05,0.312495104000007,0.61949999296,1.479874996928,0.31250099200000037
1.3916e-05,-1.250004992000001,0.61949999296,1.479874996928,0.31250099200000037
1.3916500000000001e-05,-0.46875494399999695,0.61949999296,1.4811249968,1.0239999994610116e-06
1.3917e-05,0.312495104000007,0.61949999296,1.4811249968,1.0239999994610116e-06
1.39175e-05,-0.46875494399999695,0.61949999296,1.479874996928,1.0239999994610116e-06
1.3918000000000001e-05,-0.46875494399999695,0.6132499936,1.478624997056,0.31250099200000037
1.39185e-05,-0.46875494399999695,0.61949999296,1.479874996928,1.0239999994610116e-06
1.3919e-05,0.312495104000007,0.61949999296,1.479874996928,0.31250099200000037
1.3919500000000001e-05,-0.46875494399999695,0.61949999296,1.479874996928,-0.31249894400000144
1.392e-05,-0.46875494399999695,0.61949999296,1.478624997056,1.0239999994610116e-06
1.3920500000000002e-05,0.312495104000007,0.61949999296,1.479874996928,1.0239999994610116e-06
1.3921000000000001e-05,-0.46875494399999695,0.61949999296,1.478624997056,0.31250099200000037
1.39215e-05,-0.46875494399999695,0.61949999296,1.478624997056,1.0239999994610116e-06
1.3922000000000002e-05,0.312495104000007,0.61949999296,1.479874996928,1.0239999994610116e-06
1.3922500000000001e-05,-1.250004992000001,0.6132499936,1.4823749966720001,-0.31249894400000144
1.3923e-05,-0.46875494399999695,0.61949999296,1.4811249968,0.31250099200000037
1.3923500000000001e-05,0.312495104000007,0.61949999296,1.4811249968,0.31250099200000037
1.3924000000000001e-05,-0.46875494399999695,0.61949999296,1.4811249968,1.0239999994610116e-06
1.39245e-05,-0.46875494399999695,0.61949999296,1.4823749966720001,1.0239999994610116e-06
1.3925000000000001e-05,-0.46875494399999695,0.6132499936,1.4823749966720001,0.31250099200000037
1.39255e-05,-0.46875494399999695,0.61949999296,1.4823749966720001,1.0239999994610116e-06
1.3926e-05,-0.46875494399999695,0.60699999424,1.478624997056,0.31250099200000037
1.3926500000000001e-05,0.312495104000007,0.6132499936,1.477374997184,1.0239999994610116e-06
1.3927e-05,-0.46875494399999695,0.61949999296,1.476124997312,1.0239999994610116e-06
1.39275e-05,0.312495104000007,0.6132499936,1.478624997056,1.0239999994610116e-06
1.3928000000000001e-05,0.312495104000007,0.61949999296,1.477374997184,1.0239999994610116e-06
1.39285e-05,-0.46875494399999695,0.61949999296,1.4811249968,-0.31249894400000144
1.3929000000000002e-05,0.312495104000007,0.61949999296,1.479874996928,0.31250099200000037
1.3929500000000001e-05,0.312495104000007,0.6132499936,1.479874996928,0.31250099200000037
1.393e-05,-0.46875494399999695,0.61949999296,1.478624997056,1.0239999994610116e-06
1.3930500000000002e-05,-0.46875494399999695,0.61949999296,1.479874996928,1.0239999994610116e-06
1.3931000000000001e-05,0.312495104000007,0.61949999296,1.479874996928,0.31250099200000037
1.39315e-05,0.312495104000007,0.6132499936,1.479874996928,0.31250099200000037
1.3932000000000001e-05,-0.46875494399999695,0.6132499936,1.477374997184,1.0239999994610116e-06
1.3932500000000001e-05,-0.46875494399999695,0.61949999296,1.479874996928,1.0239999994610116e-06
1.3933e-05,0.312495104000007,0.61949999296,1.477374997184,0.31250099200000037
1.3933500000000001e-05,-0.46875494399999695,0.61949999296,1.476124997312,0.31250099200000037
1.3934e-05,-0.46875494399999695,0.6132499936,1.478624997056,0.31250099200000037
1.39345e-05,-0.46875494399999695,0.6132499936,1.479874996928,1.0239999994610116e-06
1.3935000000000001e-05,0.312495104000007,0.61949999296,1.479874996928,1.0239999994610116e-06
1.39355e-05,0.312495104000007,0.61949999296,1.4811249968,1.0239999994610116e-06
1.3936e-05,0.312495104000007,0.62574999232,1.4811249968,1.0239999994610116e-06
1.3936500000000001e-05,0.312495104000007,0.61949999296,1.4823749966720001,-0.31249894400000144
1.3937e-05,0.312495104000007,0.61949999296,1.479874996928,0.31250099200000037
1.3937500000000002e-05,0.312495104000007,0.61949999296,1.476124997312,0.31250099200000037
1.3938000000000001e-05,-0.46875494399999695,0.61949999296,1.478624997056,0.31250099200000037
1.39385e-05,-0.46875494399999695,0.62574999232,1.4811249968,1.0239999994610116e-06
1.3939000000000002e-05,0.312495104000007,0.62574999232,1.4811249968,1.0239999994610116e-06
1.3939500000000001e-05,0.312495104000007,0.61949999296,1.4811249968,0.31250099200000037
1.394e-05,-0.46875494399999695,0.61949999296,1.478624997056,1.0239999994610116e-06
1.3940500000000001e-05,-0.46875494399999695,0.61949999296,1.478624997056,1.0239999994610116e-06
1.3941000000000001e-05,0.312495104000007,0.61949999296,1.477374997184,0.31250099200000037
1.39415e-05,0.312495104000007,0.61949999296,1.478624997056,0.31250099200000037
1.3942000000000001e-05,0.312495104000007,0.61949999296,1.479874996928,1.0239999994610116e-06
1.39425e-05,-0.46875494399999695,0.62574999232,1.4811249968,1.0239999994610116e-06
1.3943e-05,0.312495104000007,0.61949999296,1.4811249968,1.0239999994610116e-06
1.3943500000000001e-05,-0.46875494399999695,0.61949999296,1.4811249968,1.0239999994610116e-06
1.3944e-05,-0.46875494399999695,0.61949999296,1.479874996928,1.0239999994610116e-06
1.39445e-05,0.312495104000007,0.61949999296,1.4823749966720001,1.0239999994610116e-06
1.3945000000000001e-05,-0.46875494399999695,0.61949999296,1.479874996928,0.31250099200000037
1.39455e-05,-0.46875494399999695,0.62574999232,1.4811249968,0.31250099200000037
1.3946000000000002e-05,-0.46875494399999695,0.61949999296,1.478624997056,0.31250099200000037
1.3946500000000001e-05,-1.250004992000001,0.61949999296,1.479874996928,1.0239999994610116e-06
1.3947e-05,-0.46875494399999695,0.61949999296,1.4823749966720001,1.0239999994610116e-06
1.3947500000000002e-05,0.312495104000007,0.6132499936,1.4823749966720001,0.31250099200000037
1.3948000000000001e-05,0.312495104000007,0.61949999296,1.479874996928,0.31250099200000037
1.39485e-05,0.312495104000007,0.62574999232,1.479874996928,1.0239999994610116e-06
1.3949000000000001e-05,-0.46875494399999695,0.62574999232,1.479874996928,1.0239999994610116e-06
1.3949500000000001e-05,0.312495104000007,0.62574999232,1.478624997056,0.31250099200000037
1.395e-05,-0.46875494399999695,0.61949999296,1.479874996928,0.31250099200000037
1.3950500000000001e-05,-0.46875494399999695,0.61949999296,1.4823749966720001,1.0239999994610116e-06
1.3951e-05,-0.46875494399999695,0.62574999232,1.483624996544,1.0239999994610116e-06
1.39515e-05,-0.46875494399999695,0.61949999296,1.483624996544,-0.31249894400000144
1.3952000000000001e-05,0.312495104000007,0.62574999232,1.4811249968,1.0239999994610116e-06
1.39525e-05,-0.46875494399999695,0.61949999296,1.4811249968,-0.31249894400000144
1.3953e-05,0.312495104000007,0.61949999296,1.4811249968,0.31250099200000037
1.3953500000000001e-05,0.312495104000007,0.61949999296,1.4811249968,0.31250099200000037
1.3954e-05,0.312495104000007,0.61949999296,1.4811249968,1.0239999994610116e-06
1.3954500000000002e-05,-0.46875494399999695,0.62574999232,1.4823749966720001,1.0239999994610116e-06
1.3955000000000001e-05,0.312495104000007,0.61949999296,1.4811249968,1.0239999994610116e-06
1.39555e-05,0.312495104000007,0.62574999232,1.477374997184,1.0239999994610116e-06
1.3956000000000002e-05,0.312495104000007,0.61949999296,1.476124997312,1.0239999994610116e-06
1.3956500000000001e-05,0.312495104000007,0.61949999296,1.477374997184,1.0239999994610116e-06
1.3957e-05,0.312495104000007,0.61949999296,1.476124997312,0.31250099200000037
1.3957500000000001e-05,0.312495104000007,0.61949999296,1.47487499744,1.0239999994610116e-06
1.3958000000000001e-05,-0.46875494399999695,0.61949999296,1.473624997568,1.0239999994610116e-06
1.39585e-05,-0.46875494399999695,0.61949999296,1.476124997312,1.0239999994610116e-06
1.3959000000000001e-05,0.312495104000007,0.61949999296,1.477374997184,1.0239999994610116e-06
1.39595e-05,-0.46875494399999695,0.61949999296,1.477374997184,1.0239999994610116e-06
1.396e-05,0.312495104000007,0.61949999296,1.476124997312,1.0239999994610116e-06
1.3960500000000001e-05,-0.46875494399999695,0.61949999296,1.477374997184,1.0239999994610116e-06
1.3961e-05,-0.46875494399999695,0.61949999296,1.478624997056,1.0239999994610116e-06
1.39615e-05,0.312495104000007,0.62574999232,1.477374997184,1.0239999994610116e-06
1.3962000000000001e-05,0.312495104000007,0.62574999232,1.476124997312,1.0239999994610116e-06
1.39625e-05,0.312495104000007,0.61949999296,1.476124997312,1.0239999994610116e-06
1.3963000000000002e-05,-0.46875494399999695,0.61949999296,1.478624997056,1.0239999994610116e-06
1.3963500000000001e-05,-0.46875494399999695,0.62574999232,1.4811249968,1.0239999994610116e-06
1.3964e-05,0.312495104000007,0.62574999232,1.479874996928,1.0239999994610116e-06
1.3964500000000002e-05,-0.46875494399999695,0.62574999232,1.479874996928,-0.31249894400000144
1.3965000000000001e-05,-0.46875494399999695,0.62574999232,1.479874996928,1.0239999994610116e-06
1.39655e-05,-0.46875494399999695,0.61949999296,1.478624997056,1.0239999994610116e-06
1.3966000000000001e-05,0.312495104000007,0.61949999296,1.478624997056,1.0239999994610116e-06
1.3966500000000001e-05,-0.46875494399999695,0.61949999296,1.4811249968,1.0239999994610116e-06
1.3967e-05,0.312495104000007,0.62574999232,1.476124997312,1.0239999994610116e-06
1.3967500000000001e-05,0.312495104000007,0.61949999296,1.477374997184,1.0239999994610116e-06
1.3968e-05,0.312495104000007,0.63199999168,1.478624997056,1.0239999994610116e-06
1.39685e-05,0.312495104000007,0.62574999232,1.4823749966720001,1.0239999994610116e-06
1.3969000000000001e-05,-0.46875494399999695,0.61949999296,1.4811249968,1.0239999994610116e-06
1.39695e-05,-0.46875494399999695,0.61949999296,1.477374997184,0.31250099200000037
1.397e-05,0.312495104000007,0.62574999232,1.478624997056,1.0239999994610116e-06
1.3970500000000001e-05,-0.46875494399999695,0.62574999232,1.479874996928,1.0239999994610116e-06
1.3971e-05,0.312495104000007,0.62574999232,1.477374997184,1.0239999994610116e-06
1.3971500000000002e-05,-0.46875494399999695,0.61949999296,1.477374997184,1.0239999994610116e-06
1.3972000000000001e-05,0.312495104000007,0.61949999296,1.478624997056,-0.31249894400000144
1.39725e-05,-0.46875494399999695,0.62574999232,1.4811249968,1.0239999994610116e-06
1.3973000000000002e-05,0.312495104000007,0.62574999232,1.479874996928,1.0239999994610116e-06
1.3973500000000001e-05,0.312495104000007,0.61949999296,1.479874996928,-0.31249894400000144
1.3974e-05,0.312495104000007,0.6132499936,1.479874996928,0.6250009599999995
1.3974500000000001e-05,0.312495104000007,0.61949999296,1.4823749966720001,1.0239999994610116e-06
1.3975000000000001e-05,-0.46875494399999695,0.62574999232,1.478624997056,1.0239999994610116e-06
1.39755e-05,0.312495104000007,0.61949999296,1.478624997056,1.0239999994610116e-06
1.3976000000000001e-05,-0.46875494399999695,0.61949999296,1.478624997056,1.0239999994610116e-06
1.39765e-05,-0.46875494399999695,0.61949999296,1.479874996928,1.0239999994610116e-06
1.3977e-05,-0.46875494399999695,0.61949999296,1.478624997056,0.31250099200000037
1.3977500000000001e-05,-1.250004992000001,0.61949999296,1.479874996928,0.31250099200000037
1.3978e-05,-0.46875494399999695,0.61949999296,1.478624997056,1.0239999994610116e-06
1.39785e-05,-0.46875494399999695,0.61949999296,1.479874996928,1.0239999994610116e-06
1.3979000000000001e-05,0.312495104000007,0.62574999232,1.4811249968,1.0239999994610116e-06
1.39795e-05,-0.46875494399999695,0.62574999232,1.4811249968,1.0239999994610116e-06
1.3980000000000002e-05,-0.46875494399999695,0.61949999296,1.4811249968,1.0239999994610116e-06
1.3980500000000001e-05,-0.46875494399999695,0.61949999296,1.4811249968,1.0239999994610116e-06
1.3981e-05,-0.46875494399999695,0.61949999296,1.4811249968,1.0239999994610116e-06
1.3981500000000002e-05,-0.46875494399999695,0.61949999296,1.478624997056,-0.31249894400000144
1.3982000000000001e-05,-0.46875494399999695,0.61949999296,1.479874996928,1.0239999994610116e-06
1.39825e-05,0.312495104000007,0.61949999296,1.4823749966720001,1.0239999994610116e-06
1.3983000000000001e-05,-0.46875494399999695,0.61949999296,1.4811249968,-0.31249894400000144
1.3983500000000001e-05,0.312495104000007,0.6132499936,1.4811249968,-0.31249894400000144
1.3984e-05,-0.46875494399999695,0.61949999296,1.478624997056,1.0239999994610116e-06
1.3984500000000001e-05,-0.46875494399999695,0.61949999296,1.478624997056,-0.31249894400000144
1.3985e-05,-0.46875494399999695,0.61949999296,1.479874996928,1.0239999994610116e-06
1.39855e-05,-0.46875494399999695,0.62574999232,1.4823749966720001,1.0239999994610116e-06
1.3986000000000001e-05,0.312495104000007,0.61949999296,1.4811249968,1.0239999994610116e-06
1.39865e-05,-0.46875494399999695,0.61949999296,1.479874996928,1.0239999994610116e-06
1.3987e-05,0.312495104000007,0.61949999296,1.479874996928,1.0239999994610116e-06
1.3987500000000001e-05,0.312495104000007,0.6132499936,1.4823749966720001,1.0239999994610116e-06
1.3988e-05,-0.46875494399999695,0.61949999296,1.479874996928,1.0239999994610116e-06
1.3988500000000002e-05,-0.46875494399999695,0.61949999296,1.478624997056,1.0239999994610116e-06
1.3989000000000001e-05,-0.46875494399999695,0.61949999296,1.476124997312,1.0239999994610116e-06
1.39895e-05,-0.46875494399999695,0.61949999296,1.477374997184,1.0239999994610116e-06
1.3990000000000002e-05,-0.46875494399999695,0.61949999296,1.479874996928,1.0239999994610116e-06
1.3990500000000001e-05,0.312495104000007,0.62574999232,1.4811249968,1.0239999994610116e-06
1.3991e-05,-0.46875494399999695,0.62574999232,1.476124997312,1.0239999994610116e-06
1.3991500000000001e-05,-0.46875494399999695,0.61949999296,1.476124997312,-0.31249894400000144
1.3992000000000001e-05,0.312495104000007,0.61949999296,1.476124997312,1.0239999994610116e-06
1.39925e-05,0.312495104000007,0.6132499936,1.479874996928,-0.31249894400000144
1.3993000000000001e-05,-0.46875494399999695,0.61949999296,1.479874996928,0.31250099200000037
1.39935e-05,-0.46875494399999695,0.62574999232,1.4811249968,0.31250099200000037
1.3994e-05,0.312495104000007,0.61949999296,1.477374997184,1.0239999994610116e-06
1.3994500000000001e-05,-0.46875494399999695,0.62574999232,1.477374997184,1.0239999994610116e-06
1.3995e-05,0.312495104000007,0.61949999296,1.476124997312,1.0239999994610116e-06
1.39955e-05,-0.46875494399999695,0.62574999232,1.477374997184,1.0239999994610116e-06
1.3996000000000001e-05,-0.46875494399999695,0.62574999232,1.477374997184,1.0239999994610116e-06
1.39965e-05,1.0937451519999968,0.62574999232,1.477374997184,-0.31249894400000144
1.3997000000000002e-05,0.312495104000007,0.61949999296,1.476124997312,1.0239999994610116e-06
1.3997500000000001e-05,-0.46875494399999695,0.61949999296,1.478624997056,1.0239999994610116e-06
1.3998e-05,0.312495104000007,0.62574999232,1.478624997056,1.0239999994610116e-06
1.3998500000000002e-05,-0.46875494399999695,0.62574999232,1.478624997056,1.0239999994610116e-06
1.3999000000000001e-05,0.312495104000007,0.62574999232,1.477374997184,1.0239999994610116e-06
1.39995e-05,-0.46875494399999695,0.61949999296,1.478624997056,-0.31249894400000144
1.4000000000000001e-05,0.312495104000007,0.61949999296,1.477374997184,-0.31249894400000144
1.4000500000000001e-05,-0.46875494399999695,0.61949999296,1.479874996928,-0.31249894400000144
1.4001e-05,0.312495104000007,0.61949999296,1.479874996928,-0.31249894400000144
1.4001500000000001e-05,-0.46875494399999695,0.61949999296,1.4811249968,1.0239999994610116e-06
1.4002e-05,-0.46875494399999695,0.62574999232,1.478624997056,1.0239999994610116e-06
1.40025e-05,-0.46875494399999695,0.61949999296,1.479874996928,-0.31249894400000144
1.4003000000000001e-05,-0.46875494399999695,0.62574999232,1.4811249968,1.0239999994610116e-06
1.40035e-05,0.312495104000007,0.62574999232,1.4811249968,1.0239999994610116e-06
1.4004e-05,-0.46875494399999695,0.61949999296,1.479874996928,1.0239999994610116e-06
1.4004500000000001e-05,-0.46875494399999695,0.62574999232,1.4823749966720001,-0.31249894400000144
1.4005e-05,0.312495104000007,0.61949999296,1.479874996928,1.0239999994610116e-06
1.4005500000000002e-05,-0.46875494399999695,0.61949999296,1.477374997184,1.0239999994610116e-06
1.4006000000000001e-05,0.312495104000007,0.61949999296,1.478624997056,1.0239999994610116e-06
1.40065e-05,-0.46875494399999695,0.61949999296,1.479874996928,1.0239999994610116e-06
1.4007000000000002e-05,-1.250004992000001,0.61949999296,1.479874996928,1.0239999994610116e-06
1.4007500000000001e-05,-1.250004992000001,0.6132499936,1.479874996928,-0.31249894400000144
1.4008e-05,-0.46875494399999695,0.61949999296,1.477374997184,1.0239999994610116e-06
1.4008500000000001e-05,-0.46875494399999695,0.61949999296,1.4823749966720001,1.0239999994610116e-06
1.4009000000000001e-05,-1.250004992000001,0.6132499936,1.4811249968,1.0239999994610116e-06
1.40095e-05,0.312495104000007,0.6132499936,1.479874996928,0.31250099200000037
1.4010000000000001e-05,-0.46875494399999695,0.61949999296,1.478624997056,1.0239999994610116e-06
1.40105e-05,-1.250004992000001,0.61949999296,1.477374997184,1.0239999994610116e-06
1.4011e-05,-0.46875494399999695,0.6132499936,1.477374997184,1.0239999994610116e-06
1.4011500000000001e-05,-0.46875494399999695,0.6132499936,1.478624997056,1.0239999994610116e-06
1.4012e-05,-0.46875494399999695,0.6132499936,1.479874996928,1.0239999994610116e-06
1.40125e-05,-0.46875494399999695,0.61949999296,1.479874996928,0.31250099200000037
1.4013000000000001e-05,0.312495104000007,0.61949999296,1.4811249968,1.0239999994610116e-06
1.40135e-05,-0.46875494399999695,0.61949999296,1.479874996928,1.0239999994610116e-06
1.4014000000000002e-05,-0.46875494399999695,0.61949999296,1.477374997184,1.0239999994610116e-06
1.4014500000000001e-05,-0.46875494399999695,0.61949999296,1.479874996928,0.31250099200000037
1.4015e-05,-0.46875494399999695,0.61949999296,1.478624997056,1.0239999994610116e-06
1.4015500000000002e-05,-0.46875494399999695,0.6132499936,1.4811249968,1.0239999994610116e-06
1.4016000000000001e-05,-1.250004992000001,0.62574999232,1.479874996928,1.0239999994610116e-06
1.40165e-05,0.312495104000007,0.6132499936,1.479874996928,-0.31249894400000144
1.4017000000000001e-05,-1.250004992000001,0.61949999296,1.477374997184,1.0239999994610116e-06
1.4017500000000001e-05,-0.46875494399999695,0.62574999232,1.477374997184,0.31250099200000037
1.4018e-05,-0.46875494399999695,0.61949999296,1.477374997184,-0.31249894400000144
1.4018500000000001e-05,-0.46875494399999695,0.61949999296,1.478624997056,-0.31249894400000144
1.4019e-05,-0.46875494399999695,0.62574999232,1.478624997056,1.0239999994610116e-06
1.40195e-05,-0.46875494399999695,0.62574999232,1.479874996928,-0.31249894400000144
1.4020000000000001e-05,-0.46875494399999695,0.61949999296,1.4823749966720001,1.0239999994610116e-06
1.40205e-05,-0.46875494399999695,0.61949999296,1.4823749966720001,-0.6249989120000006
1.4021e-05,-0.46875494399999695,0.62574999232,1.4811249968,1.0239999994610116e-06
1.4021500000000001e-05,-0.46875494399999695,0.62574999232,1.479874996928,-0.31249894400000144
1.4022e-05,-0.46875494399999695,0.61949999296,1.479874996928,1.0239999994610116e-06
1.4022500000000002e-05,-0.46875494399999695,0.61949999296,1.478624997056,-0.31249894400000144
1.4023000000000001e-05,-0.46875494399999695,0.62574999232,1.476124997312,-0.31249894400000144
1.40235e-05,-0.46875494399999695,0.61949999296,1.478624997056,-0.31249894400000144
1.4024000000000002e-05,-0.46875494399999695,0.61949999296,1.477374997184,-0.31249894400000144
1.4024500000000001e-05,0.312495104000007,0.61949999296,1.479874996928,-0.6249989120000006
1.4025e-05,-0.46875494399999695,0.61949999296,1.478624997056,-0.31249894400000144
1.4025500000000001e-05,-1.250004992000001,0.62574999232,1.477374997184,-0.31249894400000144
1.4026000000000001e-05,-0.46875494399999695,0.62574999232,1.477374997184,-0.31249894400000144
1.40265e-05,-0.46875494399999695,0.61949999296,1.477374997184,-0.31249894400000144
1.4027000000000001e-05,-0.46875494399999695,0.61949999296,1.478624997056,1.0239999994610116e-06
1.40275e-05,-0.46875494399999695,0.62574999232,1.479874996928,-0.31249894400000144
1.4028e-05,-0.46875494399999695,0.61949999296,1.479874996928,1.0239999994610116e-06
1.4028500000000001e-05,-0.46875494399999695,0.62574999232,1.479874996928,-0.31249894400000144
1.4029e-05,-0.46875494399999695,0.62574999232,1.478624997056,1.0239999994610116e-06
1.40295e-05,-0.46875494399999695,0.61949999296,1.478624997056,1.0239999994610116e-06
1.4030000000000001e-05,-0.46875494399999695,0.61949999296,1.478624997056,1.0239999994610116e-06
1.40305e-05,-0.46875494399999695,0.61949999296,1.479874996928,-0.31249894400000144
1.4031000000000002e-05,0.312495104000007,0.63199999168,1.479874996928,-0.31249894400000144
1.4031500000000001e-05,0.312495104000007,0.61949999296,1.4823749966720001,-0.31249894400000144
1.4032e-05,-0.46875494399999695,0.62574999232,1.4823749966720001,-0.6249989120000006
1.4032500000000002e-05,-0.46875494399999695,0.61949999296,1.4823749966720001,-0.31249894400000144
1.4033000000000001e-05,-1.250004992000001,0.61949999296,1.479874996928,0.31250099200000037
1.40335e-05,-0.46875494399999695,0.62574999232,1.4811249968,1.0239999994610116e-06
1.4034000000000001e-05,-0.46875494399999695,0.62574999232,1.4811249968,1.0239999994610116e-06
1.4034500000000001e-05,-0.46875494399999695,0.61949999296,1.479874996928,-0.6249989120000006
1.4035e-05,-0.46875494399999695,0.63199999168,1.479874996928,-0.31249894400000144
1.4035500000000001e-05,0.312495104000007,0.62574999232,1.4811249968,1.0239999994610116e-06
1.4036e-05,-0.46875494399999695,0.61949999296,1.4811249968,1.0239999994610116e-06
1.40365e-05,-0.46875494399999695,0.61949999296,1.484874996416,-0.31249894400000144
1.4037000000000001e-05,0.312495104000007,0.61949999296,1.4823749966720001,-0.31249894400000144
1.40375e-05,-0.46875494399999695,0.62574999232,1.479874996928,1.0239999994610116e-06
1.4038e-05,-0.46875494399999695,0.61949999296,1.478624997056,-0.31249894400000144
1.4038500000000001e-05,-0.46875494399999695,0.61949999296,1.479874996928,-0.31249894400000144
1.4039e-05,-0.46875494399999695,0.62574999232,1.4811249968,-0.31249894400000144
1.4039500000000002e-05,-0.46875494399999695,0.61949999296,1.4811249968,-0.31249894400000144
1.4040000000000001e-05,-0.46875494399999695,0.61949999296,1.477374997184,-0.31249894400000144
1.40405e-05,-0.46875494399999695,0.61949999296,1.478624997056,-0.9374988799999997
1.4041000000000002e-05,-0.46875494399999695,0.61949999296,1.477374997184,-0.31249894400000144
1.4041500000000001e-05,-1.250004992000001,0.61949999296,1.478624997056,1.0239999994610116e-06
1.4042e-05,0.312495104000007,0.61949999296,1.479874996928,-0.31249894400000144
1.4042500000000002e-05,-0.46875494399999695,0.61949999296,1.479874996928,-0.6249989120000006
1.4043000000000001e-05,-0.46875494399999695,0.61949999296,1.479874996928,-0.31249894400000144
1.40435e-05,0.312495104000007,0.61949999296,1.479874996928,1.0239999994610116e-06
1.4044000000000001e-05,-0.46875494399999695,0.61949999296,1.478624997056,-0.31249894400000144
1.40445e-05,-0.46875494399999695,0.61949999296,1.478624997056,-0.6249989120000006
1.4045e-05,0.312495104000007,0.61949999296,1.478624997056,-0.31249894400000144
1.4045500000000001e-05,0.312495104000007,0.61949999296,1.477374997184,-0.31249894400000144
1.4046e-05,0.312495104000007,0.61949999296,1.479874996928,1.0239999994610116e-06
1.40465e-05,0.312495104000007,0.61949999296,1.4823749966720001,-0.31249894400000144
1.4047000000000001e-05,0.312495104000007,0.62574999232,1.479874996928,-0.31249894400000144
1.40475e-05,-0.46875494399999695,0.62574999232,1.478624997056,-0.31249894400000144
1.4048000000000002e-05,-1.250004992000001,0.62574999232,1.477374997184,-0.31249894400000144
1.4048500000000001e-05,1.0937451519999968,0.62574999232,1.479874996928,-0.6249989120000006
1.4049e-05,-0.46875494399999695,0.61949999296,1.479874996928,-0.31249894400000144
1.4049500000000002e-05,-0.46875494399999695,0.62574999232,1.4811249968,-0.31249894400000144
1.4050000000000001e-05,-1.250004992000001,0.61949999296,1.478624997056,-0.6249989120000006
1.40505e-05,0.312495104000007,0.6132499936,1.478624997056,-0.31249894400000144
1.4051000000000002e-05,-0.46875494399999695,0.6132499936,1.478624997056,-0.31249894400000144
1.4051500000000001e-05,0.312495104000007,0.61949999296,1.479874996928,1.0239999994610116e-06
1.4052e-05,-0.46875494399999695,0.62574999232,1.478624997056,1.0239999994610116e-06
1.4052500000000001e-05,-0.46875494399999695,0.62574999232,1.479874996928,-0.31249894400000144
1.4053e-05,-0.46875494399999695,0.61949999296,1.479874996928,1.0239999994610116e-06
1.40535e-05,-0.46875494399999695,0.61949999296,1.479874996928,-0.31249894400000144
1.4054000000000001e-05,0.312495104000007,0.61949999296,1.478624997056,1.0239999994610116e-06
1.40545e-05,-0.46875494399999695,0.61949999296,1.478624997056,1.0239999994610116e-06
1.4055e-05,0.312495104000007,0.61949999296,1.478624997056,-0.31249894400000144
1.4055500000000001e-05,-0.46875494399999695,0.61949999296,1.479874996928,1.0239999994610116e-06
1.4056e-05,0.312495104000007,0.61949999296,1.477374997184,-0.31249894400000144
1.4056500000000002e-05,0.312495104000007,0.61949999296,1.477374997184,-0.31249894400000144
1.4057000000000001e-05,-0.46875494399999695,0.61949999296,1.478624997056,0.31250099200000037
1.40575e-05,-0.46875494399999695,0.61949999296,1.478624997056,1.0239999994610116e-06
1.4058000000000002e-05,0.312495104000007,0.61949999296,1.478624997056,-0.31249894400000144
1.4058500000000001e-05,0.312495104000007,0.61949999296,1.478624997056,1.0239999994610116e-06
1.4059e-05,0.312495104000007,0.61949999296,1.478624997056,1.0239999994610116e-06
1.4059500000000002e-05,0.312495104000007,0.61949999296,1.4811249968,1.0239999994610116e-06
1.4060000000000001e-05,-0.46875494399999695,0.61949999296,1.478624997056,-0.31249894400000144
1.40605e-05,-0.46875494399999695,0.61949999296,1.479874996928,1.0239999994610116e-06
1.4061000000000001e-05,0.312495104000007,0.61949999296,1.479874996928,1.0239999994610116e-06
1.40615e-05,0.312495104000007,0.61949999296,1.479874996928,1.0239999994610116e-06
1.4062e-05,0.312495104000007,0.62574999232,1.478624997056,1.0239999994610116e-06
1.4062500000000001e-05,0.312495104000007,0.62574999232,1.4823749966720001,-0.31249894400000144
1.4063e-05,0.312495104000007,0.62574999232,1.4823749966720001,-0.31249894400000144
1.40635e-05,-0.46875494399999695,0.62574999232,1.478624997056,-0.31249894400000144
1.4064000000000001e-05,-1.250004992000001,0.62574999232,1.47487499744,-0.6249989120000006
1.40645e-05,0.312495104000007,0.62574999232,1.476124997312,-0.6249989120000006
1.4065000000000002e-05,0.312495104000007,0.62574999232,1.477374997184,-0.31249894400000144
1.4065500000000001e-05,-0.46875494399999695,0.62574999232,1.478624997056,1.0239999994610116e-06
1.4066e-05,-0.46875494399999695,0.62574999232,1.478624997056,-0.31249894400000144
1.4066500000000002e-05,-0.46875494399999695,0.62574999232,1.477374997184,-0.31249894400000144
1.4067000000000001e-05,-0.46875494399999695,0.62574999232,1.478624997056,-0.31249894400000144
1.40675e-05,0.312495104000007,0.62574999232,1.478624997056,1.0239999994610116e-06
1.4068000000000002e-05,0.312495104000007,0.62574999232,1.478624997056,1.0239999994610116e-06
1.4068500000000001e-05,-0.46875494399999695,0.61949999296,1.479874996928,-0.31249894400000144
1.4069e-05,0.312495104000007,0.61949999296,1.4811249968,1.0239999994610116e-06
1.4069500000000001e-05,-0.46875494399999695,0.61949999296,1.479874996928,1.0239999994610116e-06
1.407e-05,-0.46875494399999695,0.61949999296,1.479874996928,1.0239999994610116e-06
1.40705e-05,-0.46875494399999695,0.61949999296,1.479874996928,1.0239999994610116e-06
1.4071000000000001e-05,-0.46875494399999695,0.62574999232,1.477374997184,-0.31249894400000144
1.40715e-05,0.312495104000007,0.6132499936,1.479874996928,-0.31249894400000144
1.4072e-05,0.312495104000007,0.61949999296,1.478624997056,1.0239999994610116e-06
1.4072500000000001e-05,0.312495104000007,0.61949999296,1.479874996928,-0.31249894400000144
1.4073e-05,-0.46875494399999695,0.62574999232,1.477374997184,0.31250099200000037
1.4073500000000002e-05,-0.46875494399999695,0.61949999296,1.478624997056,1.0239999994610116e-06
1.4074000000000001e-05,-0.46875494399999695,0.62574999232,1.478624997056,-0.31249894400000144
1.40745e-05,-0.46875494399999695,0.61949999296,1.477374997184,-0.31249894400000144
1.4075000000000002e-05,-0.46875494399999695,0.63199999168,1.477374997184,-0.31249894400000144
1.4075500000000001e-05,0.312495104000007,0.62574999232,1.477374997184,-0.31249894400000144
1.4076e-05,0.312495104000007,0.61949999296,1.476124997312,1.0239999994610116e-06
1.4076500000000002e-05,0.312495104000007,0.61949999296,1.477374997184,-0.31249894400000144
1.4077000000000001e-05,0.312495104000007,0.61949999296,1.478624997056,1.0239999994610116e-06
1.40775e-05,-0.46875494399999695,0.61949999296,1.479874996928,-0.31249894400000144
1.4078000000000001e-05,-0.46875494399999695,0.61949999296,1.478624997056,-0.31249894400000144
1.40785e-05,-0.46875494399999695,0.62574999232,1.478624997056,1.0239999994610116e-06
1.4079e-05,-0.46875494399999695,0.62574999232,1.478624997056,-0.31249894400000144
1.4079500000000001e-05,0.312495104000007,0.61949999296,1.4811249968,-0.6249989120000006
1.408e-05,0.312495104000007,0.61949999296,1.479874996928,-0.31249894400000144
1.40805e-05,-0.46875494399999695,0.61949999296,1.479874996928,-0.6249989120000006
1.4081000000000001e-05,-0.46875494399999695,0.61949999296,1.478624997056,-0.31249894400000144
1.40815e-05,-0.46875494399999695,0.62574999232,1.478624997056,1.0239999994610116e-06
1.4082000000000002e-05,-0.46875494399999695,0.62574999232,1.478624997056,-0.31249894400000144
1.4082500000000001e-05,0.312495104000007,0.61949999296,1.478624997056,-0.6249989120000006
1.4083e-05,-0.46875494399999695,0.62574999232,1.478624997056,1.0239999994610116e-06
1.4083500000000002e-05,-0.46875494399999695,0.62574999232,1.479874996928,-0.31249894400000144
1.4084000000000001e-05,0.312495104000007,0.61949999296,1.4811249968,-0.31249894400000144
1.40845e-05,0.312495104000007,0.62574999232,1.4811249968,-0.6249989120000006
1.4085000000000002e-05,0.312495104000007,0.62574999232,1.479874996928,-0.31249894400000144
1.4085500000000001e-05,-0.46875494399999695,0.61949999296,1.479874996928,-0.31249894400000144
1.4086e-05,-0.46875494399999695,0.61949999296,1.478624997056,1.0239999994610116e-06
1.4086500000000001e-05,-0.46875494399999695,0.62574999232,1.4811249968,-0.31249894400000144
1.4087e-05,-0.46875494399999695,0.61949999296,1.4811249968,-0.31249894400000144
1.40875e-05,-0.46875494399999695,0.61949999296,1.4823749966720001,-0.31249894400000144
1.4088000000000001e-05,-1.250004992000001,0.62574999232,1.4823749966720001,-0.31249894400000144
1.40885e-05,0.312495104000007,0.62574999232,1.483624996544,-0.31249894400000144
1.4089e-05,-0.46875494399999695,0.61949999296,1.4823749966720001,-0.31249894400000144
1.4089500000000001e-05,0.312495104000007,0.62574999232,1.483624996544,-0.31249894400000144
1.409e-05,0.312495104000007,0.61949999296,1.4823749966720001,-0.31249894400000144
1.4090500000000002e-05,-0.46875494399999695,0.62574999232,1.479874996928,-0.31249894400000144
1.4091000000000001e-05,-0.46875494399999695,0.61949999296,1.479874996928,-0.31249894400000144
1.40915e-05,-0.46875494399999695,0.62574999232,1.479874996928,-0.31249894400000144
1.4092000000000002e-05,-0.46875494399999695,0.61949999296,1.478624997056,-0.31249894400000144
1.4092500000000001e-05,-0.46875494399999695,0.61949999296,1.4811249968,-0.31249894400000144
1.4093e-05,-0.46875494399999695,0.62574999232,1.4823749966720001,1.0239999994610116e-06
1.4093500000000002e-05,0.312495104000007,0.61949999296,1.4823749966720001,-0.31249894400000144
1.4094000000000001e-05,-0.46875494399999695,0.62574999232,1.479874996928,-0.31249894400000144
1.40945e-05,-0.46875494399999695,0.62574999232,1.4811249968,-0.6249989120000006
1.4095000000000001e-05,0.312495104000007,0.62574999232,1.479874996928,-0.6249989120000006
1.40955e-05,-0.46875494399999695,0.61949999296,1.4811249968,-0.6249989120000006
1.4096e-05,-0.46875494399999695,0.62574999232,1.479874996928,-0.6249989120000006
1.4096500000000001e-05,-0.46875494399999695,0.61949999296,1.4811249968,-0.6249989120000006
1.4097e-05,-0.46875494399999695,0.61949999296,1.479874996928,-0.31249894400000144
1.40975e-05,0.312495104000007,0.62574999232,1.479874996928,-0.31249894400000144
1.4098000000000001e-05,-0.46875494399999695,0.62574999232,1.479874996928,-0.6249989120000006
1.40985e-05,-1.250004992000001,0.61949999296,1.478624997056,-0.6249989120000006
1.4099000000000002e-05,-0.46875494399999695,0.6132499936,1.478624997056,-0.31249894400000144
1.4099500000000001e-05,0.312495104000007,0.61949999296,1.479874996928,-0.31249894400000144
1.41e-05,-0.46875494399999695,0.61949999296,1.478624997056,-0.31249894400000144
1.4100500000000002e-05,-0.46875494399999695,0.63199999168,1.4811249968,-0.31249894400000144
1.4101000000000001e-05,0.312495104000007,0.62574999232,1.4811249968,-0.31249894400000144
1.41015e-05,-0.46875494399999695,0.62574999232,1.479874996928,-0.31249894400000144
1.4102000000000002e-05,-0.46875494399999695,0.61949999296,1.478624997056,-0.31249894400000144
1.4102500000000001e-05,-0.46875494399999695,0.6132499936,1.477374997184,-0.31249894400000144
1.4103e-05,-0.46875494399999695,0.62574999232,1.477374997184,1.0239999994610116e-06
1.4103500000000001e-05,0.312495104000007,0.62574999232,1.479874996928,-0.6249989120000006
1.4104e-05,0.312495104000007,0.61949999296,1.478624997056,-0.6249989120000006
1.41045e-05,-0.46875494399999695,0.61949999296,1.479874996928,-0.31249894400000144
1.4105000000000001e-05,-1.250004992000001,0.6132499936,1.476124997312,-0.6249989120000006
1.41055e-05,-0.46875494399999695,0.61949999296,1.477374997184,-0.31249894400000144
1.4106e-05,0.312495104000007,0.61949999296,1.478624997056,-0.31249894400000144
1.4106500000000001e-05,-0.46875494399999695,0.61949999296,1.479874996928,-0.6249989120000006
1.4107e-05,0.312495104000007,0.62574999232,1.478624997056,-0.31249894400000144
1.4107500000000002e-05,0.312495104000007,0.61949999296,1.477374997184,-0.31249894400000144
1.4108000000000001e-05,0.312495104000007,0.61949999296,1.47487499744,-0.31249894400000144
1.41085e-05,0.312495104000007,0.61949999296,1.478624997056,-0.31249894400000144
1.4109000000000002e-05,-0.46875494399999695,0.61949999296,1.478624997056,-0.31249894400000144
1.4109500000000001e-05,-0.46875494399999695,0.61949999296,1.479874996928,-0.6249989120000006
1.411e-05,-0.46875494399999695,0.61949999296,1.4811249968,-0.31249894400000144
1.4110500000000002e-05,0.312495104000007,0.61949999296,1.479874996928,-0.6249989120000006
1.4111000000000001e-05,0.312495104000007,0.61949999296,1.477374997184,-0.31249894400000144
1.41115e-05,-0.46875494399999695,0.61949999296,1.479874996928,-0.6249989120000006
1.4112000000000001e-05,0.312495104000007,0.61949999296,1.4811249968,-0.6249989120000006
1.41125e-05,-0.46875494399999695,0.61949999296,1.4811249968,-0.6249989120000006
1.4113e-05,-1.250004992000001,0.61949999296,1.478624997056,-0.6249989120000006
1.4113500000000001e-05,-1.250004992000001,0.62574999232,1.476124997312,-0.31249894400000144
1.4114e-05,0.312495104000007,0.62574999232,1.478624997056,-0.31249894400000144
1.41145e-05,-0.46875494399999695,0.62574999232,1.4811249968,-0.6249989120000006
1.4115000000000001e-05,-0.46875494399999695,0.61949999296,1.479874996928,-0.6249989120000006
1.41155e-05,0.312495104000007,0.62574999232,1.478624997056,-0.31249894400000144
1.4116e-05,-0.46875494399999695,0.62574999232,1.477374997184,-0.6249989120000006
1.4116500000000001e-05,-0.46875494399999695,0.61949999296,1.478624997056,-0.31249894400000144
1.4117e-05,-0.46875494399999695,0.62574999232,1.478624997056,1.0239999994610116e-06
1.4117500000000002e-05,-0.46875494399999695,0.62574999232,1.478624997056,-0.31249894400000144
1.4118000000000001e-05,-0.46875494399999695,0.61949999296,1.478624997056,1.0239999994610116e-06
1.41185e-05,0.312495104000007,0.62574999232,1.478624997056,-0.31249894400000144
1.4119000000000002e-05,0.312495104000007,0.62574999232,1.477374997184,-0.6249989120000006
1.4119500000000001e-05,-0.46875494399999695,0.62574999232,1.478624997056,-0.9374988799999997
1.412e-05,0.312495104000007,0.62574999232,1.476124997312,-0.31249894400000144
1.4120500000000001e-05,-0.46875494399999695,0.62574999232,1.478624997056,-0.6249989120000006
1.4121e-05,-0.46875494399999695,0.61949999296,1.477374997184,-0.31249894400000144
1.41215e-05,0.312495104000007,0.62574999232,1.477374997184,-0.31249894400000144
1.4122000000000001e-05,-0.46875494399999695,0.61949999296,1.476124997312,-0.6249989120000006
1.41225e-05,-0.46875494399999695,0.61949999296,1.477374997184,-0.6249989120000006
1.4123e-05,-0.46875494399999695,0.61949999296,1.479874996928,-0.31249894400000144
1.4123500000000001e-05,0.312495104000007,0.61949999296,1.478624997056,-0.31249894400000144
1.4124e-05,-0.46875494399999695,0.6132499936,1.478624997056,-0.31249894400000144
1.41245e-05,-0.46875494399999695,0.61949999296,1.479874996928,-0.6249989120000006
1.4125000000000001e-05,0.312495104000007,0.62574999232,1.478624997056,1.0239999994610116e-06
1.41255e-05,-0.46875494399999695,0.61949999296,1.478624997056,-0.31249894400000144
1.4126000000000002e-05,-0.46875494399999695,0.62574999232,1.476124997312,1.0239999994610116e-06
1.4126500000000001e-05,0.312495104000007,0.6132499936,1.476124997312,-0.6249989120000006
1.4127e-05,0.312495104000007,0.61949999296,1.477374997184,-0.31249894400000144
1.4127500000000002e-05,-1.250004992000001,0.61949999296,1.479874996928,-0.6249989120000006
1.4128000000000001e-05,0.312495104000007,0.61949999296,1.476124997312,-0.6249989120000006
1.41285e-05,-0.46875494399999695,0.6132499936,1.477374997184,-0.6249989120000006
1.4129000000000001e-05,-1.250004992000001,0.61949999296,1.479874996928,-0.31249894400000144
1.41295e-05,-0.46875494399999695,0.6132499936,1.478624997056,-0.31249894400000144
1.413e-05,0.312495104000007,0.61949999296,1.477374997184,-0.31249894400000144
1.4130500000000001e-05,-0.46875494399999695,0.62574999232,1.476124997312,-0.6249989120000006
1.4131e-05,0.312495104000007,0.62574999232,1.478624997056,-0.6249989120000006
1.41315e-05,0.312495104000007,0.62574999232,1.4811249968,-0.31249894400000144
1.4132000000000001e-05,-0.46875494399999695,0.61949999296,1.479874996928,-0.6249989120000006
1.41325e-05,-0.46875494399999695,0.62574999232,1.479874996928,-0.6249989120000006
1.4133e-05,0.312495104000007,0.62574999232,1.478624997056,-0.31249894400000144
1.4133500000000001e-05,-0.46875494399999695,0.62574999232,1.478624997056,-0.31249894400000144
1.4134e-05,-0.46875494399999695,0.61949999296,1.478624997056,-0.31249894400000144
1.4134500000000002e-05,-0.46875494399999695,0.62574999232,1.479874996928,1.0239999994610116e-06
1.4135000000000001e-05,-0.46875494399999695,0.62574999232,1.4811249968,-0.31249894400000144
1.41355e-05,-1.250004992000001,0.61949999296,1.4823749966720001,-0.6249989120000006
1.4136000000000002e-05,-0.46875494399999695,0.61949999296,1.478624997056,-0.31249894400000144
1.4136500000000001e-05,-0.46875494399999695,0.61949999296,1.478624997056,-0.6249989120000006
1.4137e-05,-0.46875494399999695,0.61949999296,1.478624997056,-0.6249989120000006
1.4137500000000001e-05,0.312495104000007,0.62574999232,1.479874996928,-0.31249894400000144
1.4138e-05,0.312495104000007,0.61949999296,1.479874996928,-0.31249894400000144
1.41385e-05,-0.46875494399999695,0.61949999296,1.478624997056,-0.6249989120000006
1.4139000000000001e-05,-0.46875494399999695,0.62574999232,1.477374997184,-0.31249894400000144
1.41395e-05,0.312495104000007,0.62574999232,1.477374997184,1.0239999994610116e-06
1.414e-05,-0.46875494399999695,0.61949999296,1.478624997056,-0.31249894400000144
1.4140500000000001e-05,0.312495104000007,0.61949999296,1.4811249968,-0.6249989120000006
1.4141e-05,0.312495104000007,0.62574999232,1.478624997056,-0.31249894400000144
1.41415e-05,0.312495104000007,0.62574999232,1.476124997312,-0.31249894400000144
1.4142000000000001e-05,0.312495104000007,0.62574999232,1.478624997056,1.0239999994610116e-06
1.41425e-05,-0.46875494399999695,0.62574999232,1.4811249968,-0.31249894400000144
1.4143000000000002e-05,-0.46875494399999695,0.63199999168,1.479874996928,-0.31249894400000144
1.4143500000000001e-05,0.312495104000007,0.61949999296,1.478624997056,-0.6249989120000006
1.4144e-05,0.312495104000007,0.61949999296,1.477374997184,-0.31249894400000144
1.4144500000000002e-05,0.312495104000007,0.6132499936,1.4811249968,-0.9374988799999997
1.4145000000000001e-05,-0.46875494399999695,0.61949999296,1.479874996928,-0.6249989120000006
1.41455e-05,0.312495104000007,0.62574999232,1.478624997056,-0.31249894400000144
1.4146000000000001e-05,-0.46875494399999695,0.61949999296,1.477374997184,-0.6249989120000006
1.41465e-05,-0.46875494399999695,0.61949999296,1.478624997056,-0.6249989120000006
1.4147e-05,0.312495104000007,0.62574999232,1.478624997056,-0.6249989120000006
1.4147500000000001e-05,0.312495104000007,0.61949999296,1.478624997056,-0.31249894400000144
1.4148e-05,-0.46875494399999695,0.61949999296,1.476124997312,-0.31249894400000144
1.41485e-05,-0.46875494399999695,0.62574999232,1.478624997056,-0.6249989120000006
1.4149000000000001e-05,0.312495104000007,0.61949999296,1.478624997056,-0.6249989120000006
1.41495e-05,-0.46875494399999695,0.61949999296,1.477374997184,-0.6249989120000006
1.415e-05,0.312495104000007,0.61949999296,1.478624997056,-0.31249894400000144
1.4150500000000001e-05,-0.46875494399999695,0.61949999296,1.478624997056,-0.31249894400000144
1.4151e-05,0.312495104000007,0.61949999296,1.478624997056,-0.6249989120000006
1.4151500000000002e-05,0.312495104000007,0.61949999296,1.4811249968,-0.9374988799999997
1.4152000000000001e-05,0.312495104000007,0.62574999232,1.479874996928,-0.6249989120000006
1.41525e-05,-0.46875494399999695,0.61949999296,1.479874996928,-0.31249894400000144
1.4153000000000002e-05,-1.250004992000001,0.61949999296,1.479874996928,1.0239999994610116e-06
1.4153500000000001e-05,-0.46875494399999695,0.62574999232,1.478624997056,1.0239999994610116e-06
1.4154e-05,0.312495104000007,0.61949999296,1.476124997312,-0.31249894400000144
1.4154500000000001e-05,-0.46875494399999695,0.62574999232,1.477374997184,-0.6249989120000006
1.4155000000000001e-05,-0.46875494399999695,0.62574999232,1.479874996928,-0.6249989120000006
1.41555e-05,0.312495104000007,0.61949999296,1.479874996928,-0.6249989120000006
1.4156000000000001e-05,-0.46875494399999695,0.61949999296,1.477374997184,-0.31249894400000144
1.41565e-05,0.312495104000007,0.61949999296,1.476124997312,-0.6249989120000006
1.4157e-05,0.312495104000007,0.61949999296,1.476124997312,-0.31249894400000144
1.4157500000000001e-05,1.0937451519999968,0.61949999296,1.477374997184,-0.31249894400000144
1.4158e-05,0.312495104000007,0.61949999296,1.478624997056,-0.6249989120000006
1.41585e-05,0.312495104000007,0.62574999232,1.479874996928,-0.6249989120000006
1.4159000000000001e-05,0.312495104000007,0.62574999232,1.478624997056,-0.31249894400000144
1.41595e-05,-0.46875494399999695,0.61949999296,1.478624997056,-0.6249989120000006
1.4160000000000002e-05,0.312495104000007,0.61949999296,1.476124997312,-0.31249894400000144
1.4160500000000001e-05,0.312495104000007,0.61949999296,1.479874996928,-0.6249989120000006
1.4161e-05,0.312495104000007,0.62574999232,1.478624997056,-0.6249989120000006
1.4161500000000002e-05,0.312495104000007,0.61949999296,1.477374997184,-0.6249989120000006
1.4162000000000001e-05,0.312495104000007,0.61949999296,1.476124997312,-0.6249989120000006
1.41625e-05,-0.46875494399999695,0.62574999232,1.477374997184,-0.6249989120000006
1.4163000000000001e-05,-0.46875494399999695,0.61949999296,1.476124997312,-0.6249989120000006
1.4163500000000001e-05,0.312495104000007,0.61949999296,1.47487499744,-0.31249894400000144
1.4164e-05,0.312495104000007,0.61949999296,1.476124997312,1.0239999994610116e-06
1.4164500000000001e-05,0.312495104000007,0.61949999296,1.478624997056,-0.6249989120000006
1.4165e-05,0.312495104000007,0.61949999296,1.477374997184,-0.31249894400000144
1.41655e-05,-0.46875494399999695,0.61949999296,1.478624997056,-0.6249989120000006
1.4166000000000001e-05,0.312495104000007,0.61949999296,1.478624997056,-0.6249989120000006
1.41665e-05,0.312495104000007,0.61949999296,1.476124997312,-0.6249989120000006
1.4167e-05,-0.46875494399999695,0.61949999296,1.47487499744,-0.31249894400000144
1.4167500000000001e-05,0.312495104000007,0.61949999296,1.478624997056,-0.6249989120000006
1.4168e-05,-0.46875494399999695,0.61949999296,1.476124997312,-0.6249989120000006
1.4168500000000002e-05,-0.46875494399999695,0.61949999296,1.477374997184,-0.9374988799999997
1.4169000000000001e-05,-0.46875494399999695,0.62574999232,1.476124997312,-0.6249989120000006
1.41695e-05,-0.46875494399999695,0.62574999232,1.476124997312,-0.6249989120000006
1.4170000000000002e-05,-0.46875494399999695,0.61949999296,1.477374997184,-0.9374988799999997
1.4170500000000001e-05,0.312495104000007,0.62574999232,1.478624997056,-0.6249989120000006
1.4171e-05,-0.46875494399999695,0.62574999232,1.4811249968,-0.6249989120000006
1.4171500000000001e-05,-0.46875494399999695,0.61949999296,1.4811249968,-0.31249894400000144
1.4172000000000001e-05,0.312495104000007,0.61949999296,1.478624997056,-0.31249894400000144
1.41725e-05,0.312495104000007,0.61949999296,1.479874996928,-0.6249989120000006
1.4173000000000001e-05,0.312495104000007,0.61949999296,1.479874996928,-0.31249894400000144
1.41735e-05,0.312495104000007,0.61949999296,1.478624997056,-0.6249989120000006
1.4174e-05,0.312495104000007,0.61949999296,1.477374997184,-0.31249894400000144
1.4174500000000001e-05,0.312495104000007,0.62574999232,1.479874996928,-0.6249989120000006
1.4175e-05,0.312495104000007,0.62574999232,1.479874996928,-0.6249989120000006
1.41755e-05,-0.46875494399999695,0.61949999296,1.479874996928,-0.6249989120000006
1.4176000000000001e-05,0.312495104000007,0.61949999296,1.476124997312,-0.6249989120000006
1.41765e-05,0.312495104000007,0.61949999296,1.476124997312,-0.6249989120000006
1.4177000000000002e-05,0.312495104000007,0.61949999296,1.477374997184,-0.6249989120000006
1.4177500000000001e-05,0.312495104000007,0.61949999296,1.479874996928,-0.6249989120000006
1.4178e-05,0.312495104000007,0.6132499936,1.478624997056,-0.31249894400000144
1.4178500000000002e-05,0.312495104000007,0.62574999232,1.479874996928,-0.6249989120000006
1.4179000000000001e-05,0.312495104000007,0.61949999296,1.477374997184,-0.6249989120000006
1.41795e-05,-0.46875494399999695,0.62574999232,1.477374997184,-0.31249894400000144
1.4180000000000001e-05,-0.46875494399999695,0.61949999296,1.477374997184,-0.6249989120000006
1.4180500000000001e-05,-0.46875494399999695,0.62574999232,1.477374997184,-0.6249989120000006
1.4181e-05,0.312495104000007,0.62574999232,1.477374997184,-0.6249989120000006
1.4181500000000001e-05,-0.46875494399999695,0.62574999232,1.476124997312,-0.6249989120000006
1.4182e-05,0.312495104000007,0.61949999296,1.476124997312,-0.6249989120000006
1.41825e-05,-0.46875494399999695,0.61949999296,1.478624997056,-0.6249989120000006
1.4183000000000001e-05,-0.46875494399999695,0.61949999296,1.477374997184,-0.6249989120000006
1.41835e-05,-0.46875494399999695,0.61949999296,1.478624997056,-0.6249989120000006
1.4184e-05,0.312495104000007,0.61949999296,1.477374997184,-0.6249989120000006
1.4184500000000001e-05,0.312495104000007,0.61949999296,1.479874996928,-0.9374988799999997
1.4185e-05,0.312495104000007,0.61949999296,1.477374997184,-0.6249989120000006
1.4185500000000002e-05,-0.46875494399999695,0.62574999232,1.477374997184,-0.6249989120000006
1.4186000000000001e-05,0.312495104000007,0.62574999232,1.47487499744,-0.6249989120000006
1.41865e-05,-0.46875494399999695,0.62574999232,1.47487499744,-0.6249989120000006
1.4187000000000002e-05,-0.46875494399999695,0.62574999232,1.479874996928,-0.31249894400000144
1.4187500000000001e-05,0.312495104000007,0.62574999232,1.4811249968,-0.31249894400000144
1.4188e-05,-0.46875494399999695,0.61949999296,1.4811249968,-0.31249894400000144
1.4188500000000001e-05,-0.46875494399999695,0.61949999296,1.4811249968,-0.6249989120000006
1.4189000000000001e-05,0.312495104000007,0.61949999296,1.477374997184,-0.6249989120000006
1.41895e-05,0.312495104000007,0.62574999232,1.477374997184,-0.6249989120000006
1.4190000000000001e-05,0.312495104000007,0.62574999232,1.479874996928,-0.6249989120000006
1.41905e-05,-0.46875494399999695,0.63199999168,1.4811249968,-0.6249989120000006
1.4191e-05,0.312495104000007,0.63199999168,1.47487499744,-0.6249989120000006
1.4191500000000001e-05,0.312495104000007,0.61949999296,1.47487499744,-0.9374988799999997
1.4192e-05,0.312495104000007,0.61949999296,1.476124997312,-0.9374988799999997
1.41925e-05,0.312495104000007,0.62574999232,1.479874996928,-0.9374988799999997
1.4193000000000001e-05,0.312495104000007,0.61949999296,1.4811249968,-0.6249989120000006
1.41935e-05,0.312495104000007,0.62574999232,1.478624997056,-0.31249894400000144
1.4194000000000002e-05,0.312495104000007,0.62574999232,1.476124997312,-0.6249989120000006
1.4194500000000001e-05,-0.46875494399999695,0.62574999232,1.476124997312,-0.6249989120000006
1.4195e-05,-0.46875494399999695,0.62574999232,1.477374997184,-0.6249989120000006
1.4195500000000002e-05,0.312495104000007,0.62574999232,1.478624997056,-0.31249894400000144
1.4196000000000001e-05,0.312495104000007,0.62574999232,1.4811249968,-0.31249894400000144
1.41965e-05,0.312495104000007,0.62574999232,1.4811249968,-0.9374988799999997
1.4197000000000001e-05,1.0937451519999968,0.61949999296,1.4811249968,-0.9374988799999997
1.4197500000000001e-05,-0.46875494399999695,0.61949999296,1.4811249968,-0.6249989120000006
1.4198e-05,-0.46875494399999695,0.62574999232,1.479874996928,-0.6249989120000006
1.4198500000000001e-05,-0.46875494399999695,0.62574999232,1.476124997312,-0.6249989120000006
1.4199e-05,0.312495104000007,0.63199999168,1.47487499744,-0.6249989120000006
1.41995e-05,-0.46875494399999695,0.62574999232,1.476124997312,-0.9374988799999997
1.4200000000000001e-05,0.312495104000007,0.63199999168,1.477374997184,-0.9374988799999997
1.42005e-05,0.312495104000007,0.61949999296,1.478624997056,-0.9374988799999997
1.4201e-05,-0.46875494399999695,0.62574999232,1.477374997184,-0.6249989120000006
1.4201500000000001e-05,0.312495104000007,0.63199999168,1.477374997184,-0.6249989120000006
1.4202e-05,0.312495104000007,0.62574999232,1.478624997056,-0.6249989120000006
1.4202500000000002e-05,-0.46875494399999695,0.62574999232,1.477374997184,-1.2499988480000006
1.4203000000000001e-05,0.312495104000007,0.62574999232,1.479874996928,-0.9374988799999997
1.42035e-05,0.312495104000007,0.62574999232,1.479874996928,-0.31249894400000144
1.4204000000000002e-05,-0.46875494399999695,0.62574999232,1.478624997056,-0.6249989120000006
1.4204500000000001e-05,1.0937451519999968,0.62574999232,1.479874996928,-0.9374988799999997
1.4205e-05,0.312495104000007,0.61949999296,1.479874996928,-0.9374988799999997
1.4205500000000001e-05,0.312495104000007,0.62574999232,1.479874996928,-0.6249989120000006
1.4206000000000001e-05,-0.46875494399999695,0.63199999168,1.478624997056,-0.31249894400000144
1.42065e-05,0.312495104000007,0.62574999232,1.478624997056,-0.6249989120000006
1.4207000000000001e-05,-0.46875494399999695,0.63199999168,1.476124997312,-0.6249989120000006
1.42075e-05,-0.46875494399999695,0.61949999296,1.477374997184,-0.9374988799999997
1.4208e-05,-1.250004992000001,0.63199999168,1.477374997184,-0.9374988799999997
1.4208500000000001e-05,-0.46875494399999695,0.62574999232,1.479874996928,-0.9374988799999997
1.4209e-05,-0.46875494399999695,0.62574999232,1.479874996928,-0.6249989120000006
1.42095e-05,0.312495104000007,0.62574999232,1.479874996928,-0.31249894400000144
1.4210000000000001e-05,-0.46875494399999695,0.62574999232,1.4823749966720001,-0.9374988799999997
1.42105e-05,-0.46875494399999695,0.61949999296,1.4823749966720001,-0.6249989120000006
1.4211000000000002e-05,-0.46875494399999695,0.62574999232,1.479874996928,-0.9374988799999997
1.4211500000000001e-05,-0.46875494399999695,0.62574999232,1.479874996928,-0.9374988799999997
1.4212e-05,-0.46875494399999695,0.61949999296,1.479874996928,-0.6249989120000006
1.4212500000000002e-05,0.312495104000007,0.61949999296,1.4823749966720001,-0.9374988799999997
1.4213000000000001e-05,0.312495104000007,0.61949999296,1.4823749966720001,-0.6249989120000006
1.42135e-05,-0.46875494399999695,0.62574999232,1.4811249968,-0.6249989120000006
1.4214000000000001e-05,0.312495104000007,0.61949999296,1.479874996928,-0.6249989120000006
1.4214500000000001e-05,0.312495104000007,0.62574999232,1.4811249968,-0.6249989120000006
1.4215e-05,0.312495104000007,0.62574999232,1.478624997056,-0.6249989120000006
1.4215500000000001e-05,0.312495104000007,0.61949999296,1.4811249968,-0.9374988799999997
1.4216e-05,0.312495104000007,0.62574999232,1.4811249968,-0.9374988799999997
1.42165e-05,0.312495104000007,0.61949999296,1.4823749966720001,-0.9374988799999997
1.4217000000000001e-05,-0.46875494399999695,0.61949999296,1.479874996928,-0.6249989120000006
1.42175e-05,0.312495104000007,0.62574999232,1.479874996928,-0.6249989120000006
1.4218e-05,0.312495104000007,0.62574999232,1.476124997312,-0.6249989120000006
1.4218500000000001e-05,-0.46875494399999695,0.62574999232,1.477374997184,-0.6249989120000006
1.4219e-05,-0.46875494399999695,0.62574999232,1.479874996928,-0.6249989120000006
1.4219500000000002e-05,0.312495104000007,0.62574999232,1.4811249968,-0.31249894400000144
1.4220000000000001e-05,-0.46875494399999695,0.62574999232,1.4811249968,-0.6249989120000006
1.42205e-05,-0.46875494399999695,0.63199999168,1.4811249968,-0.9374988799999997
1.4221000000000002e-05,0.312495104000007,0.62574999232,1.478624997056,-0.6249989120000006
1.4221500000000001e-05,0.312495104000007,0.62574999232,1.478624997056,-0.9374988799999997
1.4222e-05,0.312495104000007,0.62574999232,1.4811249968,-0.6249989120000006
1.4222500000000001e-05,0.312495104000007,0.63199999168,1.4811249968,-0.6249989120000006
1.4223000000000001e-05,0.312495104000007,0.63199999168,1.477374997184,-0.6249989120000006
1.42235e-05,0.312495104000007,0.62574999232,1.478624997056,-0.9374988799999997
1.4224000000000001e-05,0.312495104000007,0.61949999296,1.478624997056,-0.6249989120000006
1.42245e-05,0.312495104000007,0.61949999296,1.479874996928,-0.9374988799999997
1.4225e-05,0.312495104000007,0.62574999232,1.478624997056,-0.6249989120000006
1.4225500000000001e-05,0.312495104000007,0.62574999232,1.478624997056,-0.6249989120000006
1.4226e-05,0.312495104000007,0.63199999168,1.479874996928,-0.9374988799999997
1.42265e-05,-0.46875494399999695,0.63199999168,1.479874996928,-0.6249989120000006
1.4227000000000001e-05,0.312495104000007,0.62574999232,1.479874996928,-0.6249989120000006
1.42275e-05,0.312495104000007,0.62574999232,1.479874996928,-0.6249989120000006
1.4228000000000002e-05,-0.46875494399999695,0.62574999232,1.477374997184,-0.9374988799999997
1.4228500000000001e-05,-0.46875494399999695,0.63199999168,1.477374997184,-0.9374988799999997
1.4229e-05,0.312495104000007,0.62574999232,1.476124997312,-0.9374988799999997
1.4229500000000002e-05,0.312495104000007,0.62574999232,1.476124997312,-0.6249989120000006
1.4230000000000001e-05,0.312495104000007,0.62574999232,1.477374997184,-0.6249989120000006
1.42305e-05,0.312495104000007,0.61949999296,1.477374997184,-0.6249989120000006
1.4231000000000001e-05,0.312495104000007,0.63199999168,1.476124997312,-0.6249989120000006
1.4231500000000001e-05,-0.46875494399999695,0.61949999296,1.477374997184,-0.6249989120000006
1.4232e-05,0.312495104000007,0.63199999168,1.476124997312,-0.9374988799999997
1.4232500000000001e-05,0.312495104000007,0.62574999232,1.479874996928,-0.9374988799999997
1.4233e-05,-0.46875494399999695,0.62574999232,1.479874996928,-0.6249989120000006
1.42335e-05,-0.46875494399999695,0.6382499910399999,1.477374997184,-0.6249989120000006
1.4234000000000001e-05,-0.46875494399999695,0.62574999232,1.476124997312,-0.9374988799999997
1.42345e-05,-0.46875494399999695,0.62574999232,1.47487499744,-0.9374988799999997
1.4235e-05,-0.46875494399999695,0.63199999168,1.476124997312,-0.9374988799999997
1.4235500000000001e-05,0.312495104000007,0.62574999232,1.477374997184,-0.6249989120000006
1.4236e-05,0.312495104000007,0.62574999232,1.478624997056,-0.6249989120000006
1.4236500000000002e-05,-0.46875494399999695,0.63199999168,1.479874996928,-0.9374988799999997
1.4237000000000001e-05,0.312495104000007,0.62574999232,1.4811249968,-0.9374988799999997
1.42375e-05,0.312495104000007,0.62574999232,1.478624997056,-0.6249989120000006
1.4238000000000002e-05,0.312495104000007,0.61949999296,1.476124997312,-0.6249989120000006
1.4238500000000001e-05,-0.46875494399999695,0.62574999232,1.478624997056,-0.9374988799999997
1.4239e-05,0.312495104000007,0.62574999232,1.478624997056,-1.2499988480000006
1.4239500000000001e-05,0.312495104000007,0.61949999296,1.478624997056,-0.9374988799999997
1.4240000000000001e-05,0.312495104000007,0.61949999296,1.476124997312,-0.6249989120000006
1.42405e-05,0.312495104000007,0.61949999296,1.477374997184,-0.9374988799999997
1.4241000000000001e-05,-0.46875494399999695,0.62574999232,1.477374997184,-0.9374988799999997
1.42415e-05,0.312495104000007,0.62574999232,1.478624997056,-0.6249989120000006
1.4242e-05,0.312495104000007,0.61949999296,1.478624997056,-0.6249989120000006
1.4242500000000001e-05,1.0937451519999968,0.62574999232,1.476124997312,-0.6249989120000006
1.4243e-05,0.312495104000007,0.62574999232,1.477374997184,-0.6249989120000006
1.42435e-05,0.312495104000007,0.62574999232,1.478624997056,-0.9374988799999997
1.4244000000000001e-05,0.312495104000007,0.61949999296,1.477374997184,-0.9374988799999997
1.42445e-05,0.312495104000007,0.61949999296,1.477374997184,-0.9374988799999997
1.4245000000000002e-05,0.312495104000007,0.61949999296,1.477374997184,-0.9374988799999997
1.4245500000000001e-05,0.312495104000007,0.61949999296,1.477374997184,-0.6249989120000006
1.4246e-05,-0.46875494399999695,0.61949999296,1.478624997056,-0.6249989120000006
1.4246500000000002e-05,-0.46875494399999695,0.61949999296,1.478624997056,-0.9374988799999997
1.4247000000000001e-05,0.312495104000007,0.63199999168,1.479874996928,-0.6249989120000006
1.42475e-05,0.312495104000007,0.62574999232,1.4823749966720001,-0.9374988799999997
1.4248000000000001e-05,0.312495104000007,0.62574999232,1.478624997056,-0.6249989120000006
1.4248500000000001e-05,0.312495104000007,0.62574999232,1.478624997056,-0.9374988799999997
1.4249e-05,-0.46875494399999695,0.61949999296,1.477374997184,-0.6249989120000006
1.4249500000000001e-05,0.312495104000007,0.61949999296,1.477374997184,-0.6249989120000006
1.425e-05,0.312495104000007,0.61949999296,1.476124997312,-0.9374988799999997
1.42505e-05,-0.46875494399999695,0.62574999232,1.477374997184,-0.9374988799999997
1.4251000000000001e-05,0.312495104000007,0.61949999296,1.479874996928,-0.9374988799999997
1.42515e-05,0.312495104000007,0.62574999232,1.479874996928,-0.6249989120000006
1.4252e-05,-0.46875494399999695,0.61949999296,1.4811249968,-0.6249989120000006
1.4252500000000001e-05,-0.46875494399999695,0.62574999232,1.4811249968,-0.9374988799999997
1.4253e-05,0.312495104000007,0.61949999296,1.4811249968,-0.9374988799999997
1.4253500000000002e-05,0.312495104000007,0.62574999232,1.478624997056,-1.2499988480000006
1.4254000000000001e-05,-0.46875494399999695,0.61949999296,1.479874996928,-0.6249989120000006
1.42545e-05,0.312495104000007,0.62574999232,1.4823749966720001,-1.2499988480000006
1.4255000000000002e-05,-0.46875494399999695,0.62574999232,1.4823749966720001,-0.6249989120000006
1.4255500000000001e-05,0.312495104000007,0.61949999296,1.4823749966720001,-0.9374988799999997
1.4256e-05,0.312495104000007,0.61949999296,1.4811249968,-0.9374988799999997
1.4256500000000001e-05,-0.46875494399999695,0.61949999296,1.479874996928,-0.9374988799999997
1.4257000000000001e-05,-1.250004992000001,0.61949999296,1.478624997056,-0.9374988799999997
1.42575e-05,-0.46875494399999695,0.62574999232,1.4811249968,-0.9374988799999997
1.4258000000000001e-05,0.312495104000007,0.62574999232,1.4811249968,-0.9374988799999997
1.42585e-05,-0.46875494399999695,0.63199999168,1.4823749966720001,-0.9374988799999997
1.4259e-05,-0.46875494399999695,0.63199999168,1.4823749966720001,-0.9374988799999997
1.4259500000000001e-05,0.312495104000007,0.62574999232,1.479874996928,-0.6249989120000006
1.426e-05,0.312495104000007,0.62574999232,1.478624997056,-0.6249989120000006
1.42605e-05,-0.46875494399999695,0.62574999232,1.479874996928,-0.9374988799999997
1.4261000000000001e-05,0.312495104000007,0.62574999232,1.479874996928,-0.9374988799999997
1.42615e-05,0.312495104000007,0.62574999232,1.4811249968,-0.6249989120000006
1.4262000000000002e-05,0.312495104000007,0.61949999296,1.478624997056,-0.6249989120000006
1.4262500000000001e-05,1.0937451519999968,0.62574999232,1.479874996928,-0.9374988799999997
1.4263e-05,0.312495104000007,0.63199999168,1.478624997056,-0.9374988799999997
1.4263500000000002e-05,0.312495104000007,0.61949999296,1.479874996928,-0.9374988799999997
1.4264000000000001e-05,0.312495104000007,0.61949999296,1.479874996928,-0.9374988799999997
1.42645e-05,-0.46875494399999695,0.61949999296,1.4823749966720001,-0.9374988799999997
1.4265000000000001e-05,0.312495104000007,0.61949999296,1.479874996928,-0.9374988799999997
1.4265500000000001e-05,0.312495104000007,0.62574999232,1.478624997056,-0.9374988799999997
1.4266e-05,0.312495104000007,0.62574999232,1.478624997056,-0.9374988799999997
1.4266500000000001e-05,0.312495104000007,0.62574999232,1.478624997056,-0.9374988799999997
1.4267e-05,-1.250004992000001,0.62574999232,1.479874996928,-0.9374988799999997
1.42675e-05,0.312495104000007,0.62574999232,1.479874996928,-0.9374988799999997
1.4268000000000001e-05,-0.46875494399999695,0.61949999296,1.479874996928,-0.6249989120000006
1.42685e-05,-0.46875494399999695,0.62574999232,1.479874996928,-0.9374988799999997
1.4269e-05,0.312495104000007,0.62574999232,1.4811249968,-0.6249989120000006
1.4269500000000001e-05,-0.46875494399999695,0.61949999296,1.479874996928,-1.2499988480000006
1.427e-05,-0.46875494399999695,0.61949999296,1.4823749966720001,-0.6249989120000006
1.4270500000000002e-05,-0.46875494399999695,0.62574999232,1.4823749966720001,-0.9374988799999997
1.4271000000000001e-05,-0.46875494399999695,0.63199999168,1.4823749966720001,-0.9374988799999997
1.42715e-05,-0.46875494399999695,0.61949999296,1.4823749966720001,-1.2499988480000006
1.4272000000000002e-05,-1.250004992000001,0.62574999232,1.4823749966720001,-0.9374988799999997
1.4272500000000001e-05,-0.46875494399999695,0.61949999296,1.483624996544,-1.2499988480000006
1.4273e-05,-0.46875494399999695,0.62574999232,1.483624996544,-0.9374988799999997
1.4273500000000001e-05,0.312495104000007,0.62574999232,1.4811249968,-1.2499988480000006
1.4274000000000001e-05,0.312495104000007,0.61949999296,1.479874996928,-1.2499988480000006
1.42745e-05,-0.46875494399999695,0.61949999296,1.4823749966720001,-0.9374988799999997
1.4275000000000001e-05,-0.46875494399999695,0.63199999168,1.479874996928,-0.9374988799999997
1.42755e-05,0.312495104000007,0.62574999232,1.4811249968,-0.6249989120000006
1.4276e-05,-0.46875494399999695,0.61949999296,1.4811249968,-0.9374988799999997
1.4276500000000001e-05,-0.46875494399999695,0.63199999168,1.4823749966720001,-1.2499988480000006
1.4277e-05,-0.46875494399999695,0.62574999232,1.4823749966720001,-1.2499988480000006
1.42775e-05,-0.46875494399999695,0.62574999232,1.4823749966720001,-0.9374988799999997
1.4278000000000001e-05,-0.46875494399999695,0.62574999232,1.479874996928,-0.6249989120000006
1.42785e-05,-0.46875494399999695,0.61949999296,1.4811249968,-0.9374988799999997
1.4279000000000002e-05,0.312495104000007,0.62574999232,1.4823749966720001,-0.9374988799999997
1.4279500000000001e-05,-0.46875494399999695,0.61949999296,1.4823749966720001,-0.9374988799999997
1.428e-05,-1.250004992000001,0.62574999232,1.479874996928,-0.6249989120000006
1.4280500000000002e-05,-0.46875494399999695,0.61949999296,1.4811249968,-0.9374988799999997
1.4281000000000001e-05,-0.46875494399999695,0.61949999296,1.4811249968,-0.9374988799999997
1.42815e-05,-0.46875494399999695,0.62574999232,1.4811249968,-0.9374988799999997
1.4282000000000001e-05,0.312495104000007,0.62574999232,1.4823749966720001,-0.6249989120000006
1.4282500000000001e-05,-0.46875494399999695,0.62574999232,1.4823749966720001,-0.9374988799999997
1.4283e-05,-0.46875494399999695,0.62574999232,1.4823749966720001,-0.9374988799999997
1.4283500000000001e-05,0.312495104000007,0.62574999232,1.4823749966720001,-0.6249989120000006
1.4284e-05,-0.46875494399999695,0.61949999296,1.479874996928,-0.6249989120000006
1.42845e-05,0.312495104000007,0.63199999168,1.479874996928,-0.9374988799999997
1.4285000000000001e-05,0.312495104000007,0.62574999232,1.4811249968,-0.9374988799999997
1.42855e-05,-0.46875494399999695,0.62574999232,1.4823749966720001,-1.2499988480000006
1.4286e-05,-0.46875494399999695,0.61949999296,1.4811249968,-0.6249989120000006
1.4286500000000001e-05,-0.46875494399999695,0.62574999232,1.478624997056,-0.6249989120000006
1.4287e-05,0.312495104000007,0.63199999168,1.477374997184,-0.9374988799999997
1.4287500000000002e-05,0.312495104000007,0.61949999296,1.478624997056,-0.9374988799999997
1.4288000000000001e-05,-0.46875494399999695,0.61949999296,1.478624997056,-0.9374988799999997
1.42885e-05,-0.46875494399999695,0.61949999296,1.4823749966720001,-1.2499988480000006
1.4289000000000002e-05,-0.46875494399999695,0.61949999296,1.4823749966720001,-0.9374988799999997
1.4289500000000001e-05,-0.46875494399999695,0.61949999296,1.483624996544,-0.9374988799999997
1.429e-05,0.312495104000007,0.61949999296,1.4811249968,-0.9374988799999997
1.4290500000000001e-05,-0.46875494399999695,0.61949999296,1.4823749966720001,-0.9374988799999997
1.4291000000000001e-05,-0.46875494399999695,0.62574999232,1.4811249968,-0.9374988799999997
1.42915e-05,0.312495104000007,0.61949999296,1.4811249968,-0.9374988799999997
1.4292000000000001e-05,-0.46875494399999695,0.61949999296,1.479874996928,-0.6249989120000006
1.42925e-05,-0.46875494399999695,0.62574999232,1.479874996928,-0.9374988799999997
1.4293e-05,0.312495104000007,0.62574999232,1.4811249968,-0.9374988799999997
1.4293500000000001e-05,-0.46875494399999695,0.61949999296,1.483624996544,-0.9374988799999997
1.4294e-05,-0.46875494399999695,0.62574999232,1.4823749966720001,-0.6249989120000006
1.42945e-05,0.312495104000007,0.62574999232,1.4811249968,-0.9374988799999997
1.4295000000000001e-05,-0.46875494399999695,0.63199999168,1.4811249968,-0.9374988799999997
1.42955e-05,-0.46875494399999695,0.61949999296,1.483624996544,-0.9374988799999997
1.4296000000000002e-05,-1.250004992000001,0.62574999232,1.4811249968,-0.9374988799999997
1.4296500000000001e-05,-0.46875494399999695,0.61949999296,1.483624996544,-0.9374988799999997
1.4297e-05,-1.250004992000001,0.62574999232,1.4823749966720001,-0.6249989120000006
1.4297500000000002e-05,0.312495104000007,0.62574999232,1.479874996928,-0.9374988799999997
1.4298000000000001e-05,0.312495104000007,0.62574999232,1.477374997184,-0.9374988799999997
1.42985e-05,0.312495104000007,0.62574999232,1.479874996928,-0.9374988799999997
1.4299000000000002e-05,-0.46875494399999695,0.62574999232,1.4823749966720001,-0.9374988799999997
1.4299500000000001e-05,0.312495104000007,0.62574999232,1.4823749966720001,-0.6249989120000006
1.43e-05,-0.46875494399999695,0.61949999296,1.4823749966720001,-0.9374988799999997
1.4300500000000001e-05,-0.46875494399999695,0.62574999232,1.484874996416,-0.9374988799999997
1.4301e-05,0.312495104000007,0.62574999232,1.4823749966720001,-0.6249989120000006
1.43015e-05,0.312495104000007,0.62574999232,1.4811249968,-0.9374988799999997
1.4302000000000001e-05,-0.46875494399999695,0.61949999296,1.479874996928,-0.9374988799999997
1.43025e-05,0.312495104000007,0.61949999296,1.4811249968,-0.9374988799999997
1.4303e-05,-0.46875494399999695,0.62574999232,1.4811249968,-0.6249989120000006
1.4303500000000001e-05,0.312495104000007,0.62574999232,1.4823749966720001,-0.9374988799999997
1.4304e-05,0.312495104000007,0.61949999296,1.479874996928,-0.9374988799999997
1.4304500000000002e-05,-0.46875494399999695,0.61949999296,1.4811249968,-1.2499988480000006
1.4305000000000001e-05,-0.46875494399999695,0.62574999232,1.4823749966720001,-0.9374988799999997
1.43055e-05,0.312495104000007,0.62574999232,1.483624996544,-1.2499988480000006
1.4306000000000002e-05,0.312495104000007,0.62574999232,1.4823749966720001,-0.9374988799999997
1.4306500000000001e-05,-0.46875494399999695,0.62574999232,1.4811249968,-0.9374988799999997
1.4307e-05,0.312495104000007,0.62574999232,1.4811249968,-0.9374988799999997
1.4307500000000002e-05,0.312495104000007,0.62574999232,1.4823749966720001,-0.9374988799999997
1.4308000000000001e-05,-1.250004992000001,0.61949999296,1.4811249968,-0.6249989120000006
1.43085e-05,-0.46875494399999695,0.62574999232,1.4823749966720001,-1.2499988480000006
1.4309000000000001e-05,0.312495104000007,0.62574999232,1.4811249968,-0.9374988799999997
1.43095e-05,-0.46875494399999695,0.61949999296,1.4811249968,-1.2499988480000006
1.431e-05,-0.46875494399999695,0.62574999232,1.479874996928,-0.9374988799999997
1.4310500000000001e-05,0.312495104000007,0.62574999232,1.4811249968,-0.9374988799999997
1.4311e-05,-0.46875494399999695,0.62574999232,1.4811249968,-0.9374988799999997
1.43115e-05,-0.46875494399999695,0.61949999296,1.4823749966720001,-0.9374988799999997
1.4312000000000001e-05,0.312495104000007,0.62574999232,1.479874996928,-0.9374988799999997
1.43125e-05,0.312495104000007,0.61949999296,1.479874996928,-0.9374988799999997
1.4313000000000002e-05,0.312495104000007,0.62574999232,1.4811249968,-0.9374988799999997
1.4313500000000001e-05,0.312495104000007,0.62574999232,1.483624996544,-0.9374988799999997
1.4314e-05,-0.46875494399999695,0.62574999232,1.4823749966720001,-1.2499988480000006
1.4314500000000002e-05,-0.46875494399999695,0.62574999232,1.477374997184,-0.9374988799999997
1.4315000000000001e-05,0.312495104000007,0.62574999232,1.478624997056,-0.9374988799999997
1.43155e-05,0.312495104000007,0.61949999296,1.4811249968,-1.2499988480000006
1.4316000000000002e-05,0.312495104000007,0.61949999296,1.479874996928,-0.9374988799999997
1.4316500000000001e-05,0.312495104000007,0.62574999232,1.478624997056,-0.9374988799999997
1.4317e-05,0.312495104000007,0.62574999232,1.478624997056,-0.9374988799999997
1.4317500000000001e-05,0.312495104000007,0.61949999296,1.478624997056,-0.9374988799999997
1.4318e-05,-0.46875494399999695,0.61949999296,1.478624997056,-0.9374988799999997
1.43185e-05,0.312495104000007,0.62574999232,1.4811249968,-0.9374988799999997
1.4319000000000001e-05,-0.46875494399999695,0.62574999232,1.4811249968,-0.9374988799999997
1.43195e-05,0.312495104000007,0.61949999296,1.483624996544,-1.2499988480000006
1.432e-05,-0.46875494399999695,0.61949999296,1.484874996416,-1.2499988480000006
1.4320500000000001e-05,0.312495104000007,0.62574999232,1.486124996288,-1.2499988480000006
1.4321e-05,-0.46875494399999695,0.61949999296,1.4823749966720001,-0.9374988799999997
1.4321500000000002e-05,0.312495104000007,0.61949999296,1.4811249968,-0.9374988799999997
1.4322000000000001e-05,0.312495104000007,0.62574999232,1.479874996928,-0.9374988799999997
1.43225e-05,0.312495104000007,0.61949999296,1.478624997056,-1.2499988480000006
1.4323000000000002e-05,0.312495104000007,0.62574999232,1.4811249968,-0.9374988799999997
1.4323500000000001e-05,0.312495104000007,0.62574999232,1.4823749966720001,-0.6249989120000006
1.4324e-05,-0.46875494399999695,0.62574999232,1.479874996928,-0.6249989120000006
1.4324500000000002e-05,0.312495104000007,0.61949999296,1.4811249968,-0.9374988799999997
1.4325000000000001e-05,0.312495104000007,0.62574999232,1.4823749966720001,-0.9374988799999997
1.43255e-05,0.312495104000007,0.62574999232,1.4823749966720001,-0.9374988799999997
1.4326000000000001e-05,0.312495104000007,0.61949999296,1.483624996544,-0.6249989120000006
1.43265e-05,-0.46875494399999695,0.62574999232,1.4823749966720001,-0.9374988799999997
1.4327e-05,0.312495104000007,0.62574999232,1.4811249968,-0.9374988799999997
1.4327500000000001e-05,1.0937451519999968,0.62574999232,1.4811249968,-0.9374988799999997
1.4328e-05,0.312495104000007,0.61949999296,1.479874996928,-0.9374988799999997
1.43285e-05,0.312495104000007,0.62574999232,1.483624996544,-1.2499988480000006
1.4329000000000001e-05,0.312495104000007,0.62574999232,1.4811249968,-0.9374988799999997
1.43295e-05,0.312495104000007,0.62574999232,1.4811249968,-0.9374988799999997
1.4330000000000002e-05,1.0937451519999968,0.62574999232,1.4811249968,-0.9374988799999997
1.4330500000000001e-05,0.312495104000007,0.62574999232,1.4811249968,-0.9374988799999997
1.4331e-05,0.312495104000007,0.63199999168,1.4823749966720001,-0.9374988799999997
1.4331500000000002e-05,0.312495104000007,0.61949999296,1.4811249968,-0.9374988799999997
1.4332000000000001e-05,0.312495104000007,0.62574999232,1.478624997056,-0.9374988799999997
1.43325e-05,-0.46875494399999695,0.62574999232,1.4811249968,-1.2499988480000006
1.4333000000000002e-05,0.312495104000007,0.61949999296,1.4823749966720001,-0.9374988799999997
1.4333500000000001e-05,-0.46875494399999695,0.62574999232,1.4811249968,-1.2499988480000006
1.4334e-05,-0.46875494399999695,0.62574999232,1.4823749966720001,-0.9374988799999997
1.4334500000000001e-05,0.312495104000007,0.62574999232,1.4823749966720001,-1.2499988480000006
1.4335e-05,0.312495104000007,0.63199999168,1.4811249968,-1.2499988480000006
1.43355e-05,0.312495104000007,0.61949999296,1.4823749966720001,-0.9374988799999997
1.4336000000000001e-05,0.312495104000007,0.63199999168,1.4811249968,-1.2499988480000006
1.43365e-05,0.312495104000007,0.61949999296,1.483624996544,-1.2499988480000006
1.4337e-05,0.312495104000007,0.62574999232,1.483624996544,-1.2499988480000006
1.4337500000000001e-05,0.312495104000007,0.62574999232,1.483624996544,-1.2499988480000006
1.4338e-05,0.312495104000007,0.62574999232,1.4811249968,-0.9374988799999997
1.4338500000000002e-05,-0.46875494399999695,0.61949999296,1.4811249968,-1.2499988480000006
1.4339000000000001e-05,0.312495104000007,0.62574999232,1.478624997056,-0.9374988799999997
1.43395e-05,0.312495104000007,0.62574999232,1.4811249968,-1.2499988480000006
1.4340000000000002e-05,0.312495104000007,0.63199999168,1.4823749966720001,-0.6249989120000006
1.4340500000000001e-05,-0.46875494399999695,0.63199999168,1.484874996416,-0.9374988799999997
1.4341e-05,0.312495104000007,0.62574999232,1.4823749966720001,-0.9374988799999997
1.4341500000000002e-05,0.312495104000007,0.62574999232,1.4823749966720001,-1.2499988480000006
1.4342000000000001e-05,-0.46875494399999695,0.62574999232,1.4823749966720001,-0.9374988799999997
1.43425e-05,0.312495104000007,0.62574999232,1.483624996544,-0.9374988799999997
1.4343000000000001e-05,-0.46875494399999695,0.62574999232,1.4823749966720001,-1.2499988480000006
1.43435e-05,0.312495104000007,0.61949999296,1.4823749966720001,-1.2499988480000006
1.4344e-05,0.312495104000007,0.62574999232,1.479874996928,-0.9374988799999997
1.4344500000000001e-05,-0.46875494399999695,0.61949999296,1.4811249968,-1.2499988480000006
1.4345e-05,0.312495104000007,0.61949999296,1.478624997056,-1.2499988480000006
1.43455e-05,0.312495104000007,0.62574999232,1.478624997056,-1.2499988480000006
1.4346000000000001e-05,0.312495104000007,0.62574999232,1.479874996928,-1.2499988480000006
1.43465e-05,-0.46875494399999695,0.62574999232,1.479874996928,-1.2499988480000006
1.4347000000000002e-05,0.312495104000007,0.62574999232,1.479874996928,-1.2499988480000006
1.4347500000000001e-05,0.312495104000007,0.61949999296,1.4811249968,-0.9374988799999997
1.4348e-05,0.312495104000007,0.62574999232,1.478624997056,-1.2499988480000006
1.4348500000000002e-05,0.312495104000007,0.63199999168,1.4811249968,-0.9374988799999997
1.4349000000000001e-05,0.312495104000007,0.62574999232,1.483624996544,-0.9374988799999997
1.43495e-05,-0.46875494399999695,0.61949999296,1.4823749966720001,-0.9374988799999997
1.4350000000000002e-05,0.312495104000007,0.61949999296,1.478624997056,-0.9374988799999997
1.4350500000000001e-05,-0.46875494399999695,0.62574999232,1.479874996928,-1.2499988480000006
1.4351e-05,-0.46875494399999695,0.62574999232,1.479874996928,-1.2499988480000006
1.4351500000000001e-05,0.312495104000007,0.61949999296,1.4811249968,-1.2499988480000006
1.4352e-05,0.312495104000007,0.61949999296,1.479874996928,-1.2499988480000006
1.43525e-05,-0.46875494399999695,0.61949999296,1.4823749966720001,-1.5624988160000015
1.4353000000000001e-05,-0.46875494399999695,0.62574999232,1.479874996928,-0.9374988799999997
1.43535e-05,-0.46875494399999695,0.63199999168,1.4811249968,-0.9374988799999997
1.4354e-05,-0.46875494399999695,0.62574999232,1.4811249968,-0.9374988799999997
1.4354500000000001e-05,-0.46875494399999695,0.62574999232,1.479874996928,-1.2499988480000006
1.4355e-05,-0.46875494399999695,0.62574999232,1.479874996928,-1.2499988480000006
1.4355500000000002e-05,0.312495104000007,0.62574999232,1.479874996928,-0.9374988799999997
1.4356000000000001e-05,-0.46875494399999695,0.62574999232,1.478624997056,-1.2499988480000006
1.43565e-05,0.312495104000007,0.61949999296,1.479874996928,-1.2499988480000006
1.4357000000000002e-05,0.312495104000007,0.61949999296,1.477374997184,-1.2499988480000006
1.4357500000000001e-05,0.312495104000007,0.61949999296,1.477374997184,-1.2499988480000006
1.4358e-05,0.312495104000007,0.61949999296,1.479874996928,-0.9374988799999997
1.4358500000000002e-05,0.312495104000007,0.62574999232,1.4823749966720001,-1.2499988480000006
1.4359000000000001e-05,-0.46875494399999695,0.63199999168,1.4823749966720001,-1.2499988480000006
1.43595e-05,-0.46875494399999695,0.61949999296,1.4823749966720001,-1.2499988480000006
1.4360000000000001e-05,-0.46875494399999695,0.61949999296,1.4823749966720001,-1.2499988480000006
1.43605e-05,-0.46875494399999695,0.62574999232,1.483624996544,-1.2499988480000006
1.4361e-05,0.312495104000007,0.61949999296,1.4811249968,-0.9374988799999997
1.4361500000000001e-05,0.312495104000007,0.62574999232,1.4811249968,-1.2499988480000006
1.4362e-05,0.312495104000007,0.62574999232,1.479874996928,-1.2499988480000006
1.43625e-05,0.312495104000007,0.62574999232,1.479874996928,-1.2499988480000006
1.4363000000000001e-05,0.312495104000007,0.63199999168,1.479874996928,-0.9374988799999997
1.43635e-05,0.312495104000007,0.61949999296,1.478624997056,-1.2499988480000006
1.4364000000000002e-05,-0.46875494399999695,0.61949999296,1.478624997056,-0.9374988799999997
1.4364500000000001e-05,0.312495104000007,0.61949999296,1.4811249968,-1.5624988160000015
1.4365e-05,0.312495104000007,0.62574999232,1.4811249968,-1.2499988480000006
1.4365500000000002e-05,0.312495104000007,0.62574999232,1.4823749966720001,-1.2499988480000006
1.4366000000000001e-05,0.312495104000007,0.62574999232,1.483624996544,-0.9374988799999997
1.43665e-05,0.312495104000007,0.62574999232,1.4823749966720001,-1.2499988480000006
1.4367000000000002e-05,0.312495104000007,0.62574999232,1.4811249968,-1.2499988480000006
1.4367500000000001e-05,0.312495104000007,0.61949999296,1.4811249968,-1.2499988480000006
1.4368e-05,0.312495104000007,0.62574999232,1.478624997056,-1.2499988480000006
1.4368500000000001e-05,0.312495104000007,0.61949999296,1.4811249968,-1.5624988160000015
1.4369e-05,0.312495104000007,0.63199999168,1.4823749966720001,-1.2499988480000006
1.43695e-05,0.312495104000007,0.62574999232,1.4823749966720001,-1.2499988480000006
1.4370000000000001e-05,0.312495104000007,0.61949999296,1.483624996544,-1.2499988480000006
1.43705e-05,0.312495104000007,0.62574999232,1.4823749966720001,-1.5624988160000015
1.4371e-05,0.312495104000007,0.62574999232,1.479874996928,-0.9374988799999997
1.4371500000000001e-05,0.312495104000007,0.62574999232,1.4811249968,-1.2499988480000006
1.4372e-05,-0.46875494399999695,0.62574999232,1.478624997056,-0.9374988799999997
1.4372500000000002e-05,-0.46875494399999695,0.61949999296,1.4811249968,-1.2499988480000006
1.4373000000000001e-05,0.312495104000007,0.62574999232,1.478624997056,-0.9374988799999997
1.43735e-05,0.312495104000007,0.62574999232,1.478624997056,-1.2499988480000006
1.4374000000000002e-05,0.312495104000007,0.61949999296,1.478624997056,-1.2499988480000006
1.4374500000000001e-05,0.312495104000007,0.62574999232,1.479874996928,-1.2499988480000006
1.4375e-05,0.312495104000007,0.63199999168,1.4811249968,-1.2499988480000006
1.4375500000000002e-05,0.312495104000007,0.61949999296,1.4811249968,-1.5624988160000015
1.4376000000000001e-05,-0.46875494399999695,0.61949999296,1.476124997312,-1.2499988480000006
1.43765e-05,0.312495104000007,0.62574999232,1.479874996928,-1.2499988480000006
1.4377000000000001e-05,0.312495104000007,0.62574999232,1.4823749966720001,-1.2499988480000006
1.43775e-05,0.312495104000007,0.62574999232,1.4823749966720001,-1.2499988480000006
1.4378e-05,0.312495104000007,0.62574999232,1.478624997056,-0.9374988799999997
1.4378500000000001e-05,-0.46875494399999695,0.61949999296,1.479874996928,-1.5624988160000015
1.4379e-05,-0.46875494399999695,0.61949999296,1.479874996928,-0.9374988799999997
1.43795e-05,0.312495104000007,0.61949999296,1.478624997056,-1.2499988480000006
1.4380000000000001e-05,-0.46875494399999695,0.62574999232,1.478624997056,-1.2499988480000006
1.43805e-05,-0.46875494399999695,0.61949999296,1.4811249968,-0.9374988799999997
1.4381000000000002e-05,0.312495104000007,0.62574999232,1.484874996416,-1.2499988480000006
1.4381500000000001e-05,-0.46875494399999695,0.63199999168,1.483624996544,-1.2499988480000006
1.4382e-05,-0.46875494399999695,0.62574999232,1.479874996928,-1.2499988480000006
1.4382500000000002e-05,-0.46875494399999695,0.62574999232,1.478624997056,-0.9374988799999997
1.4383000000000001e-05,0.312495104000007,0.62574999232,1.478624997056,-1.2499988480000006
1.43835e-05,0.312495104000007,0.61949999296,1.478624997056,-1.2499988480000006
1.4384000000000002e-05,0.312495104000007,0.61949999296,1.479874996928,-1.2499988480000006
1.4384500000000001e-05,0.312495104000007,0.61949999296,1.4823749966720001,-1.2499988480000006
1.4385e-05,0.312495104000007,0.61949999296,1.483624996544,-1.2499988480000006
1.4385500000000001e-05,-0.46875494399999695,0.63199999168,1.4823749966720001,-1.2499988480000006
1.4386e-05,0.312495104000007,0.63199999168,1.4811249968,-1.2499988480000006
1.43865e-05,-1.250004992000001,0.62574999232,1.478624997056,-1.2499988480000006
1.4387000000000001e-05,-0.46875494399999695,0.62574999232,1.478624997056,-1.2499988480000006
1.43875e-05,0.312495104000007,0.61949999296,1.479874996928,-1.2499988480000006
1.4388e-05,-0.46875494399999695,0.62574999232,1.478624997056,-1.2499988480000006
1.4388500000000001e-05,0.312495104000007,0.63199999168,1.4811249968,-1.2499988480000006
1.4389e-05,0.312495104000007,0.62574999232,1.4811249968,-0.9374988799999997
1.4389500000000002e-05,0.312495104000007,0.62574999232,1.479874996928,-1.2499988480000006
1.4390000000000001e-05,0.312495104000007,0.62574999232,1.478624997056,-1.2499988480000006
1.43905e-05,-0.46875494399999695,0.62574999232,1.479874996928,-1.2499988480000006
1.4391000000000002e-05,0.312495104000007,0.62574999232,1.479874996928,-0.9374988799999997
1.4391500000000001e-05,-0.46875494399999695,0.62574999232,1.4823749966720001,-1.2499988480000006
1.4392e-05,0.312495104000007,0.61949999296,1.4811249968,-0.9374988799999997
1.4392500000000002e-05,-0.46875494399999695,0.62574999232,1.4823749966720001,-1.5624988160000015
1.4393000000000001e-05,-0.46875494399999695,0.61949999296,1.4823749966720001,-1.2499988480000006
1.43935e-05,-0.46875494399999695,0.61949999296,1.4823749966720001,-1.2499988480000006
1.4394000000000001e-05,0.312495104000007,0.62574999232,1.4811249968,-1.2499988480000006
1.43945e-05,-0.46875494399999695,0.63199999168,1.4823749966720001,-1.5624988160000015
1.4395e-05,-0.46875494399999695,0.62574999232,1.4823749966720001,-0.9374988799999997
1.4395500000000001e-05,-0.46875494399999695,0.62574999232,1.483624996544,-0.9374988799999997
1.4396e-05,-0.46875494399999695,0.61949999296,1.4823749966720001,-1.2499988480000006
1.43965e-05,-0.46875494399999695,0.61949999296,1.4811249968,-1.2499988480000006
1.4397000000000001e-05,0.312495104000007,0.61949999296,1.478624997056,-1.2499988480000006
1.43975e-05,-0.46875494399999695,0.62574999232,1.478624997056,-1.2499988480000006
1.4398000000000002e-05,-0.46875494399999695,0.62574999232,1.4823749966720001,-0.9374988799999997
1.4398500000000001e-05,0.312495104000007,0.63199999168,1.483624996544,-1.2499988480000006
1.4399e-05,-0.46875494399999695,0.62574999232,1.4823749966720001,-0.9374988799999997
1.4399500000000002e-05,-0.46875494399999695,0.61949999296,1.4823749966720001,-1.2499988480000006
1.4400000000000001e-05,0.312495104000007,0.61949999296,1.4811249968,-0.9374988799999997
1.44005e-05,-0.46875494399999695,0.61949999296,1.483624996544,-1.2499988480000006
1.4401000000000002e-05,0.312495104000007,0.61949999296,1.4823749966720001,-1.2499988480000006
1.4401500000000001e-05,0.312495104000007,0.61949999296,1.483624996544,-0.9374988799999997
1.4402e-05,0.312495104000007,0.62574999232,1.4811249968,-1.2499988480000006
1.4402500000000001e-05,-0.46875494399999695,0.62574999232,1.4823749966720001,-1.2499988480000006
1.4403e-05,-0.46875494399999695,0.62574999232,1.4823749966720001,-0.9374988799999997
1.44035e-05,0.312495104000007,0.63199999168,1.4823749966720001,-0.9374988799999997
1.4404000000000001e-05,-0.46875494399999695,0.63199999168,1.4823749966720001,-1.2499988480000006
1.44045e-05,0.312495104000007,0.62574999232,1.484874996416,-1.2499988480000006
1.4405e-05,-0.46875494399999695,0.62574999232,1.484874996416,-1.2499988480000006
1.4405500000000001e-05,-0.46875494399999695,0.62574999232,1.4823749966720001,-1.2499988480000006
1.4406e-05,-0.46875494399999695,0.61949999296,1.4823749966720001,-0.9374988799999997
1.4406500000000002e-05,0.312495104000007,0.63199999168,1.4823749966720001,-0.9374988799999997
1.4407000000000001e-05,0.312495104000007,0.62574999232,1.483624996544,-1.2499988480000006
1.44075e-05,0.312495104000007,0.62574999232,1.483624996544,-1.2499988480000006
1.4408000000000002e-05,0.312495104000007,0.62574999232,1.4811249968,-1.2499988480000006
1.4408500000000001e-05,-0.46875494399999695,0.62574999232,1.4823749966720001,-1.2499988480000006
1.4409e-05,0.312495104000007,0.62574999232,1.4811249968,-1.2499988480000006
1.4409500000000002e-05,0.312495104000007,0.62574999232,1.4823749966720001,-1.2499988480000006
1.4410000000000001e-05,-0.46875494399999695,0.62574999232,1.4811249968,-1.2499988480000006
1.44105e-05,0.312495104000007,0.61949999296,1.4823749966720001,-1.5624988160000015
1.4411000000000001e-05,-0.46875494399999695,0.61949999296,1.4811249968,-1.2499988480000006
1.4411500000000001e-05,0.312495104000007,0.61949999296,1.4811249968,-1.2499988480000006
1.4412e-05,0.312495104000007,0.62574999232,1.479874996928,-1.2499988480000006
1.4412500000000001e-05,1.0937451519999968,0.61949999296,1.4811249968,-0.9374988799999997
1.4413e-05,0.312495104000007,0.62574999232,1.4811249968,-0.9374988799999997
1.44135e-05,-0.46875494399999695,0.62574999232,1.478624997056,-1.2499988480000006
1.4414000000000001e-05,0.312495104000007,0.62574999232,1.4811249968,-0.9374988799999997
1.44145e-05,0.312495104000007,0.63199999168,1.4823749966720001,-1.2499988480000006
1.4415e-05,-0.46875494399999695,0.63199999168,1.4811249968,-0.9374988799999997
1.4415500000000001e-05,-0.46875494399999695,0.62574999232,1.478624997056,-1.5624988160000015
1.4416e-05,0.312495104000007,0.63199999168,1.477374997184,-1.2499988480000006
1.4416500000000002e-05,0.312495104000007,0.61949999296,1.4811249968,-1.5624988160000015
1.4417000000000001e-05,0.312495104000007,0.61949999296,1.4823749966720001,-1.2499988480000006
1.44175e-05,-0.46875494399999695,0.62574999232,1.4823749966720001,-1.2499988480000006
1.4418000000000002e-05,0.312495104000007,0.61949999296,1.4823749966720001,-1.2499988480000006
1.4418500000000001e-05,0.312495104000007,0.61949999296,1.4823749966720001,-1.2499988480000006
1.4419e-05,-0.46875494399999695,0.62574999232,1.4811249968,-1.2499988480000006
1.4419500000000001e-05,0.312495104000007,0.63199999168,1.477374997184,-1.2499988480000006
1.4420000000000001e-05,0.312495104000007,0.62574999232,1.478624997056,-1.2499988480000006
1.44205e-05,-0.46875494399999695,0.63199999168,1.479874996928,-1.2499988480000006
1.4421000000000001e-05,-0.46875494399999695,0.62574999232,1.4811249968,-1.2499988480000006
1.44215e-05,0.312495104000007,0.62574999232,1.479874996928,-1.2499988480000006
1.4422e-05,-0.46875494399999695,0.61949999296,1.4823749966720001,-1.5624988160000015
1.4422500000000001e-05,0.312495104000007,0.63199999168,1.483624996544,-1.5624988160000015
1.4423e-05,0.312495104000007,0.63199999168,1.4823749966720001,-1.5624988160000015
1.44235e-05,-0.46875494399999695,0.61949999296,1.483624996544,-1.5624988160000015
1.4424000000000001e-05,0.312495104000007,0.61949999296,1.4823749966720001,-1.2499988480000006
1.44245e-05,-0.46875494399999695,0.61949999296,1.486124996288,-1.5624988160000015
1.4425000000000002e-05,0.312495104000007,0.62574999232,1.4823749966720001,-1.2499988480000006
1.4425500000000001e-05,0.312495104000007,0.63199999168,1.4823749966720001,-1.2499988480000006
1.4426e-05,0.312495104000007,0.62574999232,1.4823749966720001,-0.9374988799999997
1.4426500000000002e-05,-0.46875494399999695,0.62574999232,1.4823749966720001,-1.5624988160000015
1.4427000000000001e-05,-0.46875494399999695,0.62574999232,1.483624996544,-1.2499988480000006
1.44275e-05,0.312495104000007,0.62574999232,1.483624996544,-0.9374988799999997
1.4428000000000001e-05,-0.46875494399999695,0.62574999232,1.4811249968,-0.9374988799999997
1.4428500000000001e-05,0.312495104000007,0.62574999232,1.4811249968,-1.2499988480000006
1.4429e-05,-0.46875494399999695,0.62574999232,1.4811249968,-1.2499988480000006
1.4429500000000001e-05,-0.46875494399999695,0.62574999232,1.4811249968,-1.2499988480000006
1.443e-05,0.312495104000007,0.62574999232,1.483624996544,-1.2499988480000006
1.44305e-05,0.312495104000007,0.62574999232,1.4823749966720001,-1.2499988480000006
1.4431000000000001e-05,0.312495104000007,0.62574999232,1.4811249968,-1.2499988480000006
1.44315e-05,-0.46875494399999695,0.62574999232,1.4823749966720001,-1.2499988480000006
1.4432e-05,0.312495104000007,0.61949999296,1.4823749966720001,-1.5624988160000015
1.4432500000000001e-05,-0.46875494399999695,0.61949999296,1.483624996544,-1.8749987840000006
1.4433e-05,-0.46875494399999695,0.61949999296,1.4823749966720001,-1.5624988160000015
1.4433500000000002e-05,-0.46875494399999695,0.63199999168,1.4823749966720001,-1.2499988480000006
1.4434000000000001e-05,0.312495104000007,0.62574999232,1.4823749966720001,-1.2499988480000006
1.44345e-05,0.312495104000007,0.62574999232,1.4823749966720001,-0.9374988799999997
1.4435000000000002e-05,1.0937451519999968,0.62574999232,1.4823749966720001,-1.2499988480000006
1.4435500000000001e-05,0.312495104000007,0.62574999232,1.486124996288,-0.9374988799999997
1.4436e-05,0.312495104000007,0.62574999232,1.486124996288,-1.2499988480000006
1.4436500000000001e-05,-0.46875494399999695,0.62574999232,1.484874996416,-1.2499988480000006
1.4437000000000001e-05,-0.46875494399999695,0.63199999168,1.484874996416,-1.2499988480000006
1.44375e-05,0.312495104000007,0.62574999232,1.486124996288,-1.2499988480000006
1.4438000000000001e-05,0.312495104000007,0.61949999296,1.483624996544,-1.2499988480000006
1.44385e-05,0.312495104000007,0.63199999168,1.4823749966720001,-1.2499988480000006
1.4439e-05,0.312495104000007,0.63199999168,1.4811249968,-1.5624988160000015
1.4439500000000001e-05,0.312495104000007,0.62574999232,1.4823749966720001,-1.5624988160000015
1.444e-05,0.312495104000007,0.61949999296,1.477374997184,-1.2499988480000006
1.44405e-05,0.312495104000007,0.61949999296,1.479874996928,-1.2499988480000006
1.4441000000000001e-05,0.312495104000007,0.62574999232,1.479874996928,-1.2499988480000006
1.44415e-05,-0.46875494399999695,0.62574999232,1.4811249968,-1.2499988480000006
1.4442000000000002e-05,-0.46875494399999695,0.63199999168,1.478624997056,-1.2499988480000006
1.4442500000000001e-05,-0.46875494399999695,0.62574999232,1.477374997184,-1.5624988160000015
1.4443e-05,0.312495104000007,0.62574999232,1.479874996928,-1.5624988160000015
1.4443500000000002e-05,-0.46875494399999695,0.62574999232,1.4811249968,-1.2499988480000006
1.4444000000000001e-05,-0.46875494399999695,0.61949999296,1.4823749966720001,-1.2499988480000006
1.44445e-05,-0.46875494399999695,0.63199999168,1.486124996288,-1.5624988160000015
1.4445000000000001e-05,0.312495104000007,0.62574999232,1.484874996416,-1.2499988480000006
1.4445500000000001e-05,0.312495104000007,0.62574999232,1.4823749966720001,-1.2499988480000006
1.4446e-05,-0.46875494399999695,0.61949999296,1.483624996544,-1.2499988480000006
1.4446500000000001e-05,1.0937451519999968,0.61949999296,1.4823749966720001,-1.2499988480000006
1.4447e-05,0.312495104000007,0.63199999168,1.4811249968,-1.5624988160000015
1.44475e-05,0.312495104000007,0.62574999232,1.4823749966720001,-1.5624988160000015
1.4448000000000001e-05,0.312495104000007,0.62574999232,1.483624996544,-1.5624988160000015
1.44485e-05,-0.46875494399999695,0.61949999296,1.484874996416,-1.5624988160000015
1.4449e-05,0.312495104000007,0.62574999232,1.4811249968,-1.2499988480000006
1.4449500000000001e-05,0.312495104000007,0.62574999232,1.4823749966720001,-1.2499988480000006
1.445e-05,0.312495104000007,0.63199999168,1.483624996544,-1.2499988480000006
1.4450500000000002e-05,0.312495104000007,0.63199999168,1.486124996288,-1.2499988480000006
1.4451000000000001e-05,0.312495104000007,0.62574999232,1.4823749966720001,-1.2499988480000006
1.44515e-05,0.312495104000007,0.62574999232,1.4811249968,-1.5624988160000015
1.4452000000000002e-05,-0.46875494399999695,0.61949999296,1.4811249968,-1.5624988160000015
1.4452500000000001e-05,0.312495104000007,0.61949999296,1.4823749966720001,-1.5624988160000015
1.4453e-05,0.312495104000007,0.62574999232,1.4823749966720001,-1.2499988480000006
1.4453500000000001e-05,-0.46875494399999695,0.62574999232,1.4823749966720001,-1.2499988480000006
1.4454000000000001e-05,-0.46875494399999695,0.61949999296,1.4823749966720001,-1.2499988480000006
1.44545e-05,-0.46875494399999695,0.63199999168,1.484874996416,-1.2499988480000006
1.4455000000000001e-05,0.312495104000007,0.63199999168,1.4823749966720001,-1.2499988480000006
1.44555e-05,-0.46875494399999695,0.61949999296,1.4823749966720001,-1.5624988160000015
1.4456e-05,-0.46875494399999695,0.61949999296,1.4823749966720001,-1.2499988480000006
1.4456500000000001e-05,-0.46875494399999695,0.62574999232,1.483624996544,-1.5624988160000015
1.4457e-05,-0.46875494399999695,0.62574999232,1.4823749966720001,-1.2499988480000006
1.44575e-05,0.312495104000007,0.63199999168,1.479874996928,-1.5624988160000015
1.4458000000000001e-05,0.312495104000007,0.62574999232,1.4811249968,-1.2499988480000006
1.44585e-05,0.312495104000007,0.62574999232,1.4811249968,-1.5624988160000015
1.4459000000000002e-05,0.312495104000007,0.62574999232,1.479874996928,-1.5624988160000015
1.4459500000000001e-05,-0.46875494399999695,0.62574999232,1.479874996928,-1.5624988160000015
1.446e-05,0.312495104000007,0.61949999296,1.478624997056,-1.2499988480000006
1.4460500000000002e-05,-0.46875494399999695,0.62574999232,1.483624996544,-1.2499988480000006
1.4461000000000001e-05,0.312495104000007,0.61949999296,1.486124996288,-1.2499988480000006
1.44615e-05,0.312495104000007,0.62574999232,1.4823749966720001,-1.2499988480000006
1.4462000000000001e-05,0.312495104000007,0.62574999232,1.478624997056,-1.2499988480000006
1.4462500000000001e-05,0.312495104000007,0.62574999232,1.479874996928,-1.2499988480000006
1.4463e-05,0.312495104000007,0.63199999168,1.4811249968,-1.2499988480000006
1.4463500000000001e-05,0.312495104000007,0.63199999168,1.4811249968,-1.5624988160000015
1.4464e-05,0.312495104000007,0.62574999232,1.4811249968,-1.2499988480000006
1.44645e-05,-0.46875494399999695,0.62574999232,1.4823749966720001,-1.5624988160000015
1.4465000000000001e-05,-0.46875494399999695,0.62574999232,1.483624996544,-1.5624988160000015
1.44655e-05,0.312495104000007,0.62574999232,1.483624996544,-0.9374988799999997
1.4466e-05,-0.46875494399999695,0.62574999232,1.4811249968,-1.2499988480000006
1.4466500000000001e-05,-0.46875494399999695,0.62574999232,1.4811249968,-1.5624988160000015
1.4467e-05,-0.46875494399999695,0.62574999232,1.4823749966720001,-1.2499988480000006
1.4467500000000002e-05,0.312495104000007,0.61949999296,1.483624996544,-1.5624988160000015
1.4468000000000001e-05,-0.46875494399999695,0.62574999232,1.4823749966720001,-1.2499988480000006
1.44685e-05,0.312495104000007,0.63199999168,1.483624996544,-1.5624988160000015
1.4469000000000002e-05,0.312495104000007,0.62574999232,1.4811249968,-0.9374988799999997
1.4469500000000001e-05,0.312495104000007,0.62574999232,1.4823749966720001,-1.2499988480000006
1.447e-05,0.312495104000007,0.62574999232,1.4823749966720001,-1.2499988480000006
1.4470500000000001e-05,-0.46875494399999695,0.62574999232,1.4823749966720001,-1.5624988160000015
1.4471000000000001e-05,0.312495104000007,0.63199999168,1.478624997056,-1.5624988160000015
1.44715e-05,0.312495104000007,0.61949999296,1.479874996928,-1.5624988160000015
1.4472000000000001e-05,0.312495104000007,0.62574999232,1.479874996928,-1.5624988160000015
1.44725e-05,1.0937451519999968,0.62574999232,1.4823749966720001,-1.8749987840000006
1.4473e-05,0.312495104000007,0.62574999232,1.4811249968,-1.2499988480000006
1.4473500000000001e-05,0.312495104000007,0.62574999232,1.477374997184,-1.2499988480000006
1.4474e-05,-0.46875494399999695,0.61949999296,1.477374997184,-1.5624988160000015
1.44745e-05,-0.46875494399999695,0.63199999168,1.4823749966720001,-1.2499988480000006
1.4475000000000001e-05,-0.46875494399999695,0.62574999232,1.483624996544,-0.9374988799999997
1.44755e-05,0.312495104000007,0.62574999232,1.483624996544,-1.2499988480000006
1.4476000000000002e-05,0.312495104000007,0.61949999296,1.4823749966720001,-1.2499988480000006
1.4476500000000001e-05,-0.46875494399999695,0.61949999296,1.4823749966720001,-1.5624988160000015
1.4477e-05,0.312495104000007,0.62574999232,1.4823749966720001,-1.2499988480000006
1.4477500000000002e-05,-0.46875494399999695,0.62574999232,1.4823749966720001,-1.2499988480000006
1.4478000000000001e-05,-0.46875494399999695,0.62574999232,1.4823749966720001,-0.9374988799999997
1.44785e-05,0.312495104000007,0.61949999296,1.4823749966720001,-1.2499988480000006
1.4479000000000001e-05,0.312495104000007,0.61949999296,1.484874996416,-1.2499988480000006
1.4479500000000001e-05,-0.46875494399999695,0.61949999296,1.483624996544,-1.5624988160000015
1.448e-05,0.312495104000007,0.62574999232,1.4811249968,-1.5624988160000015
1.4480500000000001e-05,0.312495104000007,0.63199999168,1.483624996544,-1.2499988480000006
1.4481e-05,-0.46875494399999695,0.62574999232,1.483624996544,-1.2499988480000006
1.44815e-05,0.312495104000007,0.62574999232,1.486124996288,-1.5624988160000015
1.4482000000000001e-05,0.312495104000007,0.62574999232,1.484874996416,-1.2499988480000006
1.44825e-05,0.312495104000007,0.62574999232,1.483624996544,-1.2499988480000006
1.4483e-05,-0.46875494399999695,0.62574999232,1.484874996416,-0.9374988799999997
1.4483500000000001e-05,0.312495104000007,0.62574999232,1.488624996032,-1.2499988480000006
1.4484e-05,0.312495104000007,0.61949999296,1.48737499616,-1.2499988480000006
1.4484500000000002e-05,1.0937451519999968,0.61949999296,1.48737499616,-1.5624988160000015
1.4485000000000001e-05,0.312495104000007,0.62574999232,1.484874996416,-1.2499988480000006
1.44855e-05,0.312495104000007,0.62574999232,1.4823749966720001,-1.5624988160000015
1.4486000000000002e-05,0.312495104000007,0.62574999232,1.4811249968,-1.2499988480000006
1.4486500000000001e-05,0.312495104000007,0.62574999232,1.4811249968,-1.2499988480000006
1.4487e-05,-1.250004992000001,0.63199999168,1.479874996928,-1.5624988160000015
1.4487500000000001e-05,-0.46875494399999695,0.62574999232,1.479874996928,-1.5624988160000015
1.4488000000000001e-05,0.312495104000007,0.63199999168,1.479874996928,-1.5624988160000015
1.44885e-05,0.312495104000007,0.61949999296,1.483624996544,-1.5624988160000015
1.4489000000000001e-05,-0.46875494399999695,0.61949999296,1.4823749966720001,-1.2499988480000006
1.44895e-05,0.312495104000007,0.62574999232,1.4823749966720001,-1.5624988160000015
1.449e-05,0.312495104000007,0.62574999232,1.4811249968,-1.2499988480000006
1.4490500000000001e-05,-0.46875494399999695,0.61949999296,1.4823749966720001,-1.5624988160000015
1.4491e-05,0.312495104000007,0.62574999232,1.4811249968,-1.2499988480000006
1.44915e-05,0.312495104000007,0.62574999232,1.4823749966720001,-1.2499988480000006
1.4492000000000001e-05,-0.46875494399999695,0.61949999296,1.479874996928,-1.2499988480000006
1.44925e-05,0.312495104000007,0.62574999232,1.4811249968,-1.5624988160000015
1.4493000000000002e-05,0.312495104000007,0.62574999232,1.4811249968,-0.9374988799999997
1.4493500000000001e-05,0.312495104000007,0.62574999232,1.479874996928,-1.2499988480000006
1.4494e-05,-0.46875494399999695,0.61949999296,1.479874996928,-1.2499988480000006
1.4494500000000002e-05,0.312495104000007,0.62574999232,1.479874996928,-1.2499988480000006
1.4495000000000001e-05,-0.46875494399999695,0.63199999168,1.479874996928,-1.2499988480000006
1.44955e-05,-0.46875494399999695,0.62574999232,1.4811249968,-1.5624988160000015
1.4496000000000001e-05,0.312495104000007,0.63199999168,1.479874996928,-1.5624988160000015
1.4496500000000001e-05,0.312495104000007,0.62574999232,1.4811249968,-1.5624988160000015
1.4497e-05,0.312495104000007,0.62574999232,1.4811249968,-1.2499988480000006
1.4497500000000001e-05,0.312495104000007,0.63199999168,1.483624996544,-1.2499988480000006
1.4498e-05,0.312495104000007,0.62574999232,1.4811249968,-1.2499988480000006
1.44985e-05,-0.46875494399999695,0.62574999232,1.479874996928,-1.5624988160000015
1.4499000000000001e-05,-0.46875494399999695,0.63199999168,1.4823749966720001,-1.5624988160000015
1.44995e-05,-0.46875494399999695,0.61949999296,1.483624996544,-1.2499988480000006
1.45e-05,-0.46875494399999695,0.62574999232,1.4823749966720001,-1.2499988480000006
1.4500500000000001e-05,-0.46875494399999695,0.63199999168,1.484874996416,-1.2499988480000006
1.4501e-05,0.312495104000007,0.6382499910399999,1.484874996416,-1.5624988160000015
1.4501500000000002e-05,0.312495104000007,0.62574999232,1.484874996416,-1.2499988480000006
1.4502000000000001e-05,-0.46875494399999695,0.62574999232,1.483624996544,-1.2499988480000006
1.45025e-05,-0.46875494399999695,0.62574999232,1.479874996928,-1.2499988480000006
1.4503000000000002e-05,-0.46875494399999695,0.63199999168,1.4811249968,-0.9374988799999997
1.4503500000000001e-05,-0.46875494399999695,0.61949999296,1.483624996544,-1.5624988160000015
1.4504e-05,0.312495104000007,0.62574999232,1.4811249968,-1.5624988160000015
1.4504500000000001e-05,0.312495104000007,0.62574999232,1.483624996544,-1.8749987840000006
1.4505000000000001e-05,-0.46875494399999695,0.62574999232,1.483624996544,-1.5624988160000015
1.45055e-05,-0.46875494399999695,0.62574999232,1.483624996544,-1.5624988160000015
1.4506000000000001e-05,-0.46875494399999695,0.62574999232,1.4823749966720001,-1.5624988160000015
1.45065e-05,-0.46875494399999695,0.6132499936,1.483624996544,-1.8749987840000006
1.4507e-05,-0.46875494399999695,0.62574999232,1.483624996544,-1.5624988160000015
1.4507500000000001e-05,0.312495104000007,0.62574999232,1.483624996544,-1.5624988160000015
1.4508e-05,0.312495104000007,0.62574999232,1.484874996416,-1.2499988480000006
1.45085e-05,0.312495104000007,0.63199999168,1.48737499616,-1.5624988160000015
1.4509000000000001e-05,-0.46875494399999695,0.62574999232,1.484874996416,-1.2499988480000006
1.45095e-05,0.312495104000007,0.62574999232,1.4811249968,-1.5624988160000015
1.4510000000000002e-05,-0.46875494399999695,0.61949999296,1.483624996544,-1.2499988480000006
1.4510500000000001e-05,-0.46875494399999695,0.62574999232,1.484874996416,-1.5624988160000015
1.4511e-05,0.312495104000007,0.62574999232,1.4823749966720001,-1.2499988480000006
1.4511500000000002e-05,-0.46875494399999695,0.62574999232,1.483624996544,-1.8749987840000006
1.4512000000000001e-05,-0.46875494399999695,0.62574999232,1.4823749966720001,-1.5624988160000015
1.45125e-05,-0.46875494399999695,0.62574999232,1.483624996544,-1.5624988160000015
1.4513000000000001e-05,0.312495104000007,0.62574999232,1.483624996544,-1.2499988480000006
1.4513500000000001e-05,-0.46875494399999695,0.62574999232,1.484874996416,-1.5624988160000015
1.4514e-05,0.312495104000007,0.63199999168,1.484874996416,-1.8749987840000006
1.4514500000000001e-05,-0.46875494399999695,0.62574999232,1.4823749966720001,-1.5624988160000015
1.4515e-05,-0.46875494399999695,0.62574999232,1.479874996928,-1.2499988480000006
1.45155e-05,0.312495104000007,0.61949999296,1.4823749966720001,-1.5624988160000015
1.4516000000000001e-05,-0.46875494399999695,0.62574999232,1.4811249968,-1.5624988160000015
1.45165e-05,-0.46875494399999695,0.62574999232,1.4823749966720001,-1.5624988160000015
1.4517e-05,0.312495104000007,0.62574999232,1.4823749966720001,-1.5624988160000015
1.4517500000000001e-05,-0.46875494399999695,0.62574999232,1.4823749966720001,-1.2499988480000006
1.4518e-05,0.312495104000007,0.62574999232,1.4811249968,-1.2499988480000006
1.4518500000000002e-05,0.312495104000007,0.62574999232,1.4823749966720001,-1.2499988480000006
1.4519000000000001e-05,-0.46875494399999695,0.63199999168,1.483624996544,-1.5624988160000015
1.45195e-05,-1.250004992000001,0.62574999232,1.486124996288,-1.5624988160000015
1.4520000000000002e-05,-0.46875494399999695,0.63199999168,1.486124996288,-1.5624988160000015
1.4520500000000001e-05,0.312495104000007,0.63199999168,1.486124996288,-1.5624988160000015
1.4521e-05,-0.46875494399999695,0.61949999296,1.4823749966720001,-1.2499988480000006
1.4521500000000001e-05,0.312495104000007,0.61949999296,1.483624996544,-1.5624988160000015
1.4522000000000001e-05,0.312495104000007,0.62574999232,1.4811249968,-1.5624988160000015
1.45225e-05,-0.46875494399999695,0.62574999232,1.479874996928,-1.5624988160000015
1.4523000000000001e-05,-0.46875494399999695,0.62574999232,1.4811249968,-1.2499988480000006
1.45235e-05,-0.46875494399999695,0.62574999232,1.483624996544,-1.2499988480000006
1.4524e-05,-0.46875494399999695,0.62574999232,1.483624996544,-1.2499988480000006
1.4524500000000001e-05,-0.46875494399999695,0.63199999168,1.483624996544,-1.5624988160000015
1.4525e-05,0.312495104000007,0.6382499910399999,1.483624996544,-1.5624988160000015
1.45255e-05,-0.46875494399999695,0.63199999168,1.483624996544,-1.2499988480000006
1.4526000000000001e-05,-0.46875494399999695,0.62574999232,1.4823749966720001,-1.2499988480000006
1.45265e-05,0.312495104000007,0.62574999232,1.4823749966720001,-1.5624988160000015
1.4527000000000002e-05,-0.46875494399999695,0.62574999232,1.483624996544,-1.5624988160000015
1.4527500000000001e-05,0.312495104000007,0.62574999232,1.4823749966720001,-1.8749987840000006
1.4528e-05,0.312495104000007,0.63199999168,1.479874996928,-1.5624988160000015
1.4528500000000002e-05,0.312495104000007,0.62574999232,1.4823749966720001,-1.5624988160000015
1.4529000000000001e-05,-1.250004992000001,0.62574999232,1.483624996544,-1.2499988480000006
1.45295e-05,0.312495104000007,0.62574999232,1.4823749966720001,-1.2499988480000006
1.4530000000000001e-05,-0.46875494399999695,0.62574999232,1.479874996928,-1.5624988160000015
1.4530500000000001e-05,-0.46875494399999695,0.62574999232,1.4811249968,-1.5624988160000015
1.4531e-05,1.0937451519999968,0.62574999232,1.4811249968,-1.5624988160000015
1.4531500000000001e-05,-0.46875494399999695,0.62574999232,1.4823749966720001,-1.2499988480000006
1.4532e-05,-0.46875494399999695,0.62574999232,1.483624996544,-1.2499988480000006
1.45325e-05,0.312495104000007,0.62574999232,1.4823749966720001,-1.5624988160000015
1.4533000000000001e-05,-0.46875494399999695,0.62574999232,1.479874996928,-1.5624988160000015
1.45335e-05,0.312495104000007,0.61949999296,1.479874996928,-1.2499988480000006
1.4534e-05,0.312495104000007,0.62574999232,1.4823749966720001,-1.2499988480000006
1.4534500000000001e-05,0.312495104000007,0.63199999168,1.4823749966720001,-1.5624988160000015
1.4535e-05,0.312495104000007,0.63199999168,1.478624997056,-1.5624988160000015
1.4535500000000002e-05,-0.46875494399999695,0.61949999296,1.4823749966720001,-1.5624988160000015
1.4536000000000001e-05,0.312495104000007,0.61949999296,1.4811249968,-1.5624988160000015
1.45365e-05,-0.46875494399999695,0.61949999296,1.483624996544,-1.8749987840000006
1.4537000000000002e-05,-0.46875494399999695,0.62574999232,1.483624996544,-1.5624988160000015
1.4537500000000001e-05,0.312495104000007,0.62574999232,1.483624996544,-1.5624988160000015
1.4538e-05,0.312495104000007,0.62574999232,1.483624996544,-1.2499988480000006
1.4538500000000001e-05,-0.46875494399999695,0.62574999232,1.483624996544,-1.5624988160000015
1.4539000000000001e-05,0.312495104000007,0.62574999232,1.483624996544,-1.5624988160000015
1.45395e-05,-0.46875494399999695,0.62574999232,1.4823749966720001,-1.5624988160000015
1.4540000000000001e-05,-1.250004992000001,0.62574999232,1.4823749966720001,-1.2499988480000006
1.45405e-05,-0.46875494399999695,0.63199999168,1.483624996544,-1.5624988160000015
1.4541e-05,0.312495104000007,0.63199999168,1.483624996544,-1.5624988160000015
1.4541500000000001e-05,-0.46875494399999695,0.62574999232,1.4823749966720001,-1.5624988160000015
1.4542e-05,-0.46875494399999695,0.62574999232,1.4823749966720001,-1.5624988160000015
1.45425e-05,0.312495104000007,0.62574999232,1.4823749966720001,-1.5624988160000015
1.4543000000000001e-05,-0.46875494399999695,0.63199999168,1.4811249968,-1.5624988160000015
1.45435e-05,-1.250004992000001,0.62574999232,1.4823749966720001,-1.5624988160000015
1.4544000000000002e-05,-0.46875494399999695,0.63199999168,1.4823749966720001,-1.5624988160000015
1.4544500000000001e-05,-0.46875494399999695,0.63199999168,1.483624996544,-1.5624988160000015
1.4545e-05,-0.46875494399999695,0.62574999232,1.4811249968,-1.5624988160000015
1.4545500000000002e-05,0.312495104000007,0.63199999168,1.478624997056,-1.8749987840000006
1.4546000000000001e-05,-0.46875494399999695,0.63199999168,1.4811249968,-1.5624988160000015
1.45465e-05,-0.46875494399999695,0.63199999168,1.4823749966720001,-1.5624988160000015
1.4547000000000001e-05,0.312495104000007,0.63199999168,1.4823749966720001,-1.2499988480000006
1.4547500000000001e-05,0.312495104000007,0.63199999168,1.4811249968,-1.2499988480000006
1.4548e-05,0.312495104000007,0.62574999232,1.479874996928,-1.2499988480000006
1.4548500000000001e-05,0.312495104000007,0.63199999168,1.4823749966720001,-1.5624988160000015
1.4549e-05,0.312495104000007,0.63199999168,1.4823749966720001,-1.5624988160000015
1.45495e-05,-0.46875494399999695,0.62574999232,1.4823749966720001,-1.8749987840000006
1.4550000000000001e-05,-0.46875494399999695,0.62574999232,1.4823749966720001,-1.2499988480000006
1.45505e-05,0.312495104000007,0.63199999168,1.4823749966720001,-1.2499988480000006
1.4551e-05,0.312495104000007,0.63199999168,1.4823749966720001,-1.5624988160000015
1.4551500000000001e-05,0.312495104000007,0.62574999232,1.4811249968,-1.8749987840000006
1.4552e-05,0.312495104000007,0.62574999232,1.479874996928,-1.5624988160000015
1.4552500000000002e-05,0.312495104000007,0.61949999296,1.4823749966720001,-1.8749987840000006
1.4553000000000001e-05,-0.46875494399999695,0.61949999296,1.4823749966720001,-1.8749987840000006
1.45535e-05,0.312495104000007,0.62574999232,1.483624996544,-1.5624988160000015
1.4554000000000002e-05,0.312495104000007,0.63199999168,1.4823749966720001,-1.5624988160000015
1.4554500000000001e-05,-0.46875494399999695,0.62574999232,1.479874996928,-1.5624988160000015
1.4555e-05,-0.46875494399999695,0.62574999232,1.4823749966720001,-1.5624988160000015
1.4555500000000002e-05,0.312495104000007,0.62574999232,1.4823749966720001,-1.2499988480000006
1.4556000000000001e-05,0.312495104000007,0.62574999232,1.479874996928,-1.5624988160000015
1.45565e-05,-0.46875494399999695,0.62574999232,1.4823749966720001,-1.5624988160000015
1.4557000000000001e-05,0.312495104000007,0.62574999232,1.4823749966720001,-1.5624988160000015
1.45575e-05,-0.46875494399999695,0.61949999296,1.479874996928,-1.5624988160000015
1.4558e-05,0.312495104000007,0.62574999232,1.477374997184,-1.5624988160000015
1.4558500000000001e-05,-0.46875494399999695,0.63199999168,1.479874996928,-1.8749987840000006
1.4559e-05,0.312495104000007,0.6382499910399999,1.477374997184,-1.5624988160000015
1.45595e-05,-1.250004992000001,0.62574999232,1.477374997184,-1.5624988160000015
1.4560000000000001e-05,-0.46875494399999695,0.63199999168,1.478624997056,-1.5624988160000015
1.45605e-05,-0.46875494399999695,0.61949999296,1.483624996544,-1.8749987840000006
1.4561000000000002e-05,0.312495104000007,0.61949999296,1.4823749966720001,-1.5624988160000015
1.4561500000000001e-05,-0.46875494399999695,0.62574999232,1.4823749966720001,-1.5624988160000015
1.4562e-05,0.312495104000007,0.62574999232,1.4823749966720001,-1.5624988160000015
1.4562500000000002e-05,-0.46875494399999695,0.62574999232,1.483624996544,-1.8749987840000006
1.4563000000000001e-05,-0.46875494399999695,0.62574999232,1.484874996416,-1.8749987840000006
1.45635e-05,-0.46875494399999695,0.62574999232,1.484874996416,-1.8749987840000006
1.4564000000000002e-05,0.312495104000007,0.62574999232,1.4823749966720001,-1.5624988160000015
1.4564500000000001e-05,0.312495104000007,0.62574999232,1.483624996544,-1.5624988160000015
1.4565e-05,0.312495104000007,0.62574999232,1.484874996416,-1.2499988480000006
1.4565500000000001e-05,1.0937451519999968,0.61949999296,1.483624996544,-1.5624988160000015
1.4566e-05,-0.46875494399999695,0.61949999296,1.483624996544,-1.5624988160000015
1.45665e-05,0.312495104000007,0.63199999168,1.484874996416,-1.8749987840000006
1.4567000000000001e-05,0.312495104000007,0.62574999232,1.483624996544,-1.5624988160000015
1.45675e-05,0.312495104000007,0.62574999232,1.483624996544,-1.5624988160000015
1.4568e-05,0.312495104000007,0.63199999168,1.479874996928,-1.5624988160000015
1.4568500000000001e-05,-0.46875494399999695,0.62574999232,1.4823749966720001,-1.8749987840000006
1.4569e-05,0.312495104000007,0.62574999232,1.4811249968,-1.5624988160000015
1.4569500000000002e-05,0.312495104000007,0.63199999168,1.4811249968,-1.8749987840000006
1.4570000000000001e-05,0.312495104000007,0.62574999232,1.483624996544,-1.5624988160000015
1.45705e-05,-0.46875494399999695,0.62574999232,1.486124996288,-1.5624988160000015
1.4571000000000002e-05,0.312495104000007,0.63199999168,1.484874996416,-1.5624988160000015
1.4571500000000001e-05,-0.46875494399999695,0.62574999232,1.484874996416,-1.5624988160000015
1.4572e-05,-0.46875494399999695,0.61949999296,1.4823749966720001,-1.5624988160000015
1.4572500000000002e-05,-0.46875494399999695,0.61949999296,1.4811249968,-1.5624988160000015
1.4573000000000001e-05,0.312495104000007,0.61949999296,1.4811249968,-1.8749987840000006
1.45735e-05,-0.46875494399999695,0.61949999296,1.4823749966720001,-1.5624988160000015
1.4574000000000001e-05,0.312495104000007,0.62574999232,1.484874996416,-1.5624988160000015
1.45745e-05,-0.46875494399999695,0.62574999232,1.483624996544,-1.5624988160000015
1.4575e-05,0.312495104000007,0.63199999168,1.483624996544,-1.8749987840000006
1.4575500000000001e-05,1.0937451519999968,0.62574999232,1.484874996416,-1.8749987840000006
1.4576e-05,0.312495104000007,0.62574999232,1.483624996544,-1.5624988160000015
1.45765e-05,-0.46875494399999695,0.62574999232,1.484874996416,-1.8749987840000006
1.4577000000000001e-05,-0.46875494399999695,0.62574999232,1.483624996544,-1.5624988160000015
1.45775e-05,0.312495104000007,0.63199999168,1.4823749966720001,-1.8749987840000006
1.4578000000000002e-05,0.312495104000007,0.62574999232,1.4811249968,-1.8749987840000006
1.4578500000000001e-05,-0.46875494399999695,0.62574999232,1.479874996928,-1.8749987840000006
1.4579e-05,-0.46875494399999695,0.6382499910399999,1.483624996544,-1.5624988160000015
1.4579500000000002e-05,-0.46875494399999695,0.62574999232,1.484874996416,-1.5624988160000015
1.4580000000000001e-05,0.312495104000007,0.62574999232,1.4811249968,-1.8749987840000006
1.45805e-05,-0.46875494399999695,0.63199999168,1.479874996928,-1.8749987840000006
1.4581000000000002e-05,0.312495104000007,0.62574999232,1.479874996928,-1.8749987840000006
1.4581500000000001e-05,0.312495104000007,0.62574999232,1.483624996544,-1.5624988160000015
1.4582e-05,-0.46875494399999695,0.62574999232,1.484874996416,-1.5624988160000015
1.4582500000000001e-05,0.312495104000007,0.63199999168,1.4811249968,-1.8749987840000006
1.4583e-05,0.312495104000007,0.63199999168,1.478624997056,-1.5624988160000015
1.45835e-05,-1.250004992000001,0.61949999296,1.4823749966720001,-1.8749987840000006
1.4584000000000001e-05,-0.46875494399999695,0.63199999168,1.4823749966720001,-1.8749987840000006
1.45845e-05,0.312495104000007,0.62574999232,1.484874996416,-1.8749987840000006
1.4585e-05,-0.46875494399999695,0.62574999232,1.483624996544,-1.8749987840000006
1.4585500000000001e-05,0.312495104000007,0.62574999232,1.4823749966720001,-1.5624988160000015
1.4586e-05,0.312495104000007,0.62574999232,1.479874996928,-1.8749987840000006
1.4586500000000002e-05,-0.46875494399999695,0.62574999232,1.4823749966720001,-1.5624988160000015
1.4587000000000001e-05,-0.46875494399999695,0.62574999232,1.4823749966720001,-1.5624988160000015
1.45875e-05,-0.46875494399999695,0.63199999168,1.483624996544,-1.5624988160000015
1.4588000000000002e-05,-0.46875494399999695,0.62574999232,1.4823749966720001,-1.5624988160000015
1.4588500000000001e-05,-0.46875494399999695,0.62574999232,1.4823749966720001,-1.8749987840000006
1.4589e-05,0.312495104000007,0.62574999232,1.4823749966720001,-1.5624988160000015
1.4589500000000002e-05,-0.46875494399999695,0.61949999296,1.4823749966720001,-1.5624988160000015
1.4590000000000001e-05,-0.46875494399999695,0.62574999232,1.4823749966720001,-1.5624988160000015
1.45905e-05,0.312495104000007,0.62574999232,1.4823749966720001,-1.5624988160000015
1.4591000000000001e-05,0.312495104000007,0.62574999232,1.4823749966720001,-1.8749987840000006
1.45915e-05,-0.46875494399999695,0.62574999232,1.4823749966720001,-1.8749987840000006
1.4592e-05,0.312495104000007,0.6382499910399999,1.4823749966720001,-1.8749987840000006
1.4592500000000001e-05,-0.46875494399999695,0.62574999232,1.483624996544,-1.8749987840000006
1.4593e-05,-1.250004992000001,0.61949999296,1.4823749966720001,-1.8749987840000006
1.45935e-05,-0.46875494399999695,0.62574999232,1.4811249968,-1.8749987840000006
1.4594000000000001e-05,0.312495104000007,0.62574999232,1.478624997056,-1.8749987840000006
1.45945e-05,0.312495104000007,0.62574999232,1.4811249968,-1.5624988160000015
1.4595000000000002e-05,-0.46875494399999695,0.62574999232,1.4823749966720001,-1.8749987840000006
1.4595500000000001e-05,-0.46875494399999695,0.61949999296,1.483624996544,-1.5624988160000015
1.4596e-05,0.312495104000007,0.61949999296,1.484874996416,-1.5624988160000015
1.4596500000000002e-05,-0.46875494399999695,0.63199999168,1.486124996288,-1.8749987840000006
1.4597000000000001e-05,1.0937451519999968,0.63199999168,1.4823749966720001,-1.5624988160000015
1.45975e-05,0.312495104000007,0.62574999232,1.4823749966720001,-1.5624988160000015
1.4598000000000002e-05,-0.46875494399999695,0.62574999232,1.483624996544,-1.5624988160000015
1.4598500000000001e-05,-0.46875494399999695,0.63199999168,1.4823749966720001,-1.8749987840000006
1.4599e-05,-0.46875494399999695,0.63199999168,1.4811249968,-1.8749987840000006
1.4599500000000001e-05,-0.46875494399999695,0.62574999232,1.4811249968,-1.8749987840000006
1.46e-05,0.312495104000007,0.62574999232,1.4811249968,-1.5624988160000015
1.46005e-05,0.312495104000007,0.61949999296,1.483624996544,-1.8749987840000006
1.4601000000000001e-05,0.312495104000007,0.62574999232,1.484874996416,-1.8749987840000006
1.46015e-05,0.312495104000007,0.62574999232,1.486124996288,-1.8749987840000006
1.4602e-05,0.312495104000007,0.62574999232,1.484874996416,-1.8749987840000006
1.4602500000000001e-05,-0.46875494399999695,0.62574999232,1.484874996416,-1.5624988160000015
1.4603e-05,-0.46875494399999695,0.63199999168,1.484874996416,-1.5624988160000015
1.4603500000000002e-05,0.312495104000007,0.63199999168,1.484874996416,-1.5624988160000015
1.4604000000000001e-05,0.312495104000007,0.62574999232,1.4823749966720001,-1.8749987840000006
1.46045e-05,-0.46875494399999695,0.6382499910399999,1.4823749966720001,-1.8749987840000006
1.4605000000000002e-05,0.312495104000007,0.63199999168,1.4811249968,-2.1874987519999998
1.4605500000000001e-05,0.312495104000007,0.62574999232,1.4811249968,-1.8749987840000006
1.4606e-05,1.0937451519999968,0.62574999232,1.483624996544,-1.5624988160000015
1.4606500000000002e-05,0.312495104000007,0.61949999296,1.4811249968,-1.5624988160000015
1.4607000000000001e-05,-0.46875494399999695,0.63199999168,1.478624997056,-1.8749987840000006
1.46075e-05,0.312495104000007,0.62574999232,1.479874996928,-2.1874987519999998
1.4608000000000001e-05,0.312495104000007,0.62574999232,1.4811249968,-1.8749987840000006
1.46085e-05,0.312495104000007,0.62574999232,1.483624996544,-2.1874987519999998
1.4609e-05,0.312495104000007,0.62574999232,1.4823749966720001,-1.5624988160000015
1.4609500000000001e-05,0.312495104000007,0.62574999232,1.4823749966720001,-1.5624988160000015
1.461e-05,0.312495104000007,0.61949999296,1.484874996416,-1.5624988160000015
1.46105e-05,-0.46875494399999695,0.63199999168,1.483624996544,-1.8749987840000006
1.4611000000000001e-05,-0.46875494399999695,0.63199999168,1.479874996928,-1.2499988480000006
1.46115e-05,0.312495104000007,0.63199999168,1.479874996928,-1.5624988160000015
1.4612000000000002e-05,0.312495104000007,0.63199999168,1.479874996928,-1.8749987840000006
1.4612500000000001e-05,0.312495104000007,0.63199999168,1.483624996544,-1.8749987840000006
1.4613e-05,1.0937451519999968,0.62574999232,1.4823749966720001,-1.8749987840000006
1.4613500000000002e-05,0.312495104000007,0.61949999296,1.4811249968,-1.8749987840000006
1.4614000000000001e-05,0.312495104000007,0.61949999296,1.479874996928,-1.5624988160000015
1.46145e-05,0.312495104000007,0.63199999168,1.479874996928,-1.8749987840000006
1.4615000000000002e-05,0.312495104000007,0.63199999168,1.4823749966720001,-1.8749987840000006
1.4615500000000001e-05,0.312495104000007,0.61949999296,1.4823749966720001,-1.8749987840000006
1.4616e-05,0.312495104000007,0.63199999168,1.4811249968,-1.8749987840000006
1.4616500000000001e-05,-0.46875494399999695,0.62574999232,1.483624996544,-1.8749987840000006
1.4617e-05,-0.46875494399999695,0.61949999296,1.483624996544,-1.8749987840000006
1.46175e-05,0.312495104000007,0.62574999232,1.4823749966720001,-1.8749987840000006
1.4618000000000001e-05,0.312495104000007,0.62574999232,1.4823749966720001,-1.8749987840000006
1.46185e-05,0.312495104000007,0.62574999232,1.483624996544,-1.8749987840000006
1.4619e-05,0.312495104000007,0.62574999232,1.483624996544,-1.5624988160000015
1.4619500000000001e-05,0.312495104000007,0.62574999232,1.4811249968,-1.5624988160000015
1.462e-05,0.312495104000007,0.62574999232,1.479874996928,-1.8749987840000006
1.4620500000000002e-05,-0.46875494399999695,0.63199999168,1.483624996544,-1.8749987840000006
1.4621000000000001e-05,0.312495104000007,0.63199999168,1.484874996416,-1.8749987840000006
1.46215e-05,-0.46875494399999695,0.62574999232,1.483624996544,-1.8749987840000006
1.4622000000000002e-05,-0.46875494399999695,0.62574999232,1.483624996544,-1.8749987840000006
1.4622500000000001e-05,-0.46875494399999695,0.63199999168,1.4823749966720001,-1.8749987840000006
1.4623e-05,-0.46875494399999695,0.63199999168,1.4823749966720001,-1.5624988160000015
1.4623500000000002e-05,0.312495104000007,0.62574999232,1.483624996544,-1.8749987840000006
1.4624000000000001e-05,0.312495104000007,0.63199999168,1.483624996544,-1.8749987840000006
1.46245e-05,0.312495104000007,0.62574999232,1.486124996288,-1.8749987840000006
1.4625000000000001e-05,-0.46875494399999695,0.62574999232,1.483624996544,-1.5624988160000015
1.46255e-05,0.312495104000007,0.63199999168,1.483624996544,-1.8749987840000006
1.4626e-05,0.312495104000007,0.63199999168,1.484874996416,-1.5624988160000015
1.4626500000000001e-05,0.312495104000007,0.63199999168,1.486124996288,-1.8749987840000006
1.4627e-05,0.312495104000007,0.62574999232,1.48737499616,-1.8749987840000006
1.46275e-05,0.312495104000007,0.62574999232,1.484874996416,-1.5624988160000015
1.4628000000000001e-05,-0.46875494399999695,0.62574999232,1.483624996544,-1.8749987840000006
1.46285e-05,-0.46875494399999695,0.62574999232,1.484874996416,-1.8749987840000006
1.4629000000000002e-05,0.312495104000007,0.63199999168,1.486124996288,-1.5624988160000015
1.4629500000000001e-05,0.312495104000007,0.62574999232,1.486124996288,-1.8749987840000006
1.463e-05,0.312495104000007,0.61949999296,1.48737499616,-1.8749987840000006
1.4630500000000002e-05,-0.46875494399999695,0.62574999232,1.48737499616,-1.8749987840000006
1.4631000000000001e-05,0.312495104000007,0.63199999168,1.486124996288,-1.8749987840000006
1.46315e-05,-0.46875494399999695,0.62574999232,1.484874996416,-2.1874987519999998
1.4632000000000002e-05,0.312495104000007,0.62574999232,1.4811249968,-1.5624988160000015
1.4632500000000001e-05,-0.46875494399999695,0.62574999232,1.4823749966720001,-1.8749987840000006
1.4633e-05,-0.46875494399999695,0.62574999232,1.4811249968,-1.8749987840000006
1.4633500000000001e-05,0.312495104000007,0.62574999232,1.4811249968,-1.8749987840000006
1.4634e-05,0.312495104000007,0.62574999232,1.4823749966720001,-1.8749987840000006
1.46345e-05,0.312495104000007,0.61949999296,1.4823749966720001,-1.5624988160000015
1.4635000000000001e-05,-0.46875494399999695,0.63199999168,1.483624996544,-1.5624988160000015
1.46355e-05,0.312495104000007,0.63199999168,1.483624996544,-1.8749987840000006
1.4636e-05,-0.46875494399999695,0.62574999232,1.483624996544,-2.1874987519999998
1.4636500000000001e-05,1.0937451519999968,0.62574999232,1.484874996416,-1.8749987840000006
1.4637e-05,-0.46875494399999695,0.61949999296,1.483624996544,-1.5624988160000015
1.4637500000000002e-05,0.312495104000007,0.62574999232,1.483624996544,-1.8749987840000006
1.4638000000000001e-05,0.312495104000007,0.62574999232,1.486124996288,-1.5624988160000015
1.46385e-05,0.312495104000007,0.62574999232,1.484874996416,-1.8749987840000006
1.4639000000000002e-05,0.312495104000007,0.62574999232,1.4823749966720001,-1.5624988160000015
1.4639500000000001e-05,0.312495104000007,0.62574999232,1.483624996544,-1.5624988160000015
1.464e-05,-0.46875494399999695,0.62574999232,1.4823749966720001,-1.8749987840000006
1.4640500000000002e-05,-0.46875494399999695,0.62574999232,1.486124996288,-1.8749987840000006
1.4641000000000001e-05,0.312495104000007,0.63199999168,1.486124996288,-1.5624988160000015
1.46415e-05,0.312495104000007,0.63199999168,1.48737499616,-1.8749987840000006
1.4642000000000001e-05,0.312495104000007,0.63199999168,1.48737499616,-1.8749987840000006
1.46425e-05,-0.46875494399999695,0.63199999168,1.48737499616,-1.8749987840000006
1.4643e-05,-0.46875494399999695,0.63199999168,1.484874996416,-1.8749987840000006
1.4643500000000001e-05,0.312495104000007,0.63199999168,1.484874996416,-1.8749987840000006
1.4644e-05,0.312495104000007,0.63199999168,1.48737499616,-1.8749987840000006
1.46445e-05,0.312495104000007,0.62574999232,1.488624996032,-1.8749987840000006
1.4645000000000001e-05,0.312495104000007,0.63199999168,1.486124996288,-1.5624988160000015
1.46455e-05,0.312495104000007,0.61949999296,1.483624996544,-1.8749987840000006
1.4646000000000002e-05,0.312495104000007,0.63199999168,1.483624996544,-1.8749987840000006
1.4646500000000001e-05,0.312495104000007,0.63199999168,1.4823749966720001,-1.5624988160000015
1.4647e-05,-0.46875494399999695,0.6382499910399999,1.4811249968,-1.8749987840000006
1.4647500000000002e-05,-0.46875494399999695,0.63199999168,1.4823749966720001,-1.8749987840000006
1.4648000000000001e-05,-0.46875494399999695,0.63199999168,1.4823749966720001,-1.8749987840000006
1.46485e-05,0.312495104000007,0.62574999232,1.484874996416,-1.8749987840000006
1.4649000000000002e-05,0.312495104000007,0.62574999232,1.483624996544,-1.5624988160000015
1.4649500000000001e-05,0.312495104000007,0.62574999232,1.4823749966720001,-1.8749987840000006
1.465e-05,0.312495104000007,0.62574999232,1.4823749966720001,-1.8749987840000006
1.4650500000000001e-05,-0.46875494399999695,0.62574999232,1.483624996544,-1.8749987840000006
1.4651e-05,-0.46875494399999695,0.63199999168,1.484874996416,-1.8749987840000006
1.46515e-05,0.312495104000007,0.61949999296,1.484874996416,-1.5624988160000015
1.4652000000000001e-05,-0.46875494399999695,0.63199999168,1.486124996288,-1.8749987840000006
1.46525e-05,0.312495104000007,0.63199999168,1.486124996288,-1.5624988160000015
1.4653e-05,0.312495104000007,0.62574999232,1.483624996544,-1.8749987840000006
1.4653500000000001e-05,-0.46875494399999695,0.62574999232,1.486124996288,-1.8749987840000006
1.4654e-05,-0.46875494399999695,0.62574999232,1.48737499616,-1.5624988160000015
1.4654500000000002e-05,0.312495104000007,0.63199999168,1.484874996416,-1.5624988160000015
1.4655000000000001e-05,0.312495104000007,0.63199999168,1.483624996544,-1.5624988160000015
1.46555e-05,0.312495104000007,0.61949999296,1.484874996416,-1.8749987840000006
1.4656000000000002e-05,0.312495104000007,0.62574999232,1.4811249968,-1.8749987840000006
1.4656500000000001e-05,1.0937451519999968,0.62574999232,1.483624996544,-1.8749987840000006
1.4657e-05,-0.46875494399999695,0.62574999232,1.4823749966720001,-1.8749987840000006
1.4657500000000002e-05,0.312495104000007,0.62574999232,1.4811249968,-1.8749987840000006
1.4658000000000001e-05,0.312495104000007,0.62574999232,1.4811249968,-1.8749987840000006
1.46585e-05,0.312495104000007,0.62574999232,1.4811249968,-1.8749987840000006
1.4659000000000001e-05,0.312495104000007,0.63199999168,1.4823749966720001,-1.8749987840000006
1.46595e-05,0.312495104000007,0.62574999232,1.4823749966720001,-1.8749987840000006
1.466e-05,-0.46875494399999695,0.62574999232,1.4823749966720001,-1.5624988160000015
1.4660500000000001e-05,0.312495104000007,0.63199999168,1.4811249968,-1.5624988160000015
1.4661e-05,-0.46875494399999695,0.62574999232,1.4823749966720001,-1.8749987840000006
1.46615e-05,-0.46875494399999695,0.62574999232,1.4823749966720001,-1.8749987840000006
1.4662000000000001e-05,-0.46875494399999695,0.63199999168,1.484874996416,-1.8749987840000006
1.46625e-05,-0.46875494399999695,0.63199999168,1.484874996416,-1.8749987840000006
1.4663000000000002e-05,-0.46875494399999695,0.63199999168,1.4811249968,-1.8749987840000006
1.4663500000000001e-05,-1.250004992000001,0.62574999232,1.4823749966720001,-2.1874987519999998
1.4664e-05,0.312495104000007,0.63199999168,1.4811249968,-1.5624988160000015
1.4664500000000002e-05,-0.46875494399999695,0.62574999232,1.4823749966720001,-1.8749987840000006
1.4665000000000001e-05,-1.250004992000001,0.62574999232,1.4823749966720001,-1.8749987840000006
1.46655e-05,0.312495104000007,0.62574999232,1.483624996544,-1.8749987840000006
1.4666000000000002e-05,-0.46875494399999695,0.62574999232,1.4823749966720001,-1.8749987840000006
1.4666500000000001e-05,-1.250004992000001,0.61949999296,1.483624996544,-1.8749987840000006
1.4667e-05,-1.250004992000001,0.63199999168,1.48737499616,-1.5624988160000015
1.4667500000000001e-05,0.312495104000007,0.62574999232,1.483624996544,-1.5624988160000015
1.4668000000000001e-05,-0.46875494399999695,0.62574999232,1.4811249968,-1.8749987840000006
1.46685e-05,-0.46875494399999695,0.63199999168,1.4823749966720001,-1.8749987840000006
1.4669000000000001e-05,0.312495104000007,0.62574999232,1.486124996288,-1.8749987840000006
1.46695e-05,0.312495104000007,0.62574999232,1.486124996288,-1.8749987840000006
1.467e-05,0.312495104000007,0.62574999232,1.486124996288,-1.5624988160000015
1.4670500000000001e-05,-0.46875494399999695,0.62574999232,1.486124996288,-1.8749987840000006
1.4671e-05,-0.46875494399999695,0.62574999232,1.4823749966720001,-1.8749987840000006
1.4671500000000002e-05,-0.46875494399999695,0.62574999232,1.484874996416,-1.8749987840000006
1.4672000000000001e-05,-0.46875494399999695,0.62574999232,1.4811249968,-1.8749987840000006
1.46725e-05,0.312495104000007,0.61949999296,1.4823749966720001,-2.1874987519999998
1.4673000000000002e-05,-0.46875494399999695,0.62574999232,1.4811249968,-1.8749987840000006
1.4673500000000001e-05,0.312495104000007,0.62574999232,1.4811249968,-1.5624988160000015
1.4674e-05,0.312495104000007,0.62574999232,1.4811249968,-1.8749987840000006
1.4674500000000002e-05,-0.46875494399999695,0.62574999232,1.4823749966720001,-1.8749987840000006
1.4675000000000001e-05,-0.46875494399999695,0.62574999232,1.4823749966720001,-1.8749987840000006
1.46755e-05,0.312495104000007,0.62574999232,1.4823749966720001,-1.8749987840000006
1.4676000000000001e-05,-0.46875494399999695,0.61949999296,1.4823749966720001,-1.8749987840000006
1.4676500000000001e-05,0.312495104000007,0.62574999232,1.484874996416,-1.8749987840000006
1.4677e-05,1.0937451519999968,0.62574999232,1.484874996416,-1.5624988160000015
1.4677500000000001e-05,0.312495104000007,0.62574999232,1.483624996544,-1.8749987840000006
1.4678e-05,0.312495104000007,0.61949999296,1.4823749966720001,-1.5624988160000015
1.46785e-05,-0.46875494399999695,0.61949999296,1.484874996416,-1.8749987840000006
1.4679000000000001e-05,-0.46875494399999695,0.63199999168,1.486124996288,-1.8749987840000006
1.46795e-05,0.312495104000007,0.62574999232,1.486124996288,-2.1874987519999998
1.4680000000000002e-05,0.312495104000007,0.63199999168,1.483624996544,-2.1874987519999998
1.4680500000000001e-05,-0.46875494399999695,0.62574999232,1.484874996416,-1.8749987840000006
1.4681e-05,-0.46875494399999695,0.61949999296,1.483624996544,-1.5624988160000015
1.4681500000000002e-05,0.312495104000007,0.62574999232,1.4823749966720001,-1.5624988160000015
1.4682000000000001e-05,0.312495104000007,0.62574999232,1.4823749966720001,-1.8749987840000006
1.46825e-05,-0.46875494399999695,0.62574999232,1.483624996544,-1.8749987840000006
1.4683000000000002e-05,-0.46875494399999695,0.62574999232,1.486124996288,-1.8749987840000006
1.4683500000000001e-05,0.312495104000007,0.62574999232,1.483624996544,-1.5624988160000015
1.4684e-05,-0.46875494399999695,0.63199999168,1.4823749966720001,-1.8749987840000006
1.4684500000000001e-05,0.312495104000007,0.62574999232,1.483624996544,-1.8749987840000006
1.4685000000000001e-05,0.312495104000007,0.63199999168,1.484874996416,-1.8749987840000006
1.46855e-05,-0.46875494399999695,0.63199999168,1.483624996544,-1.5624988160000015
1.4686000000000001e-05,-0.46875494399999695,0.62574999232,1.4811249968,-1.5624988160000015
1.46865e-05,-0.46875494399999695,0.62574999232,1.4823749966720001,-1.8749987840000006
1.4687e-05,-0.46875494399999695,0.62574999232,1.4823749966720001,-1.8749987840000006
1.4687500000000001e-05,-0.46875494399999695,0.61949999296,1.4823749966720001,-2.1874987519999998
1.4688e-05,0.312495104000007,0.61949999296,1.4823749966720001,-1.8749987840000006
1.4688500000000002e-05,-0.46875494399999695,0.61949999296,1.483624996544,-2.1874987519999998
1.4689000000000001e-05,-0.46875494399999695,0.62574999232,1.4811249968,-1.8749987840000006
1.46895e-05,-0.46875494399999695,0.62574999232,1.4823749966720001,-1.8749987840000006
1.4690000000000002e-05,0.312495104000007,0.62574999232,1.4823749966720001,-1.8749987840000006
1.4690500000000001e-05,0.312495104000007,0.62574999232,1.4823749966720001,-1.8749987840000006
1.4691e-05,-0.46875494399999695,0.63199999168,1.4811249968,-1.8749987840000006
1.4691500000000002e-05,0.312495104000007,0.63199999168,1.4811249968,-1.8749987840000006
1.4692000000000001e-05,-1.250004992000001,0.62574999232,1.4811249968,-1.8749987840000006
1.46925e-05,-0.46875494399999695,0.63199999168,1.483624996544,-1.8749987840000006
1.4693000000000001e-05,-0.46875494399999695,0.63199999168,1.486124996288,-2.1874987519999998
1.4693500000000001e-05,0.312495104000007,0.62574999232,1.484874996416,-2.1874987519999998
1.4694e-05,-0.46875494399999695,0.62574999232,1.484874996416,-1.5624988160000015
1.4694500000000001e-05,0.312495104000007,0.63199999168,1.483624996544,-1.8749987840000006
1.4695e-05,-0.46875494399999695,0.63199999168,1.483624996544,-1.8749987840000006
1.46955e-05,0.312495104000007,0.62574999232,1.484874996416,-1.8749987840000006
1.4696000000000001e-05,0.312495104000007,0.62574999232,1.4823749966720001,-1.8749987840000006
1.46965e-05,1.0937451519999968,0.61949999296,1.4811249968,-2.1874987519999998
1.4697000000000002e-05,0.312495104000007,0.62574999232,1.479874996928,-1.8749987840000006
1.4697500000000001e-05,0.312495104000007,0.63199999168,1.4823749966720001,-1.8749987840000006
1.4698e-05,0.312495104000007,0.62574999232,1.483624996544,-1.8749987840000006
1.4698500000000002e-05,0.312495104000007,0.62574999232,1.483624996544,-1.8749987840000006
1.4699000000000001e-05,0.312495104000007,0.63199999168,1.4823749966720001,-1.8749987840000006
1.46995e-05,0.312495104000007,0.63199999168,1.4823749966720001,-1.8749987840000006
1.4700000000000002e-05,0.312495104000007,0.62574999232,1.4811249968,-2.1874987519999998
1.4700500000000001e-05,0.312495104000007,0.63199999168,1.4823749966720001,-2.1874987519999998
1.4701e-05,0.312495104000007,0.63199999168,1.484874996416,-1.8749987840000006
1.4701500000000001e-05,-0.46875494399999695,0.62574999232,1.486124996288,-2.1874987519999998
1.4702000000000001e-05,-0.46875494399999695,0.62574999232,1.484874996416,-1.8749987840000006
1.47025e-05,-0.46875494399999695,0.63199999168,1.483624996544,-2.1874987519999998
1.4703000000000001e-05,0.312495104000007,0.63199999168,1.4811249968,-2.1874987519999998
1.47035e-05,0.312495104000007,0.62574999232,1.4823749966720001,-2.1874987519999998
1.4704e-05,0.312495104000007,0.63199999168,1.4811249968,-1.8749987840000006
1.4704500000000001e-05,0.312495104000007,0.62574999232,1.4823749966720001,-1.8749987840000006
1.4705e-05,-0.46875494399999695,0.62574999232,1.4811249968,-1.5624988160000015
1.4705500000000002e-05,0.312495104000007,0.63199999168,1.483624996544,-1.8749987840000006
1.4706000000000001e-05,0.312495104000007,0.62574999232,1.486124996288,-1.8749987840000006
1.47065e-05,-0.46875494399999695,0.62574999232,1.488624996032,-1.8749987840000006
1.4707000000000002e-05,-0.46875494399999695,0.62574999232,1.48737499616,-1.8749987840000006
1.4707500000000001e-05,-0.46875494399999695,0.62574999232,1.484874996416,-1.8749987840000006
1.4708e-05,-0.46875494399999695,0.62574999232,1.483624996544,-1.8749987840000006
1.4708500000000002e-05,0.312495104000007,0.62574999232,1.484874996416,-1.8749987840000006
1.4709000000000001e-05,0.312495104000007,0.61949999296,1.486124996288,-2.1874987519999998
1.47095e-05,0.312495104000007,0.62574999232,1.483624996544,-2.1874987519999998
1.4710000000000001e-05,0.312495104000007,0.62574999232,1.4823749966720001,-1.8749987840000006
1.4710500000000001e-05,0.312495104000007,0.63199999168,1.483624996544,-2.1874987519999998
1.4711e-05,0.312495104000007,0.63199999168,1.4823749966720001,-1.8749987840000006
1.4711500000000001e-05,0.312495104000007,0.62574999232,1.4823749966720001,-2.1874987519999998
1.4712e-05,0.312495104000007,0.62574999232,1.4811249968,-2.1874987519999998
1.47125e-05,-0.46875494399999695,0.62574999232,1.483624996544,-2.1874987519999998
1.4713000000000001e-05,-0.46875494399999695,0.62574999232,1.4823749966720001,-1.8749987840000006
1.47135e-05,0.312495104000007,0.63199999168,1.4823749966720001,-1.8749987840000006
1.4714000000000002e-05,0.312495104000007,0.61949999296,1.4811249968,-1.8749987840000006
1.4714500000000001e-05,-0.46875494399999695,0.61949999296,1.4823749966720001,-1.8749987840000006
1.4715e-05,0.312495104000007,0.62574999232,1.483624996544,-2.1874987519999998
1.4715500000000002e-05,0.312495104000007,0.63199999168,1.4823749966720001,-1.8749987840000006
1.4716000000000001e-05,0.312495104000007,0.62574999232,1.4823749966720001,-1.8749987840000006
1.47165e-05,0.312495104000007,0.62574999232,1.4811249968,-1.8749987840000006
1.4717000000000002e-05,0.312495104000007,0.63199999168,1.4823749966720001,-2.1874987519999998
1.4717500000000001e-05,0.312495104000007,0.62574999232,1.4823749966720001,-2.1874987519999998
1.4718e-05,-0.46875494399999695,0.61949999296,1.484874996416,-1.5624988160000015
1.4718500000000001e-05,-0.46875494399999695,0.62574999232,1.484874996416,-1.8749987840000006
1.4719000000000001e-05,0.312495104000007,0.62574999232,1.4823749966720001,-2.1874987519999998
1.47195e-05,-0.46875494399999695,0.62574999232,1.4823749966720001,-2.1874987519999998
1.4720000000000001e-05,0.312495104000007,0.63199999168,1.4811249968,-2.1874987519999998
1.47205e-05,0.312495104000007,0.62574999232,1.4823749966720001,-2.4999987200000007
1.4721e-05,0.312495104000007,0.61949999296,1.483624996544,-1.8749987840000006
1.4721500000000001e-05,-0.46875494399999695,0.62574999232,1.484874996416,-1.8749987840000006
1.4722e-05,-0.46875494399999695,0.62574999232,1.483624996544,-1.8749987840000006
1.47225e-05,-0.46875494399999695,0.63199999168,1.4823749966720001,-1.8749987840000006
1.4723000000000001e-05,-0.46875494399999695,0.63199999168,1.483624996544,-1.8749987840000006
1.47235e-05,0.312495104000007,0.63199999168,1.486124996288,-1.8749987840000006
1.4724000000000002e-05,-0.46875494399999695,0.62574999232,1.486124996288,-1.8749987840000006
1.4724500000000001e-05,-0.46875494399999695,0.62574999232,1.484874996416,-1.8749987840000006
1.4725e-05,0.312495104000007,0.62574999232,1.483624996544,-2.1874987519999998
1.4725500000000002e-05,-0.46875494399999695,0.62574999232,1.4823749966720001,-2.1874987519999998
1.4726000000000001e-05,-0.46875494399999695,0.62574999232,1.4823749966720001,-1.8749987840000006
1.47265e-05,-0.46875494399999695,0.62574999232,1.4823749966720001,-2.1874987519999998
1.4727000000000001e-05,-0.46875494399999695,0.62574999232,1.483624996544,-1.8749987840000006
1.4727500000000001e-05,-0.46875494399999695,0.61949999296,1.484874996416,-2.1874987519999998
1.4728e-05,0.312495104000007,0.61949999296,1.483624996544,-1.8749987840000006
1.4728500000000001e-05,-0.46875494399999695,0.62574999232,1.483624996544,-1.8749987840000006
1.4729e-05,-0.46875494399999695,0.62574999232,1.4811249968,-1.8749987840000006
1.47295e-05,-0.46875494399999695,0.61949999296,1.4823749966720001,-1.8749987840000006
1.4730000000000001e-05,-0.46875494399999695,0.62574999232,1.4811249968,-1.8749987840000006
1.47305e-05,-0.46875494399999695,0.62574999232,1.4823749966720001,-1.8749987840000006
1.4731e-05,-0.46875494399999695,0.63199999168,1.4823749966720001,-1.8749987840000006
1.4731500000000001e-05,-0.46875494399999695,0.62574999232,1.483624996544,-1.8749987840000006
1.4732e-05,-0.46875494399999695,0.61949999296,1.4823749966720001,-1.8749987840000006
1.4732500000000002e-05,-0.46875494399999695,0.61949999296,1.484874996416,-2.1874987519999998
1.4733000000000001e-05,0.312495104000007,0.62574999232,1.4823749966720001,-2.4999987200000007
1.47335e-05,-0.46875494399999695,0.61949999296,1.4823749966720001,-2.1874987519999998
1.4734000000000002e-05,-0.46875494399999695,0.62574999232,1.484874996416,-1.8749987840000006
1.4734500000000001e-05,0.312495104000007,0.62574999232,1.48737499616,-1.8749987840000006
1.4735e-05,-0.46875494399999695,0.62574999232,1.483624996544,-1.8749987840000006
1.4735500000000001e-05,-0.46875494399999695,0.62574999232,1.484874996416,-1.8749987840000006
1.4736000000000001e-05,0.312495104000007,0.62574999232,1.483624996544,-2.1874987519999998
1.47365e-05,0.312495104000007,0.61949999296,1.486124996288,-2.4999987200000007
1.4737000000000001e-05,-0.46875494399999695,0.61949999296,1.4823749966720001,-2.1874987519999998
1.47375e-05,-0.46875494399999695,0.62574999232,1.483624996544,-2.1874987519999998
1.4738e-05,-0.46875494399999695,0.62574999232,1.4823749966720001,-2.1874987519999998
1.4738500000000001e-05,-0.46875494399999695,0.62574999232,1.4823749966720001,-2.1874987519999998
1.4739e-05,-0.46875494399999695,0.62574999232,1.4823749966720001,-2.1874987519999998
1.47395e-05,-0.46875494399999695,0.62574999232,1.484874996416,-2.1874987519999998
1.4740000000000001e-05,-0.46875494399999695,0.62574999232,1.484874996416,-1.8749987840000006
1.47405e-05,0.312495104000007,0.63199999168,1.486124996288,-1.8749987840000006
1.4741000000000002e-05,0.312495104000007,0.63199999168,1.4823749966720001,-1.5624988160000015
1.4741500000000001e-05,-0.46875494399999695,0.62574999232,1.4823749966720001,-2.4999987200000007
1.4742e-05,-0.46875494399999695,0.62574999232,1.4823749966720001,-1.8749987840000006
1.4742500000000002e-05,0.312495104000007,0.63199999168,1.4823749966720001,-2.1874987519999998
1.4743000000000001e-05,0.312495104000007,0.63199999168,1.4811249968,-1.8749987840000006
1.47435e-05,-0.46875494399999695,0.62574999232,1.4823749966720001,-2.1874987519999998
1.4744000000000001e-05,0.312495104000007,0.63199999168,1.4823749966720001,-2.1874987519999998
1.4744500000000001e-05,0.312495104000007,0.62574999232,1.484874996416,-2.1874987519999998
1.4745e-05,0.312495104000007,0.63199999168,1.483624996544,-1.8749987840000006
1.4745500000000001e-05,0.312495104000007,0.63199999168,1.483624996544,-1.8749987840000006
1.4746e-05,0.312495104000007,0.63199999168,1.483624996544,-1.8749987840000006
1.47465e-05,0.312495104000007,0.63199999168,1.486124996288,-1.8749987840000006
1.4747000000000001e-05,-0.46875494399999695,0.63199999168,1.483624996544,-2.1874987519999998
1.47475e-05,0.312495104000007,0.62574999232,1.484874996416,-1.8749987840000006
1.4748e-05,-0.46875494399999695,0.62574999232,1.484874996416,-1.8749987840000006
1.4748500000000001e-05,-0.46875494399999695,0.63199999168,1.484874996416,-1.8749987840000006
1.4749e-05,0.312495104000007,0.63199999168,1.483624996544,-2.1874987519999998
1.4749500000000002e-05,0.312495104000007,0.62574999232,1.4823749966720001,-1.8749987840000006
1.4750000000000001e-05,-0.46875494399999695,0.62574999232,1.483624996544,-1.8749987840000006
1.47505e-05,0.312495104000007,0.62574999232,1.484874996416,-2.1874987519999998
1.4751000000000002e-05,0.312495104000007,0.62574999232,1.4823749966720001,-1.8749987840000006
1.4751500000000001e-05,0.312495104000007,0.62574999232,1.483624996544,-2.1874987519999998
1.4752e-05,0.312495104000007,0.62574999232,1.483624996544,-1.8749987840000006
1.4752500000000001e-05,0.312495104000007,0.61949999296,1.486124996288,-2.1874987519999998
1.4753000000000001e-05,-0.46875494399999695,0.61949999296,1.484874996416,-1.8749987840000006
1.47535e-05,0.312495104000007,0.62574999232,1.484874996416,-1.8749987840000006
1.4754000000000001e-05,0.312495104000007,0.63199999168,1.483624996544,-1.8749987840000006
1.47545e-05,0.312495104000007,0.63199999168,1.483624996544,-1.8749987840000006
1.4755e-05,-0.46875494399999695,0.63199999168,1.483624996544,-1.8749987840000006
1.4755500000000001e-05,-0.46875494399999695,0.62574999232,1.483624996544,-2.1874987519999998
1.4756e-05,-0.46875494399999695,0.62574999232,1.4823749966720001,-2.1874987519999998
1.47565e-05,-0.46875494399999695,0.63199999168,1.483624996544,-2.1874987519999998
1.4757000000000001e-05,0.312495104000007,0.62574999232,1.486124996288,-2.1874987519999998
1.47575e-05,0.312495104000007,0.62574999232,1.483624996544,-2.1874987519999998
1.4758000000000002e-05,-0.46875494399999695,0.62574999232,1.483624996544,-2.1874987519999998
1.4758500000000001e-05,-0.46875494399999695,0.62574999232,1.484874996416,-1.8749987840000006
1.4759e-05,0.312495104000007,0.63199999168,1.484874996416,-1.8749987840000006
1.4759500000000002e-05,0.312495104000007,0.62574999232,1.486124996288,-2.1874987519999998
1.4760000000000001e-05,-0.46875494399999695,0.62574999232,1.483624996544,-2.1874987519999998
1.47605e-05,0.312495104000007,0.61949999296,1.484874996416,-2.1874987519999998
1.4761000000000001e-05,-0.46875494399999695,0.62574999232,1.483624996544,-1.8749987840000006
1.4761500000000001e-05,0.312495104000007,0.63199999168,1.483624996544,-1.8749987840000006
1.4762e-05,0.312495104000007,0.63199999168,1.484874996416,-1.8749987840000006
1.4762500000000001e-05,-0.46875494399999695,0.62574999232,1.486124996288,-2.1874987519999998
1.4763e-05,-0.46875494399999695,0.63199999168,1.483624996544,-1.8749987840000006
1.47635e-05,0.312495104000007,0.63199999168,1.483624996544,-1.8749987840000006
1.4764000000000001e-05,-0.46875494399999695,0.63199999168,1.483624996544,-1.8749987840000006
1.47645e-05,0.312495104000007,0.63199999168,1.483624996544,-1.8749987840000006
1.4765e-05,0.312495104000007,0.63199999168,1.4823749966720001,-2.1874987519999998
1.4765500000000001e-05,0.312495104000007,0.62574999232,1.4811249968,-2.1874987519999998
1.4766e-05,0.312495104000007,0.62574999232,1.4823749966720001,-1.8749987840000006
1.4766500000000002e-05,0.312495104000007,0.63199999168,1.486124996288,-2.1874987519999998
1.4767000000000001e-05,-0.46875494399999695,0.6382499910399999,1.486124996288,-1.8749987840000006
1.47675e-05,-1.250004992000001,0.61949999296,1.484874996416,-2.1874987519999998
1.4768000000000002e-05,0.312495104000007,0.62574999232,1.4823749966720001,-2.1874987519999998
1.4768500000000001e-05,0.312495104000007,0.62574999232,1.483624996544,-2.1874987519999998
1.4769e-05,-0.46875494399999695,0.62574999232,1.483624996544,-2.1874987519999998
1.4769500000000001e-05,0.312495104000007,0.62574999232,1.483624996544,-2.1874987519999998
1.4770000000000001e-05,0.312495104000007,0.62574999232,1.4823749966720001,-2.4999987200000007
1.47705e-05,-0.46875494399999695,0.62574999232,1.4811249968,-1.8749987840000006
1.4771000000000001e-05,-0.46875494399999695,0.63199999168,1.479874996928,-2.1874987519999998
1.47715e-05,0.312495104000007,0.63199999168,1.4811249968,-2.1874987519999998
1.4772e-05,-0.46875494399999695,0.63199999168,1.484874996416,-1.8749987840000006
1.4772500000000001e-05,-0.46875494399999695,0.62574999232,1.483624996544,-2.1874987519999998
1.4773e-05,-0.46875494399999695,0.62574999232,1.4823749966720001,-2.1874987519999998
1.47735e-05,-1.250004992000001,0.62574999232,1.4823749966720001,-1.8749987840000006
1.4774000000000001e-05,-0.46875494399999695,0.62574999232,1.483624996544,-1.8749987840000006
1.47745e-05,-0.46875494399999695,0.62574999232,1.4823749966720001,-1.8749987840000006
1.4775000000000002e-05,0.312495104000007,0.63199999168,1.4811249968,-2.4999987200000007
1.4775500000000001e-05,-0.46875494399999695,0.63199999168,1.483624996544,-2.1874987519999998
1.4776e-05,-1.250004992000001,0.63199999168,1.483624996544,-1.8749987840000006
1.4776500000000002e-05,-0.46875494399999695,0.62574999232,1.48737499616,-2.1874987519999998
1.4777000000000001e-05,-1.250004992000001,0.61949999296,1.486124996288,-2.1874987519999998
1.47775e-05,0.312495104000007,0.62574999232,1.484874996416,-2.1874987519999998
1.4778000000000001e-05,0.312495104000007,0.62574999232,1.483624996544,-2.1874987519999998
1.4778500000000001e-05,-0.46875494399999695,0.62574999232,1.4823749966720001,-2.1874987519999998
1.4779e-05,-0.46875494399999695,0.6382499910399999,1.486124996288,-1.5624988160000015
1.4779500000000001e-05,0.312495104000007,0.63199999168,1.484874996416,-1.8749987840000006
1.478e-05,0.312495104000007,0.63199999168,1.483624996544,-1.8749987840000006
1.47805e-05,-0.46875494399999695,0.62574999232,1.483624996544,-2.1874987519999998
1.4781000000000001e-05,-0.46875494399999695,0.62574999232,1.484874996416,-1.8749987840000006
1.47815e-05,-0.46875494399999695,0.63199999168,1.4823749966720001,-1.8749987840000006
1.4782e-05,-0.46875494399999695,0.62574999232,1.4823749966720001,-1.8749987840000006
1.4782500000000001e-05,-0.46875494399999695,0.62574999232,1.4823749966720001,-1.8749987840000006
1.4783e-05,-0.46875494399999695,0.62574999232,1.4823749966720001,-2.1874987519999998
1.4783500000000002e-05,0.312495104000007,0.62574999232,1.4823749966720001,-2.1874987519999998
1.4784000000000001e-05,0.312495104000007,0.63199999168,1.4811249968,-1.8749987840000006
1.47845e-05,-0.46875494399999695,0.62574999232,1.483624996544,-2.1874987519999998
1.4785000000000002e-05,-0.46875494399999695,0.62574999232,1.483624996544,-1.8749987840000006
1.4785500000000001e-05,-0.46875494399999695,0.62574999232,1.4823749966720001,-1.8749987840000006
1.4786e-05,0.312495104000007,0.62574999232,1.4811249968,-1.8749987840000006
1.4786500000000001e-05,0.312495104000007,0.62574999232,1.483624996544,-1.8749987840000006
1.4787000000000001e-05,0.312495104000007,0.63199999168,1.483624996544,-1.8749987840000006
1.47875e-05,-0.46875494399999695,0.62574999232,1.483624996544,-2.1874987519999998
1.4788000000000001e-05,-0.46875494399999695,0.62574999232,1.4811249968,-2.1874987519999998
1.47885e-05,-0.46875494399999695,0.62574999232,1.4811249968,-1.8749987840000006
1.4789e-05,0.312495104000007,0.63199999168,1.4823749966720001,-2.1874987519999998
1.4789500000000001e-05,-0.46875494399999695,0.62574999232,1.4811249968,-2.1874987519999998
1.479e-05,0.312495104000007,0.62574999232,1.479874996928,-1.8749987840000006
1.47905e-05,-0.46875494399999695,0.63199999168,1.4811249968,-2.1874987519999998
1.4791000000000001e-05,-0.46875494399999695,0.62574999232,1.4811249968,-1.8749987840000006
1.47915e-05,1.0937451519999968,0.62574999232,1.483624996544,-2.1874987519999998
1.4792000000000002e-05,0.312495104000007,0.62574999232,1.484874996416,-1.8749987840000006
1.4792500000000001e-05,1.0937451519999968,0.62574999232,1.486124996288,-2.1874987519999998
1.4793e-05,0.312495104000007,0.62574999232,1.4823749966720001,-2.1874987519999998
1.4793500000000002e-05,0.312495104000007,0.61949999296,1.4811249968,-2.1874987519999998
1.4794000000000001e-05,0.312495104000007,0.61949999296,1.4823749966720001,-1.8749987840000006
1.47945e-05,0.312495104000007,0.62574999232,1.483624996544,-2.1874987519999998
1.4795000000000001e-05,-0.46875494399999695,0.62574999232,1.483624996544,-2.1874987519999998
1.4795500000000001e-05,0.312495104000007,0.62574999232,1.483624996544,-1.8749987840000006
1.4796e-05,0.312495104000007,0.63199999168,1.4811249968,-2.1874987519999998
1.4796500000000001e-05,-0.46875494399999695,0.63199999168,1.4811249968,-2.1874987519999998
1.4797e-05,-0.46875494399999695,0.62574999232,1.4811249968,-2.4999987200000007
1.47975e-05,-0.46875494399999695,0.62574999232,1.4823749966720001,-2.1874987519999998
1.4798000000000001e-05,0.312495104000007,0.62574999232,1.484874996416,-1.8749987840000006
1.47985e-05,0.312495104000007,0.61949999296,1.484874996416,-2.1874987519999998
1.4799e-05,0.312495104000007,0.61949999296,1.479874996928,-1.8749987840000006
1.4799500000000001e-05,0.312495104000007,0.61949999296,1.479874996928,-2.1874987519999998
1.48e-05,-0.46875494399999695,0.62574999232,1.478624997056,-2.1874987519999998
1.4800500000000002e-05,0.312495104000007,0.62574999232,1.4811249968,-2.1874987519999998
1.4801000000000001e-05,-0.46875494399999695,0.62574999232,1.4823749966720001,-2.1874987519999998
1.48015e-05,0.312495104000007,0.62574999232,1.483624996544,-2.1874987519999998
1.4802000000000002e-05,0.312495104000007,0.62574999232,1.4811249968,-1.8749987840000006
1.4802500000000001e-05,-0.46875494399999695,0.61949999296,1.4811249968,-1.8749987840000006
1.4803e-05,0.312495104000007,0.62574999232,1.4823749966720001,-2.1874987519999998
1.4803500000000001e-05,0.312495104000007,0.62574999232,1.483624996544,-1.8749987840000006
1.4804000000000001e-05,0.312495104000007,0.61949999296,1.4823749966720001,-1.8749987840000006
1.48045e-05,0.312495104000007,0.63199999168,1.483624996544,-2.1874987519999998
1.4805000000000001e-05,0.312495104000007,0.63199999168,1.484874996416,-2.1874987519999998
1.48055e-05,-0.46875494399999695,0.62574999232,1.484874996416,-1.8749987840000006
1.4806e-05,-0.46875494399999695,0.61949999296,1.484874996416,-1.8749987840000006
1.4806500000000001e-05,0.312495104000007,0.62574999232,1.486124996288,-2.1874987519999998
1.4807e-05,0.312495104000007,0.6382499910399999,1.484874996416,-2.4999987200000007
1.48075e-05,-0.46875494399999695,0.62574999232,1.483624996544,-2.1874987519999998
1.4808000000000001e-05,0.312495104000007,0.63199999168,1.483624996544,-2.1874987519999998
1.48085e-05,-0.46875494399999695,0.62574999232,1.484874996416,-2.1874987519999998
1.4809000000000002e-05,0.312495104000007,0.61949999296,1.483624996544,-1.8749987840000006
1.4809500000000001e-05,0.312495104000007,0.63199999168,1.483624996544,-1.8749987840000006
1.481e-05,0.312495104000007,0.62574999232,1.483624996544,-1.8749987840000006
1.4810500000000002e-05,-0.46875494399999695,0.62574999232,1.4823749966720001,-1.8749987840000006
1.4811000000000001e-05,-0.46875494399999695,0.62574999232,1.4823749966720001,-2.1874987519999998
1.48115e-05,0.312495104000007,0.63199999168,1.483624996544,-1.8749987840000006
1.4812000000000002e-05,-0.46875494399999695,0.62574999232,1.484874996416,-1.8749987840000006
1.4812500000000001e-05,0.312495104000007,0.62574999232,1.486124996288,-1.8749987840000006
1.4813e-05,0.312495104000007,0.62574999232,1.484874996416,-2.1874987519999998
1.4813500000000001e-05,-0.46875494399999695,0.62574999232,1.483624996544,-1.8749987840000006
1.4814e-05,-0.46875494399999695,0.62574999232,1.483624996544,-1.8749987840000006
1.48145e-05,-0.46875494399999695,0.63199999168,1.483624996544,-2.1874987519999998
1.4815000000000001e-05,-0.46875494399999695,0.63199999168,1.4823749966720001,-2.1874987519999998
1.48155e-05,-1.250004992000001,0.62574999232,1.483624996544,-2.1874987519999998
1.4816e-05,0.312495104000007,0.63199999168,1.4823749966720001,-1.8749987840000006
1.4816500000000001e-05,0.312495104000007,0.62574999232,1.486124996288,-2.1874987519999998
1.4817e-05,0.312495104000007,0.61949999296,1.484874996416,-1.8749987840000006
1.4817500000000002e-05,-0.46875494399999695,0.62574999232,1.483624996544,-1.8749987840000006
1.4818000000000001e-05,0.312495104000007,0.62574999232,1.484874996416,-1.8749987840000006
1.48185e-05,-0.46875494399999695,0.62574999232,1.486124996288,-2.1874987519999998
1.4819000000000002e-05,0.312495104000007,0.62574999232,1.484874996416,-1.5624988160000015
1.4819500000000001e-05,0.312495104000007,0.62574999232,1.483624996544,-1.8749987840000006
1.482e-05,-0.46875494399999695,0.62574999232,1.483624996544,-1.8749987840000006
1.4820500000000002e-05,0.312495104000007,0.63199999168,1.484874996416,-2.1874987519999998
1.4821000000000001e-05,0.312495104000007,0.63199999168,1.484874996416,-2.4999987200000007
1.48215e-05,0.312495104000007,0.62574999232,1.484874996416,-2.1874987519999998
1.4822000000000001e-05,0.312495104000007,0.61949999296,1.4823749966720001,-1.8749987840000006
1.48225e-05,0.312495104000007,0.62574999232,1.484874996416,-2.1874987519999998
1.4823e-05,-0.46875494399999695,0.63199999168,1.483624996544,-2.1874987519999998
1.4823500000000001e-05,-0.46875494399999695,0.62574999232,1.484874996416,-2.4999987200000007
1.4824e-05,0.312495104000007,0.61949999296,1.483624996544,-2.1874987519999998
1.48245e-05,-0.46875494399999695,0.62574999232,1.48737499616,-2.1874987519999998
1.4825000000000001e-05,-0.46875494399999695,0.62574999232,1.483624996544,-2.1874987519999998
1.48255e-05,0.312495104000007,0.63199999168,1.4823749966720001,-2.1874987519999998
1.4826000000000002e-05,0.312495104000007,0.62574999232,1.4823749966720001,-2.1874987519999998
1.4826500000000001e-05,0.312495104000007,0.63199999168,1.4823749966720001,-2.1874987519999998
1.4827e-05,-0.46875494399999695,0.62574999232,1.479874996928,-2.1874987519999998
1.4827500000000002e-05,0.312495104000007,0.63199999168,1.4823749966720001,-2.1874987519999998
1.4828000000000001e-05,0.312495104000007,0.62574999232,1.4823749966720001,-2.1874987519999998
1.48285e-05,0.312495104000007,0.63199999168,1.484874996416,-2.1874987519999998
1.4829000000000002e-05,0.312495104000007,0.63199999168,1.4823749966720001,-2.1874987519999998
1.4829500000000001e-05,-0.46875494399999695,0.62574999232,1.4823749966720001,-1.8749987840000006
1.483e-05,-0.46875494399999695,0.62574999232,1.4823749966720001,-2.1874987519999998
1.4830500000000001e-05,-0.46875494399999695,0.62574999232,1.483624996544,-2.1874987519999998
1.4831e-05,0.312495104000007,0.63199999168,1.4823749966720001,-2.1874987519999998
1.48315e-05,0.312495104000007,0.62574999232,1.4823749966720001,-2.4999987200000007
1.4832000000000001e-05,0.312495104000007,0.63199999168,1.479874996928,-2.4999987200000007
1.48325e-05,1.0937451519999968,0.62574999232,1.483624996544,-2.4999987200000007
1.4833e-05,-0.46875494399999695,0.62574999232,1.484874996416,-2.1874987519999998
1.4833500000000001e-05,0.312495104000007,0.63199999168,1.483624996544,-2.1874987519999998
1.4834e-05,-0.46875494399999695,0.63199999168,1.483624996544,-2.1874987519999998
1.4834500000000002e-05,-0.46875494399999695,0.62574999232,1.483624996544,-2.4999987200000007
1.4835000000000001e-05,-0.46875494399999695,0.62574999232,1.484874996416,-2.1874987519999998
1.48355e-05,0.312495104000007,0.62574999232,1.484874996416,-2.4999987200000007
1.4836000000000002e-05,-0.46875494399999695,0.62574999232,1.484874996416,-2.1874987519999998
1.4836500000000001e-05,0.312495104000007,0.63199999168,1.48737499616,-2.1874987519999998
1.4837e-05,0.312495104000007,0.63199999168,1.484874996416,-2.1874987519999998
1.4837500000000002e-05,0.312495104000007,0.61949999296,1.483624996544,-2.1874987519999998
1.4838000000000001e-05,0.312495104000007,0.62574999232,1.484874996416,-1.8749987840000006
1.48385e-05,-0.46875494399999695,0.63199999168,1.484874996416,-1.8749987840000006
1.4839000000000001e-05,1.0937451519999968,0.63199999168,1.483624996544,-1.8749987840000006
1.48395e-05,0.312495104000007,0.62574999232,1.484874996416,-2.4999987200000007
1.484e-05,0.312495104000007,0.62574999232,1.483624996544,-2.4999987200000007
1.4840500000000001e-05,0.312495104000007,0.62574999232,1.484874996416,-2.1874987519999998
1.4841e-05,0.312495104000007,0.62574999232,1.483624996544,-2.1874987519999998
1.48415e-05,-0.46875494399999695,0.62574999232,1.484874996416,-2.1874987519999998
1.4842000000000001e-05,0.312495104000007,0.63199999168,1.486124996288,-2.1874987519999998
1.48425e-05,-0.46875494399999695,0.63199999168,1.486124996288,-2.4999987200000007
1.4843000000000002e-05,0.312495104000007,0.62574999232,1.483624996544,-2.1874987519999998
1.4843500000000001e-05,0.312495104000007,0.62574999232,1.483624996544,-2.1874987519999998
1.4844e-05,0.312495104000007,0.63199999168,1.4823749966720001,-1.8749987840000006
1.4844500000000002e-05,0.312495104000007,0.63199999168,1.483624996544,-2.1874987519999998
1.4845000000000001e-05,0.312495104000007,0.62574999232,1.483624996544,-2.4999987200000007
1.48455e-05,0.312495104000007,0.62574999232,1.484874996416,-2.1874987519999998
1.4846000000000002e-05,0.312495104000007,0.62574999232,1.486124996288,-2.1874987519999998
1.4846500000000001e-05,0.312495104000007,0.62574999232,1.48737499616,-1.8749987840000006
1.4847e-05,-0.46875494399999695,0.63199999168,1.484874996416,-2.1874987519999998
1.4847500000000001e-05,0.312495104000007,0.62574999232,1.484874996416,-2.1874987519999998
1.4848e-05,0.312495104000007,0.63199999168,1.4823749966720001,-2.1874987519999998
1.48485e-05,0.312495104000007,0.62574999232,1.484874996416,-2.1874987519999998
1.4849000000000001e-05,0.312495104000007,0.61949999296,1.486124996288,-2.1874987519999998
1.48495e-05,-0.46875494399999695,0.61949999296,1.483624996544,-2.1874987519999998
1.485e-05,0.312495104000007,0.62574999232,1.483624996544,-1.8749987840000006
1.4850500000000001e-05,0.312495104000007,0.62574999232,1.4823749966720001,-2.1874987519999998
1.4851e-05,-0.46875494399999695,0.63199999168,1.4823749966720001,-1.8749987840000006
1.4851500000000002e-05,0.312495104000007,0.62574999232,1.4823749966720001,-2.1874987519999998
1.4852000000000001e-05,0.312495104000007,0.62574999232,1.4823749966720001,-2.1874987519999998
1.48525e-05,-0.46875494399999695,0.63199999168,1.486124996288,-2.1874987519999998
1.4853000000000002e-05,0.312495104000007,0.62574999232,1.484874996416,-2.4999987200000007
1.4853500000000001e-05,0.312495104000007,0.63199999168,1.4823749966720001,-2.4999987200000007
1.4854e-05,0.312495104000007,0.62574999232,1.483624996544,-2.1874987519999998
1.4854500000000002e-05,0.312495104000007,0.62574999232,1.484874996416,-2.1874987519999998
1.4855000000000001e-05,0.312495104000007,0.6382499910399999,1.484874996416,-1.8749987840000006
1.48555e-05,-0.46875494399999695,0.62574999232,1.48737499616,-2.4999987200000007
1.4856000000000001e-05,-0.46875494399999695,0.62574999232,1.484874996416,-2.4999987200000007
1.48565e-05,0.312495104000007,0.62574999232,1.483624996544,-2.8124986880000016
1.4857e-05,0.312495104000007,0.62574999232,1.484874996416,-2.1874987519999998
1.4857500000000001e-05,0.312495104000007,0.62574999232,1.484874996416,-2.1874987519999998
1.4858e-05,0.312495104000007,0.62574999232,1.484874996416,-2.1874987519999998
1.48585e-05,0.312495104000007,0.61949999296,1.484874996416,-1.8749987840000006
1.4859000000000001e-05,0.312495104000007,0.63199999168,1.486124996288,-2.1874987519999998
1.48595e-05,0.312495104000007,0.63199999168,1.486124996288,-2.4999987200000007
1.4860000000000002e-05,0.312495104000007,0.62574999232,1.484874996416,-2.1874987519999998
1.4860500000000001e-05,1.0937451519999968,0.63199999168,1.484874996416,-2.4999987200000007
1.4861e-05,0.312495104000007,0.62574999232,1.484874996416,-2.4999987200000007
1.4861500000000002e-05,0.312495104000007,0.61949999296,1.484874996416,-2.4999987200000007
1.4862000000000001e-05,0.312495104000007,0.62574999232,1.4823749966720001,-2.1874987519999998
1.48625e-05,0.312495104000007,0.62574999232,1.4823749966720001,-2.1874987519999998
1.4863000000000002e-05,0.312495104000007,0.63199999168,1.4811249968,-2.1874987519999998
1.4863500000000001e-05,0.312495104000007,0.61949999296,1.4823749966720001,-2.8124986880000016
1.4864e-05,0.312495104000007,0.63199999168,1.4811249968,-2.1874987519999998
1.4864500000000001e-05,-0.46875494399999695,0.62574999232,1.483624996544,-2.4999987200000007
1.4865e-05,-0.46875494399999695,0.62574999232,1.483624996544,-2.1874987519999998
1.48655e-05,0.312495104000007,0.62574999232,1.483624996544,-2.1874987519999998
1.4866000000000001e-05,0.312495104000007,0.63199999168,1.484874996416,-1.8749987840000006
1.48665e-05,-0.46875494399999695,0.62574999232,1.484874996416,-2.1874987519999998
1.4867e-05,-0.46875494399999695,0.62574999232,1.4823749966720001,-2.1874987519999998
1.4867500000000001e-05,0.312495104000007,0.62574999232,1.4823749966720001,-2.4999987200000007
1.4868e-05,0.312495104000007,0.62574999232,1.4823749966720001,-2.1874987519999998
1.4868500000000002e-05,0.312495104000007,0.62574999232,1.4823749966720001,-2.4999987200000007
1.4869000000000001e-05,0.312495104000007,0.62574999232,1.484874996416,-2.1874987519999998
1.48695e-05,0.312495104000007,0.61949999296,1.484874996416,-2.1874987519999998
1.4870000000000002e-05,-0.46875494399999695,0.62574999232,1.486124996288,-1.8749987840000006
1.4870500000000001e-05,-0.46875494399999695,0.63199999168,1.484874996416,-2.1874987519999998
1.4871e-05,0.312495104000007,0.63199999168,1.4823749966720001,-2.1874987519999998
1.4871500000000002e-05,0.312495104000007,0.61949999296,1.483624996544,-2.4999987200000007
1.4872000000000001e-05,0.312495104000007,0.63199999168,1.483624996544,-2.1874987519999998
1.48725e-05,0.312495104000007,0.62574999232,1.488624996032,-2.4999987200000007
1.4873000000000001e-05,-0.46875494399999695,0.61949999296,1.486124996288,-2.1874987519999998
1.48735e-05,-0.46875494399999695,0.62574999232,1.483624996544,-2.1874987519999998
1.4874e-05,-0.46875494399999695,0.62574999232,1.4823749966720001,-2.1874987519999998
1.4874500000000001e-05,-0.46875494399999695,0.62574999232,1.4823749966720001,-2.4999987200000007
1.4875e-05,-0.46875494399999695,0.63199999168,1.484874996416,-1.8749987840000006
1.48755e-05,-0.46875494399999695,0.62574999232,1.484874996416,-1.8749987840000006
1.4876000000000001e-05,-0.46875494399999695,0.61949999296,1.486124996288,-2.1874987519999998
1.48765e-05,0.312495104000007,0.63199999168,1.486124996288,-2.1874987519999998
1.4877000000000002e-05,0.312495104000007,0.62574999232,1.486124996288,-2.1874987519999998
1.4877500000000001e-05,0.312495104000007,0.62574999232,1.486124996288,-2.4999987200000007
1.4878e-05,-0.46875494399999695,0.61949999296,1.48737499616,-2.1874987519999998
1.4878500000000002e-05,0.312495104000007,0.62574999232,1.488624996032,-2.1874987519999998
1.4879000000000001e-05,0.312495104000007,0.63199999168,1.486124996288,-2.4999987200000007
1.48795e-05,-0.46875494399999695,0.62574999232,1.486124996288,-2.4999987200000007
1.4880000000000002e-05,-0.46875494399999695,0.63199999168,1.483624996544,-2.4999987200000007
1.4880500000000001e-05,-0.46875494399999695,0.63199999168,1.483624996544,-2.4999987200000007
1.4881e-05,0.312495104000007,0.62574999232,1.483624996544,-2.1874987519999998
1.4881500000000001e-05,0.312495104000007,0.62574999232,1.484874996416,-2.1874987519999998
1.4882e-05,0.312495104000007,0.63199999168,1.484874996416,-2.4999987200000007
1.48825e-05,-0.46875494399999695,0.63199999168,1.483624996544,-2.1874987519999998
1.4883000000000001e-05,0.312495104000007,0.63199999168,1.4823749966720001,-1.8749987840000006
1.48835e-05,0.312495104000007,0.63199999168,1.4823749966720001,-2.1874987519999998
1.4884e-05,0.312495104000007,0.62574999232,1.4823749966720001,-2.1874987519999998
1.4884500000000001e-05,-0.46875494399999695,0.63199999168,1.483624996544,-2.1874987519999998
1.4885e-05,0.312495104000007,0.62574999232,1.483624996544,-2.4999987200000007
1.4885500000000002e-05,0.312495104000007,0.62574999232,1.486124996288,-1.8749987840000006
1.4886000000000001e-05,-0.46875494399999695,0.62574999232,1.486124996288,-2.1874987519999998
1.48865e-05,0.312495104000007,0.62574999232,1.484874996416,-2.1874987519999998
1.4887000000000002e-05,0.312495104000007,0.63199999168,1.4823749966720001,-1.8749987840000006
1.4887500000000001e-05,0.312495104000007,0.62574999232,1.483624996544,-2.4999987200000007
1.4888e-05,0.312495104000007,0.62574999232,1.4823749966720001,-2.1874987519999998
1.4888500000000002e-05,-0.46875494399999695,0.62574999232,1.484874996416,-2.4999987200000007
1.4889000000000001e-05,-0.46875494399999695,0.62574999232,1.483624996544,-2.1874987519999998
1.48895e-05,0.312495104000007,0.62574999232,1.486124996288,-2.1874987519999998
1.4890000000000001e-05,-0.46875494399999695,0.62574999232,1.486124996288,-2.4999987200000007
1.48905e-05,0.312495104000007,0.61949999296,1.486124996288,-2.4999987200000007
1.4891e-05,-0.46875494399999695,0.62574999232,1.486124996288,-2.1874987519999998
1.4891500000000001e-05,0.312495104000007,0.62574999232,1.486124996288,-2.1874987519999998
1.4892e-05,0.312495104000007,0.61949999296,1.483624996544,-2.1874987519999998
1.48925e-05,0.312495104000007,0.6382499910399999,1.4823749966720001,-2.4999987200000007
1.4893000000000001e-05,0.312495104000007,0.63199999168,1.4823749966720001,-2.4999987200000007
1.48935e-05,0.312495104000007,0.63199999168,1.484874996416,-2.1874987519999998
1.4894000000000002e-05,0.312495104000007,0.62574999232,1.484874996416,-2.4999987200000007
1.4894500000000001e-05,0.312495104000007,0.63199999168,1.486124996288,-2.1874987519999998
1.4895e-05,0.312495104000007,0.6382499910399999,1.484874996416,-2.4999987200000007
1.4895500000000002e-05,0.312495104000007,0.62574999232,1.484874996416,-2.1874987519999998
1.4896000000000001e-05,0.312495104000007,0.62574999232,1.483624996544,-2.1874987519999998
1.48965e-05,0.312495104000007,0.62574999232,1.48737499616,-2.4999987200000007
1.4897000000000002e-05,-0.46875494399999695,0.62574999232,1.484874996416,-2.1874987519999998
1.4897500000000001e-05,0.312495104000007,0.63199999168,1.483624996544,-2.4999987200000007
1.4898e-05,0.312495104000007,0.63199999168,1.483624996544,-2.4999987200000007
1.4898500000000001e-05,0.312495104000007,0.63199999168,1.484874996416,-2.4999987200000007
1.4899e-05,0.312495104000007,0.63199999168,1.4823749966720001,-2.4999987200000007
1.48995e-05,-0.46875494399999695,0.62574999232,1.483624996544,-2.4999987200000007
1.4900000000000001e-05,-0.46875494399999695,0.61949999296,1.483624996544,-2.4999987200000007
1.49005e-05,-0.46875494399999695,0.63199999168,1.484874996416,-2.4999987200000007
1.4901e-05,0.312495104000007,0.63199999168,1.483624996544,-2.4999987200000007
1.4901500000000001e-05,0.312495104000007,0.62574999232,1.4823749966720001,-2.4999987200000007
1.4902e-05,0.312495104000007,0.62574999232,1.483624996544,-2.4999987200000007
1.4902500000000002e-05,0.312495104000007,0.62574999232,1.483624996544,-2.4999987200000007
1.4903000000000001e-05,0.312495104000007,0.63199999168,1.484874996416,-2.1874987519999998
1.49035e-05,0.312495104000007,0.62574999232,1.486124996288,-2.8124986880000016
1.4904000000000002e-05,0.312495104000007,0.62574999232,1.4823749966720001,-2.4999987200000007
1.4904500000000001e-05,0.312495104000007,0.62574999232,1.483624996544,-2.4999987200000007
1.4905e-05,0.312495104000007,0.62574999232,1.483624996544,-2.1874987519999998
1.4905500000000002e-05,-0.46875494399999695,0.63199999168,1.483624996544,-2.4999987200000007
1.4906000000000001e-05,0.312495104000007,0.63199999168,1.484874996416,-2.4999987200000007
1.49065e-05,-0.46875494399999695,0.6382499910399999,1.483624996544,-2.4999987200000007
1.4907000000000001e-05,-0.46875494399999695,0.6382499910399999,1.4823749966720001,-2.1874987519999998
1.49075e-05,0.312495104000007,0.62574999232,1.4823749966720001,-2.4999987200000007
1.4908e-05,0.312495104000007,0.62574999232,1.483624996544,-2.4999987200000007
1.4908500000000001e-05,0.312495104000007,0.63199999168,1.484874996416,-2.4999987200000007
1.4909e-05,0.312495104000007,0.63199999168,1.483624996544,-2.4999987200000007
1.49095e-05,-0.46875494399999695,0.62574999232,1.483624996544,-2.4999987200000007
1.4910000000000001e-05,0.312495104000007,0.62574999232,1.484874996416,-2.1874987519999998
1.49105e-05,0.312495104000007,0.62574999232,1.484874996416,-2.1874987519999998
1.4911000000000002e-05,0.312495104000007,0.62574999232,1.4811249968,-2.1874987519999998
1.4911500000000001e-05,0.312495104000007,0.62574999232,1.4823749966720001,-2.8124986880000016
1.4912e-05,0.312495104000007,0.62574999232,1.4823749966720001,-2.4999987200000007
1.4912500000000002e-05,0.312495104000007,0.62574999232,1.484874996416,-2.4999987200000007
1.4913000000000001e-05,-0.46875494399999695,0.62574999232,1.484874996416,-2.1874987519999998
1.49135e-05,-0.46875494399999695,0.63199999168,1.484874996416,-2.4999987200000007
1.4914000000000002e-05,0.312495104000007,0.63199999168,1.484874996416,-2.4999987200000007
1.4914500000000001e-05,-0.46875494399999695,0.62574999232,1.483624996544,-2.1874987519999998
1.4915e-05,-0.46875494399999695,0.63199999168,1.4811249968,-2.1874987519999998
1.4915500000000001e-05,0.312495104000007,0.63199999168,1.4823749966720001,-2.4999987200000007
1.4916e-05,-0.46875494399999695,0.62574999232,1.4823749966720001,-2.1874987519999998
1.49165e-05,-0.46875494399999695,0.63199999168,1.484874996416,-2.4999987200000007
1.4917000000000001e-05,1.0937451519999968,0.63199999168,1.486124996288,-2.4999987200000007
1.49175e-05,0.312495104000007,0.62574999232,1.486124996288,-2.4999987200000007
1.4918e-05,0.312495104000007,0.62574999232,1.486124996288,-2.4999987200000007
1.4918500000000001e-05,0.312495104000007,0.63199999168,1.484874996416,-2.1874987519999998
1.4919e-05,-0.46875494399999695,0.63199999168,1.4811249968,-2.1874987519999998
1.4919500000000002e-05,-0.46875494399999695,0.62574999232,1.483624996544,-2.4999987200000007
1.4920000000000001e-05,0.312495104000007,0.63199999168,1.484874996416,-2.1874987519999998
1.49205e-05,-0.46875494399999695,0.62574999232,1.486124996288,-2.1874987519999998
1.4921000000000002e-05,0.312495104000007,0.62574999232,1.483624996544,-2.1874987519999998
1.4921500000000001e-05,0.312495104000007,0.62574999232,1.483624996544,-2.1874987519999998
1.4922e-05,0.312495104000007,0.62574999232,1.4823749966720001,-2.4999987200000007
1.4922500000000002e-05,0.312495104000007,0.62574999232,1.4811249968,-2.4999987200000007
1.4923000000000001e-05,0.312495104000007,0.63199999168,1.4811249968,-2.1874987519999998
1.49235e-05,0.312495104000007,0.63199999168,1.4811249968,-2.1874987519999998
1.4924000000000001e-05,-0.46875494399999695,0.63199999168,1.483624996544,-2.1874987519999998
1.4924500000000001e-05,-0.46875494399999695,0.62574999232,1.486124996288,-2.4999987200000007
1.4925e-05,1.0937451519999968,0.63199999168,1.486124996288,-2.1874987519999998
1.4925500000000001e-05,-0.46875494399999695,0.62574999232,1.484874996416,-2.4999987200000007
1.4926e-05,0.312495104000007,0.62574999232,1.484874996416,-2.4999987200000007
1.49265e-05,0.312495104000007,0.62574999232,1.484874996416,-2.1874987519999998
1.4927000000000001e-05,0.312495104000007,0.63199999168,1.483624996544,-2.1874987519999998
1.49275e-05,-1.250004992000001,0.61949999296,1.484874996416,-2.8124986880000016
1.4928000000000002e-05,-0.46875494399999695,0.61949999296,1.4823749966720001,-2.4999987200000007
1.4928500000000001e-05,0.312495104000007,0.62574999232,1.484874996416,-2.4999987200000007
1.4929e-05,0.312495104000007,0.62574999232,1.486124996288,-2.1874987519999998
1.4929500000000002e-05,0.312495104000007,0.63199999168,1.484874996416,-2.1874987519999998
1.4930000000000001e-05,-0.46875494399999695,0.63199999168,1.4823749966720001,-2.4999987200000007
1.49305e-05,-0.46875494399999695,0.62574999232,1.4823749966720001,-2.4999987200000007
1.4931000000000002e-05,-0.46875494399999695,0.62574999232,1.4823749966720001,-2.1874987519999998
1.4931500000000001e-05,-0.46875494399999695,0.62574999232,1.483624996544,-2.4999987200000007
1.4932e-05,-1.250004992000001,0.62574999232,1.486124996288,-2.1874987519999998
1.4932500000000001e-05,-0.46875494399999695,0.62574999232,1.48737499616,-2.4999987200000007
1.4933000000000001e-05,0.312495104000007,0.63199999168,1.484874996416,-2.4999987200000007
1.49335e-05,-0.46875494399999695,0.63199999168,1.483624996544,-2.4999987200000007
1.4934000000000001e-05,0.312495104000007,0.62574999232,1.484874996416,-2.4999987200000007
1.49345e-05,0.312495104000007,0.62574999232,1.48737499616,-2.1874987519999998
1.4935e-05,-1.250004992000001,0.62574999232,1.484874996416,-2.4999987200000007
1.4935500000000001e-05,0.312495104000007,0.62574999232,1.484874996416,-2.4999987200000007
1.4936e-05,0.312495104000007,0.63199999168,1.483624996544,-2.4999987200000007
1.4936500000000002e-05,-0.46875494399999695,0.62574999232,1.484874996416,-2.8124986880000016
1.4937000000000001e-05,0.312495104000007,0.62574999232,1.484874996416,-2.1874987519999998
1.49375e-05,0.312495104000007,0.62574999232,1.484874996416,-2.4999987200000007
1.4938000000000002e-05,-0.46875494399999695,0.62574999232,1.4823749966720001,-2.4999987200000007
1.4938500000000001e-05,-0.46875494399999695,0.62574999232,1.483624996544,-2.4999987200000007
1.4939e-05,0.312495104000007,0.63199999168,1.483624996544,-2.4999987200000007
1.4939500000000002e-05,0.312495104000007,0.63199999168,1.4811249968,-2.4999987200000007
1.4940000000000001e-05,-0.46875494399999695,0.62574999232,1.479874996928,-2.4999987200000007
1.49405e-05,0.312495104000007,0.63199999168,1.4823749966720001,-2.4999987200000007
1.4941000000000001e-05,-0.46875494399999695,0.63199999168,1.483624996544,-2.4999987200000007
1.4941500000000001e-05,0.312495104000007,0.62574999232,1.4823749966720001,-2.4999987200000007
1.4942e-05,0.312495104000007,0.62574999232,1.4811249968,-2.4999987200000007
1.4942500000000001e-05,0.312495104000007,0.63199999168,1.479874996928,-2.1874987519999998
1.4943e-05,0.312495104000007,0.63199999168,1.478624997056,-2.4999987200000007
1.49435e-05,0.312495104000007,0.62574999232,1.479874996928,-2.8124986880000016
1.4944000000000001e-05,0.312495104000007,0.63199999168,1.4811249968,-2.4999987200000007
1.49445e-05,0.312495104000007,0.62574999232,1.483624996544,-2.8124986880000016
1.4945000000000002e-05,0.312495104000007,0.62574999232,1.483624996544,-2.4999987200000007
1.4945500000000001e-05,0.312495104000007,0.62574999232,1.4811249968,-2.4999987200000007
1.4946e-05,0.312495104000007,0.63199999168,1.4823749966720001,-2.4999987200000007
1.4946500000000002e-05,-0.46875494399999695,0.63199999168,1.4823749966720001,-2.8124986880000016
1.4947000000000001e-05,-0.46875494399999695,0.63199999168,1.483624996544,-2.4999987200000007
1.49475e-05,0.312495104000007,0.62574999232,1.483624996544,-2.4999987200000007
1.4948000000000002e-05,-0.46875494399999695,0.61949999296,1.4823749966720001,-2.4999987200000007
1.4948500000000001e-05,1.0937451519999968,0.63199999168,1.483624996544,-2.8124986880000016
1.4949e-05,1.0937451519999968,0.63199999168,1.4823749966720001,-2.4999987200000007
1.4949500000000001e-05,0.312495104000007,0.62574999232,1.484874996416,-2.4999987200000007
1.4950000000000001e-05,0.312495104000007,0.62574999232,1.486124996288,-2.4999987200000007
1.49505e-05,0.312495104000007,0.62574999232,1.484874996416,-2.8124986880000016
1.4951000000000001e-05,0.312495104000007,0.62574999232,1.4823749966720001,-2.4999987200000007
1.49515e-05,0.312495104000007,0.61949999296,1.484874996416,-2.4999987200000007
1.4952e-05,0.312495104000007,0.63199999168,1.483624996544,-2.8124986880000016
1.4952500000000001e-05,0.312495104000007,0.61949999296,1.486124996288,-2.8124986880000016
1.4953e-05,0.312495104000007,0.61949999296,1.483624996544,-2.4999987200000007
1.4953500000000002e-05,0.312495104000007,0.62574999232,1.483624996544,-2.4999987200000007
1.4954000000000001e-05,-0.46875494399999695,0.63199999168,1.483624996544,-2.4999987200000007
1.49545e-05,0.312495104000007,0.63199999168,1.486124996288,-2.4999987200000007
1.4955000000000002e-05,0.312495104000007,0.62574999232,1.48737499616,-2.4999987200000007
1.4955500000000001e-05,0.312495104000007,0.62574999232,1.484874996416,-2.4999987200000007
1.4956e-05,-0.46875494399999695,0.62574999232,1.483624996544,-2.4999987200000007
1.4956500000000002e-05,0.312495104000007,0.63199999168,1.484874996416,-2.4999987200000007
1.4957000000000001e-05,0.312495104000007,0.63199999168,1.486124996288,-2.4999987200000007
1.49575e-05,-0.46875494399999695,0.62574999232,1.48737499616,-2.1874987519999998
1.4958000000000001e-05,-0.46875494399999695,0.62574999232,1.488624996032,-2.1874987519999998
1.4958500000000001e-05,0.312495104000007,0.6382499910399999,1.488624996032,-2.4999987200000007
1.4959e-05,0.312495104000007,0.63199999168,1.484874996416,-2.4999987200000007
1.4959500000000001e-05,0.312495104000007,0.62574999232,1.484874996416,-2.4999987200000007
1.496e-05,0.312495104000007,0.61949999296,1.483624996544,-2.4999987200000007
1.49605e-05,0.312495104000007,0.62574999232,1.486124996288,-2.4999987200000007
1.4961000000000001e-05,-0.46875494399999695,0.62574999232,1.48737499616,-2.4999987200000007
1.49615e-05,-0.46875494399999695,0.63199999168,1.48737499616,-2.4999987200000007
1.4962000000000002e-05,0.312495104000007,0.63199999168,1.488624996032,-2.4999987200000007
1.4962500000000001e-05,0.312495104000007,0.62574999232,1.489874995904,-2.4999987200000007
1.4963e-05,-0.46875494399999695,0.63199999168,1.486124996288,-2.4999987200000007
1.4963500000000002e-05,-0.46875494399999695,0.63199999168,1.483624996544,-2.4999987200000007
1.4964000000000001e-05,0.312495104000007,0.62574999232,1.483624996544,-2.1874987519999998
1.49645e-05,0.312495104000007,0.63199999168,1.486124996288,-2.1874987519999998
1.4965000000000002e-05,0.312495104000007,0.63199999168,1.48737499616,-2.4999987200000007
1.4965500000000001e-05,0.312495104000007,0.62574999232,1.484874996416,-2.4999987200000007
1.4966e-05,0.312495104000007,0.62574999232,1.484874996416,-2.1874987519999998
1.4966500000000001e-05,0.312495104000007,0.63199999168,1.484874996416,-2.1874987519999998
1.4967000000000001e-05,0.312495104000007,0.63199999168,1.486124996288,-2.4999987200000007
1.49675e-05,-0.46875494399999695,0.62574999232,1.48737499616,-2.8124986880000016
1.4968000000000001e-05,-0.46875494399999695,0.63199999168,1.486124996288,-2.4999987200000007
1.49685e-05,0.312495104000007,0.62574999232,1.486124996288,-2.4999987200000007
1.4969e-05,-0.46875494399999695,0.62574999232,1.48737499616,-2.1874987519999998
1.4969500000000001e-05,0.312495104000007,0.62574999232,1.48737499616,-2.4999987200000007
1.497e-05,0.312495104000007,0.62574999232,1.486124996288,-2.8124986880000016
1.4970500000000002e-05,-0.46875494399999695,0.62574999232,1.488624996032,-2.4999987200000007
1.4971000000000001e-05,-0.46875494399999695,0.63199999168,1.484874996416,-2.1874987519999998
1.49715e-05,0.312495104000007,0.63199999168,1.484874996416,-2.4999987200000007
1.4972000000000002e-05,-0.46875494399999695,0.63199999168,1.486124996288,-2.1874987519999998
1.4972500000000001e-05,-0.46875494399999695,0.63199999168,1.486124996288,-2.4999987200000007
1.4973e-05,-0.46875494399999695,0.6382499910399999,1.486124996288,-2.4999987200000007
1.4973500000000002e-05,-0.46875494399999695,0.62574999232,1.486124996288,-2.4999987200000007
1.4974000000000001e-05,-0.46875494399999695,0.62574999232,1.48737499616,-2.1874987519999998
1.49745e-05,-0.46875494399999695,0.62574999232,1.48737499616,-2.4999987200000007
1.4975000000000001e-05,0.312495104000007,0.62574999232,1.484874996416,-2.4999987200000007
1.4975500000000001e-05,0.312495104000007,0.61949999296,1.48737499616,-2.4999987200000007
1.4976e-05,-0.46875494399999695,0.63199999168,1.484874996416,-2.1874987519999998
1.4976500000000001e-05,-0.46875494399999695,0.62574999232,1.486124996288,-2.4999987200000007
1.4977e-05,0.312495104000007,0.62574999232,1.484874996416,-2.4999987200000007
1.49775e-05,0.312495104000007,0.62574999232,1.48737499616,-2.4999987200000007
1.4978000000000001e-05,0.312495104000007,0.62574999232,1.48737499616,-2.4999987200000007
1.49785e-05,0.312495104000007,0.62574999232,1.489874995904,-2.4999987200000007
1.4979000000000002e-05,-0.46875494399999695,0.62574999232,1.491124995776,-2.8124986880000016
1.4979500000000001e-05,-0.46875494399999695,0.62574999232,1.48737499616,-2.4999987200000007
1.498e-05,-0.46875494399999695,0.62574999232,1.48737499616,-2.4999987200000007
1.4980500000000002e-05,-0.46875494399999695,0.62574999232,1.486124996288,-2.4999987200000007
1.4981000000000001e-05,0.312495104000007,0.63199999168,1.483624996544,-2.4999987200000007
1.49815e-05,-0.46875494399999695,0.61949999296,1.483624996544,-2.8124986880000016
1.4982000000000002e-05,-0.46875494399999695,0.61949999296,1.483624996544,-2.4999987200000007
1.4982500000000001e-05,0.312495104000007,0.62574999232,1.4823749966720001,-2.4999987200000007
1.4983e-05,0.312495104000007,0.63199999168,1.4823749966720001,-2.4999987200000007
1.4983500000000001e-05,-0.46875494399999695,0.62574999232,1.484874996416,-2.4999987200000007
1.4984000000000001e-05,-0.46875494399999695,0.61949999296,1.484874996416,-2.8124986880000016
1.49845e-05,0.312495104000007,0.62574999232,1.486124996288,-2.8124986880000016
1.4985000000000001e-05,0.312495104000007,0.62574999232,1.4823749966720001,-2.4999987200000007
1.49855e-05,0.312495104000007,0.62574999232,1.4811249968,-2.4999987200000007
1.4986e-05,0.312495104000007,0.62574999232,1.483624996544,-2.8124986880000016
1.4986500000000001e-05,-0.46875494399999695,0.62574999232,1.483624996544,-2.4999987200000007
1.4987e-05,0.312495104000007,0.6382499910399999,1.483624996544,-2.8124986880000016
1.4987500000000002e-05,0.312495104000007,0.63199999168,1.483624996544,-2.4999987200000007
1.4988000000000001e-05,-0.46875494399999695,0.63199999168,1.484874996416,-2.8124986880000016
1.49885e-05,-0.46875494399999695,0.63199999168,1.484874996416,-2.8124986880000016
1.4989000000000002e-05,0.312495104000007,0.63199999168,1.483624996544,-2.8124986880000016
1.4989500000000001e-05,0.312495104000007,0.62574999232,1.4823749966720001,-2.4999987200000007
1.499e-05,-0.46875494399999695,0.62574999232,1.483624996544,-2.4999987200000007
1.4990500000000002e-05,0.312495104000007,0.62574999232,1.484874996416,-2.4999987200000007
1.4991000000000001e-05,-0.46875494399999695,0.63199999168,1.484874996416,-2.4999987200000007
1.49915e-05,0.312495104000007,0.62574999232,1.483624996544,-2.8124986880000016
1.4992000000000001e-05,0.312495104000007,0.63199999168,1.4823749966720001,-2.8124986880000016
1.4992500000000001e-05,-0.46875494399999695,0.62574999232,1.483624996544,-3.1249986560000007
1.4993e-05,-0.46875494399999695,0.62574999232,1.4823749966720001,-2.4999987200000007
1.4993500000000001e-05,0.312495104000007,0.63199999168,1.484874996416,-2.4999987200000007
1.4994e-05,0.312495104000007,0.62574999232,1.483624996544,-2.8124986880000016
1.49945e-05,-0.46875494399999695,0.63199999168,1.479874996928,-2.4999987200000007
1.4995000000000001e-05,-0.46875494399999695,0.63199999168,1.4811249968,-2.4999987200000007
1.49955e-05,-0.46875494399999695,0.62574999232,1.483624996544,-2.4999987200000007
1.4996000000000002e-05,-0.46875494399999695,0.62574999232,1.486124996288,-2.4999987200000007
1.4996500000000001e-05,-0.46875494399999695,0.63199999168,1.48737499616,-2.4999987200000007
1.4997e-05,-0.46875494399999695,0.63199999168,1.486124996288,-2.4999987200000007
1.4997500000000002e-05,-0.46875494399999695,0.62574999232,1.486124996288,-2.4999987200000007
1.4998000000000001e-05,0.312495104000007,0.62574999232,1.483624996544,-2.4999987200000007
1.49985e-05,-0.46875494399999695,0.63199999168,1.486124996288,-2.4999987200000007
1.4999000000000002e-05,-0.46875494399999695,0.63199999168,1.483624996544,-2.8124986880000016
1.4999500000000001e-05,-1.250004992000001,0.62574999232,1.484874996416,-2.8124986880000016
1.5e-05,-1.250004992000001,0.62574999232,1.4823749966720001,-2.8124986880000016
1.5000500000000001e-05,0.312495104000007,0.62574999232,1.4823749966720001,-2.8124986880000016
1.5001000000000001e-05,-0.46875494399999695,0.62574999232,1.4811249968,-2.4999987200000007
1.50015e-05,0.312495104000007,0.62574999232,1.4823749966720001,-2.8124986880000016
1.5002000000000001e-05,-0.46875494399999695,0.63199999168,1.483624996544,-2.4999987200000007
1.50025e-05,-0.46875494399999695,0.62574999232,1.484874996416,-2.4999987200000007
1.5003e-05,-0.46875494399999695,0.62574999232,1.486124996288,-2.4999987200000007
1.5003500000000001e-05,0.312495104000007,0.62574999232,1.48737499616,-2.4999987200000007
1.5004e-05,-1.250004992000001,0.62574999232,1.486124996288,-2.8124986880000016
1.5004500000000002e-05,-0.46875494399999695,0.62574999232,1.486124996288,-2.4999987200000007
1.5005000000000001e-05,-0.46875494399999695,0.63199999168,1.484874996416,-2.4999987200000007
1.50055e-05,0.312495104000007,0.62574999232,1.483624996544,-2.8124986880000016
1.5006000000000002e-05,-0.46875494399999695,0.62574999232,1.483624996544,-2.4999987200000007
1.5006500000000001e-05,0.312495104000007,0.63199999168,1.4823749966720001,-2.8124986880000016
1.5007e-05,0.312495104000007,0.63199999168,1.4823749966720001,-2.8124986880000016
1.5007500000000002e-05,-0.46875494399999695,0.62574999232,1.483624996544,-2.8124986880000016
1.5008000000000001e-05,-0.46875494399999695,0.63199999168,1.4811249968,-2.8124986880000016
1.50085e-05,-0.46875494399999695,0.62574999232,1.4823749966720001,-2.8124986880000016
1.5009000000000001e-05,0.312495104000007,0.62574999232,1.4823749966720001,-2.4999987200000007
1.5009500000000001e-05,0.312495104000007,0.62574999232,1.483624996544,-2.4999987200000007
1.501e-05,-0.46875494399999695,0.62574999232,1.483624996544,-2.8124986880000016
1.5010500000000001e-05,-0.46875494399999695,0.63199999168,1.486124996288,-2.4999987200000007
1.5011e-05,0.312495104000007,0.63199999168,1.484874996416,-2.4999987200000007
1.50115e-05,-0.46875494399999695,0.63199999168,1.484874996416,-2.4999987200000007
1.5012000000000001e-05,-0.46875494399999695,0.63199999168,1.483624996544,-2.4999987200000007
1.50125e-05,-0.46875494399999695,0.63199999168,1.483624996544,-2.8124986880000016
1.5013000000000002e-05,0.312495104000007,0.63199999168,1.483624996544,-2.4999987200000007
1.5013500000000001e-05,0.312495104000007,0.63199999168,1.484874996416,-2.4999987200000007
1.5014e-05,0.312495104000007,0.63199999168,1.488624996032,-2.1874987519999998
1.5014500000000002e-05,-0.46875494399999695,0.62574999232,1.488624996032,-2.4999987200000007
1.5015000000000001e-05,-0.46875494399999695,0.6382499910399999,1.48737499616,-2.4999987200000007
1.50155e-05,0.312495104000007,0.62574999232,1.48737499616,-2.8124986880000016
1.5016000000000002e-05,0.312495104000007,0.63199999168,1.484874996416,-2.4999987200000007
1.5016500000000001e-05,0.312495104000007,0.62574999232,1.48737499616,-2.4999987200000007
1.5017e-05,-0.46875494399999695,0.63199999168,1.486124996288,-2.8124986880000016
1.5017500000000001e-05,0.312495104000007,0.62574999232,1.48737499616,-2.1874987519999998
1.5018000000000001e-05,0.312495104000007,0.62574999232,1.48737499616,-2.4999987200000007
1.50185e-05,-0.46875494399999695,0.62574999232,1.48737499616,-2.4999987200000007
1.5019000000000001e-05,-0.46875494399999695,0.63199999168,1.48737499616,-2.4999987200000007
1.50195e-05,-0.46875494399999695,0.62574999232,1.484874996416,-2.4999987200000007
1.502e-05,0.312495104000007,0.62574999232,1.484874996416,-2.8124986880000016
1.5020500000000001e-05,-0.46875494399999695,0.63199999168,1.48737499616,-2.4999987200000007
1.5021e-05,0.312495104000007,0.63199999168,1.48737499616,-2.4999987200000007
1.50215e-05,0.312495104000007,0.62574999232,1.484874996416,-2.8124986880000016
1.5022000000000001e-05,0.312495104000007,0.63199999168,1.486124996288,-2.1874987519999998
1.50225e-05,0.312495104000007,0.63199999168,1.489874995904,-2.1874987519999998
1.5023000000000002e-05,0.312495104000007,0.63199999168,1.486124996288,-2.4999987200000007
1.5023500000000001e-05,0.312495104000007,0.63199999168,1.483624996544,-2.8124986880000016
1.5024e-05,0.312495104000007,0.62574999232,1.4811249968,-2.8124986880000016
1.5024500000000002e-05,0.312495104000007,0.62574999232,1.4823749966720001,-2.8124986880000016
1.5025000000000001e-05,-0.46875494399999695,0.62574999232,1.4823749966720001,-2.1874987519999998
1.50255e-05,0.312495104000007,0.62574999232,1.4823749966720001,-2.4999987200000007
1.5026000000000001e-05,0.312495104000007,0.62574999232,1.4811249968,-2.8124986880000016
1.5026500000000001e-05,-0.46875494399999695,0.63199999168,1.483624996544,-2.4999987200000007
1.5027e-05,0.312495104000007,0.63199999168,1.486124996288,-2.1874987519999998
1.5027500000000001e-05,0.312495104000007,0.63199999168,1.484874996416,-2.4999987200000007
1.5028e-05,-0.46875494399999695,0.63199999168,1.483624996544,-2.1874987519999998
1.50285e-05,0.312495104000007,0.63199999168,1.484874996416,-2.8124986880000016
1.5029000000000001e-05,0.312495104000007,0.63199999168,1.483624996544,-2.4999987200000007
1.50295e-05,0.312495104000007,0.62574999232,1.483624996544,-2.4999987200000007
1.503e-05,0.312495104000007,0.62574999232,1.48737499616,-2.4999987200000007
1.5030500000000001e-05,-0.46875494399999695,0.63199999168,1.488624996032,-2.4999987200000007
1.5031e-05,-0.46875494399999695,0.62574999232,1.484874996416,-2.4999987200000007
1.5031500000000002e-05,0.312495104000007,0.61949999296,1.486124996288,-2.8124986880000016
1.5032000000000001e-05,-0.46875494399999695,0.63199999168,1.484874996416,-2.8124986880000016
1.50325e-05,-0.46875494399999695,0.62574999232,1.484874996416,-2.8124986880000016
1.5033000000000002e-05,0.312495104000007,0.62574999232,1.484874996416,-2.4999987200000007
1.5033500000000001e-05,0.312495104000007,0.63199999168,1.483624996544,-2.4999987200000007
1.5034e-05,0.312495104000007,0.62574999232,1.483624996544,-2.4999987200000007
1.5034500000000001e-05,0.312495104000007,0.6382499910399999,1.483624996544,-2.4999987200000007
1.5035000000000001e-05,0.312495104000007,0.63199999168,1.484874996416,-2.8124986880000016
1.50355e-05,0.312495104000007,0.63199999168,1.486124996288,-2.4999987200000007
1.5036000000000001e-05,-0.46875494399999695,0.62574999232,1.486124996288,-2.4999987200000007
1.50365e-05,1.0937451519999968,0.63199999168,1.48737499616,-2.8124986880000016
1.5037e-05,0.312495104000007,0.63199999168,1.486124996288,-2.4999987200000007
1.5037500000000001e-05,0.312495104000007,0.63199999168,1.483624996544,-2.8124986880000016
1.5038e-05,0.312495104000007,0.63199999168,1.486124996288,-2.8124986880000016
1.50385e-05,-0.46875494399999695,0.63199999168,1.488624996032,-2.4999987200000007
1.5039000000000001e-05,0.312495104000007,0.63199999168,1.48737499616,-2.8124986880000016
1.50395e-05,0.312495104000007,0.62574999232,1.488624996032,-2.8124986880000016
1.5040000000000002e-05,-0.46875494399999695,0.63199999168,1.486124996288,-2.8124986880000016
1.5040500000000001e-05,0.312495104000007,0.63199999168,1.489874995904,-2.8124986880000016
1.5041e-05,0.312495104000007,0.62574999232,1.48737499616,-2.8124986880000016
1.5041500000000002e-05,0.312495104000007,0.62574999232,1.48737499616,-2.4999987200000007
1.5042000000000001e-05,0.312495104000007,0.62574999232,1.484874996416,-2.4999987200000007
1.50425e-05,-0.46875494399999695,0.62574999232,1.486124996288,-2.4999987200000007
1.5043000000000001e-05,-0.46875494399999695,0.63199999168,1.48737499616,-2.4999987200000007
1.5043500000000001e-05,0.312495104000007,0.63199999168,1.488624996032,-2.4999987200000007
1.5044e-05,-0.46875494399999695,0.62574999232,1.48737499616,-2.4999987200000007
1.5044500000000001e-05,0.312495104000007,0.63199999168,1.486124996288,-2.4999987200000007
1.5045e-05,1.0937451519999968,0.62574999232,1.486124996288,-2.8124986880000016
1.50455e-05,-0.46875494399999695,0.62574999232,1.486124996288,-2.8124986880000016
1.5046000000000001e-05,0.312495104000007,0.62574999232,1.486124996288,-2.8124986880000016
1.50465e-05,0.312495104000007,0.62574999232,1.486124996288,-2.4999987200000007
1.5047e-05,-0.46875494399999695,0.6382499910399999,1.484874996416,-2.8124986880000016
1.5047500000000001e-05,-0.46875494399999695,0.63199999168,1.484874996416,-2.4999987200000007
1.5048e-05,0.312495104000007,0.63199999168,1.483624996544,-2.8124986880000016
1.5048500000000002e-05,0.312495104000007,0.62574999232,1.484874996416,-3.1249986560000007
1.5049000000000001e-05,-0.46875494399999695,0.62574999232,1.483624996544,-2.4999987200000007
1.50495e-05,-0.46875494399999695,0.63199999168,1.483624996544,-2.4999987200000007
1.5050000000000002e-05,0.312495104000007,0.63199999168,1.486124996288,-2.8124986880000016
1.5050500000000001e-05,-0.46875494399999695,0.63199999168,1.486124996288,-2.4999987200000007
1.5051e-05,-0.46875494399999695,0.63199999168,1.486124996288,-2.4999987200000007
1.5051500000000001e-05,0.312495104000007,0.62574999232,1.486124996288,-2.4999987200000007
1.5052000000000001e-05,-0.46875494399999695,0.62574999232,1.48737499616,-2.4999987200000007
1.50525e-05,0.312495104000007,0.63199999168,1.488624996032,-2.8124986880000016
1.5053000000000001e-05,0.312495104000007,0.62574999232,1.48737499616,-2.8124986880000016
1.50535e-05,0.312495104000007,0.63199999168,1.48737499616,-2.4999987200000007
1.5054e-05,-0.46875494399999695,0.63199999168,1.488624996032,-2.4999987200000007
1.5054500000000001e-05,0.312495104000007,0.6382499910399999,1.486124996288,-2.4999987200000007
1.5055e-05,0.312495104000007,0.63199999168,1.484874996416,-2.8124986880000016
1.50555e-05,0.312495104000007,0.62574999232,1.48737499616,-3.1249986560000007
1.5056000000000001e-05,0.312495104000007,0.62574999232,1.483624996544,-2.4999987200000007
1.50565e-05,0.312495104000007,0.62574999232,1.483624996544,-2.8124986880000016
1.5057000000000002e-05,-0.46875494399999695,0.63199999168,1.4823749966720001,-2.4999987200000007
1.5057500000000001e-05,-0.46875494399999695,0.63199999168,1.483624996544,-2.4999987200000007
1.5058e-05,1.0937451519999968,0.63199999168,1.483624996544,-2.8124986880000016
1.5058500000000002e-05,-0.46875494399999695,0.6382499910399999,1.486124996288,-2.4999987200000007
1.5059000000000001e-05,-0.46875494399999695,0.6382499910399999,1.486124996288,-2.4999987200000007
1.50595e-05,0.312495104000007,0.63199999168,1.484874996416,-2.4999987200000007
1.5060000000000001e-05,-0.46875494399999695,0.62574999232,1.484874996416,-2.4999987200000007
1.5060500000000001e-05,0.312495104000007,0.63199999168,1.486124996288,-2.4999987200000007
1.5061e-05,0.312495104000007,0.63199999168,1.484874996416,-2.4999987200000007
1.5061500000000001e-05,-1.250004992000001,0.62574999232,1.4823749966720001,-2.4999987200000007
1.5062e-05,0.312495104000007,0.63199999168,1.4823749966720001,-2.4999987200000007
1.50625e-05,-0.46875494399999695,0.62574999232,1.484874996416,-2.4999987200000007
1.5063000000000001e-05,0.312495104000007,0.63199999168,1.483624996544,-2.8124986880000016
1.50635e-05,1.0937451519999968,0.62574999232,1.484874996416,-3.1249986560000007
1.5064e-05,0.312495104000007,0.63199999168,1.484874996416,-2.4999987200000007
1.5064500000000001e-05,-0.46875494399999695,0.63199999168,1.486124996288,-2.8124986880000016
1.5065e-05,0.312495104000007,0.62574999232,1.486124996288,-2.8124986880000016
1.5065500000000002e-05,0.312495104000007,0.62574999232,1.486124996288,-2.4999987200000007
1.5066000000000001e-05,0.312495104000007,0.62574999232,1.486124996288,-2.4999987200000007
1.50665e-05,-0.46875494399999695,0.62574999232,1.488624996032,-2.4999987200000007
1.5067000000000002e-05,0.312495104000007,0.6382499910399999,1.48737499616,-2.8124986880000016
1.5067500000000001e-05,0.312495104000007,0.63199999168,1.48737499616,-2.8124986880000016
1.5068e-05,-0.46875494399999695,0.63199999168,1.48737499616,-2.8124986880000016
1.5068500000000002e-05,0.312495104000007,0.62574999232,1.486124996288,-2.8124986880000016
1.5069000000000001e-05,0.312495104000007,0.63199999168,1.484874996416,-2.8124986880000016
1.50695e-05,0.312495104000007,0.62574999232,1.483624996544,-2.8124986880000016
1.5070000000000001e-05,0.312495104000007,0.63199999168,1.483624996544,-2.4999987200000007
1.50705e-05,0.312495104000007,0.63199999168,1.486124996288,-2.4999987200000007
1.5071e-05,-0.46875494399999695,0.63199999168,1.486124996288,-2.8124986880000016
1.5071500000000001e-05,0.312495104000007,0.62574999232,1.48737499616,-2.8124986880000016
1.5072e-05,0.312495104000007,0.63199999168,1.484874996416,-2.4999987200000007
1.50725e-05,0.312495104000007,0.62574999232,1.483624996544,-3.1249986560000007
1.5073000000000001e-05,-0.46875494399999695,0.63199999168,1.4823749966720001,-2.8124986880000016
1.50735e-05,-0.46875494399999695,0.63199999168,1.484874996416,-2.4999987200000007
1.5074000000000002e-05,-0.46875494399999695,0.62574999232,1.486124996288,-2.8124986880000016
1.5074500000000001e-05,0.312495104000007,0.62574999232,1.486124996288,-2.4999987200000007
1.5075e-05,-0.46875494399999695,0.63199999168,1.484874996416,-2.8124986880000016
1.5075500000000002e-05,0.312495104000007,0.63199999168,1.484874996416,-2.8124986880000016
1.5076000000000001e-05,0.312495104000007,0.63199999168,1.483624996544,-2.8124986880000016
1.50765e-05,0.312495104000007,0.63199999168,1.4823749966720001,-2.4999987200000007
1.5077000000000002e-05,-0.46875494399999695,0.63199999168,1.4811249968,-2.8124986880000016
1.5077500000000001e-05,0.312495104000007,0.62574999232,1.4811249968,-3.1249986560000007
1.5078e-05,0.312495104000007,0.62574999232,1.483624996544,-2.4999987200000007
1.5078500000000001e-05,-0.46875494399999695,0.63199999168,1.484874996416,-2.4999987200000007
1.5079e-05,-0.46875494399999695,0.63199999168,1.4823749966720001,-2.4999987200000007
1.50795e-05,-0.46875494399999695,0.62574999232,1.483624996544,-2.8124986880000016
1.5080000000000001e-05,0.312495104000007,0.62574999232,1.484874996416,-2.8124986880000016
1.50805e-05,0.312495104000007,0.62574999232,1.486124996288,-2.8124986880000016
1.5081e-05,-0.46875494399999695,0.62574999232,1.484874996416,-2.4999987200000007
1.5081500000000001e-05,0.312495104000007,0.62574999232,1.483624996544,-2.8124986880000016
1.5082e-05,0.312495104000007,0.62574999232,1.4823749966720001,-2.4999987200000007
1.5082500000000002e-05,-0.46875494399999695,0.62574999232,1.4823749966720001,-2.8124986880000016
1.5083000000000001e-05,-0.46875494399999695,0.63199999168,1.484874996416,-2.8124986880000016
1.50835e-05,-0.46875494399999695,0.62574999232,1.484874996416,-2.4999987200000007
1.5084000000000002e-05,-0.46875494399999695,0.62574999232,1.483624996544,-2.8124986880000016
1.5084500000000001e-05,-0.46875494399999695,0.62574999232,1.484874996416,-2.8124986880000016
1.5085e-05,0.312495104000007,0.62574999232,1.483624996544,-2.8124986880000016
1.5085500000000002e-05,-0.46875494399999695,0.62574999232,1.4823749966720001,-2.8124986880000016
1.5086000000000001e-05,0.312495104000007,0.62574999232,1.483624996544,-2.8124986880000016
1.50865e-05,0.312495104000007,0.62574999232,1.4811249968,-2.8124986880000016
1.5087000000000001e-05,0.312495104000007,0.6382499910399999,1.479874996928,-2.8124986880000016
1.50875e-05,-0.46875494399999695,0.62574999232,1.4811249968,-2.8124986880000016
1.5088e-05,0.312495104000007,0.63199999168,1.484874996416,-2.8124986880000016
1.5088500000000001e-05,0.312495104000007,0.62574999232,1.48737499616,-3.1249986560000007
1.5089e-05,0.312495104000007,0.63199999168,1.486124996288,-2.8124986880000016
1.50895e-05,-0.46875494399999695,0.63199999168,1.486124996288,-2.4999987200000007
1.5090000000000001e-05,0.312495104000007,0.62574999232,1.483624996544,-2.8124986880000016
1.50905e-05,-0.46875494399999695,0.63199999168,1.483624996544,-2.4999987200000007
1.5091000000000002e-05,-0.46875494399999695,0.63199999168,1.486124996288,-2.8124986880000016
1.5091500000000001e-05,0.312495104000007,0.63199999168,1.483624996544,-2.8124986880000016
1.5092e-05,-0.46875494399999695,0.62574999232,1.484874996416,-2.8124986880000016
1.5092500000000002e-05,0.312495104000007,0.62574999232,1.48737499616,-2.8124986880000016
1.5093000000000001e-05,0.312495104000007,0.63199999168,1.486124996288,-2.8124986880000016
1.50935e-05,-0.46875494399999695,0.62574999232,1.486124996288,-3.1249986560000007
1.5094000000000002e-05,-0.46875494399999695,0.62574999232,1.486124996288,-2.8124986880000016
1.5094500000000001e-05,-0.46875494399999695,0.63199999168,1.484874996416,-2.8124986880000016
1.5095e-05,0.312495104000007,0.63199999168,1.4823749966720001,-2.4999987200000007
1.5095500000000001e-05,-0.46875494399999695,0.62574999232,1.483624996544,-2.8124986880000016
1.5096e-05,-0.46875494399999695,0.63199999168,1.484874996416,-2.4999987200000007
1.50965e-05,0.312495104000007,0.62574999232,1.484874996416,-2.8124986880000016
1.5097000000000001e-05,-0.46875494399999695,0.62574999232,1.483624996544,-2.8124986880000016
1.50975e-05,0.312495104000007,0.62574999232,1.484874996416,-2.4999987200000007
1.5098e-05,0.312495104000007,0.62574999232,1.483624996544,-2.8124986880000016
1.5098500000000001e-05,0.312495104000007,0.63199999168,1.4823749966720001,-2.4999987200000007
1.5099e-05,-0.46875494399999695,0.62574999232,1.483624996544,-2.4999987200000007
1.5099500000000002e-05,0.312495104000007,0.63199999168,1.486124996288,-2.4999987200000007
1.5100000000000001e-05,-0.46875494399999695,0.63199999168,1.484874996416,-2.8124986880000016
1.51005e-05,-0.46875494399999695,0.63199999168,1.486124996288,-2.4999987200000007
1.5101000000000002e-05,0.312495104000007,0.63199999168,1.484874996416,-2.8124986880000016
1.5101500000000001e-05,0.312495104000007,0.63199999168,1.483624996544,-2.4999987200000007
1.5102e-05,0.312495104000007,0.62574999232,1.484874996416,-2.4999987200000007
1.5102500000000002e-05,-0.46875494399999695,0.62574999232,1.486124996288,-2.4999987200000007
1.5103000000000001e-05,-0.46875494399999695,0.63199999168,1.4823749966720001,-2.4999987200000007
1.51035e-05,-0.46875494399999695,0.62574999232,1.4823749966720001,-2.8124986880000016
1.5104000000000001e-05,0.312495104000007,0.63199999168,1.4811249968,-3.1249986560000007
1.51045e-05,-0.46875494399999695,0.62574999232,1.483624996544,-3.1249986560000007
1.5105e-05,-1.250004992000001,0.62574999232,1.484874996416,-2.8124986880000016
1.5105500000000001e-05,-1.250004992000001,0.63199999168,1.484874996416,-2.4999987200000007
1.5106e-05,0.312495104000007,0.62574999232,1.483624996544,-2.4999987200000007
1.51065e-05,-0.46875494399999695,0.63199999168,1.486124996288,-2.8124986880000016
1.5107000000000001e-05,0.312495104000007,0.63199999168,1.486124996288,-2.8124986880000016
1.51075e-05,-0.46875494399999695,0.62574999232,1.48737499616,-2.8124986880000016
1.5108000000000002e-05,-0.46875494399999695,0.62574999232,1.486124996288,-2.4999987200000007
1.5108500000000001e-05,-0.46875494399999695,0.63199999168,1.488624996032,-2.8124986880000016
1.5109e-05,0.312495104000007,0.63199999168,1.486124996288,-3.1249986560000007
1.5109500000000002e-05,0.312495104000007,0.63199999168,1.483624996544,-2.8124986880000016
1.5110000000000001e-05,0.312495104000007,0.63199999168,1.486124996288,-2.8124986880000016
1.51105e-05,0.312495104000007,0.62574999232,1.488624996032,-2.8124986880000016
1.5111000000000002e-05,0.312495104000007,0.63199999168,1.484874996416,-2.8124986880000016
1.5111500000000001e-05,-1.250004992000001,0.62574999232,1.483624996544,-2.8124986880000016
1.5112e-05,0.312495104000007,0.63199999168,1.4823749966720001,-2.8124986880000016
1.5112500000000001e-05,0.312495104000007,0.63199999168,1.4811249968,-3.1249986560000007
1.5113e-05,-0.46875494399999695,0.62574999232,1.479874996928,-2.8124986880000016
1.51135e-05,0.312495104000007,0.62574999232,1.4811249968,-2.4999987200000007
1.5114000000000001e-05,0.312495104000007,0.62574999232,1.483624996544,-2.8124986880000016
1.51145e-05,0.312495104000007,0.63199999168,1.4823749966720001,-2.8124986880000016
1.5115e-05,0.312495104000007,0.63199999168,1.4823749966720001,-2.8124986880000016
1.5115500000000001e-05,-0.46875494399999695,0.62574999232,1.484874996416,-2.4999987200000007
1.5116e-05,0.312495104000007,0.63199999168,1.486124996288,-2.8124986880000016
1.5116500000000002e-05,0.312495104000007,0.63199999168,1.48737499616,-2.8124986880000016
1.5117000000000001e-05,0.312495104000007,0.62574999232,1.486124996288,-2.8124986880000016
1.51175e-05,0.312495104000007,0.61949999296,1.486124996288,-3.1249986560000007
1.5118000000000002e-05,-0.46875494399999695,0.62574999232,1.484874996416,-2.8124986880000016
1.5118500000000001e-05,-0.46875494399999695,0.62574999232,1.484874996416,-3.1249986560000007
1.5119e-05,-0.46875494399999695,0.62574999232,1.483624996544,-2.8124986880000016
1.5119500000000002e-05,0.312495104000007,0.63199999168,1.486124996288,-3.1249986560000007
1.5120000000000001e-05,0.312495104000007,0.62574999232,1.4811249968,-2.8124986880000016
1.51205e-05,-0.46875494399999695,0.62574999232,1.4823749966720001,-2.8124986880000016
1.5121000000000001e-05,-1.250004992000001,0.63199999168,1.484874996416,-2.4999987200000007
1.51215e-05,-0.46875494399999695,0.62574999232,1.484874996416,-2.8124986880000016
1.5122e-05,0.312495104000007,0.62574999232,1.483624996544,-2.8124986880000016
1.5122500000000001e-05,-0.46875494399999695,0.63199999168,1.483624996544,-2.4999987200000007
1.5123e-05,-0.46875494399999695,0.63199999168,1.484874996416,-2.4999987200000007
1.51235e-05,0.312495104000007,0.62574999232,1.483624996544,-2.8124986880000016
1.5124000000000001e-05,-0.46875494399999695,0.61949999296,1.4811249968,-3.1249986560000007
1.51245e-05,-0.46875494399999695,0.63199999168,1.483624996544,-2.8124986880000016
1.5125000000000002e-05,0.312495104000007,0.63199999168,1.484874996416,-2.8124986880000016
1.5125500000000001e-05,-0.46875494399999695,0.61949999296,1.484874996416,-3.1249986560000007
1.5126e-05,-0.46875494399999695,0.62574999232,1.483624996544,-2.8124986880000016
1.5126500000000002e-05,-0.46875494399999695,0.61949999296,1.484874996416,-2.8124986880000016
1.5127000000000001e-05,-0.46875494399999695,0.62574999232,1.4823749966720001,-2.4999987200000007
1.51275e-05,-0.46875494399999695,0.62574999232,1.483624996544,-3.1249986560000007
1.5128000000000002e-05,0.312495104000007,0.63199999168,1.484874996416,-2.8124986880000016
1.5128500000000001e-05,0.312495104000007,0.62574999232,1.484874996416,-3.1249986560000007
1.5129e-05,0.312495104000007,0.62574999232,1.483624996544,-2.8124986880000016
1.5129500000000001e-05,-0.46875494399999695,0.62574999232,1.4823749966720001,-2.8124986880000016
1.513e-05,0.312495104000007,0.61949999296,1.483624996544,-2.8124986880000016
1.51305e-05,0.312495104000007,0.62574999232,1.484874996416,-2.8124986880000016
1.5131000000000001e-05,-0.46875494399999695,0.62574999232,1.48737499616,-2.4999987200000007
1.51315e-05,-0.46875494399999695,0.62574999232,1.488624996032,-2.8124986880000016
1.5132e-05,-0.46875494399999695,0.62574999232,1.48737499616,-2.8124986880000016
1.5132500000000001e-05,-0.46875494399999695,0.62574999232,1.484874996416,-3.1249986560000007
1.5133e-05,0.312495104000007,0.63199999168,1.483624996544,-2.4999987200000007
1.5133500000000002e-05,-0.46875494399999695,0.61949999296,1.484874996416,-2.8124986880000016
1.5134000000000001e-05,-0.46875494399999695,0.63199999168,1.484874996416,-2.8124986880000016
1.51345e-05,-0.46875494399999695,0.63199999168,1.486124996288,-2.8124986880000016
1.5135000000000002e-05,-1.250004992000001,0.62574999232,1.483624996544,-3.1249986560000007
1.5135500000000001e-05,-0.46875494399999695,0.62574999232,1.484874996416,-3.1249986560000007
1.5136e-05,0.312495104000007,0.63199999168,1.4823749966720001,-2.8124986880000016
1.5136500000000002e-05,0.312495104000007,0.62574999232,1.486124996288,-2.8124986880000016
1.5137000000000001e-05,0.312495104000007,0.61949999296,1.484874996416,-2.8124986880000016
1.51375e-05,-0.46875494399999695,0.62574999232,1.4823749966720001,-2.8124986880000016
1.5138000000000001e-05,0.312495104000007,0.62574999232,1.4811249968,-2.8124986880000016
1.51385e-05,-0.46875494399999695,0.62574999232,1.483624996544,-2.4999987200000007
1.5139e-05,-0.46875494399999695,0.63199999168,1.484874996416,-2.4999987200000007
1.5139500000000001e-05,0.312495104000007,0.62574999232,1.483624996544,-2.4999987200000007
1.514e-05,-0.46875494399999695,0.62574999232,1.484874996416,-2.8124986880000016
1.51405e-05,-0.46875494399999695,0.63199999168,1.486124996288,-3.1249986560000007
1.5141000000000001e-05,-0.46875494399999695,0.63199999168,1.4823749966720001,-2.8124986880000016
1.51415e-05,0.312495104000007,0.61949999296,1.4811249968,-2.4999987200000007
1.5142000000000002e-05,0.312495104000007,0.61949999296,1.483624996544,-2.8124986880000016
1.5142500000000001e-05,0.312495104000007,0.62574999232,1.486124996288,-2.8124986880000016
1.5143e-05,0.312495104000007,0.63199999168,1.488624996032,-3.1249986560000007
1.5143500000000002e-05,0.312495104000007,0.62574999232,1.486124996288,-3.1249986560000007
1.5144000000000001e-05,-0.46875494399999695,0.63199999168,1.4823749966720001,-2.8124986880000016
1.51445e-05,0.312495104000007,0.62574999232,1.484874996416,-2.8124986880000016
1.5145000000000002e-05,-1.250004992000001,0.63199999168,1.48737499616,-2.8124986880000016
1.5145500000000001e-05,-0.46875494399999695,0.63199999168,1.489874995904,-2.8124986880000016
1.5146e-05,0.312495104000007,0.63199999168,1.48737499616,-2.8124986880000016
1.5146500000000001e-05,-0.46875494399999695,0.63199999168,1.484874996416,-2.8124986880000016
1.5147e-05,-0.46875494399999695,0.63199999168,1.484874996416,-2.4999987200000007
1.51475e-05,0.312495104000007,0.63199999168,1.483624996544,-2.8124986880000016
1.5148000000000001e-05,-0.46875494399999695,0.63199999168,1.483624996544,-2.8124986880000016
1.51485e-05,0.312495104000007,0.63199999168,1.486124996288,-2.8124986880000016
1.5149e-05,0.312495104000007,0.63199999168,1.48737499616,-2.8124986880000016
1.5149500000000001e-05,0.312495104000007,0.62574999232,1.486124996288,-3.1249986560000007
1.515e-05,0.312495104000007,0.62574999232,1.484874996416,-2.8124986880000016
1.5150500000000002e-05,-0.46875494399999695,0.63199999168,1.484874996416,-2.8124986880000016
1.5151000000000001e-05,-0.46875494399999695,0.63199999168,1.483624996544,-2.8124986880000016
1.51515e-05,-0.46875494399999695,0.62574999232,1.484874996416,-3.1249986560000007
1.5152000000000002e-05,0.312495104000007,0.61949999296,1.483624996544,-3.1249986560000007
1.5152500000000001e-05,0.312495104000007,0.62574999232,1.48737499616,-3.1249986560000007
1.5153e-05,-0.46875494399999695,0.62574999232,1.486124996288,-2.8124986880000016
1.5153500000000002e-05,-0.46875494399999695,0.63199999168,1.484874996416,-2.8124986880000016
1.5154000000000001e-05,-0.46875494399999695,0.62574999232,1.483624996544,-2.8124986880000016
1.51545e-05,-0.46875494399999695,0.62574999232,1.4823749966720001,-2.8124986880000016
1.5155000000000001e-05,-0.46875494399999695,0.6382499910399999,1.4823749966720001,-2.4999987200000007
1.51555e-05,-0.46875494399999695,0.63199999168,1.483624996544,-2.8124986880000016
1.5156e-05,-0.46875494399999695,0.62574999232,1.483624996544,-2.8124986880000016
1.5156500000000001e-05,0.312495104000007,0.63199999168,1.484874996416,-3.1249986560000007
1.5157e-05,0.312495104000007,0.63199999168,1.484874996416,-3.1249986560000007
1.51575e-05,0.312495104000007,0.62574999232,1.483624996544,-2.8124986880000016
1.5158000000000001e-05,-0.46875494399999695,0.61949999296,1.4823749966720001,-2.8124986880000016
1.51585e-05,0.312495104000007,0.63199999168,1.483624996544,-2.8124986880000016
1.5159000000000002e-05,0.312495104000007,0.62574999232,1.4823749966720001,-3.1249986560000007
1.5159500000000001e-05,-0.46875494399999695,0.61949999296,1.4823749966720001,-2.8124986880000016
1.516e-05,0.312495104000007,0.62574999232,1.4823749966720001,-3.1249986560000007
1.5160500000000002e-05,1.0937451519999968,0.61949999296,1.486124996288,-2.8124986880000016
1.5161000000000001e-05,0.312495104000007,0.61949999296,1.486124996288,-2.8124986880000016
1.51615e-05,0.312495104000007,0.62574999232,1.48737499616,-2.4999987200000007
1.5162000000000002e-05,0.312495104000007,0.62574999232,1.484874996416,-2.8124986880000016
1.5162500000000001e-05,-0.46875494399999695,0.61949999296,1.486124996288,-3.1249986560000007
1.5163e-05,0.312495104000007,0.62574999232,1.486124996288,-2.4999987200000007
1.5163500000000001e-05,0.312495104000007,0.63199999168,1.483624996544,-2.4999987200000007
1.5164e-05,0.312495104000007,0.61949999296,1.479874996928,-2.8124986880000016
1.51645e-05,1.0937451519999968,0.63199999168,1.4823749966720001,-3.1249986560000007
1.5165000000000001e-05,1.0937451519999968,0.61949999296,1.484874996416,-2.8124986880000016
1.51655e-05,-0.46875494399999695,0.62574999232,1.486124996288,-2.4999987200000007
1.5166e-05,0.312495104000007,0.62574999232,1.484874996416,-2.8124986880000016
1.5166500000000001e-05,0.312495104000007,0.62574999232,1.484874996416,-2.8124986880000016
1.5167e-05,-0.46875494399999695,0.62574999232,1.4811249968,-2.8124986880000016
1.5167500000000002e-05,0.312495104000007,0.62574999232,1.483624996544,-3.1249986560000007
1.5168000000000001e-05,-0.46875494399999695,0.62574999232,1.484874996416,-2.8124986880000016
1.51685e-05,0.312495104000007,0.62574999232,1.484874996416,-3.1249986560000007
1.5169000000000002e-05,0.312495104000007,0.62574999232,1.483624996544,-2.8124986880000016
1.5169500000000001e-05,-0.46875494399999695,0.62574999232,1.484874996416,-2.8124986880000016
1.517e-05,0.312495104000007,0.62574999232,1.486124996288,-2.8124986880000016
1.5170500000000002e-05,1.0937451519999968,0.62574999232,1.488624996032,-2.4999987200000007
1.5171000000000001e-05,0.312495104000007,0.62574999232,1.488624996032,-2.4999987200000007
1.51715e-05,0.312495104000007,0.62574999232,1.488624996032,-3.1249986560000007
1.5172000000000001e-05,-0.46875494399999695,0.62574999232,1.486124996288,-2.8124986880000016
1.51725e-05,1.0937451519999968,0.62574999232,1.488624996032,-3.1249986560000007
1.5173e-05,1.0937451519999968,0.62574999232,1.488624996032,-2.8124986880000016
1.5173500000000001e-05,0.312495104000007,0.62574999232,1.486124996288,-3.1249986560000007
1.5174e-05,-0.46875494399999695,0.62574999232,1.486124996288,-2.4999987200000007
1.51745e-05,0.312495104000007,0.62574999232,1.484874996416,-2.4999987200000007
1.5175000000000001e-05,0.312495104000007,0.63199999168,1.4823749966720001,-2.4999987200000007
1.51755e-05,0.312495104000007,0.61949999296,1.483624996544,-2.8124986880000016
1.5176000000000002e-05,0.312495104000007,0.61949999296,1.484874996416,-2.8124986880000016
1.5176500000000001e-05,0.312495104000007,0.61949999296,1.48737499616,-2.8124986880000016
1.5177e-05,-0.46875494399999695,0.61949999296,1.486124996288,-2.4999987200000007
1.5177500000000002e-05,-0.46875494399999695,0.62574999232,1.484874996416,-2.8124986880000016
1.5178000000000001e-05,0.312495104000007,0.62574999232,1.484874996416,-2.8124986880000016
1.51785e-05,-0.46875494399999695,0.62574999232,1.483624996544,-2.8124986880000016
1.5179000000000002e-05,0.312495104000007,0.62574999232,1.484874996416,-2.8124986880000016
1.5179500000000001e-05,0.312495104000007,0.63199999168,1.486124996288,-2.8124986880000016
1.518e-05,0.312495104000007,0.62574999232,1.486124996288,-2.4999987200000007
1.5180500000000001e-05,-0.46875494399999695,0.6382499910399999,1.48737499616,-3.1249986560000007
1.5181000000000001e-05,0.312495104000007,0.62574999232,1.48737499616,-3.1249986560000007
1.51815e-05,0.312495104000007,0.62574999232,1.486124996288,-3.1249986560000007
1.5182000000000001e-05,1.0937451519999968,0.62574999232,1.48737499616,-2.8124986880000016
1.51825e-05,0.312495104000007,0.62574999232,1.48737499616,-3.1249986560000007
1.5183e-05,0.312495104000007,0.63199999168,1.483624996544,-2.8124986880000016
1.5183500000000001e-05,0.312495104000007,0.62574999232,1.483624996544,-2.8124986880000016
1.5184e-05,0.312495104000007,0.62574999232,1.484874996416,-2.4999987200000007
1.5184500000000002e-05,0.312495104000007,0.62574999232,1.489874995904,-2.8124986880000016
1.5185000000000001e-05,0.312495104000007,0.63199999168,1.489874995904,-2.8124986880000016
1.51855e-05,-0.46875494399999695,0.63199999168,1.48737499616,-2.8124986880000016
1.5186000000000002e-05,0.312495104000007,0.62574999232,1.486124996288,-2.8124986880000016
1.5186500000000001e-05,-0.46875494399999695,0.62574999232,1.48737499616,-2.8124986880000016
1.5187e-05,-0.46875494399999695,0.63199999168,1.486124996288,-2.4999987200000007
1.5187500000000002e-05,-0.46875494399999695,0.62574999232,1.486124996288,-2.8124986880000016
1.5188000000000001e-05,0.312495104000007,0.62574999232,1.486124996288,-2.8124986880000016
1.51885e-05,-0.46875494399999695,0.63199999168,1.48737499616,-3.1249986560000007
1.5189000000000001e-05,0.312495104000007,0.63199999168,1.486124996288,-2.8124986880000016
1.5189500000000001e-05,-0.46875494399999695,0.62574999232,1.486124996288,-3.1249986560000007
1.519e-05,0.312495104000007,0.63199999168,1.486124996288,-3.1249986560000007
1.5190500000000001e-05,-0.46875494399999695,0.63199999168,1.48737499616,-2.8124986880000016
1.5191e-05,0.312495104000007,0.63199999168,1.484874996416,-3.1249986560000007
1.51915e-05,-0.46875494399999695,0.62574999232,1.484874996416,-2.8124986880000016
1.5192000000000001e-05,0.312495104000007,0.62574999232,1.4823749966720001,-2.8124986880000016
1.51925e-05,-0.46875494399999695,0.62574999232,1.486124996288,-3.1249986560000007
1.5193000000000002e-05,-0.46875494399999695,0.62574999232,1.486124996288,-2.8124986880000016
1.5193500000000001e-05,-0.46875494399999695,0.62574999232,1.488624996032,-2.8124986880000016
1.5194e-05,0.312495104000007,0.62574999232,1.488624996032,-2.8124986880000016
1.5194500000000002e-05,0.312495104000007,0.62574999232,1.486124996288,-3.1249986560000007
1.5195000000000001e-05,-0.46875494399999695,0.62574999232,1.484874996416,-2.8124986880000016
1.51955e-05,-0.46875494399999695,0.62574999232,1.486124996288,-3.1249986560000007
1.5196000000000002e-05,-0.46875494399999695,0.62574999232,1.48737499616,-3.1249986560000007
1.5196500000000001e-05,0.312495104000007,0.62574999232,1.48737499616,-3.1249986560000007
1.5197e-05,0.312495104000007,0.62574999232,1.486124996288,-3.1249986560000007
1.5197500000000001e-05,0.312495104000007,0.61949999296,1.484874996416,-2.8124986880000016
1.5198000000000001e-05,0.312495104000007,0.61949999296,1.484874996416,-2.8124986880000016
1.51985e-05,0.312495104000007,0.63199999168,1.486124996288,-3.1249986560000007
1.5199000000000001e-05,0.312495104000007,0.63199999168,1.484874996416,-3.1249986560000007
1.51995e-05,0.312495104000007,0.62574999232,1.486124996288,-3.437498624
1.52e-05,0.312495104000007,0.62574999232,1.486124996288,-3.1249986560000007
1.5200500000000001e-05,0.312495104000007,0.61949999296,1.489874995904,-3.1249986560000007
1.5201e-05,-1.250004992000001,0.63199999168,1.488624996032,-2.8124986880000016
1.5201500000000002e-05,-0.46875494399999695,0.6382499910399999,1.48737499616,-2.8124986880000016
1.5202000000000001e-05,-0.46875494399999695,0.62574999232,1.483624996544,-2.8124986880000016
1.52025e-05,-0.46875494399999695,0.62574999232,1.483624996544,-2.4999987200000007
1.5203000000000002e-05,-0.46875494399999695,0.62574999232,1.484874996416,-2.8124986880000016
1.5203500000000001e-05,0.312495104000007,0.61949999296,1.486124996288,-2.8124986880000016
1.5204e-05,0.312495104000007,0.61949999296,1.48737499616,-2.8124986880000016
1.5204500000000002e-05,1.0937451519999968,0.63199999168,1.486124996288,-2.8124986880000016
1.5205000000000001e-05,0.312495104000007,0.62574999232,1.4823749966720001,-2.8124986880000016
1.52055e-05,-0.46875494399999695,0.62574999232,1.4811249968,-3.1249986560000007
1.5206000000000001e-05,-0.46875494399999695,0.62574999232,1.4823749966720001,-2.8124986880000016
1.5206500000000001e-05,-0.46875494399999695,0.62574999232,1.486124996288,-3.1249986560000007
1.5207e-05,0.312495104000007,0.63199999168,1.48737499616,-3.1249986560000007
1.5207500000000001e-05,0.312495104000007,0.62574999232,1.486124996288,-3.1249986560000007
1.5208e-05,0.312495104000007,0.62574999232,1.486124996288,-2.8124986880000016
1.52085e-05,0.312495104000007,0.62574999232,1.488624996032,-3.1249986560000007
1.5209000000000001e-05,-0.46875494399999695,0.61949999296,1.48737499616,-2.8124986880000016
1.52095e-05,0.312495104000007,0.62574999232,1.488624996032,-2.8124986880000016
1.5210000000000002e-05,-0.46875494399999695,0.62574999232,1.488624996032,-2.8124986880000016
1.5210500000000001e-05,-0.46875494399999695,0.62574999232,1.484874996416,-3.1249986560000007
1.5211e-05,-0.46875494399999695,0.63199999168,1.484874996416,-2.8124986880000016
1.5211500000000002e-05,0.312495104000007,0.62574999232,1.48737499616,-2.8124986880000016
1.5212000000000001e-05,-0.46875494399999695,0.62574999232,1.48737499616,-2.8124986880000016
1.52125e-05,-0.46875494399999695,0.63199999168,1.489874995904,-2.8124986880000016
1.5213000000000002e-05,0.312495104000007,0.63199999168,1.489874995904,-2.8124986880000016
1.5213500000000001e-05,0.312495104000007,0.62574999232,1.48737499616,-2.8124986880000016
1.5214e-05,0.312495104000007,0.62574999232,1.484874996416,-2.8124986880000016
1.5214500000000001e-05,0.312495104000007,0.63199999168,1.486124996288,-2.8124986880000016
1.5215000000000001e-05,0.312495104000007,0.63199999168,1.48737499616,-3.1249986560000007
1.52155e-05,0.312495104000007,0.62574999232,1.488624996032,-3.1249986560000007
1.5216000000000001e-05,0.312495104000007,0.62574999232,1.486124996288,-2.8124986880000016
1.52165e-05,0.312495104000007,0.61949999296,1.486124996288,-3.1249986560000007
1.5217e-05,0.312495104000007,0.61949999296,1.486124996288,-3.1249986560000007
1.5217500000000001e-05,-1.250004992000001,0.63199999168,1.48737499616,-2.8124986880000016
1.5218e-05,0.312495104000007,0.62574999232,1.48737499616,-2.8124986880000016
1.5218500000000002e-05,0.312495104000007,0.63199999168,1.486124996288,-2.8124986880000016
1.5219000000000001e-05,1.0937451519999968,0.62574999232,1.486124996288,-2.8124986880000016
1.52195e-05,0.312495104000007,0.62574999232,1.48737499616,-2.8124986880000016
1.5220000000000002e-05,-0.46875494399999695,0.62574999232,1.48737499616,-2.8124986880000016
1.5220500000000001e-05,-0.46875494399999695,0.63199999168,1.488624996032,-3.1249986560000007
1.5221e-05,0.312495104000007,0.63199999168,1.488624996032,-3.1249986560000007
1.5221500000000002e-05,-0.46875494399999695,0.62574999232,1.48737499616,-2.8124986880000016
1.5222000000000001e-05,-0.46875494399999695,0.62574999232,1.489874995904,-2.8124986880000016
1.52225e-05,-0.46875494399999695,0.62574999232,1.4923749956480001,-2.8124986880000016
1.5223000000000001e-05,0.312495104000007,0.63199999168,1.488624996032,-3.1249986560000007
1.5223500000000001e-05,-0.46875494399999695,0.62574999232,1.48737499616,-3.1249986560000007
1.5224e-05,-0.46875494399999695,0.62574999232,1.486124996288,-3.1249986560000007
1.5224500000000001e-05,0.312495104000007,0.61949999296,1.488624996032,-3.437498624
1.5225e-05,0.312495104000007,0.61949999296,1.486124996288,-3.1249986560000007
1.52255e-05,-0.46875494399999695,0.62574999232,1.486124996288,-2.8124986880000016
1.5226000000000001e-05,0.312495104000007,0.62574999232,1.484874996416,-2.8124986880000016
1.52265e-05,-0.46875494399999695,0.62574999232,1.486124996288,-2.8124986880000016
1.5227000000000002e-05,0.312495104000007,0.63199999168,1.489874995904,-2.8124986880000016
1.5227500000000001e-05,0.312495104000007,0.62574999232,1.48737499616,-3.1249986560000007
1.5228e-05,-0.46875494399999695,0.62574999232,1.486124996288,-3.1249986560000007
1.5228500000000002e-05,-0.46875494399999695,0.63199999168,1.486124996288,-3.1249986560000007
1.5229000000000001e-05,0.312495104000007,0.63199999168,1.484874996416,-2.8124986880000016
1.52295e-05,0.312495104000007,0.62574999232,1.486124996288,-3.1249986560000007
1.5230000000000002e-05,0.312495104000007,0.62574999232,1.48737499616,-2.8124986880000016
1.5230500000000001e-05,0.312495104000007,0.63199999168,1.488624996032,-2.8124986880000016
1.5231e-05,-0.46875494399999695,0.62574999232,1.48737499616,-3.1249986560000007
1.5231500000000001e-05,-0.46875494399999695,0.62574999232,1.484874996416,-2.8124986880000016
1.5232000000000001e-05,-0.46875494399999695,0.63199999168,1.486124996288,-2.8124986880000016
1.52325e-05,-0.46875494399999695,0.62574999232,1.488624996032,-3.1249986560000007
1.5233000000000001e-05,0.312495104000007,0.61949999296,1.48737499616,-2.8124986880000016
1.52335e-05,0.312495104000007,0.62574999232,1.486124996288,-2.8124986880000016
1.5234e-05,0.312495104000007,0.62574999232,1.484874996416,-3.1249986560000007
1.5234500000000001e-05,-0.46875494399999695,0.63199999168,1.484874996416,-3.1249986560000007
1.5235e-05,-0.46875494399999695,0.62574999232,1.484874996416,-3.1249986560000007
1.5235500000000002e-05,-0.46875494399999695,0.62574999232,1.483624996544,-3.1249986560000007
1.5236000000000001e-05,-0.46875494399999695,0.62574999232,1.48737499616,-2.8124986880000016
1.52365e-05,1.0937451519999968,0.63199999168,1.489874995904,-3.1249986560000007
1.5237000000000002e-05,0.312495104000007,0.63199999168,1.488624996032,-2.4999987200000007
1.5237500000000001e-05,0.312495104000007,0.62574999232,1.488624996032,-3.1249986560000007
1.5238e-05,0.312495104000007,0.62574999232,1.489874995904,-2.8124986880000016
1.5238500000000002e-05,0.312495104000007,0.63199999168,1.488624996032,-2.8124986880000016
1.5239000000000001e-05,0.312495104000007,0.62574999232,1.48737499616,-2.8124986880000016
1.52395e-05,0.312495104000007,0.62574999232,1.484874996416,-2.8124986880000016
1.5240000000000001e-05,0.312495104000007,0.63199999168,1.4823749966720001,-2.8124986880000016
1.5240500000000001e-05,-0.46875494399999695,0.62574999232,1.484874996416,-3.1249986560000007
1.5241e-05,-0.46875494399999695,0.62574999232,1.483624996544,-2.8124986880000016
1.5241500000000001e-05,0.312495104000007,0.62574999232,1.486124996288,-3.1249986560000007
1.5242e-05,0.312495104000007,0.63199999168,1.486124996288,-2.8124986880000016
1.52425e-05,1.0937451519999968,0.63199999168,1.486124996288,-3.1249986560000007
1.5243000000000001e-05,0.312495104000007,0.63199999168,1.48737499616,-2.8124986880000016
1.52435e-05,0.312495104000007,0.62574999232,1.488624996032,-3.1249986560000007
1.5244000000000002e-05,0.312495104000007,0.62574999232,1.488624996032,-3.1249986560000007
1.5244500000000001e-05,0.312495104000007,0.6382499910399999,1.491124995776,-3.1249986560000007
1.5245e-05,0.312495104000007,0.63199999168,1.488624996032,-3.1249986560000007
1.5245500000000002e-05,0.312495104000007,0.62574999232,1.484874996416,-3.1249986560000007
1.5246000000000001e-05,-0.46875494399999695,0.62574999232,1.484874996416,-2.8124986880000016
1.52465e-05,0.312495104000007,0.62574999232,1.486124996288,-3.1249986560000007
1.5247000000000002e-05,0.312495104000007,0.63199999168,1.486124996288,-3.1249986560000007
1.5247500000000001e-05,-0.46875494399999695,0.62574999232,1.486124996288,-3.1249986560000007
1.5248e-05,0.312495104000007,0.61949999296,1.483624996544,-2.8124986880000016
1.5248500000000001e-05,-0.46875494399999695,0.62574999232,1.489874995904,-3.437498624
1.5249000000000001e-05,-0.46875494399999695,0.62574999232,1.489874995904,-2.8124986880000016
1.52495e-05,-0.46875494399999695,0.62574999232,1.48737499616,-2.8124986880000016
1.5250000000000001e-05,0.312495104000007,0.63199999168,1.483624996544,-3.1249986560000007
1.52505e-05,0.312495104000007,0.63199999168,1.484874996416,-3.1249986560000007
1.5251e-05,-0.46875494399999695,0.62574999232,1.486124996288,-2.8124986880000016
1.5251500000000001e-05,0.312495104000007,0.63199999168,1.484874996416,-2.8124986880000016
1.5252e-05,0.312495104000007,0.63199999168,1.4823749966720001,-3.1249986560000007
1.5252500000000002e-05,-0.46875494399999695,0.63199999168,1.484874996416,-3.1249986560000007
1.5253000000000001e-05,0.312495104000007,0.6382499910399999,1.484874996416,-3.1249986560000007
1.52535e-05,0.312495104000007,0.63199999168,1.483624996544,-3.437498624
1.5254000000000002e-05,0.312495104000007,0.62574999232,1.484874996416,-3.1249986560000007
1.5254500000000001e-05,0.312495104000007,0.62574999232,1.486124996288,-2.8124986880000016
1.5255e-05,0.312495104000007,0.62574999232,1.483624996544,-3.1249986560000007
1.5255500000000002e-05,0.312495104000007,0.61949999296,1.48737499616,-3.1249986560000007
1.5256000000000001e-05,-0.46875494399999695,0.63199999168,1.486124996288,-3.1249986560000007
1.52565e-05,0.312495104000007,0.62574999232,1.486124996288,-3.437498624
1.5257000000000001e-05,0.312495104000007,0.62574999232,1.486124996288,-3.1249986560000007
1.5257500000000001e-05,0.312495104000007,0.62574999232,1.48737499616,-3.1249986560000007
1.5258e-05,0.312495104000007,0.62574999232,1.48737499616,-3.1249986560000007
1.5258500000000001e-05,0.312495104000007,0.62574999232,1.48737499616,-3.1249986560000007
1.5259e-05,0.312495104000007,0.62574999232,1.486124996288,-2.8124986880000016
1.5259500000000002e-05,0.312495104000007,0.62574999232,1.488624996032,-2.8124986880000016
1.526e-05,0.312495104000007,0.61949999296,1.488624996032,-2.8124986880000016
1.52605e-05,0.312495104000007,0.63199999168,1.48737499616,-3.1249986560000007
1.5261000000000002e-05,0.312495104000007,0.63199999168,1.48737499616,-3.1249986560000007
1.52615e-05,0.312495104000007,0.62574999232,1.486124996288,-3.1249986560000007
1.5262e-05,0.312495104000007,0.62574999232,1.48737499616,-2.8124986880000016
1.52625e-05,0.312495104000007,0.62574999232,1.489874995904,-2.8124986880000016
1.5263e-05,-0.46875494399999695,0.63199999168,1.48737499616,-2.8124986880000016
1.52635e-05,-0.46875494399999695,0.62574999232,1.488624996032,-3.1249986560000007
1.5264e-05,1.0937451519999968,0.63199999168,1.4823749966720001,-3.1249986560000007
1.52645e-05,-0.46875494399999695,0.62574999232,1.4823749966720001,-3.437498624
1.5265e-05,-0.46875494399999695,0.62574999232,1.4823749966720001,-2.8124986880000016
1.52655e-05,-0.46875494399999695,0.62574999232,1.484874996416,-2.8124986880000016
1.5266000000000003e-05,0.312495104000007,0.62574999232,1.484874996416,-2.8124986880000016
1.52665e-05,-0.46875494399999695,0.62574999232,1.484874996416,-3.1249986560000007
1.5267e-05,-0.46875494399999695,0.63199999168,1.484874996416,-2.8124986880000016
1.5267500000000002e-05,0.312495104000007,0.62574999232,1.486124996288,-3.1249986560000007
1.5268e-05,0.312495104000007,0.63199999168,1.484874996416,-3.1249986560000007
1.52685e-05,0.312495104000007,0.63199999168,1.48737499616,-3.437498624
1.5269000000000002e-05,0.312495104000007,0.63199999168,1.488624996032,-2.8124986880000016
1.52695e-05,0.312495104000007,0.63199999168,1.48737499616,-3.437498624
1.527e-05,0.312495104000007,0.61949999296,1.484874996416,-2.8124986880000016
1.5270500000000002e-05,-0.46875494399999695,0.63199999168,1.484874996416,-2.8124986880000016
1.5271e-05,0.312495104000007,0.63199999168,1.486124996288,-3.1249986560000007
1.52715e-05,0.312495104000007,0.62574999232,1.488624996032,-3.437498624
1.5272000000000002e-05,0.312495104000007,0.62574999232,1.486124996288,-3.1249986560000007
1.52725e-05,1.0937451519999968,0.62574999232,1.48737499616,-3.437498624
1.5273e-05,-0.46875494399999695,0.61949999296,1.486124996288,-2.8124986880000016
1.5273500000000002e-05,0.312495104000007,0.62574999232,1.486124996288,-2.8124986880000016
1.5274e-05,0.312495104000007,0.62574999232,1.48737499616,-3.1249986560000007
1.52745e-05,-0.46875494399999695,0.62574999232,1.486124996288,-3.1249986560000007
1.5275000000000002e-05,-0.46875494399999695,0.62574999232,1.48737499616,-3.1249986560000007
1.52755e-05,0.312495104000007,0.62574999232,1.488624996032,-3.1249986560000007
1.5276e-05,0.312495104000007,0.62574999232,1.489874995904,-3.1249986560000007
1.5276500000000002e-05,1.0937451519999968,0.63199999168,1.489874995904,-3.437498624
1.5277e-05,-0.46875494399999695,0.63199999168,1.488624996032,-2.8124986880000016
1.52775e-05,0.312495104000007,0.62574999232,1.486124996288,-3.1249986560000007
1.5278000000000002e-05,0.312495104000007,0.61949999296,1.486124996288,-3.1249986560000007
1.52785e-05,0.312495104000007,0.62574999232,1.484874996416,-2.8124986880000016
1.5279e-05,0.312495104000007,0.62574999232,1.484874996416,-3.1249986560000007
1.52795e-05,0.312495104000007,0.62574999232,1.48737499616,-3.1249986560000007
1.528e-05,0.312495104000007,0.63199999168,1.484874996416,-3.1249986560000007
1.52805e-05,1.0937451519999968,0.61949999296,1.484874996416,-3.1249986560000007
1.5281e-05,-0.46875494399999695,0.62574999232,1.483624996544,-2.8124986880000016
1.52815e-05,0.312495104000007,0.63199999168,1.484874996416,-2.8124986880000016
1.5282e-05,0.312495104000007,0.62574999232,1.486124996288,-3.1249986560000007
1.52825e-05,0.312495104000007,0.62574999232,1.483624996544,-3.437498624
1.5283000000000003e-05,0.312495104000007,0.62574999232,1.484874996416,-3.1249986560000007
1.52835e-05,0.312495104000007,0.62574999232,1.486124996288,-3.1249986560000007
1.5284e-05,-0.46875494399999695,0.62574999232,1.486124996288,-3.1249986560000007
1.5284500000000002e-05,-0.46875494399999695,0.63199999168,1.48737499616,-3.1249986560000007
1.5285e-05,0.312495104000007,0.62574999232,1.48737499616,-2.8124986880000016
1.52855e-05,0.312495104000007,0.62574999232,1.484874996416,-3.1249986560000007
1.5286000000000002e-05,0.312495104000007,0.62574999232,1.484874996416,-2.8124986880000016
1.52865e-05,0.312495104000007,0.62574999232,1.484874996416,-2.8124986880000016
1.5287e-05,-0.46875494399999695,0.62574999232,1.484874996416,-2.8124986880000016
1.5287500000000002e-05,-0.46875494399999695,0.61949999296,1.486124996288,-3.1249986560000007
1.5288e-05,-0.46875494399999695,0.63199999168,1.484874996416,-2.8124986880000016
1.52885e-05,0.312495104000007,0.62574999232,1.488624996032,-3.437498624
1.5289000000000002e-05,-0.46875494399999695,0.62574999232,1.488624996032,-3.1249986560000007
1.52895e-05,0.312495104000007,0.63199999168,1.486124996288,-3.1249986560000007
1.529e-05,0.312495104000007,0.62574999232,1.484874996416,-3.1249986560000007
1.5290500000000002e-05,1.0937451519999968,0.62574999232,1.484874996416,-3.437498624
1.5291e-05,1.0937451519999968,0.63199999168,1.486124996288,-2.8124986880000016
1.52915e-05,0.312495104000007,0.62574999232,1.484874996416,-2.8124986880000016
1.5292000000000002e-05,0.312495104000007,0.62574999232,1.486124996288,-3.1249986560000007
1.52925e-05,-0.46875494399999695,0.63199999168,1.48737499616,-3.1249986560000007
1.5293e-05,0.312495104000007,0.62574999232,1.486124996288,-2.8124986880000016
1.5293500000000002e-05,0.312495104000007,0.62574999232,1.486124996288,-3.1249986560000007
1.5294e-05,0.312495104000007,0.61949999296,1.48737499616,-3.1249986560000007
1.52945e-05,0.312495104000007,0.62574999232,1.48737499616,-2.8124986880000016
1.5295000000000002e-05,0.312495104000007,0.62574999232,1.483624996544,-3.1249986560000007
1.52955e-05,-0.46875494399999695,0.62574999232,1.484874996416,-3.1249986560000007
1.5296e-05,-1.250004992000001,0.63199999168,1.483624996544,-3.1249986560000007
1.52965e-05,0.312495104000007,0.62574999232,1.484874996416,-3.437498624
1.5297e-05,0.312495104000007,0.62574999232,1.483624996544,-2.8124986880000016
1.52975e-05,0.312495104000007,0.63199999168,1.484874996416,-2.8124986880000016
1.5298e-05,0.312495104000007,0.62574999232,1.483624996544,-2.8124986880000016
1.52985e-05,-0.46875494399999695,0.63199999168,1.483624996544,-3.437498624
1.5299e-05,-0.46875494399999695,0.6382499910399999,1.483624996544,-2.8124986880000016
1.52995e-05,0.312495104000007,0.62574999232,1.483624996544,-3.1249986560000007
1.5300000000000003e-05,0.312495104000007,0.62574999232,1.483624996544,-3.1249986560000007
1.53005e-05,0.312495104000007,0.63199999168,1.486124996288,-3.1249986560000007
1.5301e-05,0.312495104000007,0.63199999168,1.486124996288,-2.8124986880000016
1.5301500000000002e-05,0.312495104000007,0.63199999168,1.484874996416,-3.1249986560000007
1.5302e-05,-0.46875494399999695,0.63199999168,1.483624996544,-2.8124986880000016
1.53025e-05,-0.46875494399999695,0.62574999232,1.484874996416,-2.8124986880000016
1.5303000000000002e-05,-1.250004992000001,0.63199999168,1.486124996288,-2.8124986880000016
1.53035e-05,0.312495104000007,0.62574999232,1.486124996288,-3.437498624
1.5304e-05,0.312495104000007,0.63199999168,1.4823749966720001,-2.8124986880000016
1.5304500000000002e-05,-0.46875494399999695,0.62574999232,1.483624996544,-3.1249986560000007
1.5305e-05,0.312495104000007,0.62574999232,1.484874996416,-2.8124986880000016
1.53055e-05,0.312495104000007,0.62574999232,1.48737499616,-2.8124986880000016
1.5306000000000002e-05,0.312495104000007,0.63199999168,1.48737499616,-2.8124986880000016
1.53065e-05,-0.46875494399999695,0.63199999168,1.48737499616,-3.1249986560000007
1.5307e-05,-0.46875494399999695,0.63199999168,1.486124996288,-2.8124986880000016
1.5307500000000002e-05,-0.46875494399999695,0.63199999168,1.483624996544,-2.8124986880000016
1.5308e-05,-0.46875494399999695,0.63199999168,1.483624996544,-3.1249986560000007
1.53085e-05,-0.46875494399999695,0.63199999168,1.486124996288,-3.1249986560000007
1.5309000000000002e-05,0.312495104000007,0.63199999168,1.484874996416,-3.1249986560000007
1.53095e-05,0.312495104000007,0.62574999232,1.483624996544,-3.437498624
1.531e-05,0.312495104000007,0.62574999232,1.484874996416,-2.8124986880000016
1.5310500000000002e-05,-0.46875494399999695,0.62574999232,1.484874996416,-2.8124986880000016
1.5311e-05,0.312495104000007,0.63199999168,1.484874996416,-3.1249986560000007
1.53115e-05,0.312495104000007,0.62574999232,1.486124996288,-3.437498624
1.5312000000000002e-05,0.312495104000007,0.63199999168,1.486124996288,-3.1249986560000007
1.53125e-05,-0.46875494399999695,0.62574999232,1.48737499616,-3.437498624
1.5313e-05,0.312495104000007,0.62574999232,1.483624996544,-3.1249986560000007
1.5313500000000002e-05,-0.46875494399999695,0.63199999168,1.484874996416,-3.1249986560000007
1.5314e-05,1.0937451519999968,0.63199999168,1.48737499616,-3.1249986560000007
1.53145e-05,0.312495104000007,0.62574999232,1.486124996288,-3.1249986560000007
1.5315e-05,0.312495104000007,0.63199999168,1.486124996288,-3.1249986560000007
1.53155e-05,0.312495104000007,0.62574999232,1.486124996288,-3.1249986560000007
1.5316e-05,-0.46875494399999695,0.61949999296,1.486124996288,-3.1249986560000007
1.53165e-05,0.312495104000007,0.63199999168,1.488624996032,-3.437498624
1.5317000000000003e-05,-0.46875494399999695,0.63199999168,1.488624996032,-3.1249986560000007
1.53175e-05,-0.46875494399999695,0.61949999296,1.48737499616,-3.1249986560000007
1.5318e-05,-0.46875494399999695,0.62574999232,1.486124996288,-2.8124986880000016
1.5318500000000002e-05,0.312495104000007,0.62574999232,1.48737499616,-3.1249986560000007
1.5319e-05,0.312495104000007,0.61949999296,1.484874996416,-3.437498624
1.53195e-05,-0.46875494399999695,0.62574999232,1.484874996416,-3.1249986560000007
1.5320000000000002e-05,-0.46875494399999695,0.62574999232,1.483624996544,-3.1249986560000007
1.53205e-05,0.312495104000007,0.61949999296,1.488624996032,-3.437498624
1.5321e-05,0.312495104000007,0.62574999232,1.489874995904,-2.8124986880000016
1.5321500000000002e-05,0.312495104000007,0.63199999168,1.488624996032,-2.8124986880000016
1.5322e-05,1.0937451519999968,0.63199999168,1.488624996032,-3.1249986560000007
1.53225e-05,1.0937451519999968,0.62574999232,1.488624996032,-3.1249986560000007
1.5323000000000002e-05,-0.46875494399999695,0.62574999232,1.488624996032,-3.1249986560000007
1.53235e-05,0.312495104000007,0.62574999232,1.486124996288,-2.8124986880000016
1.5324e-05,-0.46875494399999695,0.61949999296,1.483624996544,-3.1249986560000007
1.5324500000000002e-05,-0.46875494399999695,0.62574999232,1.486124996288,-3.1249986560000007
1.5325e-05,0.312495104000007,0.63199999168,1.491124995776,-3.1249986560000007
1.53255e-05,1.0937451519999968,0.61949999296,1.489874995904,-3.1249986560000007
1.5326000000000002e-05,0.312495104000007,0.61949999296,1.486124996288,-2.8124986880000016
1.53265e-05,0.312495104000007,0.62574999232,1.486124996288,-2.8124986880000016
1.5327e-05,0.312495104000007,0.63199999168,1.486124996288,-3.1249986560000007
1.5327500000000002e-05,0.312495104000007,0.62574999232,1.48737499616,-3.437498624
1.5328e-05,0.312495104000007,0.62574999232,1.486124996288,-3.1249986560000007
1.53285e-05,1.0937451519999968,0.61949999296,1.48737499616,-3.437498624
1.5329000000000002e-05,0.312495104000007,0.62574999232,1.483624996544,-3.437498624
1.53295e-05,-0.46875494399999695,0.62574999232,1.48737499616,-2.8124986880000016
1.533e-05,0.312495104000007,0.62574999232,1.484874996416,-3.1249986560000007
1.5330500000000002e-05,0.312495104000007,0.63199999168,1.486124996288,-3.437498624
1.5331e-05,-0.46875494399999695,0.63199999168,1.484874996416,-3.1249986560000007
1.53315e-05,-0.46875494399999695,0.61949999296,1.486124996288,-3.1249986560000007
1.5332e-05,0.312495104000007,0.61949999296,1.488624996032,-3.1249986560000007
1.53325e-05,0.312495104000007,0.62574999232,1.491124995776,-3.1249986560000007
1.5333e-05,0.312495104000007,0.62574999232,1.488624996032,-2.8124986880000016
1.53335e-05,1.0937451519999968,0.62574999232,1.48737499616,-3.1249986560000007
1.5334000000000003e-05,0.312495104000007,0.61949999296,1.486124996288,-3.1249986560000007
1.53345e-05,0.312495104000007,0.61949999296,1.48737499616,-3.1249986560000007
1.5335e-05,-0.46875494399999695,0.62574999232,1.484874996416,-3.1249986560000007
1.5335500000000003e-05,-0.46875494399999695,0.61949999296,1.486124996288,-3.1249986560000007
1.5336e-05,0.312495104000007,0.63199999168,1.488624996032,-3.1249986560000007
1.53365e-05,-0.46875494399999695,0.62574999232,1.489874995904,-3.437498624
1.5337000000000002e-05,-0.46875494399999695,0.61949999296,1.489874995904,-3.1249986560000007
1.53375e-05,-0.46875494399999695,0.61949999296,1.486124996288,-2.8124986880000016
1.5338e-05,0.312495104000007,0.61949999296,1.484874996416,-2.8124986880000016
1.5338500000000002e-05,0.312495104000007,0.62574999232,1.48737499616,-3.1249986560000007
1.5339e-05,-0.46875494399999695,0.62574999232,1.486124996288,-3.1249986560000007
1.53395e-05,-0.46875494399999695,0.62574999232,1.486124996288,-2.8124986880000016
1.5340000000000002e-05,-0.46875494399999695,0.62574999232,1.48737499616,-2.8124986880000016
1.53405e-05,-0.46875494399999695,0.62574999232,1.48737499616,-3.1249986560000007
1.5341e-05,0.312495104000007,0.62574999232,1.484874996416,-2.8124986880000016
1.5341500000000002e-05,0.312495104000007,0.63199999168,1.486124996288,-3.437498624
1.5342e-05,0.312495104000007,0.63199999168,1.488624996032,-3.1249986560000007
1.53425e-05,0.312495104000007,0.63199999168,1.489874995904,-3.1249986560000007
1.5343000000000002e-05,0.312495104000007,0.63199999168,1.48737499616,-3.1249986560000007
1.53435e-05,1.0937451519999968,0.61949999296,1.488624996032,-3.437498624
1.5344e-05,-0.46875494399999695,0.63199999168,1.486124996288,-3.1249986560000007
1.5344500000000002e-05,0.312495104000007,0.63199999168,1.488624996032,-3.1249986560000007
1.5345e-05,-0.46875494399999695,0.62574999232,1.48737499616,-3.1249986560000007
1.53455e-05,0.312495104000007,0.62574999232,1.491124995776,-2.8124986880000016
1.5346000000000002e-05,0.312495104000007,0.62574999232,1.489874995904,-2.8124986880000016
1.53465e-05,-0.46875494399999695,0.62574999232,1.488624996032,-2.8124986880000016
1.5347e-05,-0.46875494399999695,0.63199999168,1.489874995904,-3.1249986560000007
1.5347500000000002e-05,0.312495104000007,0.63199999168,1.491124995776,-2.8124986880000016
1.5348e-05,-0.46875494399999695,0.63199999168,1.48737499616,-3.1249986560000007
1.53485e-05,0.312495104000007,0.63199999168,1.484874996416,-3.437498624
1.5349e-05,0.312495104000007,0.63199999168,1.483624996544,-3.1249986560000007
1.53495e-05,0.312495104000007,0.62574999232,1.483624996544,-3.1249986560000007
1.535e-05,0.312495104000007,0.62574999232,1.484874996416,-3.1249986560000007
1.53505e-05,0.312495104000007,0.62574999232,1.488624996032,-3.1249986560000007
1.5351000000000003e-05,0.312495104000007,0.63199999168,1.488624996032,-3.437498624
1.53515e-05,0.312495104000007,0.62574999232,1.48737499616,-3.437498624
1.5352e-05,-0.46875494399999695,0.63199999168,1.483624996544,-3.1249986560000007
1.5352500000000003e-05,-0.46875494399999695,0.62574999232,1.483624996544,-3.437498624
1.5353e-05,-0.46875494399999695,0.61949999296,1.484874996416,-2.8124986880000016
1.53535e-05,0.312495104000007,0.63199999168,1.48737499616,-2.8124986880000016
1.5354000000000002e-05,0.312495104000007,0.63199999168,1.48737499616,-2.8124986880000016
1.53545e-05,-0.46875494399999695,0.62574999232,1.486124996288,-3.1249986560000007
1.5355e-05,0.312495104000007,0.63199999168,1.483624996544,-2.8124986880000016
1.5355500000000002e-05,0.312495104000007,0.62574999232,1.486124996288,-2.8124986880000016
1.5356e-05,0.312495104000007,0.62574999232,1.486124996288,-3.1249986560000007
1.53565e-05,0.312495104000007,0.62574999232,1.484874996416,-3.1249986560000007
1.5357000000000002e-05,0.312495104000007,0.63199999168,1.486124996288,-3.1249986560000007
1.53575e-05,-0.46875494399999695,0.62574999232,1.486124996288,-3.437498624
1.5358e-05,0.312495104000007,0.61949999296,1.486124996288,-3.437498624
1.5358500000000002e-05,0.312495104000007,0.63199999168,1.488624996032,-3.1249986560000007
1.5359e-05,0.312495104000007,0.62574999232,1.486124996288,-3.437498624
1.53595e-05,-0.46875494399999695,0.62574999232,1.48737499616,-3.437498624
1.5360000000000002e-05,0.312495104000007,0.6382499910399999,1.484874996416,-3.1249986560000007
1.53605e-05,0.312495104000007,0.62574999232,1.486124996288,-3.437498624
1.5361e-05,0.312495104000007,0.62574999232,1.4811249968,-3.1249986560000007
1.5361500000000002e-05,-0.46875494399999695,0.62574999232,1.4823749966720001,-2.8124986880000016
1.5362e-05,-0.46875494399999695,0.62574999232,1.483624996544,-3.1249986560000007
1.53625e-05,-0.46875494399999695,0.63199999168,1.484874996416,-3.1249986560000007
1.5363000000000002e-05,0.312495104000007,0.63199999168,1.484874996416,-3.1249986560000007
1.53635e-05,0.312495104000007,0.62574999232,1.484874996416,-2.8124986880000016
1.5364e-05,-0.46875494399999695,0.62574999232,1.483624996544,-3.1249986560000007
1.5364500000000002e-05,-0.46875494399999695,0.62574999232,1.484874996416,-3.437498624
1.5365e-05,0.312495104000007,0.62574999232,1.486124996288,-3.1249986560000007
1.53655e-05,-0.46875494399999695,0.62574999232,1.486124996288,-3.437498624
1.5366e-05,-0.46875494399999695,0.63199999168,1.486124996288,-3.1249986560000007
1.53665e-05,-0.46875494399999695,0.63199999168,1.486124996288,-2.8124986880000016
1.5367e-05,0.312495104000007,0.63199999168,1.486124996288,-3.1249986560000007
1.53675e-05,0.312495104000007,0.62574999232,1.48737499616,-3.437498624
1.5368000000000003e-05,0.312495104000007,0.62574999232,1.486124996288,-3.1249986560000007
1.53685e-05,0.312495104000007,0.62574999232,1.486124996288,-3.437498624
1.5369e-05,-1.250004992000001,0.62574999232,1.486124996288,-3.1249986560000007
1.5369500000000003e-05,0.312495104000007,0.62574999232,1.486124996288,-3.1249986560000007
1.537e-05,0.312495104000007,0.62574999232,1.483624996544,-3.1249986560000007
1.53705e-05,0.312495104000007,0.62574999232,1.483624996544,-3.437498624
1.5371000000000002e-05,0.312495104000007,0.63199999168,1.48737499616,-3.437498624
1.53715e-05,0.312495104000007,0.62574999232,1.48737499616,-3.1249986560000007
1.5372e-05,-0.46875494399999695,0.62574999232,1.486124996288,-3.1249986560000007
1.5372500000000002e-05,-0.46875494399999695,0.62574999232,1.486124996288,-3.437498624
1.5373e-05,0.312495104000007,0.62574999232,1.48737499616,-2.8124986880000016
1.53735e-05,0.312495104000007,0.61949999296,1.48737499616,-3.437498624
1.5374000000000002e-05,-1.250004992000001,0.62574999232,1.48737499616,-3.1249986560000007
1.53745e-05,-0.46875494399999695,0.62574999232,1.48737499616,-3.1249986560000007
1.5375e-05,-0.46875494399999695,0.62574999232,1.4823749966720001,-3.1249986560000007
1.5375500000000002e-05,0.312495104000007,0.61949999296,1.484874996416,-3.1249986560000007
1.5376e-05,0.312495104000007,0.63199999168,1.486124996288,-3.1249986560000007
1.53765e-05,-0.46875494399999695,0.61949999296,1.48737499616,-3.437498624
1.5377000000000002e-05,0.312495104000007,0.61949999296,1.484874996416,-3.437498624
1.53775e-05,0.312495104000007,0.62574999232,1.4823749966720001,-3.437498624
1.5378e-05,-0.46875494399999695,0.62574999232,1.4823749966720001,-3.1249986560000007
1.5378500000000002e-05,-0.46875494399999695,0.63199999168,1.483624996544,-3.437498624
1.5379e-05,-0.46875494399999695,0.62574999232,1.4823749966720001,-3.1249986560000007
1.53795e-05,0.312495104000007,0.61949999296,1.483624996544,-3.1249986560000007
1.5380000000000002e-05,0.312495104000007,0.62574999232,1.486124996288,-3.1249986560000007
1.53805e-05,-0.46875494399999695,0.63199999168,1.48737499616,-3.1249986560000007
1.5381e-05,-0.46875494399999695,0.62574999232,1.486124996288,-3.1249986560000007
1.5381500000000002e-05,-0.46875494399999695,0.62574999232,1.486124996288,-3.437498624
1.5382e-05,-0.46875494399999695,0.62574999232,1.486124996288,-3.437498624
1.53825e-05,-0.46875494399999695,0.61949999296,1.48737499616,-2.8124986880000016
1.5383e-05,0.312495104000007,0.62574999232,1.48737499616,-3.1249986560000007
1.53835e-05,-0.46875494399999695,0.62574999232,1.488624996032,-3.437498624
1.5384e-05,0.312495104000007,0.62574999232,1.484874996416,-3.1249986560000007
1.53845e-05,-0.46875494399999695,0.62574999232,1.483624996544,-3.437498624
1.5385000000000003e-05,-0.46875494399999695,0.61949999296,1.483624996544,-3.1249986560000007
1.53855e-05,0.312495104000007,0.62574999232,1.484874996416,-3.1249986560000007
1.5386e-05,0.312495104000007,0.62574999232,1.484874996416,-3.1249986560000007
1.5386500000000003e-05,-0.46875494399999695,0.62574999232,1.483624996544,-3.1249986560000007
1.5387e-05,-0.46875494399999695,0.63199999168,1.484874996416,-3.437498624
1.53875e-05,0.312495104000007,0.62574999232,1.484874996416,-3.1249986560000007
1.5388000000000002e-05,0.312495104000007,0.62574999232,1.484874996416,-3.1249986560000007
1.53885e-05,0.312495104000007,0.62574999232,1.488624996032,-3.1249986560000007
1.5389e-05,1.0937451519999968,0.62574999232,1.488624996032,-3.437498624
1.5389500000000002e-05,0.312495104000007,0.61949999296,1.484874996416,-3.1249986560000007
1.539e-05,-0.46875494399999695,0.62574999232,1.484874996416,-3.1249986560000007
1.53905e-05,0.312495104000007,0.62574999232,1.48737499616,-3.1249986560000007
1.5391000000000002e-05,0.312495104000007,0.63199999168,1.486124996288,-3.1249986560000007
1.53915e-05,-0.46875494399999695,0.62574999232,1.488624996032,-3.437498624
1.5392e-05,0.312495104000007,0.62574999232,1.48737499616,-3.1249986560000007
1.5392500000000002e-05,-0.46875494399999695,0.62574999232,1.48737499616,-3.437498624
1.5393e-05,-0.46875494399999695,0.61949999296,1.48737499616,-3.1249986560000007
1.53935e-05,-0.46875494399999695,0.61949999296,1.48737499616,-3.1249986560000007
1.5394000000000002e-05,0.312495104000007,0.61949999296,1.486124996288,-3.1249986560000007
1.53945e-05,-0.46875494399999695,0.62574999232,1.486124996288,-3.437498624
1.5395e-05,-0.46875494399999695,0.63199999168,1.48737499616,-2.8124986880000016
1.5395500000000002e-05,0.312495104000007,0.62574999232,1.48737499616,-2.8124986880000016
1.5396e-05,-0.46875494399999695,0.62574999232,1.484874996416,-3.1249986560000007
1.53965e-05,-0.46875494399999695,0.61949999296,1.484874996416,-3.437498624
1.5397000000000002e-05,0.312495104000007,0.63199999168,1.486124996288,-3.1249986560000007
1.53975e-05,0.312495104000007,0.62574999232,1.48737499616,-3.437498624
1.5398e-05,-0.46875494399999695,0.61949999296,1.486124996288,-3.1249986560000007
1.5398500000000002e-05,-0.46875494399999695,0.62574999232,1.48737499616,-3.1249986560000007
1.5399e-05,-1.250004992000001,0.62574999232,1.486124996288,-3.437498624
1.53995e-05,-0.46875494399999695,0.61949999296,1.48737499616,-3.437498624
1.54e-05,-0.46875494399999695,0.61949999296,1.486124996288,-3.437498624
1.54005e-05,-0.46875494399999695,0.61949999296,1.48737499616,-3.437498624
1.5401e-05,0.312495104000007,0.62574999232,1.484874996416,-3.1249986560000007
1.54015e-05,-0.46875494399999695,0.62574999232,1.486124996288,-2.8124986880000016
1.5402000000000003e-05,0.312495104000007,0.62574999232,1.484874996416,-2.8124986880000016
1.54025e-05,0.312495104000007,0.62574999232,1.486124996288,-3.1249986560000007
1.5403e-05,-0.46875494399999695,0.62574999232,1.48737499616,-3.1249986560000007
1.5403500000000003e-05,0.312495104000007,0.62574999232,1.48737499616,-2.8124986880000016
1.5404e-05,0.312495104000007,0.61949999296,1.486124996288,-3.1249986560000007
1.54045e-05,0.312495104000007,0.63199999168,1.486124996288,-3.437498624
1.5405000000000002e-05,0.312495104000007,0.63199999168,1.48737499616,-3.1249986560000007
1.54055e-05,-0.46875494399999695,0.62574999232,1.486124996288,-3.1249986560000007
1.5406e-05,-0.46875494399999695,0.62574999232,1.486124996288,-2.8124986880000016
1.5406500000000002e-05,-0.46875494399999695,0.62574999232,1.488624996032,-3.1249986560000007
1.5407e-05,0.312495104000007,0.63199999168,1.48737499616,-3.1249986560000007
1.54075e-05,0.312495104000007,0.62574999232,1.484874996416,-3.437498624
1.5408000000000002e-05,0.312495104000007,0.62574999232,1.483624996544,-3.1249986560000007
1.54085e-05,-0.46875494399999695,0.62574999232,1.489874995904,-3.437498624
1.5409e-05,0.312495104000007,0.62574999232,1.489874995904,-3.1249986560000007
1.5409500000000002e-05,0.312495104000007,0.62574999232,1.48737499616,-2.8124986880000016
1.541e-05,0.312495104000007,0.61949999296,1.48737499616,-2.8124986880000016
1.54105e-05,0.312495104000007,0.62574999232,1.486124996288,-3.1249986560000007
1.5411000000000002e-05,0.312495104000007,0.63199999168,1.484874996416,-3.1249986560000007
1.54115e-05,0.312495104000007,0.63199999168,1.483624996544,-3.1249986560000007
1.5412e-05,0.312495104000007,0.62574999232,1.484874996416,-3.1249986560000007
1.5412500000000002e-05,0.312495104000007,0.63199999168,1.488624996032,-3.1249986560000007
1.5413e-05,0.312495104000007,0.62574999232,1.489874995904,-3.1249986560000007
1.54135e-05,0.312495104000007,0.61949999296,1.48737499616,-3.437498624
1.5414000000000002e-05,0.312495104000007,0.61949999296,1.48737499616,-3.1249986560000007
1.54145e-05,0.312495104000007,0.61949999296,1.48737499616,-3.1249986560000007
1.5415e-05,0.312495104000007,0.62574999232,1.484874996416,-3.1249986560000007
1.5415500000000002e-05,0.312495104000007,0.61949999296,1.48737499616,-3.1249986560000007
1.5416e-05,-0.46875494399999695,0.62574999232,1.486124996288,-2.8124986880000016
1.54165e-05,0.312495104000007,0.62574999232,1.48737499616,-3.437498624
1.5417e-05,0.312495104000007,0.62574999232,1.486124996288,-3.1249986560000007
1.54175e-05,0.312495104000007,0.62574999232,1.484874996416,-3.1249986560000007
1.5418e-05,0.312495104000007,0.62574999232,1.48737499616,-3.1249986560000007
1.54185e-05,-0.46875494399999695,0.62574999232,1.488624996032,-3.1249986560000007
1.5419000000000003e-05,0.312495104000007,0.62574999232,1.488624996032,-3.1249986560000007
1.54195e-05,-0.46875494399999695,0.62574999232,1.489874995904,-3.437498624
1.542e-05,-0.46875494399999695,0.62574999232,1.489874995904,-3.1249986560000007
1.5420500000000003e-05,0.312495104000007,0.62574999232,1.488624996032,-3.1249986560000007
1.5421e-05,1.0937451519999968,0.62574999232,1.491124995776,-3.1249986560000007
1.54215e-05,0.312495104000007,0.62574999232,1.489874995904,-3.1249986560000007
1.5422000000000002e-05,0.312495104000007,0.61949999296,1.48737499616,-3.437498624
1.54225e-05,-0.46875494399999695,0.62574999232,1.48737499616,-2.8124986880000016
1.5423e-05,-0.46875494399999695,0.62574999232,1.48737499616,-3.1249986560000007
1.5423500000000002e-05,0.312495104000007,0.62574999232,1.48737499616,-3.437498624
1.5424e-05,0.312495104000007,0.63199999168,1.486124996288,-3.437498624
1.54245e-05,-0.46875494399999695,0.62574999232,1.486124996288,-3.437498624
1.5425000000000002e-05,-0.46875494399999695,0.62574999232,1.48737499616,-3.1249986560000007
1.54255e-05,0.312495104000007,0.62574999232,1.488624996032,-2.8124986880000016
1.5426e-05,0.312495104000007,0.62574999232,1.48737499616,-3.1249986560000007
1.5426500000000002e-05,0.312495104000007,0.63199999168,1.48737499616,-3.1249986560000007
1.5427e-05,0.312495104000007,0.63199999168,1.48737499616,-3.1249986560000007
1.54275e-05,0.312495104000007,0.62574999232,1.48737499616,-3.1249986560000007
1.5428000000000002e-05,-0.46875494399999695,0.62574999232,1.484874996416,-3.1249986560000007
1.54285e-05,1.0937451519999968,0.61949999296,1.484874996416,-3.1249986560000007
1.5429e-05,0.312495104000007,0.62574999232,1.486124996288,-2.8124986880000016
1.5429500000000002e-05,-0.46875494399999695,0.62574999232,1.48737499616,-3.1249986560000007
1.543e-05,-0.46875494399999695,0.61949999296,1.48737499616,-3.1249986560000007
1.54305e-05,0.312495104000007,0.62574999232,1.486124996288,-2.8124986880000016
1.5431000000000002e-05,0.312495104000007,0.62574999232,1.486124996288,-2.8124986880000016
1.54315e-05,-0.46875494399999695,0.62574999232,1.486124996288,-3.1249986560000007
1.5432e-05,-0.46875494399999695,0.62574999232,1.486124996288,-3.437498624
1.5432500000000002e-05,0.312495104000007,0.62574999232,1.48737499616,-3.437498624
1.5433e-05,-0.46875494399999695,0.62574999232,1.484874996416,-3.1249986560000007
1.54335e-05,-0.46875494399999695,0.62574999232,1.484874996416,-3.1249986560000007
1.5434e-05,0.312495104000007,0.62574999232,1.483624996544,-3.1249986560000007
1.54345e-05,0.312495104000007,0.62574999232,1.483624996544,-3.1249986560000007
1.5435e-05,0.312495104000007,0.63199999168,1.486124996288,-3.1249986560000007
1.54355e-05,0.312495104000007,0.63199999168,1.484874996416,-3.1249986560000007
1.5436000000000003e-05,0.312495104000007,0.62574999232,1.483624996544,-2.8124986880000016
1.54365e-05,0.312495104000007,0.62574999232,1.484874996416,-3.1249986560000007
1.5437e-05,1.0937451519999968,0.62574999232,1.488624996032,-3.1249986560000007
1.5437500000000003e-05,-0.46875494399999695,0.62574999232,1.48737499616,-3.1249986560000007
1.5438e-05,-0.46875494399999695,0.62574999232,1.48737499616,-2.8124986880000016
1.54385e-05,0.312495104000007,0.62574999232,1.48737499616,-2.8124986880000016
1.5439000000000002e-05,0.312495104000007,0.62574999232,1.48737499616,-3.1249986560000007
1.54395e-05,0.312495104000007,0.62574999232,1.48737499616,-3.1249986560000007
1.544e-05,0.312495104000007,0.61949999296,1.484874996416,-3.1249986560000007
1.5440500000000002e-05,-0.46875494399999695,0.62574999232,1.488624996032,-3.437498624
1.5441e-05,0.312495104000007,0.61949999296,1.489874995904,-3.1249986560000007
1.54415e-05,-0.46875494399999695,0.62574999232,1.489874995904,-3.1249986560000007
1.5442000000000002e-05,0.312495104000007,0.62574999232,1.48737499616,-3.1249986560000007
1.54425e-05,-0.46875494399999695,0.61949999296,1.488624996032,-3.1249986560000007
1.5443e-05,0.312495104000007,0.62574999232,1.48737499616,-3.1249986560000007
1.5443500000000002e-05,0.312495104000007,0.62574999232,1.489874995904,-3.1249986560000007
1.5444e-05,-0.46875494399999695,0.61949999296,1.48737499616,-3.1249986560000007
1.54445e-05,0.312495104000007,0.63199999168,1.48737499616,-3.1249986560000007
1.5445000000000002e-05,0.312495104000007,0.63199999168,1.48737499616,-3.1249986560000007
1.54455e-05,0.312495104000007,0.62574999232,1.488624996032,-3.437498624
1.5446e-05,-0.46875494399999695,0.61949999296,1.48737499616,-3.1249986560000007
1.5446500000000002e-05,-0.46875494399999695,0.61949999296,1.488624996032,-3.1249986560000007
1.5447e-05,-0.46875494399999695,0.62574999232,1.486124996288,-3.1249986560000007
1.54475e-05,-0.46875494399999695,0.61949999296,1.486124996288,-3.1249986560000007
1.5448000000000002e-05,0.312495104000007,0.62574999232,1.486124996288,-3.437498624
1.54485e-05,0.312495104000007,0.62574999232,1.488624996032,-3.437498624
1.5449e-05,-0.46875494399999695,0.62574999232,1.488624996032,-3.1249986560000007
1.5449500000000002e-05,0.312495104000007,0.62574999232,1.488624996032,-3.1249986560000007
1.545e-05,0.312495104000007,0.62574999232,1.48737499616,-3.437498624
1.54505e-05,0.312495104000007,0.62574999232,1.48737499616,-3.7499985920000007
1.5451e-05,0.312495104000007,0.62574999232,1.489874995904,-3.1249986560000007
1.54515e-05,0.312495104000007,0.61949999296,1.491124995776,-3.1249986560000007
1.5452e-05,-0.46875494399999695,0.63199999168,1.489874995904,-3.1249986560000007
1.54525e-05,-0.46875494399999695,0.63199999168,1.489874995904,-3.1249986560000007
1.5453000000000003e-05,0.312495104000007,0.62574999232,1.488624996032,-3.1249986560000007
1.54535e-05,-0.46875494399999695,0.62574999232,1.488624996032,-3.1249986560000007
1.5454e-05,0.312495104000007,0.62574999232,1.488624996032,-2.8124986880000016
1.5454500000000003e-05,-0.46875494399999695,0.63199999168,1.488624996032,-3.1249986560000007
1.5455e-05,-0.46875494399999695,0.62574999232,1.484874996416,-3.437498624
1.54555e-05,-0.46875494399999695,0.61949999296,1.486124996288,-3.1249986560000007
1.5456000000000002e-05,0.312495104000007,0.61949999296,1.486124996288,-3.1249986560000007
1.54565e-05,-0.46875494399999695,0.61949999296,1.486124996288,-3.437498624
1.5457e-05,-1.250004992000001,0.63199999168,1.483624996544,-3.1249986560000007
1.5457500000000002e-05,-0.46875494399999695,0.62574999232,1.484874996416,-3.1249986560000007
1.5458e-05,0.312495104000007,0.62574999232,1.48737499616,-3.1249986560000007
1.54585e-05,0.312495104000007,0.62574999232,1.48737499616,-3.437498624
1.5459000000000002e-05,0.312495104000007,0.62574999232,1.48737499616,-3.1249986560000007
1.54595e-05,0.312495104000007,0.62574999232,1.489874995904,-3.1249986560000007
1.546e-05,-0.46875494399999695,0.62574999232,1.48737499616,-3.1249986560000007
1.5460500000000002e-05,-0.46875494399999695,0.63199999168,1.486124996288,-3.1249986560000007
1.5461e-05,0.312495104000007,0.63199999168,1.486124996288,-3.437498624
1.54615e-05,0.312495104000007,0.61949999296,1.486124996288,-3.437498624
1.5462000000000002e-05,0.312495104000007,0.62574999232,1.48737499616,-3.1249986560000007
1.54625e-05,-0.46875494399999695,0.62574999232,1.488624996032,-3.1249986560000007
1.5463e-05,-0.46875494399999695,0.62574999232,1.488624996032,-3.1249986560000007
1.5463500000000002e-05,0.312495104000007,0.62574999232,1.488624996032,-3.437498624
1.5464e-05,0.312495104000007,0.61949999296,1.486124996288,-3.1249986560000007
1.54645e-05,0.312495104000007,0.61949999296,1.488624996032,-3.7499985920000007
1.5465000000000002e-05,0.312495104000007,0.62574999232,1.488624996032,-3.1249986560000007
1.54655e-05,-0.46875494399999695,0.62574999232,1.48737499616,-3.1249986560000007
1.5466e-05,0.312495104000007,0.62574999232,1.486124996288,-3.1249986560000007
1.5466500000000002e-05,0.312495104000007,0.62574999232,1.48737499616,-3.437498624
1.5467e-05,0.312495104000007,0.62574999232,1.489874995904,-3.1249986560000007
1.54675e-05,0.312495104000007,0.62574999232,1.489874995904,-3.1249986560000007
1.5468e-05,-0.46875494399999695,0.62574999232,1.489874995904,-3.437498624
1.54685e-05,0.312495104000007,0.62574999232,1.489874995904,-3.437498624
1.5469e-05,1.0937451519999968,0.62574999232,1.48737499616,-3.437498624
1.54695e-05,0.312495104000007,0.62574999232,1.489874995904,-3.437498624
1.5470000000000003e-05,0.312495104000007,0.61949999296,1.491124995776,-3.1249986560000007
1.54705e-05,-0.46875494399999695,0.62574999232,1.491124995776,-3.1249986560000007
1.5471e-05,0.312495104000007,0.62574999232,1.488624996032,-3.437498624
1.5471500000000003e-05,0.312495104000007,0.61949999296,1.489874995904,-3.7499985920000007
1.5472e-05,-0.46875494399999695,0.62574999232,1.488624996032,-3.1249986560000007
1.54725e-05,0.312495104000007,0.61949999296,1.488624996032,-3.437498624
1.5473000000000002e-05,-0.46875494399999695,0.61949999296,1.48737499616,-3.1249986560000007
1.54735e-05,0.312495104000007,0.62574999232,1.486124996288,-3.1249986560000007
1.5474e-05,0.312495104000007,0.62574999232,1.484874996416,-3.1249986560000007
1.5474500000000002e-05,0.312495104000007,0.63199999168,1.486124996288,-3.1249986560000007
1.5475e-05,-0.46875494399999695,0.62574999232,1.488624996032,-3.1249986560000007
1.54755e-05,0.312495104000007,0.63199999168,1.489874995904,-2.8124986880000016
1.5476000000000002e-05,0.312495104000007,0.61949999296,1.489874995904,-3.1249986560000007
1.54765e-05,1.0937451519999968,0.61949999296,1.489874995904,-3.437498624
1.5477e-05,0.312495104000007,0.61949999296,1.488624996032,-3.1249986560000007
1.5477500000000002e-05,0.312495104000007,0.62574999232,1.48737499616,-3.437498624
1.5478e-05,0.312495104000007,0.62574999232,1.484874996416,-3.1249986560000007
1.54785e-05,0.312495104000007,0.62574999232,1.486124996288,-3.437498624
1.5479000000000002e-05,0.312495104000007,0.63199999168,1.486124996288,-3.437498624
1.54795e-05,0.312495104000007,0.62574999232,1.48737499616,-3.437498624
1.548e-05,0.312495104000007,0.62574999232,1.486124996288,-3.437498624
1.5480500000000002e-05,0.312495104000007,0.62574999232,1.48737499616,-3.437498624
1.5481e-05,0.312495104000007,0.62574999232,1.484874996416,-3.437498624
1.54815e-05,0.312495104000007,0.62574999232,1.483624996544,-3.437498624
1.5482000000000002e-05,0.312495104000007,0.62574999232,1.484874996416,-3.437498624
1.54825e-05,0.312495104000007,0.62574999232,1.484874996416,-3.437498624
1.5483e-05,0.312495104000007,0.61949999296,1.484874996416,-3.1249986560000007
1.5483500000000002e-05,0.312495104000007,0.63199999168,1.488624996032,-3.1249986560000007
1.5484e-05,-0.46875494399999695,0.62574999232,1.488624996032,-3.1249986560000007
1.54845e-05,1.0937451519999968,0.63199999168,1.48737499616,-3.437498624
1.5485e-05,0.312495104000007,0.63199999168,1.486124996288,-3.1249986560000007
1.54855e-05,0.312495104000007,0.62574999232,1.48737499616,-3.437498624
1.5486e-05,0.312495104000007,0.62574999232,1.488624996032,-3.1249986560000007
1.54865e-05,0.312495104000007,0.62574999232,1.488624996032,-3.437498624
1.5487e-05,0.312495104000007,0.63199999168,1.486124996288,-3.437498624
1.54875e-05,0.312495104000007,0.62574999232,1.48737499616,-3.7499985920000007
1.5488e-05,0.312495104000007,0.62574999232,1.486124996288,-3.437498624
1.5488500000000003e-05,0.312495104000007,0.6132499936,1.488624996032,-3.437498624
1.5489e-05,-1.250004992000001,0.6132499936,1.486124996288,-3.437498624
1.54895e-05,0.312495104000007,0.61949999296,1.48737499616,-3.437498624
1.5490000000000002e-05,0.312495104000007,0.62574999232,1.48737499616,-3.437498624
1.54905e-05,-0.46875494399999695,0.62574999232,1.488624996032,-3.437498624
1.5491e-05,-0.46875494399999695,0.62574999232,1.48737499616,-3.1249986560000007
1.5491500000000002e-05,0.312495104000007,0.62574999232,1.488624996032,-3.1249986560000007
1.5492e-05,0.312495104000007,0.61949999296,1.489874995904,-3.437498624
1.54925e-05,0.312495104000007,0.61949999296,1.48737499616,-3.437498624
1.5493000000000002e-05,0.312495104000007,0.63199999168,1.48737499616,-3.437498624
1.54935e-05,0.312495104000007,0.63199999168,1.488624996032,-3.7499985920000007
1.5494e-05,-0.46875494399999695,0.61949999296,1.491124995776,-3.1249986560000007
1.5494500000000002e-05,0.312495104000007,0.62574999232,1.491124995776,-3.1249986560000007
1.5495e-05,0.312495104000007,0.62574999232,1.48737499616,-3.437498624
1.54955e-05,0.312495104000007,0.61949999296,1.488624996032,-3.7499985920000007
1.5496000000000002e-05,0.312495104000007,0.62574999232,1.484874996416,-3.437498624
1.54965e-05,0.312495104000007,0.62574999232,1.484874996416,-3.437498624
1.5497e-05,0.312495104000007,0.62574999232,1.486124996288,-3.437498624
1.5497500000000002e-05,-0.46875494399999695,0.63199999168,1.48737499616,-3.437498624
1.5498e-05,0.312495104000007,0.63199999168,1.484874996416,-3.1249986560000007
1.54985e-05,-0.46875494399999695,0.62574999232,1.486124996288,-3.437498624
1.5499000000000002e-05,-0.46875494399999695,0.62574999232,1.486124996288,-3.1249986560000007
1.54995e-05,-0.46875494399999695,0.62574999232,1.488624996032,-3.1249986560000007
1.55e-05,-0.46875494399999695,0.62574999232,1.48737499616,-3.437498624
1.5500500000000002e-05,0.312495104000007,0.63199999168,1.486124996288,-3.437498624
1.5501e-05,0.312495104000007,0.63199999168,1.486124996288,-3.437498624
1.55015e-05,0.312495104000007,0.61949999296,1.48737499616,-3.437498624
1.5502e-05,-0.46875494399999695,0.62574999232,1.486124996288,-3.1249986560000007
1.55025e-05,0.312495104000007,0.63199999168,1.484874996416,-3.1249986560000007
1.5503e-05,0.312495104000007,0.62574999232,1.486124996288,-3.437498624
1.55035e-05,-0.46875494399999695,0.62574999232,1.48737499616,-3.7499985920000007
1.5504e-05,0.312495104000007,0.62574999232,1.484874996416,-3.437498624
1.55045e-05,-0.46875494399999695,0.61949999296,1.48737499616,-3.437498624
1.5505e-05,-0.46875494399999695,0.61949999296,1.486124996288,-3.1249986560000007
1.5505500000000003e-05,0.312495104000007,0.62574999232,1.483624996544,-3.437498624
1.5506e-05,0.312495104000007,0.62574999232,1.484874996416,-3.437498624
1.55065e-05,-0.46875494399999695,0.62574999232,1.488624996032,-3.1249986560000007
1.5507000000000002e-05,0.312495104000007,0.62574999232,1.488624996032,-3.1249986560000007
1.55075e-05,0.312495104000007,0.62574999232,1.48737499616,-3.1249986560000007
1.5508e-05,0.312495104000007,0.61949999296,1.483624996544,-3.1249986560000007
1.5508500000000002e-05,0.312495104000007,0.62574999232,1.486124996288,-3.1249986560000007
1.5509e-05,0.312495104000007,0.62574999232,1.488624996032,-3.437498624
1.55095e-05,0.312495104000007,0.62574999232,1.48737499616,-3.437498624
1.5510000000000002e-05,0.312495104000007,0.62574999232,1.489874995904,-3.437498624
1.55105e-05,0.312495104000007,0.62574999232,1.489874995904,-3.1249986560000007
1.5511e-05,0.312495104000007,0.62574999232,1.488624996032,-3.437498624
1.5511500000000002e-05,-1.250004992000001,0.62574999232,1.488624996032,-3.437498624
1.5512e-05,0.312495104000007,0.61949999296,1.489874995904,-3.437498624
1.55125e-05,0.312495104000007,0.62574999232,1.489874995904,-3.437498624
1.5513000000000002e-05,0.312495104000007,0.61949999296,1.48737499616,-3.1249986560000007
1.55135e-05,0.312495104000007,0.62574999232,1.48737499616,-3.437498624
1.5514e-05,0.312495104000007,0.62574999232,1.488624996032,-3.437498624
1.5514500000000002e-05,1.0937451519999968,0.62574999232,1.489874995904,-3.437498624
1.5515e-05,-0.46875494399999695,0.62574999232,1.48737499616,-3.437498624
1.55155e-05,1.0937451519999968,0.62574999232,1.484874996416,-3.1249986560000007
1.5516000000000002e-05,-0.46875494399999695,0.62574999232,1.483624996544,-3.1249986560000007
1.55165e-05,-0.46875494399999695,0.62574999232,1.486124996288,-3.437498624
1.5517e-05,0.312495104000007,0.62574999232,1.486124996288,-3.1249986560000007
1.5517500000000002e-05,0.312495104000007,0.62574999232,1.48737499616,-3.437498624
1.5518e-05,0.312495104000007,0.62574999232,1.488624996032,-3.1249986560000007
1.55185e-05,0.312495104000007,0.62574999232,1.488624996032,-3.1249986560000007
1.5519e-05,-0.46875494399999695,0.63199999168,1.488624996032,-3.437498624
1.55195e-05,0.312495104000007,0.63199999168,1.491124995776,-3.7499985920000007
1.552e-05,0.312495104000007,0.63199999168,1.489874995904,-3.437498624
1.55205e-05,1.0937451519999968,0.62574999232,1.489874995904,-3.437498624
1.5521e-05,0.312495104000007,0.62574999232,1.48737499616,-3.1249986560000007
1.55215e-05,-0.46875494399999695,0.62574999232,1.489874995904,-3.1249986560000007
1.5522e-05,0.312495104000007,0.62574999232,1.488624996032,-3.1249986560000007
1.5522500000000003e-05,1.0937451519999968,0.62574999232,1.489874995904,-3.437498624
1.5523e-05,-0.46875494399999695,0.63199999168,1.491124995776,-3.1249986560000007
1.55235e-05,0.312495104000007,0.62574999232,1.48737499616,-3.1249986560000007
1.5524000000000002e-05,-0.46875494399999695,0.62574999232,1.483624996544,-3.437498624
1.55245e-05,0.312495104000007,0.63199999168,1.486124996288,-3.1249986560000007
1.5525e-05,0.312495104000007,0.62574999232,1.488624996032,-3.1249986560000007
1.5525500000000002e-05,0.312495104000007,0.62574999232,1.488624996032,-3.437498624
1.5526e-05,-0.46875494399999695,0.61949999296,1.486124996288,-3.437498624
1.55265e-05,-0.46875494399999695,0.62574999232,1.484874996416,-3.1249986560000007
1.5527000000000002e-05,-0.46875494399999695,0.63199999168,1.484874996416,-3.437498624
1.55275e-05,-0.46875494399999695,0.62574999232,1.48737499616,-3.7499985920000007
1.5528e-05,0.312495104000007,0.63199999168,1.48737499616,-3.7499985920000007
1.5528500000000002e-05,-0.46875494399999695,0.62574999232,1.488624996032,-3.7499985920000007
1.5529e-05,0.312495104000007,0.62574999232,1.484874996416,-3.437498624
1.55295e-05,-0.46875494399999695,0.62574999232,1.483624996544,-3.437498624
1.5530000000000002e-05,0.312495104000007,0.61949999296,1.4823749966720001,-3.437498624
1.55305e-05,-0.46875494399999695,0.62574999232,1.484874996416,-3.437498624
1.5531e-05,-0.46875494399999695,0.62574999232,1.486124996288,-3.1249986560000007
1.5531500000000002e-05,0.312495104000007,0.61949999296,1.484874996416,-3.1249986560000007
1.5532e-05,-0.46875494399999695,0.61949999296,1.486124996288,-3.437498624
1.55325e-05,0.312495104000007,0.61949999296,1.488624996032,-3.437498624
1.5533000000000002e-05,0.312495104000007,0.62574999232,1.488624996032,-3.1249986560000007
1.55335e-05,-0.46875494399999695,0.61949999296,1.486124996288,-3.1249986560000007
1.5534e-05,0.312495104000007,0.61949999296,1.483624996544,-3.1249986560000007
1.5534500000000002e-05,0.312495104000007,0.62574999232,1.484874996416,-3.437498624
1.5535e-05,0.312495104000007,0.63199999168,1.484874996416,-3.1249986560000007
1.55355e-05,0.312495104000007,0.62574999232,1.48737499616,-3.7499985920000007
1.5536e-05,-0.46875494399999695,0.62574999232,1.486124996288,-3.437498624
1.55365e-05,-0.46875494399999695,0.62574999232,1.48737499616,-3.7499985920000007
1.5537e-05,0.312495104000007,0.62574999232,1.48737499616,-3.437498624
1.55375e-05,0.312495104000007,0.62574999232,1.489874995904,-3.437498624
1.5538e-05,0.312495104000007,0.62574999232,1.488624996032,-3.1249986560000007
1.55385e-05,1.0937451519999968,0.62574999232,1.486124996288,-3.437498624
1.5539e-05,-0.46875494399999695,0.62574999232,1.483624996544,-3.1249986560000007
1.5539500000000003e-05,0.312495104000007,0.63199999168,1.483624996544,-3.1249986560000007
1.554e-05,0.312495104000007,0.61949999296,1.4823749966720001,-3.1249986560000007
1.55405e-05,0.312495104000007,0.62574999232,1.484874996416,-3.437498624
1.5541000000000002e-05,0.312495104000007,0.63199999168,1.484874996416,-3.1249986560000007
1.55415e-05,0.312495104000007,0.61949999296,1.483624996544,-3.1249986560000007
1.5542e-05,-0.46875494399999695,0.61949999296,1.4823749966720001,-2.8124986880000016
1.5542500000000002e-05,0.312495104000007,0.63199999168,1.483624996544,-2.8124986880000016
1.5543e-05,-0.46875494399999695,0.62574999232,1.486124996288,-3.1249986560000007
1.55435e-05,1.0937451519999968,0.62574999232,1.48737499616,-3.437498624
1.5544000000000002e-05,-0.46875494399999695,0.62574999232,1.486124996288,-3.437498624
1.55445e-05,0.312495104000007,0.62574999232,1.488624996032,-3.437498624
1.5545e-05,-0.46875494399999695,0.62574999232,1.48737499616,-3.1249986560000007
1.5545500000000002e-05,0.312495104000007,0.62574999232,1.48737499616,-3.1249986560000007
1.5546e-05,0.312495104000007,0.63199999168,1.484874996416,-3.1249986560000007
1.55465e-05,-0.46875494399999695,0.62574999232,1.484874996416,-3.437498624
1.5547000000000002e-05,0.312495104000007,0.62574999232,1.48737499616,-3.1249986560000007
1.55475e-05,0.312495104000007,0.61949999296,1.488624996032,-3.1249986560000007
1.5548e-05,0.312495104000007,0.61949999296,1.48737499616,-3.1249986560000007
1.5548500000000002e-05,0.312495104000007,0.62574999232,1.48737499616,-3.437498624
1.5549e-05,0.312495104000007,0.63199999168,1.486124996288,-3.1249986560000007
1.55495e-05,0.312495104000007,0.62574999232,1.484874996416,-3.1249986560000007
1.5550000000000002e-05,-0.46875494399999695,0.62574999232,1.484874996416,-3.1249986560000007
1.55505e-05,-0.46875494399999695,0.63199999168,1.484874996416,-3.437498624
1.5551e-05,0.312495104000007,0.63199999168,1.486124996288,-3.437498624
1.5551500000000002e-05,-0.46875494399999695,0.62574999232,1.489874995904,-3.7499985920000007
1.5552e-05,-0.46875494399999695,0.62574999232,1.488624996032,-3.437498624
1.55525e-05,-0.46875494399999695,0.62574999232,1.48737499616,-3.7499985920000007
1.5553e-05,-0.46875494399999695,0.61949999296,1.48737499616,-3.437498624
1.55535e-05,-0.46875494399999695,0.62574999232,1.48737499616,-3.437498624
1.5554e-05,0.312495104000007,0.62574999232,1.486124996288,-3.437498624
1.55545e-05,-0.46875494399999695,0.62574999232,1.486124996288,-3.437498624
1.5555e-05,-0.46875494399999695,0.63199999168,1.48737499616,-3.1249986560000007
1.55555e-05,0.312495104000007,0.61949999296,1.488624996032,-3.1249986560000007
1.5556e-05,0.312495104000007,0.62574999232,1.48737499616,-3.437498624
1.5556500000000003e-05,0.312495104000007,0.62574999232,1.48737499616,-3.437498624
1.5557e-05,0.312495104000007,0.63199999168,1.48737499616,-3.437498624
1.55575e-05,0.312495104000007,0.62574999232,1.48737499616,-3.437498624
1.5558000000000002e-05,0.312495104000007,0.63199999168,1.48737499616,-3.437498624
1.55585e-05,-0.46875494399999695,0.63199999168,1.486124996288,-3.437498624
1.5559e-05,-0.46875494399999695,0.63199999168,1.484874996416,-3.437498624
1.5559500000000002e-05,-0.46875494399999695,0.62574999232,1.48737499616,-3.7499985920000007
1.556e-05,-0.46875494399999695,0.62574999232,1.483624996544,-3.437498624
1.55605e-05,0.312495104000007,0.62574999232,1.486124996288,-3.437498624
1.5561000000000002e-05,0.312495104000007,0.61949999296,1.48737499616,-3.1249986560000007
1.55615e-05,0.312495104000007,0.61949999296,1.489874995904,-3.437498624
1.5562e-05,0.312495104000007,0.62574999232,1.491124995776,-3.437498624
1.5562500000000002e-05,-0.46875494399999695,0.62574999232,1.491124995776,-3.437498624
1.5563e-05,0.312495104000007,0.62574999232,1.488624996032,-3.1249986560000007
1.55635e-05,0.312495104000007,0.62574999232,1.48737499616,-3.437498624
1.5564000000000002e-05,0.312495104000007,0.61949999296,1.488624996032,-3.437498624
1.55645e-05,0.312495104000007,0.63199999168,1.489874995904,-3.7499985920000007
1.5565e-05,0.312495104000007,0.62574999232,1.488624996032,-3.437498624
1.5565500000000002e-05,0.312495104000007,0.62574999232,1.48737499616,-3.437498624
1.5566e-05,-0.46875494399999695,0.61949999296,1.489874995904,-3.437498624
1.55665e-05,0.312495104000007,0.62574999232,1.486124996288,-3.437498624
1.5567000000000002e-05,-0.46875494399999695,0.63199999168,1.484874996416,-3.437498624
1.55675e-05,0.312495104000007,0.62574999232,1.486124996288,-3.7499985920000007
1.5568e-05,0.312495104000007,0.61949999296,1.48737499616,-3.437498624
1.5568500000000002e-05,0.312495104000007,0.61949999296,1.489874995904,-3.7499985920000007
1.5569e-05,-0.46875494399999695,0.61949999296,1.488624996032,-3.437498624
1.55695e-05,-0.46875494399999695,0.62574999232,1.484874996416,-3.437498624
1.5570000000000002e-05,0.312495104000007,0.62574999232,1.486124996288,-3.437498624
1.55705e-05,0.312495104000007,0.62574999232,1.48737499616,-3.7499985920000007
1.5571e-05,-0.46875494399999695,0.62574999232,1.489874995904,-3.437498624
1.55715e-05,0.312495104000007,0.62574999232,1.491124995776,-3.437498624
1.5572e-05,-0.46875494399999695,0.61949999296,1.488624996032,-3.437498624
1.55725e-05,-0.46875494399999695,0.62574999232,1.489874995904,-3.437498624
1.5573e-05,0.312495104000007,0.62574999232,1.488624996032,-3.437498624
1.5573500000000003e-05,0.312495104000007,0.62574999232,1.48737499616,-3.437498624
1.5574e-05,-0.46875494399999695,0.62574999232,1.48737499616,-3.437498624
1.55745e-05,0.312495104000007,0.62574999232,1.48737499616,-3.437498624
1.5575000000000002e-05,0.312495104000007,0.62574999232,1.48737499616,-3.437498624
1.55755e-05,0.312495104000007,0.62574999232,1.48737499616,-3.437498624
1.5576e-05,-0.46875494399999695,0.61949999296,1.486124996288,-3.437498624
1.5576500000000002e-05,0.312495104000007,0.61949999296,1.488624996032,-3.437498624
1.5577e-05,0.312495104000007,0.62574999232,1.486124996288,-3.437498624
1.55775e-05,0.312495104000007,0.62574999232,1.486124996288,-3.7499985920000007
1.5578000000000002e-05,-0.46875494399999695,0.61949999296,1.484874996416,-3.1249986560000007
1.55785e-05,-0.46875494399999695,0.61949999296,1.486124996288,-3.437498624
1.5579e-05,0.312495104000007,0.61949999296,1.484874996416,-3.1249986560000007
1.5579500000000002e-05,0.312495104000007,0.62574999232,1.484874996416,-3.1249986560000007
1.558e-05,-0.46875494399999695,0.62574999232,1.486124996288,-3.1249986560000007
1.55805e-05,-0.46875494399999695,0.61949999296,1.48737499616,-3.437498624
1.5581000000000002e-05,0.312495104000007,0.61949999296,1.48737499616,-3.437498624
1.55815e-05,-0.46875494399999695,0.61949999296,1.484874996416,-3.7499985920000007
1.5582e-05,0.312495104000007,0.62574999232,1.48737499616,-3.437498624
1.5582500000000002e-05,0.312495104000007,0.62574999232,1.48737499616,-3.437498624
1.5583e-05,0.312495104000007,0.62574999232,1.486124996288,-3.437498624
1.55835e-05,0.312495104000007,0.61949999296,1.486124996288,-3.7499985920000007
1.5584000000000002e-05,0.312495104000007,0.62574999232,1.486124996288,-3.437498624
1.55845e-05,0.312495104000007,0.62574999232,1.48737499616,-3.437498624
1.5585e-05,-0.46875494399999695,0.61949999296,1.486124996288,-3.437498624
1.5585500000000002e-05,0.312495104000007,0.62574999232,1.486124996288,-3.437498624
1.5586e-05,-0.46875494399999695,0.61949999296,1.48737499616,-3.437498624
1.55865e-05,-0.46875494399999695,0.62574999232,1.489874995904,-3.437498624
1.5587000000000002e-05,0.312495104000007,0.62574999232,1.488624996032,-3.437498624
1.55875e-05,0.312495104000007,0.61949999296,1.488624996032,-3.437498624
1.5588e-05,0.312495104000007,0.61949999296,1.489874995904,-3.437498624
1.55885e-05,0.312495104000007,0.61949999296,1.489874995904,-3.437498624
1.5589e-05,0.312495104000007,0.62574999232,1.488624996032,-3.437498624
1.55895e-05,0.312495104000007,0.63199999168,1.48737499616,-3.1249986560000007
1.559e-05,0.312495104000007,0.62574999232,1.486124996288,-3.437498624
1.5590500000000003e-05,-0.46875494399999695,0.62574999232,1.48737499616,-3.437498624
1.5591e-05,-0.46875494399999695,0.62574999232,1.486124996288,-3.7499985920000007
1.55915e-05,-0.46875494399999695,0.61949999296,1.48737499616,-3.7499985920000007
1.5592000000000003e-05,0.312495104000007,0.61949999296,1.486124996288,-3.7499985920000007
1.55925e-05,0.312495104000007,0.61949999296,1.488624996032,-3.7499985920000007
1.5593e-05,0.312495104000007,0.61949999296,1.486124996288,-3.437498624
1.5593500000000002e-05,0.312495104000007,0.62574999232,1.48737499616,-3.437498624
1.5594e-05,0.312495104000007,0.61949999296,1.488624996032,-3.1249986560000007
1.55945e-05,0.312495104000007,0.61949999296,1.48737499616,-3.437498624
1.5595000000000002e-05,-0.46875494399999695,0.61949999296,1.486124996288,-3.437498624
1.55955e-05,0.312495104000007,0.62574999232,1.486124996288,-3.437498624
1.5596e-05,0.312495104000007,0.62574999232,1.48737499616,-3.1249986560000007
1.5596500000000002e-05,1.0937451519999968,0.61949999296,1.488624996032,-3.437498624
1.5597e-05,0.312495104000007,0.61949999296,1.488624996032,-3.437498624
1.55975e-05,-0.46875494399999695,0.61949999296,1.48737499616,-3.437498624
1.5598000000000002e-05,0.312495104000007,0.61949999296,1.488624996032,-3.437498624
1.55985e-05,0.312495104000007,0.62574999232,1.4923749956480001,-3.437498624
1.5599e-05,0.312495104000007,0.62574999232,1.491124995776,-3.437498624
1.5599500000000002e-05,0.312495104000007,0.62574999232,1.489874995904,-3.7499985920000007
1.56e-05,-0.46875494399999695,0.62574999232,1.486124996288,-3.437498624
1.56005e-05,0.312495104000007,0.61949999296,1.486124996288,-3.7499985920000007
1.5601000000000002e-05,0.312495104000007,0.61949999296,1.486124996288,-3.437498624
1.56015e-05,0.312495104000007,0.62574999232,1.48737499616,-3.437498624
1.5602e-05,0.312495104000007,0.62574999232,1.488624996032,-3.437498624
1.5602500000000002e-05,-0.46875494399999695,0.61949999296,1.491124995776,-3.437498624
1.5603e-05,0.312495104000007,0.61949999296,1.491124995776,-3.437498624
1.56035e-05,0.312495104000007,0.61949999296,1.489874995904,-3.7499985920000007
1.5604000000000002e-05,0.312495104000007,0.61949999296,1.489874995904,-3.437498624
1.56045e-05,-0.46875494399999695,0.61949999296,1.491124995776,-3.437498624
1.5605e-05,0.312495104000007,0.61949999296,1.491124995776,-3.1249986560000007
1.56055e-05,0.312495104000007,0.62574999232,1.491124995776,-3.7499985920000007
1.5606e-05,0.312495104000007,0.62574999232,1.49362499552,-3.437498624
1.56065e-05,-0.46875494399999695,0.62574999232,1.49362499552,-3.437498624
1.5607e-05,0.312495104000007,0.62574999232,1.489874995904,-3.437498624
1.5607500000000003e-05,0.312495104000007,0.62574999232,1.488624996032,-3.437498624
1.5608e-05,0.312495104000007,0.63199999168,1.486124996288,-3.437498624
1.56085e-05,0.312495104000007,0.61949999296,1.488624996032,-3.7499985920000007
1.5609000000000003e-05,-0.46875494399999695,0.61949999296,1.48737499616,-3.7499985920000007
1.56095e-05,0.312495104000007,0.61949999296,1.48737499616,-3.437498624
1.561e-05,0.312495104000007,0.62574999232,1.489874995904,-3.7499985920000007
1.5610500000000002e-05,-0.46875494399999695,0.62574999232,1.488624996032,-3.437498624
1.5611e-05,0.312495104000007,0.62574999232,1.48737499616,-3.437498624
1.56115e-05,0.312495104000007,0.61949999296,1.486124996288,-3.437498624
1.5612000000000002e-05,0.312495104000007,0.62574999232,1.486124996288,-3.437498624
1.56125e-05,-0.46875494399999695,0.62574999232,1.48737499616,-3.7499985920000007
1.5613e-05,0.312495104000007,0.62574999232,1.488624996032,-3.437498624
1.5613500000000002e-05,-0.46875494399999695,0.62574999232,1.48737499616,-3.7499985920000007
1.5614e-05,0.312495104000007,0.61949999296,1.48737499616,-3.437498624
1.56145e-05,0.312495104000007,0.62574999232,1.488624996032,-3.7499985920000007
1.5615000000000002e-05,0.312495104000007,0.62574999232,1.486124996288,-3.7499985920000007
1.56155e-05,-0.46875494399999695,0.61949999296,1.48737499616,-3.7499985920000007
1.5616e-05,-0.46875494399999695,0.62574999232,1.48737499616,-3.7499985920000007
1.5616500000000002e-05,0.312495104000007,0.62574999232,1.488624996032,-3.7499985920000007
1.5617e-05,-0.46875494399999695,0.61949999296,1.488624996032,-3.437498624
1.56175e-05,0.312495104000007,0.62574999232,1.488624996032,-3.437498624
1.5618000000000002e-05,0.312495104000007,0.62574999232,1.486124996288,-3.437498624
1.56185e-05,-0.46875494399999695,0.62574999232,1.486124996288,-3.7499985920000007
1.5619e-05,0.312495104000007,0.62574999232,1.48737499616,-3.437498624
1.5619500000000002e-05,0.312495104000007,0.62574999232,1.486124996288,-3.1249986560000007
1.562e-05,0.312495104000007,0.61949999296,1.484874996416,-3.1249986560000007
1.56205e-05,-0.46875494399999695,0.63199999168,1.48737499616,-3.1249986560000007
1.5621000000000002e-05,0.312495104000007,0.63199999168,1.486124996288,-3.437498624
1.56215e-05,0.312495104000007,0.62574999232,1.486124996288,-3.7499985920000007
1.5622e-05,0.312495104000007,0.62574999232,1.486124996288,-3.437498624
1.56225e-05,0.312495104000007,0.62574999232,1.488624996032,-3.1249986560000007
1.5623e-05,-0.46875494399999695,0.62574999232,1.48737499616,-3.1249986560000007
1.56235e-05,-1.250004992000001,0.62574999232,1.48737499616,-3.7499985920000007
1.5624e-05,0.312495104000007,0.61949999296,1.486124996288,-3.437498624
1.5624500000000003e-05,0.312495104000007,0.61949999296,1.488624996032,-3.7499985920000007
1.5625e-05,-0.46875494399999695,0.61949999296,1.484874996416,-3.1249986560000007
1.56255e-05,0.312495104000007,0.62574999232,1.486124996288,-3.1249986560000007
1.5626000000000003e-05,0.312495104000007,0.62574999232,1.48737499616,-3.437498624
1.56265e-05,-0.46875494399999695,0.62574999232,1.48737499616,-3.7499985920000007
1.5627e-05,-0.46875494399999695,0.61949999296,1.486124996288,-3.437498624
1.5627500000000002e-05,0.312495104000007,0.62574999232,1.484874996416,-3.437498624
1.5628e-05,0.312495104000007,0.61949999296,1.48737499616,-3.7499985920000007
1.56285e-05,0.312495104000007,0.62574999232,1.489874995904,-3.7499985920000007
1.5629000000000002e-05,0.312495104000007,0.62574999232,1.48737499616,-3.437498624
1.56295e-05,-0.46875494399999695,0.62574999232,1.48737499616,-3.7499985920000007
1.563e-05,0.312495104000007,0.61949999296,1.488624996032,-3.437498624
1.5630500000000002e-05,0.312495104000007,0.62574999232,1.488624996032,-3.1249986560000007
1.5631e-05,-0.46875494399999695,0.61949999296,1.484874996416,-3.437498624
1.56315e-05,-0.46875494399999695,0.62574999232,1.486124996288,-3.7499985920000007
1.5632000000000002e-05,0.312495104000007,0.62574999232,1.484874996416,-3.437498624
1.56325e-05,-0.46875494399999695,0.61949999296,1.488624996032,-3.7499985920000007
1.5633e-05,-1.250004992000001,0.62574999232,1.486124996288,-3.1249986560000007
1.5633500000000002e-05,0.312495104000007,0.62574999232,1.48737499616,-3.1249986560000007
1.5634e-05,0.312495104000007,0.62574999232,1.48737499616,-3.1249986560000007
1.56345e-05,-0.46875494399999695,0.63199999168,1.48737499616,-3.437498624
1.5635000000000002e-05,-0.46875494399999695,0.62574999232,1.488624996032,-3.1249986560000007
1.56355e-05,0.312495104000007,0.61949999296,1.488624996032,-3.1249986560000007
1.5636e-05,-0.46875494399999695,0.61949999296,1.488624996032,-3.437498624
1.5636500000000002e-05,-0.46875494399999695,0.62574999232,1.488624996032,-3.437498624
1.5637e-05,0.312495104000007,0.62574999232,1.488624996032,-3.437498624
1.56375e-05,0.312495104000007,0.62574999232,1.48737499616,-3.7499985920000007
1.5638000000000002e-05,-0.46875494399999695,0.62574999232,1.488624996032,-3.437498624
1.56385e-05,0.312495104000007,0.62574999232,1.489874995904,-3.437498624
1.5639e-05,0.312495104000007,0.61949999296,1.48737499616,-3.437498624
1.56395e-05,0.312495104000007,0.61949999296,1.488624996032,-3.7499985920000007
1.564e-05,0.312495104000007,0.62574999232,1.488624996032,-3.437498624
1.56405e-05,0.312495104000007,0.62574999232,1.491124995776,-3.7499985920000007
1.5641e-05,-0.46875494399999695,0.62574999232,1.489874995904,-3.437498624
1.5641500000000003e-05,0.312495104000007,0.62574999232,1.489874995904,-3.437498624
1.5642e-05,0.312495104000007,0.63199999168,1.48737499616,-3.437498624
1.56425e-05,-0.46875494399999695,0.62574999232,1.48737499616,-3.1249986560000007
1.5643000000000003e-05,0.312495104000007,0.62574999232,1.48737499616,-3.1249986560000007
1.56435e-05,-0.46875494399999695,0.62574999232,1.489874995904,-3.437498624
1.5644e-05,0.312495104000007,0.62574999232,1.488624996032,-3.437498624
1.5644500000000002e-05,0.312495104000007,0.63199999168,1.48737499616,-3.7499985920000007
1.5645e-05,0.312495104000007,0.62574999232,1.486124996288,-3.437498624
1.56455e-05,0.312495104000007,0.61949999296,1.484874996416,-3.7499985920000007
1.5646000000000002e-05,0.312495104000007,0.61949999296,1.488624996032,-3.437498624
1.56465e-05,0.312495104000007,0.61949999296,1.488624996032,-3.437498624
1.5647e-05,-0.46875494399999695,0.62574999232,1.486124996288,-3.7499985920000007
1.5647500000000002e-05,0.312495104000007,0.61949999296,1.486124996288,-3.7499985920000007
1.5648e-05,0.312495104000007,0.63199999168,1.486124996288,-3.437498624
1.56485e-05,0.312495104000007,0.62574999232,1.48737499616,-3.7499985920000007
1.5649000000000002e-05,0.312495104000007,0.61949999296,1.486124996288,-3.437498624
1.56495e-05,-0.46875494399999695,0.62574999232,1.48737499616,-3.437498624
1.565e-05,0.312495104000007,0.62574999232,1.48737499616,-3.7499985920000007
1.5650500000000002e-05,-0.46875494399999695,0.62574999232,1.486124996288,-3.7499985920000007
1.5651e-05,-0.46875494399999695,0.62574999232,1.484874996416,-3.437498624
1.56515e-05,-0.46875494399999695,0.62574999232,1.486124996288,-3.437498624
1.5652000000000002e-05,-0.46875494399999695,0.62574999232,1.486124996288,-3.437498624
1.56525e-05,0.312495104000007,0.62574999232,1.488624996032,-3.7499985920000007
1.5653e-05,-0.46875494399999695,0.62574999232,1.488624996032,-3.1249986560000007
1.5653500000000002e-05,0.312495104000007,0.62574999232,1.489874995904,-3.437498624
1.5654e-05,0.312495104000007,0.61949999296,1.488624996032,-3.1249986560000007
1.56545e-05,0.312495104000007,0.61949999296,1.48737499616,-3.437498624
1.5655000000000002e-05,0.312495104000007,0.62574999232,1.48737499616,-3.437498624
1.56555e-05,0.312495104000007,0.62574999232,1.489874995904,-3.7499985920000007
1.5656e-05,0.312495104000007,0.62574999232,1.488624996032,-3.437498624
1.56565e-05,0.312495104000007,0.62574999232,1.488624996032,-4.062498560000002
1.5657e-05,-0.46875494399999695,0.61949999296,1.486124996288,-3.437498624
1.56575e-05,0.312495104000007,0.61949999296,1.488624996032,-3.437498624
1.5658e-05,0.312495104000007,0.61949999296,1.488624996032,-3.437498624
1.5658500000000003e-05,0.312495104000007,0.61949999296,1.488624996032,-3.7499985920000007
1.5659e-05,-0.46875494399999695,0.61949999296,1.488624996032,-3.437498624
1.56595e-05,0.312495104000007,0.62574999232,1.488624996032,-3.437498624
1.5660000000000003e-05,-0.46875494399999695,0.61949999296,1.48737499616,-3.437498624
1.56605e-05,-0.46875494399999695,0.61949999296,1.48737499616,-3.437498624
1.5661e-05,-0.46875494399999695,0.62574999232,1.48737499616,-3.7499985920000007
1.5661500000000002e-05,0.312495104000007,0.62574999232,1.484874996416,-3.437498624
1.5662e-05,-0.46875494399999695,0.61949999296,1.486124996288,-3.7499985920000007
1.56625e-05,-0.46875494399999695,0.63199999168,1.48737499616,-3.7499985920000007
1.5663000000000002e-05,0.312495104000007,0.63199999168,1.484874996416,-3.7499985920000007
1.56635e-05,-0.46875494399999695,0.62574999232,1.486124996288,-3.7499985920000007
1.5664e-05,-0.46875494399999695,0.62574999232,1.486124996288,-3.437498624
1.5664500000000002e-05,0.312495104000007,0.62574999232,1.488624996032,-4.062498560000002
1.5665e-05,0.312495104000007,0.61949999296,1.48737499616,-3.437498624
1.56655e-05,0.312495104000007,0.62574999232,1.48737499616,-3.437498624
1.5666000000000002e-05,-0.46875494399999695,0.62574999232,1.48737499616,-3.437498624
1.56665e-05,-0.46875494399999695,0.61949999296,1.489874995904,-3.437498624
1.5667e-05,0.312495104000007,0.63199999168,1.48737499616,-3.1249986560000007
1.5667500000000002e-05,0.312495104000007,0.62574999232,1.486124996288,-3.437498624
1.5668e-05,-0.46875494399999695,0.62574999232,1.48737499616,-3.437498624
1.56685e-05,-0.46875494399999695,0.63199999168,1.488624996032,-3.7499985920000007
1.5669000000000002e-05,0.312495104000007,0.62574999232,1.48737499616,-3.437498624
1.56695e-05,-0.46875494399999695,0.61949999296,1.488624996032,-3.437498624
1.567e-05,-0.46875494399999695,0.61949999296,1.48737499616,-3.437498624
1.5670500000000002e-05,0.312495104000007,0.62574999232,1.48737499616,-3.437498624
1.5671e-05,0.312495104000007,0.62574999232,1.48737499616,-3.7499985920000007
1.56715e-05,-0.46875494399999695,0.61949999296,1.488624996032,-3.7499985920000007
1.5672000000000002e-05,-0.46875494399999695,0.62574999232,1.48737499616,-3.7499985920000007
1.56725e-05,0.312495104000007,0.61949999296,1.488624996032,-4.062498560000002
1.5673e-05,-0.46875494399999695,0.61949999296,1.486124996288,-3.437498624
1.56735e-05,0.312495104000007,0.62574999232,1.484874996416,-3.437498624
1.5674e-05,0.312495104000007,0.62574999232,1.484874996416,-3.437498624
1.56745e-05,0.312495104000007,0.62574999232,1.486124996288,-3.7499985920000007
1.5675e-05,0.312495104000007,0.62574999232,1.486124996288,-3.437498624
1.5675500000000003e-05,0.312495104000007,0.62574999232,1.489874995904,-3.437498624
1.5676e-05,-0.46875494399999695,0.62574999232,1.489874995904,-3.437498624
1.56765e-05,0.312495104000007,0.62574999232,1.489874995904,-3.437498624
1.5677000000000003e-05,0.312495104000007,0.63199999168,1.488624996032,-3.437498624
1.56775e-05,0.312495104000007,0.62574999232,1.486124996288,-3.7499985920000007
1.5678e-05,0.312495104000007,0.61949999296,1.488624996032,-3.437498624
1.5678500000000002e-05,0.312495104000007,0.62574999232,1.489874995904,-3.7499985920000007
1.5679e-05,-0.46875494399999695,0.62574999232,1.48737499616,-3.437498624
1.56795e-05,0.312495104000007,0.61949999296,1.48737499616,-3.7499985920000007
1.5680000000000002e-05,-0.46875494399999695,0.62574999232,1.488624996032,-3.7499985920000007
1.56805e-05,1.0937451519999968,0.61949999296,1.489874995904,-3.437498624
1.5681e-05,0.312495104000007,0.61949999296,1.491124995776,-3.437498624
1.5681500000000002e-05,0.312495104000007,0.62574999232,1.491124995776,-3.437498624
1.5682e-05,0.312495104000007,0.61949999296,1.48737499616,-3.437498624
1.56825e-05,0.312495104000007,0.61949999296,1.486124996288,-3.437498624
1.5683000000000002e-05,-0.46875494399999695,0.61949999296,1.486124996288,-3.437498624
1.56835e-05,0.312495104000007,0.62574999232,1.486124996288,-3.1249986560000007
1.5684e-05,0.312495104000007,0.62574999232,1.48737499616,-3.437498624
1.5684500000000002e-05,-0.46875494399999695,0.63199999168,1.488624996032,-3.437498624
1.5685e-05,0.312495104000007,0.62574999232,1.488624996032,-3.437498624
1.56855e-05,0.312495104000007,0.61949999296,1.488624996032,-3.7499985920000007
1.5686000000000002e-05,0.312495104000007,0.61949999296,1.488624996032,-3.437498624
1.56865e-05,0.312495104000007,0.62574999232,1.48737499616,-3.437498624
1.5687e-05,0.312495104000007,0.63199999168,1.486124996288,-3.437498624
1.5687500000000002e-05,-0.46875494399999695,0.61949999296,1.48737499616,-3.7499985920000007
1.5688e-05,-0.46875494399999695,0.62574999232,1.484874996416,-3.7499985920000007
1.56885e-05,0.312495104000007,0.61949999296,1.484874996416,-3.7499985920000007
1.5689000000000002e-05,0.312495104000007,0.61949999296,1.484874996416,-3.437498624
1.56895e-05,0.312495104000007,0.62574999232,1.484874996416,-3.7499985920000007
1.569e-05,0.312495104000007,0.61949999296,1.484874996416,-3.7499985920000007
1.56905e-05,0.312495104000007,0.62574999232,1.483624996544,-3.7499985920000007
1.5691e-05,1.0937451519999968,0.62574999232,1.483624996544,-3.437498624
1.56915e-05,0.312495104000007,0.62574999232,1.484874996416,-3.437498624
1.5692e-05,0.312495104000007,0.61949999296,1.486124996288,-3.7499985920000007
1.5692500000000003e-05,0.312495104000007,0.63199999168,1.48737499616,-3.7499985920000007
1.5693e-05,0.312495104000007,0.63199999168,1.488624996032,-3.437498624
1.56935e-05,0.312495104000007,0.62574999232,1.486124996288,-3.7499985920000007
1.5694000000000003e-05,0.312495104000007,0.61949999296,1.484874996416,-3.437498624
1.56945e-05,0.312495104000007,0.62574999232,1.48737499616,-3.437498624
1.5695e-05,0.312495104000007,0.62574999232,1.486124996288,-3.437498624
1.5695500000000002e-05,0.312495104000007,0.61949999296,1.486124996288,-3.7499985920000007
1.5696e-05,0.312495104000007,0.62574999232,1.486124996288,-3.7499985920000007
1.56965e-05,-0.46875494399999695,0.62574999232,1.489874995904,-3.437498624
1.5697000000000002e-05,0.312495104000007,0.61949999296,1.488624996032,-3.1249986560000007
1.56975e-05,0.312495104000007,0.62574999232,1.486124996288,-3.437498624
1.5698e-05,0.312495104000007,0.62574999232,1.486124996288,-3.437498624
1.5698500000000002e-05,-0.46875494399999695,0.62574999232,1.489874995904,-3.437498624
1.5699e-05,0.312495104000007,0.63199999168,1.491124995776,-3.437498624
1.56995e-05,0.312495104000007,0.62574999232,1.488624996032,-3.437498624
1.5700000000000002e-05,-0.46875494399999695,0.61949999296,1.489874995904,-3.1249986560000007
1.57005e-05,1.0937451519999968,0.62574999232,1.489874995904,-3.437498624
1.5701e-05,0.312495104000007,0.63199999168,1.488624996032,-3.437498624
1.5701500000000002e-05,-0.46875494399999695,0.62574999232,1.489874995904,-3.7499985920000007
1.5702e-05,-0.46875494399999695,0.62574999232,1.491124995776,-3.437498624
1.57025e-05,-0.46875494399999695,0.61949999296,1.489874995904,-3.7499985920000007
1.5703000000000002e-05,0.312495104000007,0.62574999232,1.488624996032,-3.7499985920000007
1.57035e-05,0.312495104000007,0.61949999296,1.489874995904,-3.7499985920000007
1.5704e-05,0.312495104000007,0.61949999296,1.488624996032,-3.437498624
1.5704500000000002e-05,0.312495104000007,0.61949999296,1.489874995904,-3.7499985920000007
1.5705e-05,-0.46875494399999695,0.62574999232,1.488624996032,-3.437498624
1.57055e-05,0.312495104000007,0.62574999232,1.489874995904,-3.437498624
1.5706000000000002e-05,1.0937451519999968,0.61949999296,1.489874995904,-3.437498624
1.57065e-05,0.312495104000007,0.62574999232,1.491124995776,-3.437498624
1.5707e-05,-0.46875494399999695,0.62574999232,1.488624996032,-3.437498624
1.57075e-05,0.312495104000007,0.62574999232,1.488624996032,-3.437498624
1.5708e-05,0.312495104000007,0.61949999296,1.48737499616,-3.437498624
1.57085e-05,1.0937451519999968,0.61949999296,1.486124996288,-3.437498624
1.5709e-05,0.312495104000007,0.62574999232,1.48737499616,-3.437498624
1.5709500000000003e-05,-0.46875494399999695,0.62574999232,1.488624996032,-3.437498624
1.571e-05,0.312495104000007,0.61949999296,1.489874995904,-3.1249986560000007
1.57105e-05,0.312495104000007,0.62574999232,1.488624996032,-3.437498624
1.5711000000000003e-05,0.312495104000007,0.62574999232,1.48737499616,-3.7499985920000007
1.57115e-05,-0.46875494399999695,0.61949999296,1.489874995904,-3.7499985920000007
1.5712e-05,0.312495104000007,0.61949999296,1.486124996288,-3.437498624
1.5712500000000002e-05,0.312495104000007,0.61949999296,1.488624996032,-3.7499985920000007
1.5713e-05,0.312495104000007,0.61949999296,1.489874995904,-3.437498624
1.57135e-05,0.312495104000007,0.62574999232,1.4923749956480001,-3.437498624
1.5714000000000002e-05,0.312495104000007,0.62574999232,1.491124995776,-3.437498624
1.57145e-05,-0.46875494399999695,0.61949999296,1.48737499616,-3.437498624
1.5715e-05,0.312495104000007,0.61949999296,1.483624996544,-3.1249986560000007
1.5715500000000002e-05,0.312495104000007,0.62574999232,1.484874996416,-3.1249986560000007
1.5716e-05,0.312495104000007,0.61949999296,1.486124996288,-3.437498624
1.57165e-05,0.312495104000007,0.61949999296,1.48737499616,-3.437498624
1.5717000000000002e-05,0.312495104000007,0.62574999232,1.488624996032,-3.437498624
1.57175e-05,0.312495104000007,0.61949999296,1.48737499616,-3.437498624
1.5718e-05,0.312495104000007,0.61949999296,1.486124996288,-3.437498624
1.5718500000000002e-05,0.312495104000007,0.6132499936,1.48737499616,-3.1249986560000007
1.5719e-05,0.312495104000007,0.62574999232,1.486124996288,-3.437498624
1.57195e-05,0.312495104000007,0.62574999232,1.486124996288,-3.437498624
1.5720000000000002e-05,0.312495104000007,0.61949999296,1.484874996416,-3.437498624
1.57205e-05,0.312495104000007,0.61949999296,1.48737499616,-3.7499985920000007
1.5721e-05,0.312495104000007,0.61949999296,1.486124996288,-3.437498624
1.5721500000000002e-05,0.312495104000007,0.62574999232,1.483624996544,-3.7499985920000007
1.5722e-05,0.312495104000007,0.62574999232,1.4823749966720001,-3.437498624
1.57225e-05,-0.46875494399999695,0.62574999232,1.486124996288,-3.7499985920000007
1.5723000000000002e-05,0.312495104000007,0.62574999232,1.48737499616,-3.437498624
1.57235e-05,0.312495104000007,0.62574999232,1.48737499616,-3.437498624
1.5724e-05,-0.46875494399999695,0.61949999296,1.48737499616,-3.437498624
1.57245e-05,-0.46875494399999695,0.62574999232,1.488624996032,-3.7499985920000007
1.5725e-05,0.312495104000007,0.62574999232,1.48737499616,-3.1249986560000007
1.57255e-05,-0.46875494399999695,0.61949999296,1.486124996288,-3.437498624
1.5726e-05,-0.46875494399999695,0.61949999296,1.488624996032,-3.1249986560000007
1.5726500000000003e-05,-0.46875494399999695,0.62574999232,1.488624996032,-3.7499985920000007
1.5727e-05,0.312495104000007,0.62574999232,1.486124996288,-3.437498624
1.57275e-05,0.312495104000007,0.62574999232,1.486124996288,-3.7499985920000007
1.5728000000000003e-05,-1.250004992000001,0.62574999232,1.486124996288,-3.437498624
1.57285e-05,-0.46875494399999695,0.61949999296,1.48737499616,-3.7499985920000007
1.5729e-05,-0.46875494399999695,0.61949999296,1.486124996288,-3.1249986560000007
1.5729500000000002e-05,0.312495104000007,0.62574999232,1.486124996288,-3.437498624
1.573e-05,0.312495104000007,0.62574999232,1.489874995904,-3.437498624
1.57305e-05,0.312495104000007,0.62574999232,1.489874995904,-3.7499985920000007
1.5731000000000002e-05,0.312495104000007,0.62574999232,1.48737499616,-3.1249986560000007
1.57315e-05,0.312495104000007,0.63199999168,1.488624996032,-3.437498624
1.5732e-05,-0.46875494399999695,0.62574999232,1.489874995904,-3.437498624
1.5732500000000002e-05,-0.46875494399999695,0.62574999232,1.488624996032,-3.437498624
1.5733e-05,0.312495104000007,0.63199999168,1.488624996032,-3.437498624
1.57335e-05,0.312495104000007,0.61949999296,1.48737499616,-3.437498624
1.5734000000000002e-05,-0.46875494399999695,0.61949999296,1.489874995904,-3.437498624
1.57345e-05,0.312495104000007,0.62574999232,1.488624996032,-3.437498624
1.5735e-05,-1.250004992000001,0.63199999168,1.48737499616,-3.7499985920000007
1.5735500000000002e-05,-0.46875494399999695,0.62574999232,1.48737499616,-3.7499985920000007
1.5736e-05,0.312495104000007,0.62574999232,1.48737499616,-3.437498624
1.57365e-05,-0.46875494399999695,0.61949999296,1.491124995776,-3.437498624
1.5737000000000002e-05,-0.46875494399999695,0.62574999232,1.489874995904,-3.437498624
1.57375e-05,-0.46875494399999695,0.63199999168,1.48737499616,-3.437498624
1.5738e-05,-0.46875494399999695,0.62574999232,1.486124996288,-3.7499985920000007
1.5738500000000002e-05,-0.46875494399999695,0.62574999232,1.488624996032,-3.437498624
1.5739e-05,0.312495104000007,0.61949999296,1.489874995904,-3.1249986560000007
1.57395e-05,0.312495104000007,0.61949999296,1.486124996288,-3.1249986560000007
1.5740000000000002e-05,-0.46875494399999695,0.61949999296,1.486124996288,-3.437498624
1.57405e-05,-0.46875494399999695,0.61949999296,1.48737499616,-3.437498624
1.5741e-05,0.312495104000007,0.62574999232,1.491124995776,-3.437498624
1.57415e-05,0.312495104000007,0.61949999296,1.486124996288,-3.437498624
1.5742e-05,0.312495104000007,0.61949999296,1.48737499616,-3.437498624
1.57425e-05,-0.46875494399999695,0.61949999296,1.488624996032,-3.437498624
1.5743e-05,0.312495104000007,0.62574999232,1.488624996032,-3.437498624
1.5743500000000003e-05,0.312495104000007,0.61949999296,1.489874995904,-3.7499985920000007
1.5744e-05,0.312495104000007,0.62574999232,1.486124996288,-3.7499985920000007
1.57445e-05,0.312495104000007,0.61949999296,1.486124996288,-3.437498624
1.5745000000000003e-05,-0.46875494399999695,0.62574999232,1.484874996416,-3.437498624
1.57455e-05,0.312495104000007,0.62574999232,1.48737499616,-3.437498624
1.5746e-05,0.312495104000007,0.62574999232,1.486124996288,-3.1249986560000007
1.5746500000000002e-05,0.312495104000007,0.61949999296,1.486124996288,-3.7499985920000007
1.5747e-05,-0.46875494399999695,0.62574999232,1.48737499616,-3.437498624
1.57475e-05,0.312495104000007,0.62574999232,1.489874995904,-3.437498624
1.5748000000000002e-05,-0.46875494399999695,0.61949999296,1.48737499616,-3.1249986560000007
1.57485e-05,0.312495104000007,0.61949999296,1.48737499616,-3.7499985920000007
1.5749e-05,0.312495104000007,0.62574999232,1.488624996032,-3.437498624
1.5749500000000002e-05,0.312495104000007,0.62574999232,1.48737499616,-3.7499985920000007
1.575e-05,-0.46875494399999695,0.61949999296,1.486124996288,-3.1249986560000007
1.57505e-05,0.312495104000007,0.62574999232,1.48737499616,-3.437498624
1.5751000000000002e-05,0.312495104000007,0.63199999168,1.48737499616,-3.437498624
1.57515e-05,-0.46875494399999695,0.61949999296,1.48737499616,-3.7499985920000007
1.5752e-05,0.312495104000007,0.61949999296,1.486124996288,-3.437498624
1.5752500000000002e-05,0.312495104000007,0.62574999232,1.488624996032,-3.7499985920000007
1.5753e-05,0.312495104000007,0.62574999232,1.48737499616,-3.437498624
1.57535e-05,0.312495104000007,0.62574999232,1.486124996288,-3.437498624
1.5754000000000002e-05,0.312495104000007,0.62574999232,1.48737499616,-3.437498624
1.57545e-05,-0.46875494399999695,0.62574999232,1.48737499616,-3.7499985920000007
1.5755e-05,-0.46875494399999695,0.61949999296,1.488624996032,-3.437498624
1.5755500000000002e-05,0.312495104000007,0.61949999296,1.488624996032,-3.437498624
1.5756e-05,-0.46875494399999695,0.62574999232,1.484874996416,-3.437498624
1.57565e-05,0.312495104000007,0.63199999168,1.48737499616,-3.7499985920000007
1.5757000000000002e-05,0.312495104000007,0.62574999232,1.486124996288,-3.437498624
1.57575e-05,0.312495104000007,0.62574999232,1.483624996544,-3.7499985920000007
1.5758e-05,0.312495104000007,0.61949999296,1.483624996544,-3.437498624
1.57585e-05,0.312495104000007,0.62574999232,1.486124996288,-3.437498624
1.5759e-05,0.312495104000007,0.61949999296,1.484874996416,-3.437498624
1.57595e-05,-0.46875494399999695,0.61949999296,1.483624996544,-3.7499985920000007
1.576e-05,0.312495104000007,0.61949999296,1.4823749966720001,-3.7499985920000007
1.5760500000000003e-05,0.312495104000007,0.61949999296,1.484874996416,-3.7499985920000007
1.5761e-05,0.312495104000007,0.62574999232,1.486124996288,-3.437498624
1.57615e-05,-0.46875494399999695,0.62574999232,1.484874996416,-3.437498624
1.5762000000000003e-05,0.312495104000007,0.62574999232,1.48737499616,-3.7499985920000007
1.57625e-05,-0.46875494399999695,0.62574999232,1.486124996288,-3.7499985920000007
1.5763e-05,-0.46875494399999695,0.62574999232,1.486124996288,-3.437498624
1.5763500000000002e-05,0.312495104000007,0.62574999232,1.48737499616,-3.437498624
1.5764e-05,0.312495104000007,0.61949999296,1.48737499616,-3.437498624
1.57645e-05,0.312495104000007,0.62574999232,1.48737499616,-3.437498624
1.5765000000000002e-05,0.312495104000007,0.61949999296,1.488624996032,-3.437498624
1.57655e-05,-0.46875494399999695,0.61949999296,1.488624996032,-3.437498624
1.5766e-05,-0.46875494399999695,0.61949999296,1.488624996032,-3.7499985920000007
1.5766500000000002e-05,-0.46875494399999695,0.62574999232,1.48737499616,-3.437498624
1.5767e-05,-0.46875494399999695,0.62574999232,1.483624996544,-3.7499985920000007
1.57675e-05,-0.46875494399999695,0.62574999232,1.483624996544,-3.7499985920000007
1.5768000000000002e-05,-0.46875494399999695,0.63199999168,1.483624996544,-3.437498624
1.57685e-05,-0.46875494399999695,0.61949999296,1.48737499616,-3.7499985920000007
1.5769e-05,0.312495104000007,0.61949999296,1.48737499616,-3.437498624
1.5769500000000002e-05,0.312495104000007,0.61949999296,1.48737499616,-3.437498624
1.577e-05,-0.46875494399999695,0.61949999296,1.483624996544,-3.437498624
1.57705e-05,-0.46875494399999695,0.61949999296,1.483624996544,-3.437498624
1.5771000000000002e-05,0.312495104000007,0.61949999296,1.486124996288,-3.437498624
1.57715e-05,0.312495104000007,0.61949999296,1.48737499616,-3.7499985920000007
1.5772e-05,0.312495104000007,0.6132499936,1.488624996032,-3.437498624
1.5772500000000002e-05,0.312495104000007,0.61949999296,1.489874995904,-3.437498624
1.5773e-05,0.312495104000007,0.61949999296,1.48737499616,-3.437498624
1.57735e-05,-0.46875494399999695,0.61949999296,1.48737499616,-3.7499985920000007
1.5774000000000002e-05,0.312495104000007,0.61949999296,1.48737499616,-3.437498624
1.57745e-05,0.312495104000007,0.61949999296,1.48737499616,-3.437498624
1.5775e-05,0.312495104000007,0.62574999232,1.486124996288,-3.437498624
1.57755e-05,0.312495104000007,0.61949999296,1.486124996288,-3.7499985920000007
1.5776e-05,-0.46875494399999695,0.62574999232,1.484874996416,-3.7499985920000007
1.57765e-05,-0.46875494399999695,0.62574999232,1.48737499616,-4.062498560000002
1.5777e-05,-1.250004992000001,0.62574999232,1.486124996288,-3.7499985920000007
1.57775e-05,-0.46875494399999695,0.62574999232,1.486124996288,-3.437498624
1.5778e-05,0.312495104000007,0.61949999296,1.484874996416,-3.437498624
1.57785e-05,-0.46875494399999695,0.61949999296,1.484874996416,-3.437498624
1.5779000000000003e-05,-0.46875494399999695,0.62574999232,1.48737499616,-3.437498624
1.57795e-05,0.312495104000007,0.62574999232,1.488624996032,-3.7499985920000007
1.578e-05,-0.46875494399999695,0.62574999232,1.48737499616,-3.7499985920000007
1.5780500000000002e-05,0.312495104000007,0.63199999168,1.48737499616,-3.7499985920000007
1.5781e-05,0.312495104000007,0.63199999168,1.488624996032,-3.7499985920000007
1.57815e-05,-0.46875494399999695,0.63199999168,1.489874995904,-3.437498624
1.5782000000000002e-05,-0.46875494399999695,0.62574999232,1.489874995904,-3.437498624
1.57825e-05,0.312495104000007,0.61949999296,1.488624996032,-3.437498624
1.5783e-05,0.312495104000007,0.62574999232,1.488624996032,-3.437498624
1.5783500000000002e-05,0.312495104000007,0.61949999296,1.488624996032,-3.7499985920000007
1.5784e-05,0.312495104000007,0.61949999296,1.488624996032,-3.7499985920000007
1.57845e-05,-0.46875494399999695,0.62574999232,1.489874995904,-3.437498624
1.5785000000000002e-05,-1.250004992000001,0.62574999232,1.486124996288,-3.437498624
1.57855e-05,0.312495104000007,0.62574999232,1.483624996544,-3.7499985920000007
1.5786e-05,0.312495104000007,0.61949999296,1.484874996416,-3.7499985920000007
1.5786500000000002e-05,0.312495104000007,0.62574999232,1.48737499616,-3.7499985920000007
1.5787e-05,-0.46875494399999695,0.62574999232,1.48737499616,-3.7499985920000007
1.57875e-05,0.312495104000007,0.62574999232,1.486124996288,-3.437498624
1.5788000000000002e-05,0.312495104000007,0.62574999232,1.48737499616,-3.437498624
1.57885e-05,1.0937451519999968,0.62574999232,1.488624996032,-3.437498624
1.5789e-05,0.312495104000007,0.62574999232,1.48737499616,-3.437498624
1.5789500000000002e-05,0.312495104000007,0.61949999296,1.488624996032,-3.437498624
1.579e-05,0.312495104000007,0.61949999296,1.488624996032,-3.437498624
1.57905e-05,0.312495104000007,0.62574999232,1.489874995904,-3.437498624
1.5791000000000002e-05,-0.46875494399999695,0.62574999232,1.488624996032,-3.437498624
1.57915e-05,0.312495104000007,0.61949999296,1.489874995904,-3.7499985920000007
1.5792e-05,-0.46875494399999695,0.61949999296,1.48737499616,-3.7499985920000007
1.57925e-05,-0.46875494399999695,0.61949999296,1.489874995904,-3.7499985920000007
1.5793e-05,0.312495104000007,0.62574999232,1.489874995904,-3.7499985920000007
1.57935e-05,0.312495104000007,0.63199999168,1.488624996032,-3.437498624
1.5794e-05,0.312495104000007,0.62574999232,1.48737499616,-3.437498624
1.57945e-05,0.312495104000007,0.62574999232,1.488624996032,-3.7499985920000007
1.5795e-05,0.312495104000007,0.62574999232,1.489874995904,-3.1249986560000007
1.57955e-05,0.312495104000007,0.62574999232,1.488624996032,-3.437498624
1.5796000000000003e-05,0.312495104000007,0.61949999296,1.488624996032,-3.7499985920000007
1.57965e-05,-0.46875494399999695,0.61949999296,1.48737499616,-3.437498624
1.5797e-05,0.312495104000007,0.62574999232,1.486124996288,-3.437498624
1.5797500000000002e-05,-0.46875494399999695,0.61949999296,1.483624996544,-3.7499985920000007
1.5798e-05,-0.46875494399999695,0.61949999296,1.48737499616,-3.437498624
1.57985e-05,-0.46875494399999695,0.62574999232,1.48737499616,-3.1249986560000007
1.5799000000000002e-05,-0.46875494399999695,0.62574999232,1.486124996288,-3.437498624
1.57995e-05,0.312495104000007,0.62574999232,1.48737499616,-3.7499985920000007
1.58e-05,0.312495104000007,0.61949999296,1.486124996288,-3.7499985920000007
1.5800500000000002e-05,0.312495104000007,0.61949999296,1.488624996032,-4.062498560000002
1.5801e-05,-1.250004992000001,0.62574999232,1.484874996416,-3.437498624
1.58015e-05,0.312495104000007,0.62574999232,1.484874996416,-3.437498624
1.5802000000000002e-05,-0.46875494399999695,0.61949999296,1.483624996544,-3.437498624
1.58025e-05,0.312495104000007,0.62574999232,1.48737499616,-3.7499985920000007
1.5803e-05,-0.46875494399999695,0.62574999232,1.488624996032,-3.437498624
1.5803500000000002e-05,-0.46875494399999695,0.61949999296,1.489874995904,-3.437498624
1.5804e-05,-0.46875494399999695,0.62574999232,1.489874995904,-3.437498624
1.58045e-05,-0.46875494399999695,0.62574999232,1.488624996032,-3.7499985920000007
1.5805000000000002e-05,0.312495104000007,0.62574999232,1.48737499616,-3.437498624
1.58055e-05,-0.46875494399999695,0.62574999232,1.484874996416,-3.437498624
1.5806e-05,-0.46875494399999695,0.61949999296,1.48737499616,-3.1249986560000007
1.5806500000000002e-05,-0.46875494399999695,0.62574999232,1.489874995904,-3.437498624
1.5807e-05,-0.46875494399999695,0.62574999232,1.488624996032,-3.7499985920000007
1.58075e-05,0.312495104000007,0.61949999296,1.48737499616,-3.7499985920000007
1.5808000000000002e-05,0.312495104000007,0.61949999296,1.48737499616,-3.7499985920000007
1.58085e-05,-0.46875494399999695,0.61949999296,1.489874995904,-3.437498624
1.5809e-05,0.312495104000007,0.61949999296,1.489874995904,-3.437498624
1.58095e-05,-0.46875494399999695,0.61949999296,1.491124995776,-3.437498624
1.581e-05,-0.46875494399999695,0.6132499936,1.488624996032,-3.437498624
1.58105e-05,-0.46875494399999695,0.6132499936,1.488624996032,-3.7499985920000007
1.5811e-05,-0.46875494399999695,0.61949999296,1.489874995904,-3.437498624
1.58115e-05,0.312495104000007,0.62574999232,1.489874995904,-3.1249986560000007
1.5812e-05,-0.46875494399999695,0.61949999296,1.489874995904,-3.1249986560000007
1.58125e-05,-0.46875494399999695,0.62574999232,1.488624996032,-3.437498624
1.5813000000000003e-05,0.312495104000007,0.61949999296,1.486124996288,-3.437498624
1.58135e-05,-0.46875494399999695,0.61949999296,1.486124996288,-3.7499985920000007
1.5814e-05,-0.46875494399999695,0.62574999232,1.488624996032,-3.437498624
1.5814500000000002e-05,-0.46875494399999695,0.62574999232,1.491124995776,-3.437498624
1.5815e-05,-0.46875494399999695,0.61949999296,1.491124995776,-3.1249986560000007
1.58155e-05,-0.46875494399999695,0.61949999296,1.488624996032,-3.7499985920000007
1.5816000000000002e-05,-0.46875494399999695,0.61949999296,1.488624996032,-3.7499985920000007
1.58165e-05,0.312495104000007,0.61949999296,1.491124995776,-3.7499985920000007
1.5817e-05,0.312495104000007,0.61949999296,1.491124995776,-3.437498624
1.5817500000000002e-05,0.312495104000007,0.62574999232,1.491124995776,-3.437498624
1.5818e-05,1.0937451519999968,0.61949999296,1.488624996032,-3.437498624
1.58185e-05,0.312495104000007,0.61949999296,1.488624996032,-3.437498624
1.5819000000000002e-05,-0.46875494399999695,0.61949999296,1.488624996032,-3.7499985920000007
1.58195e-05,-0.46875494399999695,0.61949999296,1.488624996032,-3.437498624
1.582e-05,-0.46875494399999695,0.61949999296,1.488624996032,-3.437498624
1.5820500000000002e-05,0.312495104000007,0.62574999232,1.488624996032,-3.7499985920000007
1.5821e-05,0.312495104000007,0.61949999296,1.48737499616,-3.437498624
1.58215e-05,-0.46875494399999695,0.61949999296,1.486124996288,-3.7499985920000007
1.5822000000000002e-05,0.312495104000007,0.61949999296,1.488624996032,-3.7499985920000007
1.58225e-05,-0.46875494399999695,0.61949999296,1.491124995776,-3.437498624
1.5823e-05,0.312495104000007,0.61949999296,1.488624996032,-3.7499985920000007
1.5823500000000002e-05,0.312495104000007,0.61949999296,1.488624996032,-4.062498560000002
1.5824e-05,-0.46875494399999695,0.61949999296,1.489874995904,-3.7499985920000007
1.58245e-05,-0.46875494399999695,0.61949999296,1.491124995776,-3.7499985920000007
1.5825000000000002e-05,0.312495104000007,0.61949999296,1.48737499616,-3.437498624
1.58255e-05,0.312495104000007,0.61949999296,1.48737499616,-3.7499985920000007
1.5826e-05,0.312495104000007,0.61949999296,1.486124996288,-3.437498624
1.5826500000000002e-05,-0.46875494399999695,0.61949999296,1.486124996288,-3.7499985920000007
1.5827e-05,-0.46875494399999695,0.62574999232,1.486124996288,-3.437498624
1.58275e-05,0.312495104000007,0.61949999296,1.48737499616,-3.7499985920000007
1.5828e-05,-0.46875494399999695,0.61949999296,1.489874995904,-3.7499985920000007
1.58285e-05,1.0937451519999968,0.61949999296,1.4923749956480001,-3.437498624
1.5829e-05,1.0937451519999968,0.62574999232,1.488624996032,-3.437498624
1.58295e-05,0.312495104000007,0.62574999232,1.484874996416,-3.7499985920000007
1.5830000000000003e-05,-0.46875494399999695,0.62574999232,1.484874996416,-3.437498624
1.58305e-05,0.312495104000007,0.62574999232,1.4811249968,-3.7499985920000007
1.5831e-05,0.312495104000007,0.62574999232,1.4823749966720001,-3.7499985920000007
1.5831500000000002e-05,-0.46875494399999695,0.61949999296,1.486124996288,-3.7499985920000007
1.5832e-05,0.312495104000007,0.61949999296,1.48737499616,-3.437498624
1.58325e-05,-0.46875494399999695,0.61949999296,1.491124995776,-3.7499985920000007
1.5833000000000002e-05,0.312495104000007,0.61949999296,1.491124995776,-3.437498624
1.58335e-05,0.312495104000007,0.62574999232,1.488624996032,-3.437498624
1.5834e-05,0.312495104000007,0.61949999296,1.486124996288,-3.7499985920000007
1.5834500000000002e-05,-0.46875494399999695,0.62574999232,1.486124996288,-3.7499985920000007
1.5835e-05,-0.46875494399999695,0.61949999296,1.48737499616,-3.7499985920000007
1.58355e-05,-0.46875494399999695,0.61949999296,1.486124996288,-3.437498624
1.5836000000000002e-05,-0.46875494399999695,0.6132499936,1.484874996416,-3.437498624
1.58365e-05,-0.46875494399999695,0.61949999296,1.48737499616,-3.437498624
1.5837e-05,0.312495104000007,0.61949999296,1.489874995904,-3.437498624
1.5837500000000002e-05,0.312495104000007,0.61949999296,1.48737499616,-3.7499985920000007
1.5838e-05,-0.46875494399999695,0.61949999296,1.488624996032,-3.437498624
1.58385e-05,0.312495104000007,0.61949999296,1.489874995904,-3.7499985920000007
1.5839000000000002e-05,0.312495104000007,0.62574999232,1.488624996032,-3.7499985920000007
1.58395e-05,1.0937451519999968,0.61949999296,1.488624996032,-3.7499985920000007
1.584e-05,0.312495104000007,0.61949999296,1.486124996288,-3.7499985920000007
1.5840500000000002e-05,0.312495104000007,0.61949999296,1.48737499616,-3.7499985920000007
1.5841e-05,-1.250004992000001,0.61949999296,1.48737499616,-3.437498624
1.58415e-05,0.312495104000007,0.61949999296,1.488624996032,-3.7499985920000007
1.5842000000000002e-05,-0.46875494399999695,0.62574999232,1.48737499616,-3.7499985920000007
1.58425e-05,-0.46875494399999695,0.6132499936,1.48737499616,-3.7499985920000007
1.5843e-05,-0.46875494399999695,0.61949999296,1.489874995904,-3.1249986560000007
1.5843500000000002e-05,-0.46875494399999695,0.61949999296,1.491124995776,-3.437498624
1.5844e-05,-0.46875494399999695,0.61949999296,1.488624996032,-3.437498624
1.58445e-05,0.312495104000007,0.61949999296,1.48737499616,-3.7499985920000007
1.5845e-05,1.0937451519999968,0.62574999232,1.486124996288,-3.437498624
1.58455e-05,0.312495104000007,0.61949999296,1.48737499616,-3.7499985920000007
1.5846e-05,-0.46875494399999695,0.61949999296,1.488624996032,-3.437498624
1.58465e-05,-0.46875494399999695,0.62574999232,1.491124995776,-3.437498624
1.5847000000000003e-05,0.312495104000007,0.61949999296,1.489874995904,-3.437498624
1.58475e-05,0.312495104000007,0.61949999296,1.491124995776,-3.7499985920000007
1.5848e-05,0.312495104000007,0.61949999296,1.489874995904,-3.7499985920000007
1.5848500000000003e-05,1.0937451519999968,0.61949999296,1.489874995904,-3.7499985920000007
1.5849e-05,-0.46875494399999695,0.62574999232,1.486124996288,-3.437498624
1.58495e-05,0.312495104000007,0.6132499936,1.484874996416,-3.7499985920000007
1.5850000000000002e-05,0.312495104000007,0.61949999296,1.486124996288,-3.437498624
1.58505e-05,0.312495104000007,0.6132499936,1.489874995904,-3.7499985920000007
1.5851e-05,-0.46875494399999695,0.61949999296,1.48737499616,-3.437498624
1.5851500000000002e-05,0.312495104000007,0.62574999232,1.486124996288,-3.437498624
1.5852e-05,0.312495104000007,0.62574999232,1.48737499616,-3.437498624
1.58525e-05,-0.46875494399999695,0.61949999296,1.489874995904,-3.7499985920000007
1.5853000000000002e-05,0.312495104000007,0.63199999168,1.488624996032,-3.437498624
1.58535e-05,0.312495104000007,0.62574999232,1.486124996288,-3.7499985920000007
1.5854e-05,0.312495104000007,0.62574999232,1.486124996288,-3.437498624
1.5854500000000002e-05,-0.46875494399999695,0.6132499936,1.486124996288,-3.437498624
1.5855e-05,-1.250004992000001,0.6132499936,1.486124996288,-3.7499985920000007
1.58555e-05,-0.46875494399999695,0.6132499936,1.48737499616,-3.7499985920000007
1.5856000000000002e-05,0.312495104000007,0.61949999296,1.484874996416,-3.437498624
1.58565e-05,-0.46875494399999695,0.61949999296,1.489874995904,-3.7499985920000007
1.5857e-05,0.312495104000007,0.61949999296,1.489874995904,-3.437498624
1.5857500000000002e-05,0.312495104000007,0.62574999232,1.488624996032,-3.7499985920000007
1.5858e-05,0.312495104000007,0.61949999296,1.48737499616,-3.7499985920000007
1.58585e-05,0.312495104000007,0.61949999296,1.489874995904,-3.7499985920000007
1.5859000000000002e-05,0.312495104000007,0.61949999296,1.48737499616,-3.7499985920000007
1.58595e-05,0.312495104000007,0.6132499936,1.48737499616,-3.7499985920000007
1.586e-05,-0.46875494399999695,0.6132499936,1.488624996032,-3.7499985920000007
1.5860500000000002e-05,-0.46875494399999695,0.61949999296,1.489874995904,-3.437498624
1.5861e-05,-0.46875494399999695,0.61949999296,1.48737499616,-3.437498624
1.58615e-05,0.312495104000007,0.61949999296,1.486124996288,-3.437498624
1.5862e-05,-0.46875494399999695,0.61949999296,1.48737499616,-3.437498624
1.58625e-05,-0.46875494399999695,0.62574999232,1.488624996032,-3.437498624
1.5863e-05,0.312495104000007,0.6132499936,1.48737499616,-3.7499985920000007
1.58635e-05,-0.46875494399999695,0.61949999296,1.488624996032,-3.7499985920000007
1.5864000000000003e-05,0.312495104000007,0.61949999296,1.488624996032,-3.437498624
1.58645e-05,-0.46875494399999695,0.61949999296,1.488624996032,-4.062498560000002
1.5865e-05,0.312495104000007,0.61949999296,1.488624996032,-3.437498624
1.5865500000000003e-05,-0.46875494399999695,0.61949999296,1.48737499616,-3.7499985920000007
1.5866e-05,0.312495104000007,0.61949999296,1.488624996032,-3.437498624
1.58665e-05,-0.46875494399999695,0.61949999296,1.48737499616,-3.7499985920000007
1.5867000000000002e-05,-0.46875494399999695,0.62574999232,1.486124996288,-3.437498624
1.58675e-05,0.312495104000007,0.62574999232,1.483624996544,-3.437498624
1.5868e-05,0.312495104000007,0.61949999296,1.486124996288,-3.7499985920000007
1.5868500000000002e-05,0.312495104000007,0.61949999296,1.491124995776,-4.062498560000002
1.5869e-05,0.312495104000007,0.62574999232,1.4923749956480001,-3.437498624
1.58695e-05,-0.46875494399999695,0.62574999232,1.488624996032,-3.7499985920000007
1.5870000000000002e-05,-0.46875494399999695,0.61949999296,1.486124996288,-3.437498624
1.58705e-05,0.312495104000007,0.62574999232,1.486124996288,-3.437498624
1.5871e-05,0.312495104000007,0.61949999296,1.48737499616,-3.7499985920000007
1.5871500000000002e-05,-0.46875494399999695,0.6132499936,1.489874995904,-3.7499985920000007
1.5872e-05,0.312495104000007,0.61949999296,1.491124995776,-3.437498624
1.58725e-05,0.312495104000007,0.61949999296,1.489874995904,-3.7499985920000007
1.5873000000000002e-05,-0.46875494399999695,0.61949999296,1.488624996032,-3.7499985920000007
1.58735e-05,0.312495104000007,0.62574999232,1.489874995904,-3.437498624
1.5874e-05,0.312495104000007,0.61949999296,1.488624996032,-3.7499985920000007
1.5874500000000002e-05,0.312495104000007,0.61949999296,1.486124996288,-3.7499985920000007
1.5875e-05,-0.46875494399999695,0.62574999232,1.486124996288,-3.7499985920000007
1.58755e-05,0.312495104000007,0.62574999232,1.486124996288,-3.7499985920000007
1.5876000000000002e-05,-0.46875494399999695,0.61949999296,1.48737499616,-3.437498624
1.58765e-05,0.312495104000007,0.62574999232,1.489874995904,-3.7499985920000007
1.5877e-05,1.0937451519999968,0.61949999296,1.491124995776,-3.7499985920000007
1.5877500000000002e-05,0.312495104000007,0.61949999296,1.488624996032,-3.7499985920000007
1.5878e-05,-0.46875494399999695,0.61949999296,1.488624996032,-3.7499985920000007
1.58785e-05,-0.46875494399999695,0.62574999232,1.488624996032,-3.7499985920000007
1.5879e-05,-1.250004992000001,0.62574999232,1.486124996288,-3.7499985920000007
1.58795e-05,0.312495104000007,0.61949999296,1.48737499616,-3.7499985920000007
1.588e-05,0.312495104000007,0.61949999296,1.486124996288,-3.7499985920000007
1.58805e-05,0.312495104000007,0.61949999296,1.489874995904,-4.062498560000002
1.5881000000000003e-05,0.312495104000007,0.61949999296,1.489874995904,-3.7499985920000007
1.58815e-05,-0.46875494399999695,0.62574999232,1.488624996032,-3.7499985920000007
1.5882e-05,0.312495104000007,0.61949999296,1.48737499616,-3.7499985920000007
1.5882500000000003e-05,0.312495104000007,0.61949999296,1.488624996032,-3.7499985920000007
1.5883e-05,0.312495104000007,0.62574999232,1.48737499616,-3.437498624
1.58835e-05,0.312495104000007,0.62574999232,1.48737499616,-3.437498624
1.5884000000000002e-05,-0.46875494399999695,0.61949999296,1.489874995904,-3.437498624
1.58845e-05,0.312495104000007,0.61949999296,1.4923749956480001,-3.7499985920000007
1.5885e-05,0.312495104000007,0.61949999296,1.4923749956480001,-3.437498624
1.5885500000000002e-05,-0.46875494399999695,0.61949999296,1.489874995904,-3.7499985920000007
1.5886e-05,-0.46875494399999695,0.61949999296,1.489874995904,-3.437498624
1.58865e-05,0.312495104000007,0.62574999232,1.489874995904,-3.437498624
1.5887000000000002e-05,0.312495104000007,0.62574999232,1.489874995904,-3.7499985920000007
1.58875e-05,0.312495104000007,0.61949999296,1.488624996032,-3.7499985920000007
1.5888e-05,-0.46875494399999695,0.61949999296,1.486124996288,-3.437498624
1.5888500000000002e-05,-0.46875494399999695,0.61949999296,1.489874995904,-4.062498560000002
1.5889e-05,-0.46875494399999695,0.61949999296,1.488624996032,-3.7499985920000007
1.58895e-05,0.312495104000007,0.63199999168,1.484874996416,-3.7499985920000007
1.5890000000000002e-05,0.312495104000007,0.62574999232,1.484874996416,-3.7499985920000007
1.58905e-05,0.312495104000007,0.62574999232,1.48737499616,-3.437498624
1.5891e-05,-0.46875494399999695,0.62574999232,1.48737499616,-3.7499985920000007
1.5891500000000002e-05,0.312495104000007,0.61949999296,1.48737499616,-3.437498624
1.5892e-05,-0.46875494399999695,0.61949999296,1.488624996032,-3.437498624
1.58925e-05,-0.46875494399999695,0.61949999296,1.488624996032,-3.7499985920000007
1.5893000000000002e-05,-0.46875494399999695,0.62574999232,1.486124996288,-3.7499985920000007
1.58935e-05,0.312495104000007,0.61949999296,1.484874996416,-3.7499985920000007
1.5894e-05,0.312495104000007,0.61949999296,1.48737499616,-3.7499985920000007
1.5894500000000002e-05,0.312495104000007,0.62574999232,1.486124996288,-3.7499985920000007
1.5895e-05,0.312495104000007,0.62574999232,1.484874996416,-4.062498560000002
1.58955e-05,0.312495104000007,0.62574999232,1.488624996032,-3.7499985920000007
1.5896e-05,0.312495104000007,0.61949999296,1.489874995904,-3.7499985920000007
1.58965e-05,1.0937451519999968,0.6132499936,1.489874995904,-3.7499985920000007
1.5897e-05,0.312495104000007,0.6132499936,1.488624996032,-3.437498624
1.58975e-05,0.312495104000007,0.61949999296,1.491124995776,-3.7499985920000007
1.5898000000000003e-05,-0.46875494399999695,0.61949999296,1.488624996032,-3.7499985920000007
1.58985e-05,0.312495104000007,0.62574999232,1.48737499616,-4.062498560000002
1.5899e-05,0.312495104000007,0.63199999168,1.489874995904,-3.437498624
1.5899500000000003e-05,0.312495104000007,0.62574999232,1.48737499616,-3.437498624
1.59e-05,-0.46875494399999695,0.61949999296,1.484874996416,-3.7499985920000007
1.59005e-05,-0.46875494399999695,0.62574999232,1.486124996288,-4.062498560000002
1.5901000000000002e-05,0.312495104000007,0.61949999296,1.48737499616,-3.437498624
1.59015e-05,0.312495104000007,0.62574999232,1.48737499616,-3.7499985920000007
1.5902e-05,0.312495104000007,0.62574999232,1.488624996032,-3.437498624
1.5902500000000002e-05,0.312495104000007,0.62574999232,1.491124995776,-3.7499985920000007
1.5903e-05,0.312495104000007,0.61949999296,1.488624996032,-3.7499985920000007
1.59035e-05,0.312495104000007,0.6132499936,1.48737499616,-4.062498560000002
1.5904000000000002e-05,0.312495104000007,0.61949999296,1.486124996288,-3.7499985920000007
1.59045e-05,0.312495104000007,0.61949999296,1.488624996032,-3.7499985920000007
1.5905e-05,0.312495104000007,0.61949999296,1.48737499616,-3.437498624
1.5905500000000002e-05,0.312495104000007,0.61949999296,1.48737499616,-3.7499985920000007
1.5906e-05,-0.46875494399999695,0.61949999296,1.484874996416,-3.7499985920000007
1.59065e-05,-0.46875494399999695,0.6132499936,1.486124996288,-3.7499985920000007
1.5907000000000002e-05,-0.46875494399999695,0.61949999296,1.486124996288,-3.7499985920000007
1.59075e-05,0.312495104000007,0.62574999232,1.484874996416,-3.7499985920000007
1.5908e-05,0.312495104000007,0.62574999232,1.486124996288,-3.7499985920000007
1.5908500000000002e-05,0.312495104000007,0.62574999232,1.488624996032,-3.7499985920000007
1.5909e-05,-0.46875494399999695,0.62574999232,1.48737499616,-3.437498624
1.59095e-05,-0.46875494399999695,0.61949999296,1.48737499616,-3.7499985920000007
1.5910000000000002e-05,0.312495104000007,0.61949999296,1.488624996032,-3.7499985920000007
1.59105e-05,-0.46875494399999695,0.62574999232,1.491124995776,-3.7499985920000007
1.5911e-05,0.312495104000007,0.63199999168,1.488624996032,-3.7499985920000007
1.5911500000000002e-05,-0.46875494399999695,0.61949999296,1.488624996032,-3.7499985920000007
1.5912e-05,0.312495104000007,0.61949999296,1.486124996288,-3.7499985920000007
1.59125e-05,1.0937451519999968,0.61949999296,1.48737499616,-4.062498560000002
1.5913e-05,-0.46875494399999695,0.61949999296,1.488624996032,-3.7499985920000007
1.59135e-05,0.312495104000007,0.61949999296,1.48737499616,-3.437498624
1.5914e-05,0.312495104000007,0.61949999296,1.48737499616,-3.7499985920000007
1.59145e-05,0.312495104000007,0.62574999232,1.48737499616,-3.7499985920000007
1.5915000000000003e-05,0.312495104000007,0.61949999296,1.488624996032,-3.7499985920000007
1.59155e-05,0.312495104000007,0.61949999296,1.489874995904,-3.7499985920000007
1.5916e-05,-0.46875494399999695,0.6132499936,1.488624996032,-4.062498560000002
1.5916500000000003e-05,-0.46875494399999695,0.61949999296,1.488624996032,-3.7499985920000007
1.5917e-05,0.312495104000007,0.61949999296,1.48737499616,-3.7499985920000007
1.59175e-05,-0.46875494399999695,0.61949999296,1.486124996288,-4.062498560000002
1.5918000000000002e-05,-0.46875494399999695,0.61949999296,1.486124996288,-3.7499985920000007
1.59185e-05,0.312495104000007,0.62574999232,1.48737499616,-3.7499985920000007
1.5919e-05,-0.46875494399999695,0.62574999232,1.48737499616,-3.7499985920000007
1.5919500000000002e-05,0.312495104000007,0.61949999296,1.488624996032,-4.062498560000002
1.592e-05,0.312495104000007,0.61949999296,1.486124996288,-3.7499985920000007
1.59205e-05,0.312495104000007,0.61949999296,1.488624996032,-4.062498560000002
1.5921000000000002e-05,0.312495104000007,0.6132499936,1.48737499616,-3.7499985920000007
1.59215e-05,0.312495104000007,0.61949999296,1.491124995776,-3.7499985920000007
1.5922e-05,0.312495104000007,0.61949999296,1.4923749956480001,-3.7499985920000007
1.5922500000000002e-05,-0.46875494399999695,0.61949999296,1.489874995904,-3.7499985920000007
1.5923e-05,-0.46875494399999695,0.61949999296,1.488624996032,-3.437498624
1.59235e-05,0.312495104000007,0.61949999296,1.488624996032,-3.7499985920000007
1.5924000000000002e-05,0.312495104000007,0.6132499936,1.48737499616,-3.7499985920000007
1.59245e-05,1.0937451519999968,0.61949999296,1.486124996288,-3.7499985920000007
1.5925e-05,0.312495104000007,0.61949999296,1.48737499616,-3.437498624
1.5925500000000002e-05,-0.46875494399999695,0.61949999296,1.48737499616,-3.7499985920000007
1.5926e-05,0.312495104000007,0.61949999296,1.48737499616,-3.437498624
1.59265e-05,0.312495104000007,0.61949999296,1.488624996032,-3.437498624
1.5927000000000002e-05,0.312495104000007,0.61949999296,1.488624996032,-3.437498624
1.59275e-05,0.312495104000007,0.61949999296,1.48737499616,-3.7499985920000007
1.5928e-05,0.312495104000007,0.61949999296,1.486124996288,-3.437498624
1.5928500000000002e-05,-0.46875494399999695,0.6132499936,1.488624996032,-3.7499985920000007
1.5929e-05,0.312495104000007,0.61949999296,1.484874996416,-3.7499985920000007
1.59295e-05,0.312495104000007,0.61949999296,1.483624996544,-3.7499985920000007
1.593e-05,-0.46875494399999695,0.62574999232,1.483624996544,-3.7499985920000007
1.59305e-05,-0.46875494399999695,0.61949999296,1.484874996416,-3.7499985920000007
1.5931e-05,-0.46875494399999695,0.61949999296,1.486124996288,-3.437498624
1.59315e-05,0.312495104000007,0.6132499936,1.486124996288,-3.437498624
1.5932000000000003e-05,0.312495104000007,0.61949999296,1.48737499616,-3.437498624
1.59325e-05,-0.46875494399999695,0.61949999296,1.489874995904,-3.437498624
1.5933e-05,0.312495104000007,0.61949999296,1.488624996032,-3.437498624
1.5933500000000003e-05,0.312495104000007,0.61949999296,1.48737499616,-3.437498624
1.5934e-05,0.312495104000007,0.61949999296,1.484874996416,-3.437498624
1.59345e-05,0.312495104000007,0.61949999296,1.48737499616,-3.437498624
1.5935000000000002e-05,0.312495104000007,0.61949999296,1.48737499616,-3.7499985920000007
1.59355e-05,-0.46875494399999695,0.61949999296,1.489874995904,-3.7499985920000007
1.5936e-05,-0.46875494399999695,0.61949999296,1.488624996032,-3.7499985920000007
1.5936500000000002e-05,-0.46875494399999695,0.61949999296,1.491124995776,-4.062498560000002
1.5937e-05,-0.46875494399999695,0.61949999296,1.489874995904,-3.437498624
1.59375e-05,0.312495104000007,0.61949999296,1.491124995776,-3.7499985920000007
1.5938000000000002e-05,0.312495104000007,0.61949999296,1.489874995904,-3.437498624
1.59385e-05,0.312495104000007,0.61949999296,1.489874995904,-3.7499985920000007
1.5939e-05,0.312495104000007,0.61949999296,1.486124996288,-3.437498624
1.5939500000000002e-05,0.312495104000007,0.62574999232,1.484874996416,-3.437498624
1.594e-05,0.312495104000007,0.61949999296,1.488624996032,-3.437498624
1.59405e-05,-0.46875494399999695,0.61949999296,1.491124995776,-3.7499985920000007
1.5941000000000002e-05,-0.46875494399999695,0.61949999296,1.489874995904,-3.437498624
1.59415e-05,-0.46875494399999695,0.61949999296,1.48737499616,-3.7499985920000007
1.5942e-05,0.312495104000007,0.61949999296,1.48737499616,-3.437498624
1.5942500000000002e-05,0.312495104000007,0.61949999296,1.48737499616,-3.437498624
1.5943e-05,-0.46875494399999695,0.61949999296,1.48737499616,-3.7499985920000007
1.59435e-05,0.312495104000007,0.61949999296,1.488624996032,-3.7499985920000007
1.5944000000000002e-05,0.312495104000007,0.61949999296,1.486124996288,-3.437498624
1.59445e-05,1.0937451519999968,0.61949999296,1.488624996032,-3.7499985920000007
1.5945e-05,0.312495104000007,0.6132499936,1.48737499616,-3.7499985920000007
1.5945500000000002e-05,0.312495104000007,0.61949999296,1.48737499616,-3.7499985920000007
1.5946e-05,0.312495104000007,0.6132499936,1.489874995904,-3.7499985920000007
1.59465e-05,0.312495104000007,0.61949999296,1.488624996032,-3.7499985920000007
1.5947e-05,-0.46875494399999695,0.62574999232,1.48737499616,-3.437498624
1.59475e-05,0.312495104000007,0.62574999232,1.48737499616,-3.7499985920000007
1.5948e-05,-0.46875494399999695,0.61949999296,1.48737499616,-3.7499985920000007
1.59485e-05,-1.250004992000001,0.62574999232,1.488624996032,-3.7499985920000007
1.5949000000000003e-05,0.312495104000007,0.61949999296,1.491124995776,-3.7499985920000007
1.59495e-05,0.312495104000007,0.61949999296,1.491124995776,-3.437498624
1.595e-05,0.312495104000007,0.6132499936,1.491124995776,-3.437498624
1.5950500000000003e-05,-0.46875494399999695,0.62574999232,1.488624996032,-3.437498624
1.5951e-05,0.312495104000007,0.62574999232,1.48737499616,-3.7499985920000007
1.59515e-05,0.312495104000007,0.62574999232,1.48737499616,-4.062498560000002
1.5952000000000002e-05,0.312495104000007,0.61949999296,1.48737499616,-3.7499985920000007
1.59525e-05,0.312495104000007,0.61949999296,1.491124995776,-3.7499985920000007
1.5953e-05,-0.46875494399999695,0.61949999296,1.48737499616,-3.7499985920000007
1.5953500000000002e-05,-0.46875494399999695,0.61949999296,1.486124996288,-3.7499985920000007
1.5954e-05,1.0937451519999968,0.61949999296,1.48737499616,-3.7499985920000007
1.59545e-05,0.312495104000007,0.61949999296,1.489874995904,-3.7499985920000007
1.5955000000000002e-05,0.312495104000007,0.61949999296,1.489874995904,-3.437498624
1.59555e-05,0.312495104000007,0.61949999296,1.489874995904,-3.7499985920000007
1.5956e-05,0.312495104000007,0.61949999296,1.48737499616,-3.437498624
1.5956500000000002e-05,-0.46875494399999695,0.61949999296,1.488624996032,-3.437498624
1.5957e-05,0.312495104000007,0.62574999232,1.488624996032,-3.437498624
1.59575e-05,-0.46875494399999695,0.61949999296,1.48737499616,-3.437498624
1.5958000000000002e-05,-0.46875494399999695,0.6132499936,1.488624996032,-3.7499985920000007
1.59585e-05,0.312495104000007,0.62574999232,1.48737499616,-3.437498624
1.5959e-05,0.312495104000007,0.63199999168,1.484874996416,-3.7499985920000007
1.5959500000000002e-05,-0.46875494399999695,0.61949999296,1.486124996288,-3.7499985920000007
1.596e-05,0.312495104000007,0.61949999296,1.484874996416,-3.7499985920000007
1.59605e-05,1.0937451519999968,0.61949999296,1.489874995904,-3.7499985920000007
1.5961000000000002e-05,0.312495104000007,0.61949999296,1.491124995776,-3.437498624
1.59615e-05,-0.46875494399999695,0.61949999296,1.491124995776,-3.437498624
1.5962e-05,-0.46875494399999695,0.62574999232,1.488624996032,-3.7499985920000007
1.5962500000000002e-05,0.312495104000007,0.62574999232,1.488624996032,-3.437498624
1.5963e-05,-0.46875494399999695,0.62574999232,1.489874995904,-3.437498624
1.59635e-05,0.312495104000007,0.6132499936,1.489874995904,-3.437498624
1.5964e-05,0.312495104000007,0.61949999296,1.488624996032,-3.7499985920000007
1.59645e-05,0.312495104000007,0.61949999296,1.48737499616,-3.7499985920000007
1.5965e-05,0.312495104000007,0.61949999296,1.486124996288,-3.437498624
1.59655e-05,-0.46875494399999695,0.61949999296,1.48737499616,-3.7499985920000007
1.5966000000000003e-05,0.312495104000007,0.6132499936,1.488624996032,-3.7499985920000007
1.59665e-05,0.312495104000007,0.62574999232,1.488624996032,-3.7499985920000007
1.5967e-05,0.312495104000007,0.62574999232,1.486124996288,-3.437498624
1.5967500000000003e-05,-0.46875494399999695,0.61949999296,1.48737499616,-3.7499985920000007
1.5968e-05,0.312495104000007,0.61949999296,1.488624996032,-3.437498624
1.59685e-05,1.0937451519999968,0.62574999232,1.491124995776,-4.062498560000002
1.5969000000000002e-05,0.312495104000007,0.61949999296,1.488624996032,-3.7499985920000007
1.59695e-05,0.312495104000007,0.61949999296,1.48737499616,-3.7499985920000007
1.597e-05,0.312495104000007,0.61949999296,1.48737499616,-3.437498624
1.5970500000000002e-05,-0.46875494399999695,0.61949999296,1.488624996032,-3.7499985920000007
1.5971e-05,-0.46875494399999695,0.62574999232,1.489874995904,-3.437498624
1.59715e-05,0.312495104000007,0.61949999296,1.48737499616,-3.437498624
1.5972000000000002e-05,-0.46875494399999695,0.6132499936,1.484874996416,-3.437498624
1.59725e-05,-0.46875494399999695,0.6132499936,1.48737499616,-3.7499985920000007
1.5973e-05,0.312495104000007,0.61949999296,1.488624996032,-3.437498624
1.5973500000000002e-05,0.312495104000007,0.61949999296,1.488624996032,-3.437498624
1.5974e-05,0.312495104000007,0.61949999296,1.48737499616,-3.437498624
1.59745e-05,0.312495104000007,0.61949999296,1.488624996032,-3.437498624
1.5975000000000002e-05,1.0937451519999968,0.6132499936,1.488624996032,-3.437498624
1.59755e-05,0.312495104000007,0.61949999296,1.489874995904,-3.7499985920000007
1.5976e-05,0.312495104000007,0.61949999296,1.48737499616,-3.7499985920000007
1.5976500000000002e-05,-0.46875494399999695,0.61949999296,1.488624996032,-3.7499985920000007
1.5977e-05,-0.46875494399999695,0.6132499936,1.489874995904,-3.437498624
1.59775e-05,0.312495104000007,0.61949999296,1.4923749956480001,-3.437498624
1.5978000000000002e-05,0.312495104000007,0.62574999232,1.491124995776,-3.437498624
1.59785e-05,0.312495104000007,0.6132499936,1.489874995904,-3.7499985920000007
1.5979e-05,0.312495104000007,0.61949999296,1.489874995904,-3.437498624
1.5979500000000002e-05,0.312495104000007,0.60699999424,1.489874995904,-3.437498624
1.598e-05,-0.46875494399999695,0.6132499936,1.489874995904,-3.7499985920000007
1.59805e-05,0.312495104000007,0.61949999296,1.4923749956480001,-3.437498624
1.5981e-05,-0.46875494399999695,0.61949999296,1.491124995776,-3.437498624
1.59815e-05,0.312495104000007,0.61949999296,1.486124996288,-3.7499985920000007
1.5982e-05,0.312495104000007,0.61949999296,1.486124996288,-3.7499985920000007
1.59825e-05,0.312495104000007,0.61949999296,1.48737499616,-3.7499985920000007
1.5983000000000003e-05,0.312495104000007,0.61949999296,1.486124996288,-3.437498624
1.59835e-05,-0.46875494399999695,0.61949999296,1.48737499616,-3.7499985920000007
1.5984e-05,-0.46875494399999695,0.61949999296,1.48737499616,-3.7499985920000007
1.5984500000000003e-05,-0.46875494399999695,0.61949999296,1.488624996032,-3.7499985920000007
1.5985e-05,-0.46875494399999695,0.61949999296,1.488624996032,-3.437498624
1.59855e-05,0.312495104000007,0.61949999296,1.48737499616,-3.7499985920000007
1.5986000000000002e-05,0.312495104000007,0.62574999232,1.48737499616,-3.437498624
1.59865e-05,0.312495104000007,0.61949999296,1.488624996032,-3.437498624
1.5987e-05,0.312495104000007,0.62574999232,1.48737499616,-3.437498624
1.5987500000000002e-05,-0.46875494399999695,0.62574999232,1.486124996288,-3.437498624
1.5988e-05,-0.46875494399999695,0.62574999232,1.486124996288,-3.437498624
1.59885e-05,-0.46875494399999695,0.62574999232,1.48737499616,-3.437498624
1.5989000000000002e-05,0.312495104000007,0.62574999232,1.489874995904,-3.437498624
1.59895e-05,0.312495104000007,0.61949999296,1.491124995776,-3.7499985920000007
1.599e-05,0.312495104000007,0.61949999296,1.491124995776,-3.437498624
1.5990500000000002e-05,-0.46875494399999695,0.61949999296,1.491124995776,-3.437498624
1.5991e-05,-0.46875494399999695,0.61949999296,1.491124995776,-3.7499985920000007
1.59915e-05,0.312495104000007,0.61949999296,1.489874995904,-3.7499985920000007
1.5992000000000002e-05,0.312495104000007,0.62574999232,1.48737499616,-3.7499985920000007
1.59925e-05,0.312495104000007,0.61949999296,1.489874995904,-4.062498560000002
1.5993e-05,0.312495104000007,0.61949999296,1.489874995904,-4.062498560000002
1.5993500000000002e-05,0.312495104000007,0.61949999296,1.491124995776,-3.7499985920000007
1.5994e-05,1.0937451519999968,0.62574999232,1.48737499616,-3.437498624
1.59945e-05,0.312495104000007,0.61949999296,1.486124996288,-3.7499985920000007
1.5995000000000002e-05,0.312495104000007,0.62574999232,1.48737499616,-3.437498624
1.59955e-05,0.312495104000007,0.61949999296,1.488624996032,-3.437498624
1.5996e-05,0.312495104000007,0.61949999296,1.48737499616,-3.7499985920000007
1.5996500000000002e-05,-0.46875494399999695,0.61949999296,1.488624996032,-4.062498560000002
1.5997e-05,-0.46875494399999695,0.61949999296,1.488624996032,-3.7499985920000007
1.59975e-05,-0.46875494399999695,0.61949999296,1.489874995904,-3.7499985920000007
1.5998e-05,-0.46875494399999695,0.6132499936,1.488624996032,-3.437498624
1.59985e-05,-0.46875494399999695,0.61949999296,1.489874995904,-3.437498624
1.5999e-05,-0.46875494399999695,0.61949999296,1.488624996032,-3.7499985920000007
1.59995e-05,-0.46875494399999695,0.61949999296,1.489874995904,-4.062498560000002
1.6000000000000003e-05,-0.46875494399999695,0.62574999232,1.48737499616,-3.7499985920000007
1.60005e-05,0.312495104000007,0.61949999296,1.488624996032,-3.7499985920000007
1.6001e-05,0.312495104000007,0.6132499936,1.48737499616,-3.7499985920000007
1.6001500000000003e-05,0.312495104000007,0.62574999232,1.48737499616,-3.437498624
1.6002e-05,0.312495104000007,0.61949999296,1.486124996288,-3.437498624
1.60025e-05,-0.46875494399999695,0.61949999296,1.48737499616,-3.7499985920000007
1.6003000000000002e-05,-0.46875494399999695,0.61949999296,1.486124996288,-3.437498624
1.60035e-05,0.312495104000007,0.61949999296,1.484874996416,-3.7499985920000007
1.6004e-05,0.312495104000007,0.61949999296,1.486124996288,-3.7499985920000007
1.6004500000000002e-05,0.312495104000007,0.61949999296,1.488624996032,-3.7499985920000007
1.6005e-05,0.312495104000007,0.61949999296,1.488624996032,-3.7499985920000007
1.60055e-05,0.312495104000007,0.62574999232,1.488624996032,-3.7499985920000007
1.6006000000000002e-05,-0.46875494399999695,0.6132499936,1.486124996288,-3.437498624
1.60065e-05,-0.46875494399999695,0.62574999232,1.484874996416,-3.7499985920000007
1.6007e-05,0.312495104000007,0.61949999296,1.483624996544,-3.7499985920000007
1.6007500000000002e-05,0.312495104000007,0.61949999296,1.486124996288,-3.7499985920000007
1.6008e-05,-0.46875494399999695,0.61949999296,1.484874996416,-3.437498624
1.60085e-05,-0.46875494399999695,0.6132499936,1.486124996288,-3.7499985920000007
1.6009000000000002e-05,-0.46875494399999695,0.6132499936,1.48737499616,-3.7499985920000007
1.60095e-05,-0.46875494399999695,0.61949999296,1.48737499616,-3.7499985920000007
1.601e-05,-0.46875494399999695,0.62574999232,1.486124996288,-3.7499985920000007
1.6010500000000002e-05,-0.46875494399999695,0.6132499936,1.484874996416,-3.7499985920000007
1.6011e-05,-0.46875494399999695,0.6132499936,1.486124996288,-3.437498624
1.60115e-05,0.312495104000007,0.61949999296,1.48737499616,-3.437498624
1.6012000000000002e-05,-0.46875494399999695,0.6132499936,1.489874995904,-3.437498624
1.60125e-05,-0.46875494399999695,0.61949999296,1.489874995904,-3.7499985920000007
1.6013e-05,-0.46875494399999695,0.61949999296,1.488624996032,-3.437498624
1.6013500000000002e-05,-0.46875494399999695,0.61949999296,1.48737499616,-3.7499985920000007
1.6014e-05,-0.46875494399999695,0.6132499936,1.48737499616,-3.437498624
1.60145e-05,-0.46875494399999695,0.6132499936,1.488624996032,-3.437498624
1.6015e-05,0.312495104000007,0.62574999232,1.489874995904,-3.7499985920000007
1.60155e-05,0.312495104000007,0.61949999296,1.489874995904,-4.062498560000002
1.6016e-05,0.312495104000007,0.61949999296,1.488624996032,-3.7499985920000007
1.60165e-05,-0.46875494399999695,0.61949999296,1.48737499616,-3.7499985920000007
1.6017000000000003e-05,0.312495104000007,0.61949999296,1.484874996416,-3.7499985920000007
1.60175e-05,0.312495104000007,0.62574999232,1.484874996416,-3.7499985920000007
1.6018e-05,-0.46875494399999695,0.61949999296,1.484874996416,-3.7499985920000007
1.6018500000000003e-05,-0.46875494399999695,0.6132499936,1.486124996288,-3.7499985920000007
1.6019e-05,0.312495104000007,0.61949999296,1.48737499616,-3.437498624
1.60195e-05,-0.46875494399999695,0.6132499936,1.488624996032,-3.437498624
1.6020000000000002e-05,0.312495104000007,0.6132499936,1.489874995904,-3.437498624
1.60205e-05,0.312495104000007,0.61949999296,1.489874995904,-3.7499985920000007
1.6021e-05,0.312495104000007,0.6132499936,1.488624996032,-3.437498624
1.6021500000000002e-05,0.312495104000007,0.6132499936,1.486124996288,-3.7499985920000007
1.6022e-05,-0.46875494399999695,0.61949999296,1.486124996288,-3.7499985920000007
1.60225e-05,-0.46875494399999695,0.6132499936,1.48737499616,-3.7499985920000007
1.6023000000000002e-05,0.312495104000007,0.62574999232,1.486124996288,-4.062498560000002
1.60235e-05,-0.46875494399999695,0.6132499936,1.48737499616,-4.062498560000002
1.6024e-05,0.312495104000007,0.61949999296,1.486124996288,-3.7499985920000007
1.6024500000000002e-05,-0.46875494399999695,0.61949999296,1.488624996032,-3.7499985920000007
1.6025e-05,-1.250004992000001,0.62574999232,1.48737499616,-3.7499985920000007
1.60255e-05,-0.46875494399999695,0.61949999296,1.488624996032,-3.7499985920000007
1.6026000000000002e-05,0.312495104000007,0.62574999232,1.48737499616,-3.7499985920000007
1.60265e-05,-0.46875494399999695,0.62574999232,1.488624996032,-4.062498560000002
1.6027e-05,-0.46875494399999695,0.61949999296,1.489874995904,-3.437498624
1.6027500000000002e-05,0.312495104000007,0.61949999296,1.488624996032,-3.7499985920000007
1.6028e-05,-0.46875494399999695,0.6132499936,1.489874995904,-3.437498624
1.60285e-05,0.312495104000007,0.61949999296,1.489874995904,-3.7499985920000007
1.6029000000000002e-05,0.312495104000007,0.61949999296,1.491124995776,-3.7499985920000007
1.60295e-05,-0.46875494399999695,0.61949999296,1.488624996032,-3.7499985920000007
1.603e-05,-0.46875494399999695,0.61949999296,1.48737499616,-3.437498624
1.6030500000000002e-05,-0.46875494399999695,0.62574999232,1.486124996288,-3.437498624
1.6031e-05,-1.250004992000001,0.61949999296,1.484874996416,-3.7499985920000007
1.60315e-05,-0.46875494399999695,0.61949999296,1.484874996416,-3.7499985920000007
1.6032e-05,-0.46875494399999695,0.61949999296,1.484874996416,-3.7499985920000007
1.60325e-05,0.312495104000007,0.61949999296,1.486124996288,-4.062498560000002
1.6033e-05,-0.46875494399999695,0.61949999296,1.486124996288,-3.7499985920000007
1.60335e-05,-0.46875494399999695,0.61949999296,1.48737499616,-3.437498624
1.6034000000000003e-05,-0.46875494399999695,0.61949999296,1.488624996032,-3.437498624
1.60345e-05,-0.46875494399999695,0.61949999296,1.48737499616,-3.7499985920000007
1.6035e-05,-0.46875494399999695,0.62574999232,1.48737499616,-3.437498624
1.6035500000000003e-05,0.312495104000007,0.61949999296,1.489874995904,-3.7499985920000007
1.6036e-05,-0.46875494399999695,0.61949999296,1.488624996032,-3.437498624
1.60365e-05,-0.46875494399999695,0.61949999296,1.48737499616,-3.7499985920000007
1.6037000000000002e-05,0.312495104000007,0.61949999296,1.48737499616,-3.437498624
1.60375e-05,-0.46875494399999695,0.61949999296,1.48737499616,-3.7499985920000007
1.6038e-05,-0.46875494399999695,0.61949999296,1.488624996032,-3.7499985920000007
1.6038500000000002e-05,-0.46875494399999695,0.62574999232,1.488624996032,-3.7499985920000007
1.6039e-05,-0.46875494399999695,0.62574999232,1.48737499616,-3.7499985920000007
1.60395e-05,0.312495104000007,0.61949999296,1.488624996032,-3.7499985920000007
1.6040000000000002e-05,-0.46875494399999695,0.61949999296,1.488624996032,-3.7499985920000007
1.60405e-05,-0.46875494399999695,0.61949999296,1.489874995904,-4.062498560000002
1.6041e-05,0.312495104000007,0.62574999232,1.489874995904,-3.437498624
1.6041500000000002e-05,0.312495104000007,0.61949999296,1.48737499616,-3.7499985920000007
1.6042e-05,0.312495104000007,0.61949999296,1.48737499616,-3.437498624
1.60425e-05,-0.46875494399999695,0.61949999296,1.488624996032,-3.7499985920000007
1.6043000000000002e-05,-0.46875494399999695,0.61949999296,1.484874996416,-3.7499985920000007
1.60435e-05,-0.46875494399999695,0.61949999296,1.486124996288,-3.7499985920000007
1.6044e-05,-0.46875494399999695,0.6132499936,1.48737499616,-3.7499985920000007
1.6044500000000002e-05,0.312495104000007,0.61949999296,1.48737499616,-3.7499985920000007
1.6045e-05,0.312495104000007,0.61949999296,1.486124996288,-3.437498624
1.60455e-05,0.312495104000007,0.61949999296,1.4823749966720001,-3.7499985920000007
1.6046000000000002e-05,0.312495104000007,0.61949999296,1.4823749966720001,-3.437498624
1.60465e-05,-0.46875494399999695,0.61949999296,1.484874996416,-3.437498624
1.6047e-05,-0.46875494399999695,0.6132499936,1.484874996416,-3.7499985920000007
1.6047500000000002e-05,-0.46875494399999695,0.61949999296,1.484874996416,-4.062498560000002
1.6048e-05,0.312495104000007,0.61949999296,1.48737499616,-3.7499985920000007
1.60485e-05,-0.46875494399999695,0.61949999296,1.489874995904,-4.062498560000002
1.6049e-05,-0.46875494399999695,0.61949999296,1.48737499616,-3.7499985920000007
1.60495e-05,-0.46875494399999695,0.61949999296,1.48737499616,-3.437498624
1.605e-05,-0.46875494399999695,0.61949999296,1.48737499616,-3.7499985920000007
1.60505e-05,-0.46875494399999695,0.62574999232,1.48737499616,-3.437498624
1.6051000000000003e-05,-0.46875494399999695,0.62574999232,1.48737499616,-3.437498624
1.60515e-05,0.312495104000007,0.62574999232,1.486124996288,-3.7499985920000007
1.6052e-05,-0.46875494399999695,0.61949999296,1.484874996416,-3.437498624
1.6052500000000003e-05,0.312495104000007,0.61949999296,1.486124996288,-3.437498624
1.6053e-05,0.312495104000007,0.62574999232,1.48737499616,-3.437498624
1.60535e-05,-0.46875494399999695,0.61949999296,1.486124996288,-3.7499985920000007
1.6054000000000002e-05,-0.46875494399999695,0.6132499936,1.486124996288,-3.7499985920000007
1.60545e-05,0.312495104000007,0.6132499936,1.486124996288,-3.437498624
1.6055e-05,-0.46875494399999695,0.61949999296,1.484874996416,-3.7499985920000007
1.6055500000000002e-05,-0.46875494399999695,0.61949999296,1.48737499616,-4.062498560000002
1.6056e-05,-0.46875494399999695,0.61949999296,1.488624996032,-3.7499985920000007
1.60565e-05,0.312495104000007,0.62574999232,1.489874995904,-4.062498560000002
1.6057000000000002e-05,-0.46875494399999695,0.61949999296,1.48737499616,-3.7499985920000007
1.60575e-05,0.312495104000007,0.6132499936,1.491124995776,-3.7499985920000007
1.6058e-05,-0.46875494399999695,0.61949999296,1.491124995776,-3.7499985920000007
1.6058500000000002e-05,-0.46875494399999695,0.62574999232,1.491124995776,-3.7499985920000007
1.6059e-05,-0.46875494399999695,0.62574999232,1.491124995776,-3.437498624
1.60595e-05,-0.46875494399999695,0.61949999296,1.488624996032,-3.437498624
1.6060000000000002e-05,0.312495104000007,0.61949999296,1.489874995904,-3.7499985920000007
1.60605e-05,-0.46875494399999695,0.61949999296,1.4923749956480001,-3.7499985920000007
1.6061e-05,0.312495104000007,0.62574999232,1.488624996032,-3.7499985920000007
1.6061500000000002e-05,-0.46875494399999695,0.62574999232,1.488624996032,-3.7499985920000007
1.6062e-05,-0.46875494399999695,0.62574999232,1.48737499616,-3.7499985920000007
1.60625e-05,-0.46875494399999695,0.62574999232,1.488624996032,-3.437498624
1.6063000000000002e-05,0.312495104000007,0.61949999296,1.48737499616,-4.062498560000002
1.60635e-05,-0.46875494399999695,0.61949999296,1.488624996032,-3.7499985920000007
1.6064e-05,0.312495104000007,0.61949999296,1.48737499616,-3.7499985920000007
1.6064500000000002e-05,0.312495104000007,0.61949999296,1.489874995904,-4.062498560000002
1.6065e-05,-1.250004992000001,0.61949999296,1.488624996032,-3.437498624
1.60655e-05,0.312495104000007,0.61949999296,1.488624996032,-3.7499985920000007
1.6066e-05,0.312495104000007,0.61949999296,1.486124996288,-3.437498624
1.60665e-05,-0.46875494399999695,0.62574999232,1.48737499616,-3.7499985920000007
1.6067e-05,-0.46875494399999695,0.61949999296,1.488624996032,-3.437498624
1.60675e-05,0.312495104000007,0.61949999296,1.488624996032,-3.7499985920000007
1.6068000000000003e-05,0.312495104000007,0.61949999296,1.489874995904,-3.437498624
1.60685e-05,0.312495104000007,0.61949999296,1.489874995904,-4.062498560000002
1.6069e-05,0.312495104000007,0.61949999296,1.491124995776,-3.7499985920000007
1.6069500000000003e-05,-0.46875494399999695,0.6132499936,1.489874995904,-3.437498624
1.607e-05,-0.46875494399999695,0.61949999296,1.488624996032,-3.437498624
1.60705e-05,-0.46875494399999695,0.6132499936,1.484874996416,-3.437498624
1.6071000000000002e-05,-0.46875494399999695,0.61949999296,1.48737499616,-3.7499985920000007
1.60715e-05,-0.46875494399999695,0.61949999296,1.489874995904,-4.062498560000002
1.6072e-05,0.312495104000007,0.61949999296,1.48737499616,-3.7499985920000007
1.6072500000000002e-05,0.312495104000007,0.62574999232,1.488624996032,-3.7499985920000007
1.6073e-05,0.312495104000007,0.61949999296,1.489874995904,-3.7499985920000007
1.60735e-05,0.312495104000007,0.61949999296,1.491124995776,-3.7499985920000007
1.6074000000000002e-05,0.312495104000007,0.61949999296,1.489874995904,-3.437498624
1.60745e-05,-0.46875494399999695,0.6132499936,1.491124995776,-3.7499985920000007
1.6075e-05,-0.46875494399999695,0.6132499936,1.4923749956480001,-3.437498624
1.6075500000000002e-05,0.312495104000007,0.6132499936,1.4923749956480001,-3.7499985920000007
1.6076e-05,-0.46875494399999695,0.61949999296,1.488624996032,-3.437498624
1.60765e-05,0.312495104000007,0.61949999296,1.488624996032,-3.437498624
1.6077000000000002e-05,0.312495104000007,0.61949999296,1.489874995904,-3.437498624
1.60775e-05,0.312495104000007,0.61949999296,1.489874995904,-3.7499985920000007
1.6078e-05,-0.46875494399999695,0.61949999296,1.488624996032,-3.7499985920000007
1.6078500000000002e-05,0.312495104000007,0.61949999296,1.48737499616,-3.437498624
1.6079e-05,0.312495104000007,0.62574999232,1.486124996288,-3.7499985920000007
1.60795e-05,0.312495104000007,0.61949999296,1.484874996416,-4.062498560000002
1.6080000000000002e-05,-0.46875494399999695,0.61949999296,1.4823749966720001,-3.7499985920000007
1.60805e-05,-0.46875494399999695,0.61949999296,1.486124996288,-4.062498560000002
1.6081e-05,0.312495104000007,0.61949999296,1.486124996288,-3.7499985920000007
1.6081500000000002e-05,-0.46875494399999695,0.62574999232,1.484874996416,-3.7499985920000007
1.6082e-05,0.312495104000007,0.61949999296,1.483624996544,-3.7499985920000007
1.60825e-05,-0.46875494399999695,0.6132499936,1.486124996288,-3.7499985920000007
1.6083000000000002e-05,-0.46875494399999695,0.61949999296,1.48737499616,-3.7499985920000007
1.60835e-05,0.312495104000007,0.62574999232,1.488624996032,-3.437498624
1.6084e-05,0.312495104000007,0.61949999296,1.48737499616,-3.7499985920000007
1.60845e-05,-0.46875494399999695,0.61949999296,1.48737499616,-3.7499985920000007
1.6085e-05,0.312495104000007,0.61949999296,1.488624996032,-3.7499985920000007
1.60855e-05,0.312495104000007,0.61949999296,1.489874995904,-3.7499985920000007
1.6086e-05,0.312495104000007,0.61949999296,1.488624996032,-3.437498624
1.6086500000000003e-05,-0.46875494399999695,0.62574999232,1.488624996032,-3.7499985920000007
1.6087e-05,0.312495104000007,0.62574999232,1.48737499616,-3.437498624
1.60875e-05,0.312495104000007,0.61949999296,1.48737499616,-4.062498560000002
1.6088000000000002e-05,0.312495104000007,0.61949999296,1.486124996288,-3.7499985920000007
1.60885e-05,1.0937451519999968,0.61949999296,1.489874995904,-4.062498560000002
1.6089e-05,0.312495104000007,0.61949999296,1.489874995904,-3.437498624
1.6089500000000002e-05,0.312495104000007,0.6132499936,1.48737499616,-3.7499985920000007
1.609e-05,0.312495104000007,0.61949999296,1.483624996544,-3.7499985920000007
1.60905e-05,0.312495104000007,0.62574999232,1.484874996416,-4.062498560000002
1.6091000000000002e-05,0.312495104000007,0.61949999296,1.484874996416,-3.7499985920000007
1.60915e-05,0.312495104000007,0.61949999296,1.484874996416,-3.437498624
1.6092e-05,-0.46875494399999695,0.6132499936,1.484874996416,-3.7499985920000007
1.6092500000000002e-05,-0.46875494399999695,0.61949999296,1.48737499616,-4.062498560000002
1.6093e-05,0.312495104000007,0.61949999296,1.486124996288,-3.7499985920000007
1.60935e-05,0.312495104000007,0.61949999296,1.488624996032,-3.7499985920000007
1.6094000000000002e-05,0.312495104000007,0.6132499936,1.489874995904,-3.437498624
1.60945e-05,0.312495104000007,0.61949999296,1.489874995904,-3.7499985920000007
1.6095e-05,-0.46875494399999695,0.61949999296,1.48737499616,-3.7499985920000007
1.6095500000000002e-05,-0.46875494399999695,0.61949999296,1.48737499616,-3.7499985920000007
1.6096e-05,-1.250004992000001,0.61949999296,1.486124996288,-3.7499985920000007
1.60965e-05,0.312495104000007,0.61949999296,1.486124996288,-3.7499985920000007
1.6097000000000002e-05,-0.46875494399999695,0.61949999296,1.486124996288,-3.7499985920000007
1.60975e-05,-0.46875494399999695,0.61949999296,1.48737499616,-3.7499985920000007
1.6098e-05,0.312495104000007,0.61949999296,1.488624996032,-3.437498624
1.6098500000000002e-05,-0.46875494399999695,0.6132499936,1.489874995904,-3.7499985920000007
1.6099e-05,-0.46875494399999695,0.6132499936,1.4923749956480001,-3.437498624
1.60995e-05,0.312495104000007,0.61949999296,1.489874995904,-3.7499985920000007
1.6100000000000002e-05,-0.46875494399999695,0.61949999296,1.489874995904,-3.7499985920000007
1.61005e-05,0.312495104000007,0.61949999296,1.491124995776,-4.062498560000002
1.6101e-05,0.312495104000007,0.62574999232,1.491124995776,-3.7499985920000007
1.61015e-05,-0.46875494399999695,0.61949999296,1.491124995776,-3.7499985920000007
1.6102e-05,-0.46875494399999695,0.61949999296,1.489874995904,-3.437498624
1.61025e-05,0.312495104000007,0.61949999296,1.491124995776,-3.7499985920000007
1.6103e-05,-0.46875494399999695,0.61949999296,1.489874995904,-3.7499985920000007
1.6103500000000003e-05,0.312495104000007,0.61949999296,1.491124995776,-3.7499985920000007
1.6104e-05,0.312495104000007,0.61949999296,1.489874995904,-3.7499985920000007
1.61045e-05,1.0937451519999968,0.61949999296,1.491124995776,-3.7499985920000007
1.6105000000000003e-05,-0.46875494399999695,0.61949999296,1.489874995904,-3.7499985920000007
1.61055e-05,0.312495104000007,0.6132499936,1.491124995776,-3.437498624
1.6106e-05,0.312495104000007,0.6132499936,1.491124995776,-3.7499985920000007
1.6106500000000002e-05,0.312495104000007,0.6132499936,1.488624996032,-3.7499985920000007
1.6107e-05,0.312495104000007,0.6132499936,1.488624996032,-3.437498624
1.61075e-05,0.312495104000007,0.6132499936,1.488624996032,-3.437498624
1.6108000000000002e-05,0.312495104000007,0.6132499936,1.489874995904,-3.1249986560000007
1.61085e-05,1.0937451519999968,0.61949999296,1.489874995904,-3.7499985920000007
1.6109e-05,-0.46875494399999695,0.61949999296,1.489874995904,-3.437498624
1.6109500000000002e-05,0.312495104000007,0.6132499936,1.489874995904,-3.7499985920000007
1.611e-05,0.312495104000007,0.6132499936,1.489874995904,-3.7499985920000007
1.61105e-05,0.312495104000007,0.6132499936,1.489874995904,-3.437498624
1.6111000000000002e-05,0.312495104000007,0.61949999296,1.489874995904,-3.437498624
1.61115e-05,0.312495104000007,0.61949999296,1.491124995776,-4.062498560000002
1.6112e-05,0.312495104000007,0.61949999296,1.48737499616,-3.437498624
1.6112500000000002e-05,1.0937451519999968,0.6132499936,1.486124996288,-3.7499985920000007
1.6113e-05,0.312495104000007,0.6132499936,1.48737499616,-3.437498624
1.61135e-05,0.312495104000007,0.6132499936,1.488624996032,-3.7499985920000007
1.6114000000000002e-05,0.312495104000007,0.6132499936,1.48737499616,-3.437498624
1.61145e-05,0.312495104000007,0.6132499936,1.48737499616,-3.7499985920000007
1.6115e-05,-0.46875494399999695,0.6132499936,1.489874995904,-3.437498624
1.6115500000000002e-05,0.312495104000007,0.6132499936,1.491124995776,-3.1249986560000007
1.6116e-05,-0.46875494399999695,0.61949999296,1.489874995904,-3.437498624
1.61165e-05,0.312495104000007,0.61949999296,1.48737499616,-3.7499985920000007
1.6117000000000002e-05,1.0937451519999968,0.61949999296,1.488624996032,-3.437498624
1.61175e-05,-0.46875494399999695,0.61949999296,1.489874995904,-3.7499985920000007
1.6118e-05,-0.46875494399999695,0.61949999296,1.488624996032,-3.437498624
1.61185e-05,-0.46875494399999695,0.61949999296,1.48737499616,-3.7499985920000007
1.6119e-05,0.312495104000007,0.6132499936,1.486124996288,-3.7499985920000007
1.61195e-05,1.0937451519999968,0.6132499936,1.48737499616,-3.7499985920000007
1.612e-05,0.312495104000007,0.61949999296,1.484874996416,-3.437498624
1.6120500000000003e-05,0.312495104000007,0.61949999296,1.483624996544,-3.7499985920000007
1.6121e-05,-0.46875494399999695,0.6132499936,1.483624996544,-3.437498624
1.61215e-05,0.312495104000007,0.62574999232,1.486124996288,-3.437498624
1.6122000000000003e-05,0.312495104000007,0.61949999296,1.488624996032,-3.437498624
1.61225e-05,0.312495104000007,0.6132499936,1.486124996288,-3.7499985920000007
1.6123e-05,0.312495104000007,0.6132499936,1.486124996288,-3.437498624
1.6123500000000002e-05,-0.46875494399999695,0.6132499936,1.486124996288,-3.437498624
1.6124e-05,-0.46875494399999695,0.61949999296,1.486124996288,-3.437498624
1.61245e-05,0.312495104000007,0.61949999296,1.48737499616,-3.7499985920000007
1.6125000000000002e-05,1.0937451519999968,0.6132499936,1.48737499616,-3.437498624
1.61255e-05,0.312495104000007,0.6132499936,1.48737499616,-3.7499985920000007
1.6126e-05,-0.46875494399999695,0.61949999296,1.488624996032,-3.437498624
1.6126500000000002e-05,-0.46875494399999695,0.6132499936,1.48737499616,-3.7499985920000007
1.6127e-05,0.312495104000007,0.61949999296,1.486124996288,-3.7499985920000007
1.61275e-05,-0.46875494399999695,0.61949999296,1.48737499616,-4.062498560000002
1.6128000000000002e-05,0.312495104000007,0.61949999296,1.48737499616,-3.7499985920000007
1.61285e-05,-0.46875494399999695,0.61949999296,1.489874995904,-3.7499985920000007
1.6129e-05,-0.46875494399999695,0.6132499936,1.489874995904,-3.7499985920000007
1.6129500000000002e-05,0.312495104000007,0.6132499936,1.488624996032,-3.7499985920000007
1.613e-05,0.312495104000007,0.6132499936,1.486124996288,-3.7499985920000007
1.61305e-05,-0.46875494399999695,0.6132499936,1.488624996032,-3.7499985920000007
1.6131000000000002e-05,0.312495104000007,0.61949999296,1.491124995776,-3.1249986560000007
1.61315e-05,0.312495104000007,0.61949999296,1.489874995904,-3.437498624
1.6132e-05,-0.46875494399999695,0.61949999296,1.488624996032,-3.437498624
1.6132500000000002e-05,0.312495104000007,0.61949999296,1.48737499616,-3.437498624
1.6133e-05,0.312495104000007,0.62574999232,1.486124996288,-3.7499985920000007
1.61335e-05,-0.46875494399999695,0.61949999296,1.48737499616,-3.7499985920000007
1.6134000000000002e-05,0.312495104000007,0.61949999296,1.488624996032,-3.437498624
1.61345e-05,0.312495104000007,0.6132499936,1.488624996032,-3.7499985920000007
1.6135e-05,0.312495104000007,0.6132499936,1.484874996416,-3.7499985920000007
1.61355e-05,-1.250004992000001,0.6132499936,1.486124996288,-3.7499985920000007
1.6136e-05,0.312495104000007,0.61949999296,1.486124996288,-3.437498624
1.61365e-05,0.312495104000007,0.6132499936,1.489874995904,-3.7499985920000007
1.6137e-05,0.312495104000007,0.61949999296,1.489874995904,-3.7499985920000007
1.6137500000000003e-05,0.312495104000007,0.61949999296,1.48737499616,-3.7499985920000007
1.6138e-05,0.312495104000007,0.61949999296,1.486124996288,-3.437498624
1.61385e-05,-0.46875494399999695,0.61949999296,1.486124996288,-3.7499985920000007
1.6139000000000003e-05,0.312495104000007,0.6132499936,1.486124996288,-3.437498624
1.61395e-05,0.312495104000007,0.6132499936,1.489874995904,-3.7499985920000007
1.614e-05,-0.46875494399999695,0.6132499936,1.489874995904,-3.7499985920000007
1.6140500000000002e-05,0.312495104000007,0.61949999296,1.48737499616,-4.062498560000002
1.6141e-05,0.312495104000007,0.62574999232,1.48737499616,-3.7499985920000007
1.61415e-05,0.312495104000007,0.61949999296,1.488624996032,-3.7499985920000007
1.6142000000000002e-05,-0.46875494399999695,0.6132499936,1.489874995904,-3.437498624
1.61425e-05,-0.46875494399999695,0.6132499936,1.491124995776,-3.7499985920000007
1.6143e-05,-1.250004992000001,0.61949999296,1.488624996032,-3.7499985920000007
1.6143500000000002e-05,0.312495104000007,0.61949999296,1.48737499616,-3.7499985920000007
1.6144e-05,-0.46875494399999695,0.61949999296,1.484874996416,-3.437498624
1.61445e-05,0.312495104000007,0.61949999296,1.48737499616,-3.7499985920000007
1.6145000000000002e-05,0.312495104000007,0.61949999296,1.486124996288,-3.437498624
1.61455e-05,0.312495104000007,0.61949999296,1.486124996288,-3.7499985920000007
1.6146e-05,0.312495104000007,0.61949999296,1.486124996288,-3.7499985920000007
1.6146500000000002e-05,0.312495104000007,0.61949999296,1.488624996032,-3.7499985920000007
1.6147e-05,0.312495104000007,0.61949999296,1.489874995904,-3.437498624
1.61475e-05,0.312495104000007,0.6132499936,1.484874996416,-3.437498624
1.6148000000000002e-05,0.312495104000007,0.6132499936,1.484874996416,-3.437498624
1.61485e-05,0.312495104000007,0.61949999296,1.486124996288,-3.437498624
1.6149e-05,0.312495104000007,0.61949999296,1.486124996288,-3.437498624
1.6149500000000002e-05,0.312495104000007,0.61949999296,1.486124996288,-3.437498624
1.615e-05,0.312495104000007,0.6132499936,1.486124996288,-3.437498624
1.61505e-05,-0.46875494399999695,0.6132499936,1.484874996416,-3.437498624
1.6151000000000002e-05,0.312495104000007,0.61949999296,1.484874996416,-3.7499985920000007
1.61515e-05,-0.46875494399999695,0.61949999296,1.486124996288,-3.7499985920000007
1.6152e-05,0.312495104000007,0.61949999296,1.484874996416,-3.437498624
1.61525e-05,1.0937451519999968,0.61949999296,1.48737499616,-4.062498560000002
1.6153e-05,-0.46875494399999695,0.61949999296,1.48737499616,-3.1249986560000007
1.61535e-05,0.312495104000007,0.6132499936,1.488624996032,-3.7499985920000007
1.6154e-05,0.312495104000007,0.61949999296,1.486124996288,-3.7499985920000007
1.6154500000000003e-05,-0.46875494399999695,0.61949999296,1.484874996416,-4.062498560000002
1.6155e-05,0.312495104000007,0.61949999296,1.483624996544,-3.7499985920000007
1.61555e-05,0.312495104000007,0.61949999296,1.484874996416,-3.7499985920000007
1.6156000000000003e-05,0.312495104000007,0.61949999296,1.48737499616,-3.7499985920000007
1.61565e-05,-0.46875494399999695,0.61949999296,1.488624996032,-4.062498560000002
1.6157e-05,-0.46875494399999695,0.61949999296,1.484874996416,-3.7499985920000007
1.6157500000000002e-05,-0.46875494399999695,0.61949999296,1.483624996544,-3.7499985920000007
1.6158e-05,0.312495104000007,0.61949999296,1.484874996416,-3.437498624
1.61585e-05,0.312495104000007,0.62574999232,1.483624996544,-3.7499985920000007
1.6159000000000002e-05,0.312495104000007,0.61949999296,1.4823749966720001,-3.7499985920000007
1.61595e-05,0.312495104000007,0.61949999296,1.48737499616,-3.7499985920000007
1.616e-05,-0.46875494399999695,0.61949999296,1.48737499616,-3.7499985920000007
1.6160500000000002e-05,0.312495104000007,0.61949999296,1.488624996032,-3.7499985920000007
1.6161e-05,-0.46875494399999695,0.61949999296,1.488624996032,-3.437498624
1.61615e-05,0.312495104000007,0.62574999232,1.491124995776,-3.437498624
1.6162000000000002e-05,0.312495104000007,0.61949999296,1.489874995904,-3.437498624
1.61625e-05,-0.46875494399999695,0.61949999296,1.48737499616,-3.7499985920000007
1.6163e-05,0.312495104000007,0.61949999296,1.48737499616,-3.437498624
1.6163500000000002e-05,0.312495104000007,0.61949999296,1.488624996032,-3.437498624
1.6164e-05,-0.46875494399999695,0.61949999296,1.488624996032,-3.437498624
1.61645e-05,1.0937451519999968,0.61949999296,1.489874995904,-3.7499985920000007
1.6165000000000002e-05,-0.46875494399999695,0.6132499936,1.488624996032,-3.437498624
1.61655e-05,0.312495104000007,0.61949999296,1.486124996288,-3.7499985920000007
1.6166e-05,-0.46875494399999695,0.6132499936,1.484874996416,-3.437498624
1.6166500000000002e-05,-0.46875494399999695,0.61949999296,1.486124996288,-3.7499985920000007
1.6167e-05,0.312495104000007,0.62574999232,1.486124996288,-4.062498560000002
1.61675e-05,0.312495104000007,0.6132499936,1.48737499616,-3.7499985920000007
1.6168000000000002e-05,0.312495104000007,0.61949999296,1.486124996288,-3.437498624
1.61685e-05,0.312495104000007,0.6132499936,1.48737499616,-4.062498560000002
1.6169e-05,-0.46875494399999695,0.6132499936,1.488624996032,-3.437498624
1.61695e-05,0.312495104000007,0.61949999296,1.489874995904,-3.7499985920000007
1.617e-05,-0.46875494399999695,0.61949999296,1.488624996032,-3.437498624
1.61705e-05,-0.46875494399999695,0.61949999296,1.489874995904,-3.7499985920000007
1.6171e-05,0.312495104000007,0.61949999296,1.489874995904,-3.437498624
1.6171500000000003e-05,0.312495104000007,0.6132499936,1.488624996032,-3.7499985920000007
1.6172e-05,0.312495104000007,0.61949999296,1.48737499616,-3.7499985920000007
1.61725e-05,-0.46875494399999695,0.62574999232,1.484874996416,-3.7499985920000007
1.6173000000000003e-05,0.312495104000007,0.62574999232,1.48737499616,-3.437498624
1.61735e-05,0.312495104000007,0.61949999296,1.488624996032,-3.7499985920000007
1.6174e-05,-0.46875494399999695,0.60699999424,1.488624996032,-3.7499985920000007
1.6174500000000002e-05,-0.46875494399999695,0.6132499936,1.488624996032,-3.7499985920000007
1.6175e-05,0.312495104000007,0.61949999296,1.489874995904,-3.7499985920000007
1.61755e-05,-0.46875494399999695,0.61949999296,1.489874995904,-4.062498560000002
1.6176000000000002e-05,-1.250004992000001,0.61949999296,1.488624996032,-3.7499985920000007
1.61765e-05,1.0937451519999968,0.61949999296,1.489874995904,-4.062498560000002
1.6177e-05,-0.46875494399999695,0.6132499936,1.488624996032,-3.7499985920000007
1.6177500000000002e-05,0.312495104000007,0.6132499936,1.48737499616,-3.7499985920000007
1.6178e-05,0.312495104000007,0.61949999296,1.486124996288,-3.7499985920000007
1.61785e-05,-0.46875494399999695,0.6132499936,1.4823749966720001,-4.062498560000002
1.6179000000000002e-05,0.312495104000007,0.61949999296,1.483624996544,-3.7499985920000007
1.61795e-05,0.312495104000007,0.61949999296,1.488624996032,-3.437498624
1.618e-05,0.312495104000007,0.6132499936,1.489874995904,-3.437498624
1.6180500000000002e-05,-0.46875494399999695,0.61949999296,1.488624996032,-3.7499985920000007
1.6181e-05,0.312495104000007,0.6132499936,1.486124996288,-3.437498624
1.61815e-05,0.312495104000007,0.6132499936,1.486124996288,-3.7499985920000007
1.6182000000000002e-05,-0.46875494399999695,0.6132499936,1.486124996288,-3.437498624
1.61825e-05,0.312495104000007,0.6132499936,1.48737499616,-3.437498624
1.6183e-05,0.312495104000007,0.61949999296,1.48737499616,-3.7499985920000007
1.6183500000000002e-05,-0.46875494399999695,0.61949999296,1.488624996032,-4.062498560000002
1.6184e-05,0.312495104000007,0.61949999296,1.48737499616,-4.062498560000002
1.61845e-05,0.312495104000007,0.6132499936,1.488624996032,-4.062498560000002
1.6185000000000002e-05,0.312495104000007,0.61949999296,1.48737499616,-3.7499985920000007
1.61855e-05,0.312495104000007,0.6132499936,1.486124996288,-3.7499985920000007
1.6186e-05,0.312495104000007,0.60699999424,1.486124996288,-3.7499985920000007
1.61865e-05,-0.46875494399999695,0.6132499936,1.489874995904,-3.7499985920000007
1.6187e-05,-0.46875494399999695,0.61949999296,1.489874995904,-3.437498624
1.61875e-05,0.312495104000007,0.6132499936,1.486124996288,-3.437498624
1.6188e-05,0.312495104000007,0.61949999296,1.48737499616,-3.437498624
1.6188500000000003e-05,-0.46875494399999695,0.61949999296,1.489874995904,-3.7499985920000007
1.6189e-05,0.312495104000007,0.61949999296,1.488624996032,-3.437498624
1.61895e-05,-0.46875494399999695,0.61949999296,1.488624996032,-3.7499985920000007
1.6190000000000003e-05,-0.46875494399999695,0.6132499936,1.489874995904,-3.7499985920000007
1.61905e-05,-0.46875494399999695,0.6132499936,1.491124995776,-3.7499985920000007
1.6191e-05,0.312495104000007,0.61949999296,1.489874995904,-3.7499985920000007
1.6191500000000002e-05,-0.46875494399999695,0.61949999296,1.4923749956480001,-3.7499985920000007
1.6192e-05,0.312495104000007,0.61949999296,1.491124995776,-3.437498624
1.61925e-05,1.0937451519999968,0.61949999296,1.491124995776,-4.062498560000002
1.6193000000000002e-05,0.312495104000007,0.6132499936,1.489874995904,-3.437498624
1.61935e-05,0.312495104000007,0.61949999296,1.488624996032,-3.7499985920000007
1.6194e-05,0.312495104000007,0.61949999296,1.48737499616,-3.437498624
1.6194500000000002e-05,0.312495104000007,0.6132499936,1.488624996032,-3.7499985920000007
1.6195e-05,0.312495104000007,0.61949999296,1.491124995776,-3.437498624
1.61955e-05,0.312495104000007,0.61949999296,1.489874995904,-3.437498624
1.6196000000000002e-05,-0.46875494399999695,0.6132499936,1.48737499616,-3.437498624
1.61965e-05,0.312495104000007,0.6132499936,1.488624996032,-3.7499985920000007
1.6197e-05,0.312495104000007,0.6132499936,1.488624996032,-3.437498624
1.6197500000000002e-05,-0.46875494399999695,0.61949999296,1.488624996032,-3.7499985920000007
1.6198e-05,-0.46875494399999695,0.6132499936,1.491124995776,-3.437498624
1.61985e-05,-0.46875494399999695,0.6132499936,1.491124995776,-3.437498624
1.6199000000000002e-05,0.312495104000007,0.61949999296,1.48737499616,-3.7499985920000007
1.61995e-05,-0.46875494399999695,0.61949999296,1.488624996032,-4.062498560000002
1.62e-05,0.312495104000007,0.61949999296,1.48737499616,-3.7499985920000007
1.6200500000000002e-05,0.312495104000007,0.6132499936,1.48737499616,-4.062498560000002
1.6201e-05,-0.46875494399999695,0.61949999296,1.488624996032,-3.437498624
1.62015e-05,0.312495104000007,0.61949999296,1.48737499616,-3.7499985920000007
1.6202000000000002e-05,0.312495104000007,0.61949999296,1.48737499616,-3.437498624
1.62025e-05,0.312495104000007,0.6132499936,1.488624996032,-3.7499985920000007
1.6203e-05,-0.46875494399999695,0.61949999296,1.489874995904,-3.437498624
1.62035e-05,-0.46875494399999695,0.61949999296,1.489874995904,-3.437498624
1.6204e-05,-0.46875494399999695,0.6132499936,1.489874995904,-3.7499985920000007
1.62045e-05,-0.46875494399999695,0.61949999296,1.489874995904,-4.062498560000002
1.6205e-05,1.0937451519999968,0.61949999296,1.488624996032,-3.437498624
1.6205500000000003e-05,0.312495104000007,0.6132499936,1.489874995904,-3.437498624
1.6206e-05,-0.46875494399999695,0.61949999296,1.491124995776,-3.437498624
1.62065e-05,-0.46875494399999695,0.62574999232,1.489874995904,-3.437498624
1.6207000000000003e-05,0.312495104000007,0.61949999296,1.48737499616,-3.7499985920000007
1.62075e-05,-0.46875494399999695,0.61949999296,1.488624996032,-4.062498560000002
1.6208e-05,-0.46875494399999695,0.61949999296,1.489874995904,-4.062498560000002
1.6208500000000002e-05,-0.46875494399999695,0.6132499936,1.491124995776,-3.7499985920000007
1.6209e-05,-0.46875494399999695,0.61949999296,1.489874995904,-3.7499985920000007
1.62095e-05,-0.46875494399999695,0.6132499936,1.491124995776,-3.7499985920000007
1.6210000000000002e-05,0.312495104000007,0.6132499936,1.4923749956480001,-3.7499985920000007
1.62105e-05,0.312495104000007,0.6132499936,1.4923749956480001,-3.7499985920000007
1.6211e-05,-0.46875494399999695,0.6132499936,1.4923749956480001,-3.437498624
1.6211500000000002e-05,0.312495104000007,0.6132499936,1.489874995904,-3.7499985920000007
1.6212e-05,-0.46875494399999695,0.6132499936,1.488624996032,-3.7499985920000007
1.62125e-05,-0.46875494399999695,0.61949999296,1.489874995904,-4.062498560000002
1.6213000000000002e-05,0.312495104000007,0.61949999296,1.491124995776,-3.7499985920000007
1.62135e-05,-0.46875494399999695,0.61949999296,1.489874995904,-3.7499985920000007
1.6214e-05,-0.46875494399999695,0.6132499936,1.488624996032,-3.437498624
1.6214500000000002e-05,-0.46875494399999695,0.61949999296,1.488624996032,-3.7499985920000007
1.6215e-05,-0.46875494399999695,0.62574999232,1.489874995904,-3.7499985920000007
1.62155e-05,-0.46875494399999695,0.61949999296,1.4923749956480001,-4.062498560000002
1.6216000000000002e-05,0.312495104000007,0.61949999296,1.488624996032,-3.7499985920000007
1.62165e-05,0.312495104000007,0.61949999296,1.488624996032,-4.062498560000002
1.6217e-05,-0.46875494399999695,0.61949999296,1.48737499616,-3.437498624
1.6217500000000002e-05,0.312495104000007,0.61949999296,1.48737499616,-3.437498624
1.6218e-05,-0.46875494399999695,0.6132499936,1.484874996416,-3.437498624
1.62185e-05,0.312495104000007,0.61949999296,1.483624996544,-3.7499985920000007
1.6219000000000002e-05,-0.46875494399999695,0.61949999296,1.488624996032,-3.7499985920000007
1.62195e-05,-0.46875494399999695,0.6132499936,1.488624996032,-3.7499985920000007
1.622e-05,-0.46875494399999695,0.6132499936,1.488624996032,-3.437498624
1.62205e-05,-0.46875494399999695,0.61949999296,1.489874995904,-3.7499985920000007
1.6221e-05,-0.46875494399999695,0.6132499936,1.491124995776,-3.437498624
1.62215e-05,-0.46875494399999695,0.6132499936,1.489874995904,-3.7499985920000007
1.6222e-05,-0.46875494399999695,0.6132499936,1.488624996032,-3.7499985920000007
1.6222500000000003e-05,-0.46875494399999695,0.6132499936,1.488624996032,-3.7499985920000007
1.6223e-05,-0.46875494399999695,0.61949999296,1.488624996032,-3.7499985920000007
1.62235e-05,0.312495104000007,0.6132499936,1.489874995904,-3.7499985920000007
1.6224000000000003e-05,0.312495104000007,0.61949999296,1.488624996032,-3.437498624
1.62245e-05,0.312495104000007,0.6132499936,1.488624996032,-4.062498560000002
1.6225e-05,-0.46875494399999695,0.60699999424,1.48737499616,-3.437498624
1.6225500000000002e-05,-0.46875494399999695,0.61949999296,1.488624996032,-3.7499985920000007
1.6226e-05,0.312495104000007,0.61949999296,1.491124995776,-3.7499985920000007
1.62265e-05,0.312495104000007,0.6132499936,1.491124995776,-3.7499985920000007
1.6227000000000002e-05,-0.46875494399999695,0.61949999296,1.489874995904,-3.437498624
1.62275e-05,-0.46875494399999695,0.6132499936,1.488624996032,-3.437498624
1.6228e-05,-0.46875494399999695,0.6132499936,1.488624996032,-3.437498624
1.6228500000000002e-05,-0.46875494399999695,0.61949999296,1.489874995904,-3.437498624
1.6229e-05,-0.46875494399999695,0.61949999296,1.489874995904,-3.437498624
1.62295e-05,-0.46875494399999695,0.61949999296,1.48737499616,-3.7499985920000007
1.6230000000000002e-05,-0.46875494399999695,0.6132499936,1.48737499616,-3.7499985920000007
1.62305e-05,0.312495104000007,0.6132499936,1.48737499616,-3.7499985920000007
1.6231e-05,0.312495104000007,0.6132499936,1.484874996416,-3.7499985920000007
1.6231500000000002e-05,0.312495104000007,0.6132499936,1.48737499616,-3.7499985920000007
1.6232e-05,-1.250004992000001,0.61949999296,1.486124996288,-3.7499985920000007
1.62325e-05,-0.46875494399999695,0.6132499936,1.48737499616,-4.062498560000002
1.6233000000000002e-05,-0.46875494399999695,0.6132499936,1.488624996032,-3.7499985920000007
1.62335e-05,0.312495104000007,0.61949999296,1.488624996032,-3.7499985920000007
1.6234e-05,0.312495104000007,0.62574999232,1.486124996288,-3.437498624
1.6234500000000002e-05,-0.46875494399999695,0.61949999296,1.486124996288,-3.7499985920000007
1.6235e-05,0.312495104000007,0.6132499936,1.48737499616,-3.7499985920000007
1.62355e-05,0.312495104000007,0.61949999296,1.486124996288,-3.7499985920000007
1.6236000000000002e-05,0.312495104000007,0.61949999296,1.484874996416,-3.7499985920000007
1.62365e-05,1.0937451519999968,0.61949999296,1.48737499616,-3.7499985920000007
1.6237e-05,0.312495104000007,0.61949999296,1.488624996032,-3.437498624
1.62375e-05,0.312495104000007,0.6132499936,1.48737499616,-3.437498624
1.6238e-05,0.312495104000007,0.6132499936,1.488624996032,-3.1249986560000007
1.62385e-05,-0.46875494399999695,0.62574999232,1.48737499616,-3.7499985920000007
1.6239e-05,0.312495104000007,0.62574999232,1.484874996416,-3.7499985920000007
1.6239500000000003e-05,-0.46875494399999695,0.61949999296,1.486124996288,-3.7499985920000007
1.624e-05,0.312495104000007,0.61949999296,1.48737499616,-3.7499985920000007
1.62405e-05,-0.46875494399999695,0.61949999296,1.489874995904,-3.7499985920000007
1.6241000000000003e-05,0.312495104000007,0.6132499936,1.48737499616,-3.7499985920000007
1.62415e-05,-0.46875494399999695,0.6132499936,1.484874996416,-3.7499985920000007
1.6242e-05,0.312495104000007,0.6132499936,1.484874996416,-3.437498624
1.6242500000000002e-05,-0.46875494399999695,0.6132499936,1.48737499616,-3.7499985920000007
1.6243e-05,-0.46875494399999695,0.62574999232,1.48737499616,-3.7499985920000007
1.62435e-05,0.312495104000007,0.61949999296,1.486124996288,-3.7499985920000007
1.6244000000000002e-05,0.312495104000007,0.61949999296,1.48737499616,-3.7499985920000007
1.62445e-05,-0.46875494399999695,0.61949999296,1.488624996032,-3.437498624
1.6245e-05,0.312495104000007,0.61949999296,1.488624996032,-3.437498624
1.6245500000000002e-05,0.312495104000007,0.61949999296,1.48737499616,-3.7499985920000007
1.6246e-05,0.312495104000007,0.6132499936,1.488624996032,-3.437498624
1.62465e-05,0.312495104000007,0.6132499936,1.488624996032,-3.437498624
1.6247000000000002e-05,-0.46875494399999695,0.6132499936,1.486124996288,-3.7499985920000007
1.62475e-05,-1.250004992000001,0.61949999296,1.486124996288,-3.7499985920000007
1.6248e-05,0.312495104000007,0.61949999296,1.484874996416,-3.437498624
1.6248500000000002e-05,-0.46875494399999695,0.6132499936,1.486124996288,-3.7499985920000007
1.6249e-05,-0.46875494399999695,0.6132499936,1.484874996416,-3.7499985920000007
1.62495e-05,-0.46875494399999695,0.61949999296,1.486124996288,-3.7499985920000007
1.6250000000000002e-05,0.312495104000007,0.6132499936,1.48737499616,-3.7499985920000007
1.62505e-05,0.312495104000007,0.6132499936,1.486124996288,-3.7499985920000007
1.6251e-05,0.312495104000007,0.6132499936,1.484874996416,-3.7499985920000007
1.6251500000000002e-05,0.312495104000007,0.6132499936,1.486124996288,-3.7499985920000007
1.6252e-05,0.312495104000007,0.61949999296,1.484874996416,-3.437498624
1.62525e-05,-0.46875494399999695,0.61949999296,1.48737499616,-3.437498624
1.6253000000000002e-05,0.312495104000007,0.61949999296,1.486124996288,-3.437498624
1.62535e-05,0.312495104000007,0.6132499936,1.484874996416,-3.7499985920000007
1.6254e-05,0.312495104000007,0.6132499936,1.488624996032,-3.7499985920000007
1.62545e-05,0.312495104000007,0.6132499936,1.488624996032,-3.7499985920000007
1.6255e-05,1.0937451519999968,0.6132499936,1.484874996416,-4.062498560000002
1.62555e-05,0.312495104000007,0.6132499936,1.484874996416,-3.7499985920000007
1.6256e-05,-0.46875494399999695,0.6132499936,1.48737499616,-3.7499985920000007
1.6256500000000003e-05,-0.46875494399999695,0.6132499936,1.48737499616,-3.7499985920000007
1.6257e-05,0.312495104000007,0.61949999296,1.484874996416,-3.437498624
1.62575e-05,0.312495104000007,0.6132499936,1.486124996288,-3.437498624
1.6258000000000003e-05,0.312495104000007,0.6132499936,1.48737499616,-3.437498624
1.62585e-05,-0.46875494399999695,0.61949999296,1.486124996288,-4.062498560000002
1.6259e-05,0.312495104000007,0.62574999232,1.484874996416,-3.437498624
1.6259500000000002e-05,0.312495104000007,0.6132499936,1.486124996288,-3.437498624
1.626e-05,-0.46875494399999695,0.6132499936,1.486124996288,-3.437498624
1.62605e-05,-0.46875494399999695,0.61949999296,1.48737499616,-3.437498624
1.6261000000000002e-05,0.312495104000007,0.61949999296,1.484874996416,-3.437498624
1.62615e-05,0.312495104000007,0.61949999296,1.484874996416,-3.7499985920000007
1.6262e-05,-0.46875494399999695,0.61949999296,1.486124996288,-3.7499985920000007
1.6262500000000002e-05,-0.46875494399999695,0.6132499936,1.48737499616,-3.437498624
1.6263e-05,-0.46875494399999695,0.61949999296,1.484874996416,-3.7499985920000007
1.62635e-05,0.312495104000007,0.6132499936,1.483624996544,-3.7499985920000007
1.6264000000000002e-05,0.312495104000007,0.61949999296,1.483624996544,-3.437498624
1.62645e-05,-0.46875494399999695,0.6132499936,1.484874996416,-3.7499985920000007
1.6265e-05,0.312495104000007,0.61949999296,1.486124996288,-3.437498624
1.6265500000000002e-05,0.312495104000007,0.6132499936,1.488624996032,-3.437498624
1.6266e-05,0.312495104000007,0.61949999296,1.488624996032,-3.437498624
1.62665e-05,-0.46875494399999695,0.6132499936,1.488624996032,-3.7499985920000007
1.6267000000000002e-05,-0.46875494399999695,0.61949999296,1.489874995904,-3.7499985920000007
1.62675e-05,0.312495104000007,0.61949999296,1.488624996032,-3.7499985920000007
1.6268e-05,-0.46875494399999695,0.6132499936,1.486124996288,-3.437498624
1.6268500000000002e-05,0.312495104000007,0.61949999296,1.48737499616,-3.437498624
1.6269e-05,0.312495104000007,0.6132499936,1.488624996032,-3.437498624
1.62695e-05,0.312495104000007,0.6132499936,1.486124996288,-3.7499985920000007
1.6270000000000002e-05,0.312495104000007,0.6132499936,1.484874996416,-3.437498624
1.62705e-05,-0.46875494399999695,0.6132499936,1.486124996288,-3.437498624
1.6271e-05,0.312495104000007,0.61949999296,1.484874996416,-3.7499985920000007
1.62715e-05,-0.46875494399999695,0.61949999296,1.484874996416,-3.7499985920000007
1.6272e-05,0.312495104000007,0.61949999296,1.484874996416,-3.7499985920000007
1.62725e-05,-0.46875494399999695,0.6132499936,1.488624996032,-4.062498560000002
1.6273e-05,-0.46875494399999695,0.61949999296,1.48737499616,-3.437498624
1.6273500000000003e-05,-0.46875494399999695,0.61949999296,1.48737499616,-3.7499985920000007
1.6274e-05,0.312495104000007,0.61949999296,1.486124996288,-3.7499985920000007
1.62745e-05,-0.46875494399999695,0.6132499936,1.483624996544,-3.7499985920000007
1.6275000000000003e-05,-0.46875494399999695,0.61949999296,1.483624996544,-3.437498624
1.62755e-05,0.312495104000007,0.6132499936,1.484874996416,-3.437498624
1.6276e-05,-0.46875494399999695,0.6132499936,1.483624996544,-3.437498624
1.6276500000000002e-05,-0.46875494399999695,0.61949999296,1.486124996288,-3.7499985920000007
1.6277e-05,0.312495104000007,0.61949999296,1.486124996288,-3.7499985920000007
1.62775e-05,0.312495104000007,0.6132499936,1.48737499616,-3.7499985920000007
1.6278000000000002e-05,0.312495104000007,0.6132499936,1.48737499616,-3.7499985920000007
1.62785e-05,-0.46875494399999695,0.6132499936,1.488624996032,-3.7499985920000007
1.6279e-05,-1.250004992000001,0.6132499936,1.486124996288,-3.7499985920000007
1.6279500000000002e-05,-0.46875494399999695,0.6132499936,1.484874996416,-4.062498560000002
1.628e-05,-0.46875494399999695,0.6132499936,1.483624996544,-3.7499985920000007
1.62805e-05,1.0937451519999968,0.6132499936,1.488624996032,-4.062498560000002
1.6281000000000002e-05,0.312495104000007,0.6132499936,1.488624996032,-3.7499985920000007
1.62815e-05,-0.46875494399999695,0.6132499936,1.48737499616,-3.7499985920000007
1.6282e-05,-0.46875494399999695,0.61949999296,1.486124996288,-3.7499985920000007
1.6282500000000002e-05,-0.46875494399999695,0.6132499936,1.486124996288,-3.7499985920000007
1.6283e-05,0.312495104000007,0.61949999296,1.48737499616,-3.7499985920000007
1.62835e-05,0.312495104000007,0.61949999296,1.486124996288,-4.062498560000002
1.6284000000000002e-05,-0.46875494399999695,0.6132499936,1.486124996288,-3.7499985920000007
1.62845e-05,1.0937451519999968,0.61949999296,1.489874995904,-4.062498560000002
1.6285e-05,0.312495104000007,0.6132499936,1.488624996032,-3.7499985920000007
1.6285500000000002e-05,0.312495104000007,0.6132499936,1.486124996288,-3.7499985920000007
1.6286e-05,-0.46875494399999695,0.6132499936,1.486124996288,-3.437498624
1.62865e-05,0.312495104000007,0.61949999296,1.488624996032,-3.7499985920000007
1.6287000000000002e-05,-0.46875494399999695,0.6132499936,1.488624996032,-3.7499985920000007
1.62875e-05,0.312495104000007,0.6132499936,1.488624996032,-3.7499985920000007
1.6288e-05,0.312495104000007,0.61949999296,1.488624996032,-3.7499985920000007
1.62885e-05,0.312495104000007,0.6132499936,1.489874995904,-4.062498560000002
1.6289e-05,-0.46875494399999695,0.6132499936,1.489874995904,-3.7499985920000007
1.62895e-05,-0.46875494399999695,0.6132499936,1.488624996032,-3.7499985920000007
1.629e-05,0.312495104000007,0.6132499936,1.488624996032,-3.437498624
1.6290500000000003e-05,-0.46875494399999695,0.6132499936,1.488624996032,-3.7499985920000007
1.6291e-05,1.0937451519999968,0.6132499936,1.486124996288,-3.7499985920000007
1.62915e-05,-0.46875494399999695,0.61949999296,1.484874996416,-3.7499985920000007
1.6292000000000003e-05,0.312495104000007,0.61949999296,1.483624996544,-3.7499985920000007
1.62925e-05,-0.46875494399999695,0.61949999296,1.48737499616,-3.7499985920000007
1.6293e-05,0.312495104000007,0.6132499936,1.488624996032,-3.437498624
1.6293500000000002e-05,0.312495104000007,0.6132499936,1.486124996288,-3.7499985920000007
1.6294e-05,0.312495104000007,0.6132499936,1.486124996288,-3.7499985920000007
1.62945e-05,0.312495104000007,0.6132499936,1.48737499616,-3.7499985920000007
1.6295000000000002e-05,0.312495104000007,0.61949999296,1.48737499616,-3.7499985920000007
1.62955e-05,0.312495104000007,0.6132499936,1.488624996032,-3.7499985920000007
1.6296e-05,-0.46875494399999695,0.6132499936,1.48737499616,-3.7499985920000007
1.6296500000000002e-05,0.312495104000007,0.6132499936,1.489874995904,-4.062498560000002
1.6297e-05,0.312495104000007,0.6132499936,1.48737499616,-3.7499985920000007
1.62975e-05,0.312495104000007,0.61949999296,1.48737499616,-3.7499985920000007
1.6298000000000002e-05,-0.46875494399999695,0.6132499936,1.48737499616,-3.7499985920000007
1.62985e-05,-0.46875494399999695,0.6132499936,1.48737499616,-4.062498560000002
1.6299e-05,0.312495104000007,0.61949999296,1.48737499616,-4.062498560000002
1.6299500000000002e-05,0.312495104000007,0.6132499936,1.486124996288,-3.7499985920000007
1.63e-05,0.312495104000007,0.61949999296,1.484874996416,-3.437498624
1.63005e-05,1.0937451519999968,0.61949999296,1.486124996288,-3.7499985920000007
1.6301000000000002e-05,0.312495104000007,0.61949999296,1.488624996032,-3.437498624
1.63015e-05,-0.46875494399999695,0.61949999296,1.488624996032,-3.7499985920000007
1.6302e-05,-0.46875494399999695,0.6132499936,1.488624996032,-3.437498624
1.6302500000000002e-05,0.312495104000007,0.6132499936,1.48737499616,-3.437498624
1.6303e-05,-0.46875494399999695,0.61949999296,1.486124996288,-3.7499985920000007
1.63035e-05,-0.46875494399999695,0.61949999296,1.48737499616,-4.062498560000002
1.6304000000000002e-05,0.312495104000007,0.61949999296,1.486124996288,-3.7499985920000007
1.63045e-05,0.312495104000007,0.6132499936,1.486124996288,-3.7499985920000007
1.6305e-05,-0.46875494399999695,0.61949999296,1.483624996544,-3.7499985920000007
1.63055e-05,0.312495104000007,0.6132499936,1.484874996416,-3.437498624
1.6306e-05,-0.46875494399999695,0.6132499936,1.486124996288,-4.062498560000002
1.63065e-05,-0.46875494399999695,0.62574999232,1.48737499616,-4.062498560000002
1.6307e-05,-0.46875494399999695,0.61949999296,1.48737499616,-3.437498624
1.6307500000000003e-05,0.312495104000007,0.6132499936,1.48737499616,-3.437498624
1.6308e-05,-0.46875494399999695,0.6132499936,1.48737499616,-3.7499985920000007
1.63085e-05,-0.46875494399999695,0.61949999296,1.48737499616,-3.7499985920000007
1.6309000000000003e-05,-0.46875494399999695,0.61949999296,1.48737499616,-3.7499985920000007
1.63095e-05,-0.46875494399999695,0.6132499936,1.486124996288,-3.7499985920000007
1.631e-05,-0.46875494399999695,0.6132499936,1.488624996032,-3.437498624
1.6310500000000002e-05,-0.46875494399999695,0.6132499936,1.488624996032,-3.437498624
1.6311e-05,-0.46875494399999695,0.6132499936,1.486124996288,-3.437498624
1.63115e-05,0.312495104000007,0.61949999296,1.488624996032,-3.7499985920000007
1.6312000000000002e-05,0.312495104000007,0.61949999296,1.48737499616,-3.7499985920000007
1.63125e-05,0.312495104000007,0.6132499936,1.488624996032,-4.062498560000002
1.6313e-05,0.312495104000007,0.61949999296,1.486124996288,-3.437498624
1.6313500000000002e-05,0.312495104000007,0.6132499936,1.486124996288,-3.7499985920000007
1.6314e-05,0.312495104000007,0.61949999296,1.48737499616,-3.437498624
1.63145e-05,-0.46875494399999695,0.6132499936,1.488624996032,-3.7499985920000007
1.6315000000000002e-05,-0.46875494399999695,0.6132499936,1.489874995904,-3.7499985920000007
1.63155e-05,0.312495104000007,0.6132499936,1.488624996032,-3.7499985920000007
1.6316e-05,0.312495104000007,0.6132499936,1.48737499616,-3.437498624
1.6316500000000002e-05,0.312495104000007,0.61949999296,1.48737499616,-3.7499985920000007
1.6317e-05,0.312495104000007,0.6132499936,1.48737499616,-3.437498624
1.63175e-05,0.312495104000007,0.6132499936,1.489874995904,-3.7499985920000007
1.6318000000000002e-05,0.312495104000007,0.6132499936,1.491124995776,-3.437498624
1.63185e-05,1.0937451519999968,0.61949999296,1.491124995776,-3.437498624
1.6319e-05,0.312495104000007,0.61949999296,1.488624996032,-3.7499985920000007
1.6319500000000002e-05,0.312495104000007,0.6132499936,1.491124995776,-3.7499985920000007
1.632e-05,0.312495104000007,0.61949999296,1.489874995904,-3.7499985920000007
1.63205e-05,0.312495104000007,0.6132499936,1.489874995904,-3.7499985920000007
1.6321000000000002e-05,-0.46875494399999695,0.6132499936,1.489874995904,-3.7499985920000007
1.63215e-05,0.312495104000007,0.61949999296,1.491124995776,-3.437498624
1.6322e-05,-0.46875494399999695,0.61949999296,1.489874995904,-3.437498624
1.63225e-05,-0.46875494399999695,0.61949999296,1.488624996032,-3.437498624
1.6323e-05,-0.46875494399999695,0.61949999296,1.486124996288,-3.7499985920000007
1.63235e-05,0.312495104000007,0.61949999296,1.489874995904,-3.437498624
1.6324e-05,-0.46875494399999695,0.61949999296,1.489874995904,-3.437498624
1.6324500000000003e-05,-0.46875494399999695,0.61949999296,1.48737499616,-3.7499985920000007
1.6325e-05,0.312495104000007,0.61949999296,1.48737499616,-3.437498624
1.63255e-05,0.312495104000007,0.6132499936,1.488624996032,-3.437498624
1.6326000000000003e-05,-0.46875494399999695,0.60699999424,1.489874995904,-3.437498624
1.63265e-05,-0.46875494399999695,0.6132499936,1.491124995776,-3.437498624
1.6327e-05,0.312495104000007,0.6132499936,1.488624996032,-3.437498624
1.6327500000000002e-05,0.312495104000007,0.60699999424,1.486124996288,-3.7499985920000007
1.6328e-05,0.312495104000007,0.6132499936,1.486124996288,-3.7499985920000007
1.63285e-05,1.0937451519999968,0.6132499936,1.488624996032,-3.7499985920000007
1.6329000000000002e-05,-0.46875494399999695,0.61949999296,1.48737499616,-3.437498624
1.63295e-05,0.312495104000007,0.61949999296,1.483624996544,-3.7499985920000007
1.633e-05,0.312495104000007,0.61949999296,1.4823749966720001,-3.437498624
1.6330500000000002e-05,0.312495104000007,0.6132499936,1.486124996288,-3.437498624
1.6331e-05,0.312495104000007,0.61949999296,1.48737499616,-3.1249986560000007
1.63315e-05,0.312495104000007,0.6132499936,1.484874996416,-3.1249986560000007
1.6332000000000002e-05,0.312495104000007,0.6132499936,1.486124996288,-3.437498624
1.63325e-05,-0.46875494399999695,0.61949999296,1.48737499616,-3.437498624
1.6333e-05,0.312495104000007,0.61949999296,1.488624996032,-3.437498624
1.6333500000000002e-05,-0.46875494399999695,0.6132499936,1.486124996288,-3.7499985920000007
1.6334e-05,0.312495104000007,0.6132499936,1.484874996416,-3.7499985920000007
1.63345e-05,-0.46875494399999695,0.6132499936,1.48737499616,-3.437498624
1.6335000000000002e-05,0.312495104000007,0.6132499936,1.48737499616,-3.7499985920000007
1.63355e-05,-1.250004992000001,0.6132499936,1.488624996032,-3.7499985920000007
1.6336e-05,-0.46875494399999695,0.61949999296,1.486124996288,-3.437498624
1.6336500000000002e-05,0.312495104000007,0.61949999296,1.489874995904,-3.7499985920000007
1.6337e-05,0.312495104000007,0.61949999296,1.489874995904,-3.437498624
1.63375e-05,-0.46875494399999695,0.61949999296,1.48737499616,-3.437498624
1.6338000000000002e-05,0.312495104000007,0.61949999296,1.486124996288,-3.437498624
1.63385e-05,-0.46875494399999695,0.6132499936,1.48737499616,-3.437498624
1.6339e-05,-0.46875494399999695,0.61949999296,1.48737499616,-3.437498624
1.6339500000000002e-05,0.312495104000007,0.6132499936,1.486124996288,-3.1249986560000007
1.634e-05,0.312495104000007,0.6132499936,1.48737499616,-3.437498624
1.63405e-05,0.312495104000007,0.61949999296,1.48737499616,-3.437498624
1.6341e-05,0.312495104000007,0.6132499936,1.486124996288,-3.437498624
1.6341500000000003e-05,0.312495104000007,0.6132499936,1.486124996288,-3.7499985920000007
1.6342e-05,-0.46875494399999695,0.6132499936,1.486124996288,-3.437498624
1.63425e-05,-0.46875494399999695,0.6132499936,1.488624996032,-3.7499985920000007
1.6343000000000003e-05,-0.46875494399999695,0.6132499936,1.48737499616,-3.437498624
1.63435e-05,-0.46875494399999695,0.6132499936,1.48737499616,-3.7499985920000007
1.6344e-05,-0.46875494399999695,0.6132499936,1.486124996288,-3.437498624
1.6344500000000002e-05,0.312495104000007,0.6132499936,1.48737499616,-3.7499985920000007
1.6345e-05,0.312495104000007,0.6132499936,1.48737499616,-3.437498624
1.63455e-05,0.312495104000007,0.6132499936,1.488624996032,-3.437498624
1.6346000000000002e-05,0.312495104000007,0.6132499936,1.48737499616,-3.437498624
1.63465e-05,-0.46875494399999695,0.6132499936,1.48737499616,-3.7499985920000007
1.6347e-05,0.312495104000007,0.62574999232,1.48737499616,-3.1249986560000007
1.6347500000000002e-05,-0.46875494399999695,0.61949999296,1.488624996032,-3.437498624
1.6348e-05,0.312495104000007,0.6132499936,1.48737499616,-3.437498624
1.63485e-05,-0.46875494399999695,0.61949999296,1.488624996032,-3.437498624
1.6349000000000002e-05,0.312495104000007,0.61949999296,1.48737499616,-2.8124986880000016
1.63495e-05,-0.46875494399999695,0.61949999296,1.48737499616,-3.437498624
1.635e-05,0.312495104000007,0.6132499936,1.48737499616,-3.437498624
1.6350500000000002e-05,0.312495104000007,0.6132499936,1.48737499616,-3.437498624
1.6351e-05,0.312495104000007,0.61949999296,1.486124996288,-3.7499985920000007
1.63515e-05,0.312495104000007,0.61949999296,1.488624996032,-3.7499985920000007
1.6352000000000002e-05,0.312495104000007,0.61949999296,1.488624996032,-3.437498624
1.63525e-05,0.312495104000007,0.61949999296,1.488624996032,-3.7499985920000007
1.6353e-05,0.312495104000007,0.6132499936,1.48737499616,-3.437498624
1.6353500000000002e-05,0.312495104000007,0.6132499936,1.48737499616,-3.437498624
1.6354e-05,0.312495104000007,0.61949999296,1.486124996288,-3.7499985920000007
1.63545e-05,0.312495104000007,0.6132499936,1.483624996544,-3.7499985920000007
1.6355000000000002e-05,1.0937451519999968,0.6132499936,1.48737499616,-3.437498624
1.63555e-05,0.312495104000007,0.6132499936,1.488624996032,-3.437498624
1.6356e-05,-0.46875494399999695,0.6132499936,1.48737499616,-3.437498624
1.6356500000000002e-05,-0.46875494399999695,0.61949999296,1.48737499616,-3.437498624
1.6357e-05,0.312495104000007,0.6132499936,1.486124996288,-3.437498624
1.63575e-05,0.312495104000007,0.6132499936,1.486124996288,-3.7499985920000007
1.6358e-05,-0.46875494399999695,0.6132499936,1.486124996288,-3.7499985920000007
1.6358500000000003e-05,0.312495104000007,0.6132499936,1.488624996032,-3.437498624
1.6359e-05,0.312495104000007,0.61949999296,1.48737499616,-3.437498624
1.63595e-05,0.312495104000007,0.6132499936,1.48737499616,-3.7499985920000007
1.6360000000000003e-05,0.312495104000007,0.61949999296,1.489874995904,-3.437498624
1.63605e-05,0.312495104000007,0.6132499936,1.491124995776,-3.7499985920000007
1.6361e-05,0.312495104000007,0.61949999296,1.486124996288,-3.437498624
1.6361500000000003e-05,-0.46875494399999695,0.61949999296,1.483624996544,-3.437498624
1.6362e-05,0.312495104000007,0.61949999296,1.483624996544,-3.7499985920000007
1.63625e-05,1.0937451519999968,0.61949999296,1.484874996416,-3.7499985920000007
1.6363000000000002e-05,-0.46875494399999695,0.61949999296,1.484874996416,-3.7499985920000007
1.63635e-05,0.312495104000007,0.6132499936,1.484874996416,-3.7499985920000007
1.6364e-05,0.312495104000007,0.61949999296,1.48737499616,-3.7499985920000007
1.6364500000000002e-05,0.312495104000007,0.61949999296,1.489874995904,-3.7499985920000007
1.6365e-05,1.0937451519999968,0.61949999296,1.488624996032,-3.7499985920000007
1.63655e-05,0.312495104000007,0.61949999296,1.48737499616,-3.7499985920000007
1.6366000000000002e-05,0.312495104000007,0.6132499936,1.48737499616,-3.437498624
1.63665e-05,0.312495104000007,0.6132499936,1.488624996032,-3.437498624
1.6367e-05,-0.46875494399999695,0.6132499936,1.489874995904,-4.062498560000002
1.6367500000000002e-05,-1.250004992000001,0.6132499936,1.489874995904,-4.062498560000002
1.6368e-05,0.312495104000007,0.6132499936,1.486124996288,-3.437498624
1.63685e-05,0.312495104000007,0.6132499936,1.486124996288,-3.7499985920000007
1.6369000000000002e-05,0.312495104000007,0.6132499936,1.484874996416,-3.437498624
1.63695e-05,0.312495104000007,0.60699999424,1.483624996544,-3.7499985920000007
1.637e-05,0.312495104000007,0.6132499936,1.4823749966720001,-3.437498624
1.6370500000000002e-05,0.312495104000007,0.6132499936,1.486124996288,-3.7499985920000007
1.6371e-05,1.0937451519999968,0.6132499936,1.48737499616,-3.437498624
1.63715e-05,0.312495104000007,0.60699999424,1.486124996288,-3.437498624
1.6372000000000002e-05,0.312495104000007,0.60699999424,1.48737499616,-3.437498624
1.63725e-05,0.312495104000007,0.6132499936,1.488624996032,-3.437498624
1.6373e-05,0.312495104000007,0.61949999296,1.486124996288,-3.437498624
1.6373500000000002e-05,0.312495104000007,0.61949999296,1.48737499616,-3.437498624
1.6374e-05,0.312495104000007,0.6132499936,1.489874995904,-3.437498624
1.63745e-05,0.312495104000007,0.61949999296,1.491124995776,-3.437498624
1.6375e-05,1.0937451519999968,0.61949999296,1.48737499616,-3.7499985920000007
1.6375500000000003e-05,0.312495104000007,0.61949999296,1.484874996416,-4.062498560000002
1.6376e-05,0.312495104000007,0.61949999296,1.483624996544,-3.7499985920000007
1.63765e-05,1.0937451519999968,0.6132499936,1.488624996032,-3.7499985920000007
1.6377000000000003e-05,0.312495104000007,0.6132499936,1.488624996032,-3.7499985920000007
1.63775e-05,0.312495104000007,0.6132499936,1.489874995904,-3.437498624
1.6378e-05,0.312495104000007,0.61949999296,1.488624996032,-3.7499985920000007
1.6378500000000003e-05,0.312495104000007,0.6132499936,1.488624996032,-3.7499985920000007
1.6379e-05,0.312495104000007,0.61949999296,1.48737499616,-3.7499985920000007
1.63795e-05,0.312495104000007,0.61949999296,1.486124996288,-3.437498624
1.6380000000000002e-05,0.312495104000007,0.61949999296,1.48737499616,-3.7499985920000007
1.63805e-05,-0.46875494399999695,0.61949999296,1.489874995904,-3.7499985920000007
1.6381e-05,0.312495104000007,0.61949999296,1.488624996032,-3.7499985920000007
1.6381500000000002e-05,-0.46875494399999695,0.61949999296,1.488624996032,-3.7499985920000007
1.6382e-05,0.312495104000007,0.61949999296,1.489874995904,-3.437498624
1.63825e-05,0.312495104000007,0.6132499936,1.491124995776,-3.437498624
1.6383000000000002e-05,0.312495104000007,0.61949999296,1.48737499616,-3.7499985920000007
1.63835e-05,0.312495104000007,0.61949999296,1.486124996288,-3.7499985920000007
1.6384e-05,-0.46875494399999695,0.61949999296,1.48737499616,-3.437498624
1.6384500000000002e-05,0.312495104000007,0.6132499936,1.489874995904,-3.7499985920000007
1.6385e-05,0.312495104000007,0.6132499936,1.486124996288,-3.1249986560000007
1.63855e-05,0.312495104000007,0.6132499936,1.484874996416,-3.1249986560000007
1.6386000000000002e-05,0.312495104000007,0.61949999296,1.486124996288,-3.7499985920000007
1.63865e-05,0.312495104000007,0.61949999296,1.489874995904,-3.7499985920000007
1.6387e-05,-0.46875494399999695,0.61949999296,1.488624996032,-3.7499985920000007
1.6387500000000002e-05,0.312495104000007,0.6132499936,1.489874995904,-3.437498624
1.6388e-05,-0.46875494399999695,0.6132499936,1.489874995904,-3.437498624
1.63885e-05,1.0937451519999968,0.61949999296,1.491124995776,-3.1249986560000007
1.6389000000000002e-05,0.312495104000007,0.61949999296,1.491124995776,-3.437498624
1.63895e-05,-0.46875494399999695,0.61949999296,1.488624996032,-3.7499985920000007
1.639e-05,-0.46875494399999695,0.61949999296,1.489874995904,-3.437498624
1.6390500000000002e-05,-0.46875494399999695,0.6132499936,1.4923749956480001,-3.437498624
1.6391e-05,0.312495104000007,0.6132499936,1.491124995776,-3.7499985920000007
1.63915e-05,0.312495104000007,0.6132499936,1.491124995776,-3.7499985920000007
1.6392e-05,0.312495104000007,0.61949999296,1.489874995904,-3.437498624
1.63925e-05,0.312495104000007,0.61949999296,1.489874995904,-3.7499985920000007
1.6393e-05,0.312495104000007,0.61949999296,1.48737499616,-3.437498624
1.63935e-05,0.312495104000007,0.61949999296,1.488624996032,-3.7499985920000007
1.6394000000000003e-05,0.312495104000007,0.62574999232,1.488624996032,-3.437498624
1.63945e-05,-0.46875494399999695,0.61949999296,1.48737499616,-3.7499985920000007
1.6395e-05,0.312495104000007,0.61949999296,1.48737499616,-3.437498624
1.6395500000000003e-05,0.312495104000007,0.6132499936,1.488624996032,-3.437498624
1.6396e-05,-0.46875494399999695,0.6132499936,1.488624996032,-3.437498624
1.63965e-05,-0.46875494399999695,0.61949999296,1.488624996032,-3.437498624
1.6397000000000002e-05,-0.46875494399999695,0.61949999296,1.491124995776,-3.437498624
1.63975e-05,0.312495104000007,0.6132499936,1.4923749956480001,-3.437498624
1.6398e-05,0.312495104000007,0.6132499936,1.491124995776,-3.437498624
1.6398500000000002e-05,-0.46875494399999695,0.61949999296,1.489874995904,-3.437498624
1.6399e-05,0.312495104000007,0.6132499936,1.48737499616,-3.437498624
1.63995e-05,-0.46875494399999695,0.6132499936,1.488624996032,-3.7499985920000007
1.6400000000000002e-05,0.312495104000007,0.6132499936,1.488624996032,-3.437498624
1.64005e-05,0.312495104000007,0.6132499936,1.489874995904,-3.437498624
1.6401e-05,0.312495104000007,0.6132499936,1.489874995904,-3.437498624
1.6401500000000002e-05,0.312495104000007,0.61949999296,1.489874995904,-3.7499985920000007
1.6402e-05,0.312495104000007,0.61949999296,1.486124996288,-3.437498624
1.64025e-05,-0.46875494399999695,0.61949999296,1.484874996416,-3.7499985920000007
1.6403000000000002e-05,-0.46875494399999695,0.6132499936,1.488624996032,-3.437498624
1.64035e-05,0.312495104000007,0.6132499936,1.489874995904,-3.437498624
1.6404e-05,-0.46875494399999695,0.6132499936,1.488624996032,-3.1249986560000007
1.6404500000000002e-05,1.0937451519999968,0.61949999296,1.488624996032,-3.437498624
1.6405e-05,0.312495104000007,0.6132499936,1.486124996288,-3.437498624
1.64055e-05,0.312495104000007,0.6132499936,1.484874996416,-3.7499985920000007
1.6406000000000002e-05,0.312495104000007,0.61949999296,1.484874996416,-3.437498624
1.64065e-05,0.312495104000007,0.6132499936,1.488624996032,-3.437498624
1.6407e-05,0.312495104000007,0.6132499936,1.48737499616,-3.7499985920000007
1.6407500000000002e-05,0.312495104000007,0.6132499936,1.488624996032,-3.7499985920000007
1.6408e-05,0.312495104000007,0.6132499936,1.48737499616,-3.7499985920000007
1.64085e-05,0.312495104000007,0.6132499936,1.48737499616,-3.7499985920000007
1.6409e-05,-0.46875494399999695,0.6132499936,1.486124996288,-3.437498624
1.64095e-05,0.312495104000007,0.6132499936,1.48737499616,-3.437498624
1.641e-05,0.312495104000007,0.61949999296,1.48737499616,-3.437498624
1.64105e-05,-0.46875494399999695,0.6132499936,1.488624996032,-3.7499985920000007
1.6411000000000003e-05,0.312495104000007,0.6132499936,1.488624996032,-3.437498624
1.64115e-05,0.312495104000007,0.6132499936,1.488624996032,-3.437498624
1.6412e-05,0.312495104000007,0.6132499936,1.48737499616,-3.437498624
1.6412500000000003e-05,0.312495104000007,0.61949999296,1.488624996032,-3.7499985920000007
1.6413e-05,1.0937451519999968,0.6132499936,1.48737499616,-3.437498624
1.64135e-05,0.312495104000007,0.61949999296,1.486124996288,-3.7499985920000007
1.6414000000000002e-05,0.312495104000007,0.61949999296,1.48737499616,-3.437498624
1.64145e-05,0.312495104000007,0.6132499936,1.48737499616,-3.7499985920000007
1.6415e-05,0.312495104000007,0.6132499936,1.484874996416,-3.437498624
1.6415500000000002e-05,0.312495104000007,0.6132499936,1.48737499616,-3.7499985920000007
1.6416e-05,0.312495104000007,0.61949999296,1.48737499616,-3.437498624
1.64165e-05,0.312495104000007,0.6132499936,1.489874995904,-3.7499985920000007
1.6417000000000002e-05,-0.46875494399999695,0.6132499936,1.488624996032,-3.7499985920000007
1.64175e-05,-0.46875494399999695,0.6132499936,1.491124995776,-3.437498624
1.6418e-05,0.312495104000007,0.61949999296,1.489874995904,-3.437498624
1.6418500000000002e-05,0.312495104000007,0.61949999296,1.48737499616,-3.7499985920000007
1.6419e-05,0.312495104000007,0.6132499936,1.486124996288,-3.437498624
1.64195e-05,0.312495104000007,0.61949999296,1.48737499616,-3.437498624
1.6420000000000002e-05,-0.46875494399999695,0.6132499936,1.48737499616,-3.437498624
1.64205e-05,0.312495104000007,0.61949999296,1.48737499616,-3.437498624
1.6421e-05,0.312495104000007,0.61949999296,1.486124996288,-3.437498624
1.6421500000000002e-05,0.312495104000007,0.6132499936,1.486124996288,-3.7499985920000007
1.6422e-05,0.312495104000007,0.61949999296,1.488624996032,-3.437498624
1.64225e-05,0.312495104000007,0.61949999296,1.489874995904,-3.437498624
1.6423000000000002e-05,0.312495104000007,0.61949999296,1.486124996288,-3.7499985920000007
1.64235e-05,0.312495104000007,0.6132499936,1.484874996416,-3.7499985920000007
1.6424e-05,0.312495104000007,0.61949999296,1.483624996544,-3.7499985920000007
1.6424500000000002e-05,1.0937451519999968,0.6132499936,1.488624996032,-3.7499985920000007
1.6425e-05,-0.46875494399999695,0.6132499936,1.48737499616,-3.437498624
1.64255e-05,0.312495104000007,0.6132499936,1.486124996288,-3.437498624
1.6426e-05,0.312495104000007,0.61949999296,1.486124996288,-3.437498624
1.64265e-05,-0.46875494399999695,0.6132499936,1.48737499616,-3.437498624
1.6427e-05,0.312495104000007,0.6132499936,1.486124996288,-3.437498624
1.64275e-05,-0.46875494399999695,0.6132499936,1.48737499616,-3.7499985920000007
1.6428000000000003e-05,0.312495104000007,0.6132499936,1.488624996032,-3.437498624
1.64285e-05,-0.46875494399999695,0.61949999296,1.488624996032,-3.7499985920000007
1.6429e-05,0.312495104000007,0.61949999296,1.488624996032,-3.437498624
1.6429500000000003e-05,-0.46875494399999695,0.6132499936,1.48737499616,-3.437498624
1.643e-05,-0.46875494399999695,0.6132499936,1.48737499616,-3.1249986560000007
1.64305e-05,-0.46875494399999695,0.6132499936,1.48737499616,-3.437498624
1.6431000000000002e-05,0.312495104000007,0.61949999296,1.484874996416,-3.437498624
1.64315e-05,0.312495104000007,0.61949999296,1.48737499616,-3.437498624
1.6432e-05,0.312495104000007,0.6132499936,1.484874996416,-3.437498624
1.6432500000000002e-05,0.312495104000007,0.6132499936,1.486124996288,-3.7499985920000007
1.6433e-05,-0.46875494399999695,0.6132499936,1.486124996288,-3.437498624
1.64335e-05,0.312495104000007,0.6132499936,1.48737499616,-3.437498624
1.6434000000000002e-05,0.312495104000007,0.61949999296,1.486124996288,-3.437498624
1.64345e-05,0.312495104000007,0.6132499936,1.48737499616,-3.7499985920000007
1.6435e-05,0.312495104000007,0.6132499936,1.48737499616,-3.437498624
1.6435500000000002e-05,0.312495104000007,0.6132499936,1.48737499616,-3.437498624
1.6436e-05,0.312495104000007,0.6132499936,1.486124996288,-3.437498624
1.64365e-05,-0.46875494399999695,0.61949999296,1.488624996032,-3.7499985920000007
1.6437000000000002e-05,0.312495104000007,0.61949999296,1.489874995904,-3.437498624
1.64375e-05,0.312495104000007,0.6132499936,1.489874995904,-3.7499985920000007
1.6438e-05,0.312495104000007,0.6132499936,1.488624996032,-3.437498624
1.6438500000000002e-05,0.312495104000007,0.6132499936,1.486124996288,-3.7499985920000007
1.6439e-05,0.312495104000007,0.62574999232,1.486124996288,-3.7499985920000007
1.64395e-05,-0.46875494399999695,0.61949999296,1.486124996288,-3.7499985920000007
1.6440000000000002e-05,-0.46875494399999695,0.6132499936,1.486124996288,-3.7499985920000007
1.64405e-05,0.312495104000007,0.6132499936,1.486124996288,-3.7499985920000007
1.6441e-05,-1.250004992000001,0.6132499936,1.483624996544,-3.7499985920000007
1.6441500000000002e-05,0.312495104000007,0.6132499936,1.483624996544,-3.437498624
1.6442e-05,0.312495104000007,0.61949999296,1.484874996416,-3.7499985920000007
1.64425e-05,-0.46875494399999695,0.61949999296,1.486124996288,-3.7499985920000007
1.6443e-05,-0.46875494399999695,0.61949999296,1.48737499616,-3.437498624
1.64435e-05,-0.46875494399999695,0.6132499936,1.486124996288,-3.437498624
1.6444e-05,-0.46875494399999695,0.6132499936,1.484874996416,-3.437498624
1.64445e-05,-0.46875494399999695,0.61949999296,1.486124996288,-3.437498624
1.6445000000000003e-05,0.312495104000007,0.61949999296,1.48737499616,-3.7499985920000007
1.64455e-05,0.312495104000007,0.6132499936,1.486124996288,-3.437498624
1.6446e-05,-0.46875494399999695,0.6132499936,1.484874996416,-3.437498624
1.6446500000000003e-05,0.312495104000007,0.6132499936,1.488624996032,-3.437498624
1.6447e-05,0.312495104000007,0.60699999424,1.48737499616,-3.437498624
1.64475e-05,0.312495104000007,0.6132499936,1.486124996288,-3.7499985920000007
1.6448000000000002e-05,-0.46875494399999695,0.61949999296,1.484874996416,-3.7499985920000007
1.64485e-05,-0.46875494399999695,0.6132499936,1.488624996032,-3.437498624
1.6449e-05,-0.46875494399999695,0.6132499936,1.48737499616,-3.437498624
1.6449500000000002e-05,0.312495104000007,0.6132499936,1.484874996416,-3.437498624
1.645e-05,0.312495104000007,0.6132499936,1.486124996288,-3.437498624
1.64505e-05,-0.46875494399999695,0.6132499936,1.486124996288,-3.7499985920000007
1.6451000000000002e-05,-0.46875494399999695,0.61949999296,1.486124996288,-3.7499985920000007
1.64515e-05,-0.46875494399999695,0.6132499936,1.488624996032,-3.7499985920000007
1.6452e-05,-0.46875494399999695,0.6132499936,1.48737499616,-3.1249986560000007
1.6452500000000002e-05,-0.46875494399999695,0.6132499936,1.48737499616,-3.437498624
1.6453e-05,0.312495104000007,0.61949999296,1.486124996288,-3.437498624
1.64535e-05,-0.46875494399999695,0.6132499936,1.48737499616,-3.7499985920000007
1.6454000000000002e-05,0.312495104000007,0.61949999296,1.488624996032,-3.437498624
1.64545e-05,0.312495104000007,0.6132499936,1.489874995904,-3.7499985920000007
1.6455e-05,0.312495104000007,0.6132499936,1.486124996288,-3.437498624
1.6455500000000002e-05,0.312495104000007,0.61949999296,1.486124996288,-3.7499985920000007
1.6456e-05,0.312495104000007,0.6132499936,1.483624996544,-3.7499985920000007
1.64565e-05,-0.46875494399999695,0.61949999296,1.48737499616,-4.062498560000002
1.6457000000000002e-05,-0.46875494399999695,0.61949999296,1.488624996032,-3.437498624
1.64575e-05,0.312495104000007,0.6132499936,1.48737499616,-3.437498624
1.6458e-05,-0.46875494399999695,0.61949999296,1.486124996288,-3.7499985920000007
1.6458500000000002e-05,0.312495104000007,0.6132499936,1.48737499616,-3.7499985920000007
1.6459e-05,-0.46875494399999695,0.61949999296,1.488624996032,-3.437498624
1.64595e-05,0.312495104000007,0.61949999296,1.488624996032,-3.437498624
1.646e-05,0.312495104000007,0.61949999296,1.488624996032,-3.437498624
1.64605e-05,-0.46875494399999695,0.61949999296,1.489874995904,-3.7499985920000007
1.6461e-05,0.312495104000007,0.6132499936,1.489874995904,-3.437498624
1.64615e-05,0.312495104000007,0.6132499936,1.48737499616,-3.437498624
1.6462000000000003e-05,0.312495104000007,0.6132499936,1.486124996288,-3.437498624
1.64625e-05,0.312495104000007,0.6132499936,1.484874996416,-3.437498624
1.6463e-05,0.312495104000007,0.6132499936,1.486124996288,-3.7499985920000007
1.6463500000000003e-05,0.312495104000007,0.60699999424,1.488624996032,-3.437498624
1.6464e-05,0.312495104000007,0.61949999296,1.486124996288,-3.7499985920000007
1.64645e-05,0.312495104000007,0.61949999296,1.489874995904,-3.7499985920000007
1.6465000000000002e-05,0.312495104000007,0.60699999424,1.489874995904,-3.7499985920000007
1.64655e-05,0.312495104000007,0.6132499936,1.488624996032,-3.437498624
1.6466e-05,0.312495104000007,0.61949999296,1.486124996288,-3.437498624
1.6466500000000002e-05,-0.46875494399999695,0.6132499936,1.486124996288,-3.7499985920000007
1.6467e-05,0.312495104000007,0.61949999296,1.484874996416,-3.437498624
1.64675e-05,0.312495104000007,0.6132499936,1.483624996544,-3.437498624
1.6468000000000002e-05,-0.46875494399999695,0.6132499936,1.486124996288,-4.062498560000002
1.64685e-05,1.0937451519999968,0.61949999296,1.488624996032,-3.7499985920000007
1.6469e-05,0.312495104000007,0.6132499936,1.48737499616,-3.437498624
1.6469500000000002e-05,0.312495104000007,0.61949999296,1.486124996288,-3.437498624
1.647e-05,0.312495104000007,0.6132499936,1.48737499616,-3.437498624
1.64705e-05,0.312495104000007,0.6132499936,1.48737499616,-3.1249986560000007
1.6471000000000002e-05,-0.46875494399999695,0.60699999424,1.489874995904,-3.1249986560000007
1.64715e-05,-0.46875494399999695,0.6132499936,1.489874995904,-3.7499985920000007
1.6472e-05,0.312495104000007,0.61949999296,1.486124996288,-3.7499985920000007
1.6472500000000002e-05,0.312495104000007,0.61949999296,1.486124996288,-3.7499985920000007
1.6473e-05,0.312495104000007,0.6132499936,1.484874996416,-3.437498624
1.64735e-05,0.312495104000007,0.60699999424,1.48737499616,-3.7499985920000007
1.6474000000000002e-05,0.312495104000007,0.6132499936,1.488624996032,-3.437498624
1.64745e-05,-0.46875494399999695,0.6132499936,1.48737499616,-3.7499985920000007
1.6475e-05,0.312495104000007,0.61949999296,1.486124996288,-3.437498624
1.6475500000000002e-05,0.312495104000007,0.6132499936,1.488624996032,-3.437498624
1.6476e-05,-0.46875494399999695,0.61949999296,1.488624996032,-3.437498624
1.64765e-05,0.312495104000007,0.61949999296,1.489874995904,-3.7499985920000007
1.6477e-05,1.0937451519999968,0.61949999296,1.491124995776,-3.437498624
1.64775e-05,0.312495104000007,0.6132499936,1.491124995776,-3.437498624
1.6478e-05,0.312495104000007,0.61949999296,1.489874995904,-3.437498624
1.64785e-05,0.312495104000007,0.6132499936,1.488624996032,-3.1249986560000007
1.6479000000000003e-05,0.312495104000007,0.6132499936,1.48737499616,-3.437498624
1.64795e-05,-0.46875494399999695,0.6132499936,1.488624996032,-3.7499985920000007
1.648e-05,-0.46875494399999695,0.61949999296,1.486124996288,-3.437498624
1.6480500000000003e-05,-0.46875494399999695,0.60699999424,1.489874995904,-3.7499985920000007
1.6481e-05,0.312495104000007,0.6132499936,1.48737499616,-3.437498624
1.64815e-05,0.312495104000007,0.6132499936,1.486124996288,-3.1249986560000007
1.6482000000000002e-05,-0.46875494399999695,0.6132499936,1.484874996416,-3.437498624
1.64825e-05,0.312495104000007,0.60699999424,1.486124996288,-3.437498624
1.6483e-05,0.312495104000007,0.6132499936,1.491124995776,-3.437498624
1.6483500000000002e-05,0.312495104000007,0.61949999296,1.489874995904,-3.437498624
1.6484e-05,0.312495104000007,0.6132499936,1.488624996032,-3.437498624
1.64845e-05,0.312495104000007,0.6132499936,1.491124995776,-3.437498624
1.6485000000000002e-05,-0.46875494399999695,0.6132499936,1.491124995776,-3.1249986560000007
1.64855e-05,-0.46875494399999695,0.6132499936,1.489874995904,-3.437498624
1.6486e-05,-0.46875494399999695,0.61949999296,1.488624996032,-3.1249986560000007
1.6486500000000002e-05,-0.46875494399999695,0.6132499936,1.48737499616,-3.1249986560000007
1.6487e-05,-0.46875494399999695,0.6132499936,1.484874996416,-3.437498624
1.64875e-05,0.312495104000007,0.6132499936,1.486124996288,-3.437498624
1.6488000000000002e-05,0.312495104000007,0.6132499936,1.48737499616,-3.437498624
1.64885e-05,0.312495104000007,0.6132499936,1.489874995904,-3.7499985920000007
1.6489e-05,-1.250004992000001,0.60699999424,1.489874995904,-3.437498624
1.6489500000000002e-05,0.312495104000007,0.6132499936,1.489874995904,-3.437498624
1.649e-05,-0.46875494399999695,0.6132499936,1.488624996032,-3.437498624
1.64905e-05,-0.46875494399999695,0.6132499936,1.48737499616,-3.7499985920000007
1.6491000000000002e-05,0.312495104000007,0.61949999296,1.486124996288,-3.437498624
1.64915e-05,0.312495104000007,0.61949999296,1.48737499616,-3.437498624
1.6492e-05,-0.46875494399999695,0.6132499936,1.483624996544,-3.437498624
1.6492500000000002e-05,0.312495104000007,0.6132499936,1.486124996288,-3.7499985920000007
1.6493e-05,-0.46875494399999695,0.6132499936,1.484874996416,-3.437498624
1.64935e-05,-0.46875494399999695,0.6132499936,1.483624996544,-3.437498624
1.6494e-05,0.312495104000007,0.6132499936,1.483624996544,-3.1249986560000007
1.64945e-05,0.312495104000007,0.6132499936,1.486124996288,-3.437498624
1.6495e-05,0.312495104000007,0.60699999424,1.486124996288,-3.437498624
1.64955e-05,0.312495104000007,0.6132499936,1.486124996288,-3.7499985920000007
1.6496000000000003e-05,0.312495104000007,0.6132499936,1.4823749966720001,-3.437498624
1.64965e-05,0.312495104000007,0.6132499936,1.484874996416,-3.437498624
1.6497e-05,0.312495104000007,0.6132499936,1.484874996416,-3.437498624
1.6497500000000003e-05,-0.46875494399999695,0.6132499936,1.484874996416,-3.437498624
1.6498e-05,0.312495104000007,0.61949999296,1.484874996416,-3.437498624
1.64985e-05,-0.46875494399999695,0.6132499936,1.486124996288,-3.437498624
1.6499000000000002e-05,0.312495104000007,0.61949999296,1.484874996416,-3.1249986560000007
1.64995e-05,0.312495104000007,0.6132499936,1.483624996544,-3.1249986560000007
1.65e-05,-0.46875494399999695,0.6132499936,1.483624996544,-3.437498624
1.6500500000000002e-05,-0.46875494399999695,0.61949999296,1.486124996288,-3.437498624
1.6501e-05,0.312495104000007,0.6132499936,1.489874995904,-3.437498624
1.65015e-05,0.312495104000007,0.6132499936,1.489874995904,-3.7499985920000007
1.6502000000000002e-05,-0.46875494399999695,0.6132499936,1.488624996032,-3.437498624
1.65025e-05,0.312495104000007,0.61949999296,1.488624996032,-3.437498624
1.6503e-05,0.312495104000007,0.61949999296,1.484874996416,-3.437498624
1.6503500000000002e-05,-0.46875494399999695,0.6132499936,1.483624996544,-3.7499985920000007
1.6504e-05,0.312495104000007,0.61949999296,1.4823749966720001,-3.7499985920000007
1.65045e-05,1.0937451519999968,0.6132499936,1.484874996416,-3.437498624
1.6505000000000002e-05,0.312495104000007,0.6132499936,1.483624996544,-3.437498624
1.65055e-05,0.312495104000007,0.6132499936,1.48737499616,-3.1249986560000007
1.6506e-05,0.312495104000007,0.61949999296,1.488624996032,-3.7499985920000007
1.6506500000000002e-05,-0.46875494399999695,0.61949999296,1.48737499616,-3.7499985920000007
1.6507e-05,0.312495104000007,0.61949999296,1.48737499616,-3.437498624
1.65075e-05,0.312495104000007,0.61949999296,1.488624996032,-3.437498624
1.6508000000000002e-05,0.312495104000007,0.61949999296,1.488624996032,-3.437498624
1.65085e-05,0.312495104000007,0.61949999296,1.489874995904,-3.437498624
1.6509e-05,1.0937451519999968,0.61949999296,1.489874995904,-3.437498624
1.6509500000000002e-05,0.312495104000007,0.6132499936,1.489874995904,-3.437498624
1.651e-05,0.312495104000007,0.6132499936,1.488624996032,-3.437498624
1.65105e-05,-0.46875494399999695,0.60699999424,1.488624996032,-3.437498624
1.6511e-05,0.312495104000007,0.6132499936,1.486124996288,-3.437498624
1.65115e-05,0.312495104000007,0.6132499936,1.486124996288,-3.7499985920000007
1.6512e-05,0.312495104000007,0.6132499936,1.486124996288,-3.437498624
1.65125e-05,-0.46875494399999695,0.60699999424,1.48737499616,-3.437498624
1.6513000000000003e-05,-1.250004992000001,0.60699999424,1.48737499616,-3.1249986560000007
1.65135e-05,0.312495104000007,0.6132499936,1.488624996032,-3.1249986560000007
1.6514e-05,0.312495104000007,0.6132499936,1.488624996032,-3.1249986560000007
1.6514500000000003e-05,0.312495104000007,0.6132499936,1.48737499616,-3.437498624
1.6515e-05,-0.46875494399999695,0.6132499936,1.486124996288,-3.1249986560000007
1.65155e-05,0.312495104000007,0.6132499936,1.488624996032,-3.437498624
1.6516000000000002e-05,-0.46875494399999695,0.6132499936,1.488624996032,-3.437498624
1.65165e-05,0.312495104000007,0.61949999296,1.488624996032,-3.7499985920000007
1.6517e-05,0.312495104000007,0.6132499936,1.488624996032,-3.437498624
1.6517500000000002e-05,-0.46875494399999695,0.60699999424,1.48737499616,-3.7499985920000007
1.6518e-05,0.312495104000007,0.6132499936,1.488624996032,-3.437498624
1.65185e-05,0.312495104000007,0.6132499936,1.489874995904,-3.1249986560000007
1.6519000000000002e-05,-0.46875494399999695,0.6132499936,1.489874995904,-3.437498624
1.65195e-05,0.312495104000007,0.6132499936,1.4923749956480001,-3.7499985920000007
1.652e-05,0.312495104000007,0.61949999296,1.491124995776,-3.437498624
1.6520500000000002e-05,0.312495104000007,0.6132499936,1.4923749956480001,-3.437498624
1.6521e-05,-0.46875494399999695,0.6132499936,1.489874995904,-3.437498624
1.65215e-05,0.312495104000007,0.60699999424,1.491124995776,-3.1249986560000007
1.6522000000000002e-05,1.0937451519999968,0.6132499936,1.489874995904,-3.437498624
1.65225e-05,1.0937451519999968,0.6132499936,1.48737499616,-3.437498624
1.6523e-05,1.0937451519999968,0.61949999296,1.48737499616,-3.437498624
1.6523500000000002e-05,0.312495104000007,0.60699999424,1.488624996032,-3.1249986560000007
1.6524e-05,0.312495104000007,0.6132499936,1.486124996288,-3.437498624
1.65245e-05,0.312495104000007,0.61949999296,1.486124996288,-3.437498624
1.6525000000000002e-05,1.0937451519999968,0.6132499936,1.486124996288,-3.437498624
1.65255e-05,0.312495104000007,0.6132499936,1.48737499616,-3.7499985920000007
1.6526e-05,-0.46875494399999695,0.6132499936,1.488624996032,-3.1249986560000007
1.6526500000000002e-05,0.312495104000007,0.6132499936,1.489874995904,-3.1249986560000007
1.6527e-05,0.312495104000007,0.6132499936,1.488624996032,-3.437498624
1.65275e-05,0.312495104000007,0.60699999424,1.48737499616,-3.7499985920000007
1.6528e-05,0.312495104000007,0.6132499936,1.484874996416,-3.437498624
1.65285e-05,0.312495104000007,0.60699999424,1.489874995904,-3.7499985920000007
1.6529e-05,-0.46875494399999695,0.6132499936,1.48737499616,-3.437498624
1.65295e-05,-0.46875494399999695,0.60699999424,1.486124996288,-3.437498624
1.6530000000000003e-05,0.312495104000007,0.6132499936,1.48737499616,-3.437498624
1.65305e-05,-0.46875494399999695,0.60699999424,1.486124996288,-3.437498624
1.6531e-05,-0.46875494399999695,0.6132499936,1.484874996416,-3.1249986560000007
1.6531500000000003e-05,0.312495104000007,0.6132499936,1.483624996544,-3.1249986560000007
1.6532e-05,-1.250004992000001,0.60699999424,1.4823749966720001,-3.1249986560000007
1.65325e-05,-0.46875494399999695,0.61949999296,1.484874996416,-3.7499985920000007
1.6533000000000002e-05,0.312495104000007,0.6132499936,1.486124996288,-3.437498624
1.65335e-05,0.312495104000007,0.6132499936,1.486124996288,-3.7499985920000007
1.6534e-05,0.312495104000007,0.60699999424,1.486124996288,-3.437498624
1.6534500000000002e-05,-0.46875494399999695,0.6132499936,1.486124996288,-3.437498624
1.6535e-05,0.312495104000007,0.60699999424,1.484874996416,-3.437498624
1.65355e-05,0.312495104000007,0.6132499936,1.484874996416,-3.7499985920000007
1.6536000000000002e-05,0.312495104000007,0.61949999296,1.484874996416,-3.437498624
1.65365e-05,0.312495104000007,0.6132499936,1.48737499616,-3.7499985920000007
1.6537e-05,0.312495104000007,0.6132499936,1.48737499616,-3.437498624
1.6537500000000002e-05,0.312495104000007,0.6132499936,1.48737499616,-3.437498624
1.6538e-05,0.312495104000007,0.6132499936,1.486124996288,-3.7499985920000007
1.65385e-05,1.0937451519999968,0.6132499936,1.48737499616,-3.437498624
1.6539000000000002e-05,0.312495104000007,0.6132499936,1.486124996288,-3.437498624
1.65395e-05,0.312495104000007,0.60699999424,1.48737499616,-3.437498624
1.654e-05,1.0937451519999968,0.60699999424,1.48737499616,-3.437498624
1.6540500000000002e-05,1.0937451519999968,0.60699999424,1.48737499616,-3.437498624
1.6541e-05,1.0937451519999968,0.6132499936,1.486124996288,-3.1249986560000007
1.65415e-05,1.8749952000000008,0.6132499936,1.483624996544,-3.437498624
1.6542000000000002e-05,1.8749952000000008,0.6132499936,1.484874996416,-3.1249986560000007
1.65425e-05,1.8749952000000008,0.6132499936,1.48737499616,-3.1249986560000007
1.6543e-05,3.4374952960000087,0.6132499936,1.48737499616,-3.7499985920000007
1.6543500000000002e-05,4.2187453439999985,0.6132499936,1.488624996032,-3.437498624
1.6544e-05,4.999995392000002,0.61949999296,1.486124996288,-3.437498624
1.65445e-05,6.562495487999996,0.6132499936,1.489874995904,-3.437498624
1.6545e-05,7.343745536,0.6132499936,1.489874995904,-3.1249986560000007
1.65455e-05,7.343745536,0.6132499936,1.491124995776,-3.7499985920000007
1.6546e-05,9.687495679999998,0.6132499936,1.48737499616,-3.437498624
1.65465e-05,10.468745728000002,0.60699999424,1.486124996288,-3.437498624
1.6547000000000003e-05,11.249995776000006,0.6132499936,1.484874996416,-3.1249986560000007
1.65475e-05,12.031245823999996,0.6132499936,1.484874996416,-3.1249986560000007
1.6548e-05,13.593745920000003,0.60699999424,1.483624996544,-3.437498624
1.6548500000000003e-05,15.156246015999997,0.6132499936,1.484874996416,-3.437498624
1.6549e-05,15.937496064000001,0.6132499936,1.4823749966720001,-3.437498624
1.65495e-05,16.718746112000005,0.6132499936,1.484874996416,-3.437498624
1.6550000000000002e-05,18.281246208,0.6132499936,1.488624996032,-3.1249986560000007
1.65505e-05,18.281246208,0.61949999296,1.489874995904,-3.1249986560000007
1.6551e-05,19.062496256000003,0.6132499936,1.488624996032,-3.437498624
1.6551500000000002e-05,20.624996352000004,0.6132499936,1.491124995776,-3.7499985920000007
1.6552e-05,22.187496448000005,0.6132499936,1.489874995904,-3.7499985920000007
1.65525e-05,22.968746496,0.6132499936,1.489874995904,-3.7499985920000007
1.6553000000000002e-05,22.968746496,0.6132499936,1.48737499616,-3.1249986560000007
1.65535e-05,23.749996544,0.6132499936,1.488624996032,-3.437498624
1.6554e-05,26.093746688000003,0.6132499936,1.48737499616,-3.437498624
1.6554500000000002e-05,26.093746688000003,0.6132499936,1.488624996032,-3.437498624
1.6555e-05,27.656246784000004,0.6132499936,1.489874995904,-3.1249986560000007
1.65555e-05,28.437496832,0.6132499936,1.489874995904,-3.1249986560000007
1.6556000000000002e-05,28.437496832,0.6132499936,1.488624996032,-3.1249986560000007
1.65565e-05,29.218746880000005,0.61949999296,1.488624996032,-3.1249986560000007
1.6557e-05,29.218746880000005,0.6132499936,1.488624996032,-3.437498624
1.6557500000000002e-05,29.218746880000005,0.61949999296,1.491124995776,-3.437498624
1.6558e-05,28.437496832,0.61949999296,1.489874995904,-3.437498624
1.65585e-05,26.874996736,0.6132499936,1.488624996032,-3.1249986560000007
1.6559000000000002e-05,26.093746688000003,0.60699999424,1.488624996032,-3.437498624
1.65595e-05,24.531246592000002,0.60699999424,1.491124995776,-3.7499985920000007
1.656e-05,24.531246592000002,0.61949999296,1.489874995904,-3.437498624
1.6560500000000002e-05,23.749996544,0.6132499936,1.489874995904,-3.437498624
1.6561e-05,22.968746496,0.61949999296,1.489874995904,-3.1249986560000007
1.65615e-05,22.968746496,0.61949999296,1.491124995776,-3.1249986560000007
1.6562e-05,23.749996544,0.6132499936,1.491124995776,-3.1249986560000007
1.65625e-05,22.968746496,0.61949999296,1.49362499552,-3.1249986560000007
1.6563e-05,23.749996544,0.61949999296,1.494874995392,-3.1249986560000007
1.65635e-05,24.531246592000002,0.6132499936,1.4961249952640001,-3.1249986560000007
1.6564000000000003e-05,24.531246592000002,0.6132499936,1.4961249952640001,-3.1249986560000007
1.65645e-05,25.31249664,0.61949999296,1.49362499552,-3.437498624
1.6565e-05,26.093746688000003,0.6132499936,1.4923749956480001,-3.437498624
1.6565500000000003e-05,26.093746688000003,0.6132499936,1.4923749956480001,-3.437498624
1.6566e-05,26.093746688000003,0.6132499936,1.49362499552,-3.1249986560000007
1.65665e-05,25.31249664,0.6132499936,1.4961249952640001,-3.1249986560000007
1.6567000000000002e-05,25.31249664,0.6132499936,1.49362499552,-3.437498624
1.65675e-05,25.31249664,0.6132499936,1.494874995392,-3.437498624
1.6568e-05,24.531246592000002,0.61949999296,1.49362499552,-3.437498624
1.6568500000000002e-05,24.531246592000002,0.6132499936,1.49362499552,-3.437498624
1.6569e-05,23.749996544,0.6132499936,1.489874995904,-3.1249986560000007
1.65695e-05,23.749996544,0.6132499936,1.491124995776,-3.437498624
1.6570000000000002e-05,23.749996544,0.61949999296,1.4923749956480001,-3.437498624
1.65705e-05,22.968746496,0.6132499936,1.4961249952640001,-3.437498624
1.6571e-05,24.531246592000002,0.6132499936,1.494874995392,-3.1249986560000007
1.6571500000000002e-05,24.531246592000002,0.6132499936,1.494874995392,-3.1249986560000007
1.6572e-05,23.749996544,0.6132499936,1.497374995136,-3.437498624
1.65725e-05,24.531246592000002,0.6132499936,1.4961249952640001,-3.437498624
1.6573000000000002e-05,25.31249664,0.6132499936,1.49362499552,-3.1249986560000007
1.65735e-05,25.31249664,0.6132499936,1.4923749956480001,-3.437498624
1.6574e-05,24.531246592000002,0.6132499936,1.494874995392,-3.437498624
1.6574500000000002e-05,24.531246592000002,0.6132499936,1.494874995392,-3.1249986560000007
1.6575e-05,23.749996544,0.61949999296,1.4923749956480001,-3.1249986560000007
1.65755e-05,23.749996544,0.6132499936,1.49362499552,-3.7499985920000007
1.6576000000000002e-05,24.531246592000002,0.6132499936,1.4923749956480001,-3.437498624
1.65765e-05,23.749996544,0.60699999424,1.494874995392,-3.7499985920000007
1.6577e-05,22.968746496,0.60699999424,1.49362499552,-3.437498624
1.6577500000000002e-05,22.968746496,0.6132499936,1.49362499552,-3.437498624
1.6578e-05,23.749996544,0.6132499936,1.49362499552,-3.437498624
1.65785e-05,22.968746496,0.6132499936,1.4961249952640001,-3.437498624
1.6579000000000002e-05,22.968746496,0.6132499936,1.497374995136,-3.1249986560000007
1.65795e-05,23.749996544,0.6132499936,1.4923749956480001,-3.437498624
1.658e-05,23.749996544,0.6007499948799999,1.489874995904,-3.437498624
1.65805e-05,24.531246592000002,0.6132499936,1.491124995776,-3.437498624
1.6581000000000003e-05,24.531246592000002,0.6132499936,1.494874995392,-3.437498624
1.65815e-05,24.531246592000002,0.60699999424,1.491124995776,-3.437498624
1.6582e-05,24.531246592000002,0.60699999424,1.489874995904,-3.437498624
1.6582500000000003e-05,23.749996544,0.60699999424,1.488624996032,-3.437498624
1.6583e-05,23.749996544,0.6007499948799999,1.488624996032,-3.437498624
1.65835e-05,23.749996544,0.60699999424,1.488624996032,-3.7499985920000007
1.6584000000000002e-05,22.968746496,0.6132499936,1.488624996032,-3.437498624
1.65845e-05,23.749996544,0.6132499936,1.489874995904,-3.437498624
1.6585e-05,22.968746496,0.60699999424,1.488624996032,-3.437498624
1.6585500000000002e-05,23.749996544,0.60699999424,1.491124995776,-3.437498624
1.6586e-05,23.749996544,0.60699999424,1.48737499616,-3.437498624
1.65865e-05,23.749996544,0.60699999424,1.486124996288,-3.437498624
1.6587000000000002e-05,23.749996544,0.60699999424,1.486124996288,-3.437498624
1.65875e-05,23.749996544,0.60699999424,1.486124996288,-3.437498624
1.6588e-05,23.749996544,0.60699999424,1.486124996288,-3.437498624
1.6588500000000002e-05,24.531246592000002,0.6132499936,1.488624996032,-3.437498624
1.6589e-05,24.531246592000002,0.60699999424,1.488624996032,-3.437498624
1.65895e-05,24.531246592000002,0.60699999424,1.484874996416,-3.7499985920000007
1.6590000000000002e-05,23.749996544,0.6007499948799999,1.4811249968,-3.437498624
1.65905e-05,23.749996544,0.6132499936,1.4811249968,-3.437498624
1.6591e-05,23.749996544,0.60699999424,1.4811249968,-3.7499985920000007
1.6591500000000002e-05,23.749996544,0.60699999424,1.484874996416,-3.7499985920000007
1.6592e-05,24.531246592000002,0.6132499936,1.4823749966720001,-3.437498624
1.65925e-05,23.749996544,0.60699999424,1.483624996544,-3.437498624
1.6593000000000002e-05,22.968746496,0.60699999424,1.483624996544,-3.437498624
1.65935e-05,23.749996544,0.6007499948799999,1.483624996544,-3.437498624
1.6594e-05,23.749996544,0.60699999424,1.4811249968,-3.437498624
1.6594500000000002e-05,23.749996544,0.60699999424,1.4823749966720001,-3.437498624
1.6595e-05,23.749996544,0.60699999424,1.4811249968,-3.437498624
1.65955e-05,23.749996544,0.6007499948799999,1.483624996544,-3.437498624
1.6596000000000002e-05,22.968746496,0.60699999424,1.4823749966720001,-3.1249986560000007
1.65965e-05,23.749996544,0.6132499936,1.4823749966720001,-3.437498624
1.6597e-05,23.749996544,0.6132499936,1.483624996544,-3.437498624
1.65975e-05,23.749996544,0.6132499936,1.4823749966720001,-3.437498624
1.6598000000000003e-05,24.531246592000002,0.60699999424,1.483624996544,-3.437498624
1.65985e-05,24.531246592000002,0.6132499936,1.4823749966720001,-3.437498624
1.6599e-05,24.531246592000002,0.60699999424,1.4823749966720001,-3.437498624
1.6599500000000003e-05,23.749996544,0.60699999424,1.4823749966720001,-3.7499985920000007
1.66e-05,24.531246592000002,0.6132499936,1.4811249968,-3.7499985920000007
1.66005e-05,25.31249664,0.60699999424,1.483624996544,-3.437498624
1.6601000000000003e-05,24.531246592000002,0.60699999424,1.483624996544,-3.1249986560000007
1.66015e-05,24.531246592000002,0.60699999424,1.483624996544,-3.437498624
1.6602e-05,24.531246592000002,0.60699999424,1.4811249968,-3.437498624
1.6602500000000002e-05,24.531246592000002,0.60699999424,1.478624997056,-3.437498624
1.6603e-05,24.531246592000002,0.6132499936,1.4811249968,-3.1249986560000007
1.66035e-05,23.749996544,0.6132499936,1.4811249968,-3.1249986560000007
1.6604000000000002e-05,23.749996544,0.60699999424,1.4811249968,-3.1249986560000007
1.66045e-05,24.531246592000002,0.61949999296,1.4811249968,-3.437498624
1.6605e-05,23.749996544,0.6132499936,1.4811249968,-3.1249986560000007
1.6605500000000002e-05,23.749996544,0.60699999424,1.4823749966720001,-3.437498624
1.6606e-05,23.749996544,0.6132499936,1.4823749966720001,-3.1249986560000007
1.66065e-05,22.968746496,0.6132499936,1.484874996416,-3.437498624
1.6607000000000002e-05,23.749996544,0.60699999424,1.483624996544,-3.7499985920000007
1.66075e-05,23.749996544,0.6132499936,1.484874996416,-3.7499985920000007
1.6608e-05,23.749996544,0.6132499936,1.484874996416,-3.437498624
1.6608500000000002e-05,23.749996544,0.60699999424,1.48737499616,-3.437498624
1.6609e-05,22.968746496,0.60699999424,1.48737499616,-3.437498624
1.66095e-05,22.968746496,0.60699999424,1.486124996288,-3.1249986560000007
1.6610000000000002e-05,23.749996544,0.60699999424,1.484874996416,-3.437498624
1.66105e-05,23.749996544,0.60699999424,1.486124996288,-3.437498624
1.6611e-05,23.749996544,0.60699999424,1.488624996032,-3.437498624
1.6611500000000002e-05,23.749996544,0.6132499936,1.488624996032,-3.1249986560000007
1.6612e-05,23.749996544,0.6132499936,1.484874996416,-3.1249986560000007
1.66125e-05,23.749996544,0.6132499936,1.486124996288,-3.437498624
1.6613000000000002e-05,23.749996544,0.6132499936,1.489874995904,-3.1249986560000007
1.66135e-05,24.531246592000002,0.6132499936,1.489874995904,-3.1249986560000007
1.6614e-05,23.749996544,0.6132499936,1.489874995904,-3.1249986560000007
1.66145e-05,23.749996544,0.6132499936,1.48737499616,-3.1249986560000007
1.6615000000000003e-05,23.749996544,0.6132499936,1.486124996288,-3.437498624
1.66155e-05,23.749996544,0.60699999424,1.488624996032,-3.437498624
1.6616e-05,23.749996544,0.6132499936,1.48737499616,-3.437498624
1.6616500000000003e-05,24.531246592000002,0.6132499936,1.48737499616,-3.7499985920000007
1.6617e-05,23.749996544,0.60699999424,1.486124996288,-3.1249986560000007
1.66175e-05,23.749996544,0.60699999424,1.484874996416,-3.1249986560000007
1.6618000000000003e-05,23.749996544,0.60699999424,1.48737499616,-3.437498624
1.66185e-05,23.749996544,0.60699999424,1.491124995776,-3.437498624
1.6619e-05,23.749996544,0.6132499936,1.491124995776,-2.8124986880000016
1.6619500000000002e-05,23.749996544,0.60699999424,1.489874995904,-3.1249986560000007
1.662e-05,23.749996544,0.6132499936,1.488624996032,-3.1249986560000007
1.66205e-05,23.749996544,0.61949999296,1.489874995904,-3.437498624
1.6621000000000002e-05,23.749996544,0.61949999296,1.491124995776,-3.1249986560000007
1.66215e-05,24.531246592000002,0.6132499936,1.4923749956480001,-3.437498624
1.6622e-05,24.531246592000002,0.6132499936,1.4923749956480001,-3.437498624
1.6622500000000002e-05,23.749996544,0.6132499936,1.4923749956480001,-3.1249986560000007
1.6623e-05,23.749996544,0.6132499936,1.489874995904,-3.437498624
1.66235e-05,23.749996544,0.6132499936,1.488624996032,-3.437498624
1.6624000000000002e-05,22.968746496,0.61949999296,1.488624996032,-3.1249986560000007
1.66245e-05,23.749996544,0.6132499936,1.489874995904,-3.437498624
1.6625e-05,23.749996544,0.6132499936,1.48737499616,-3.437498624
1.6625500000000002e-05,23.749996544,0.60699999424,1.486124996288,-2.8124986880000016
1.6626e-05,23.749996544,0.6132499936,1.486124996288,-3.1249986560000007
1.66265e-05,23.749996544,0.6132499936,1.488624996032,-3.1249986560000007
1.6627000000000002e-05,23.749996544,0.61949999296,1.491124995776,-3.1249986560000007
1.66275e-05,23.749996544,0.6132499936,1.491124995776,-3.1249986560000007
1.6628e-05,23.749996544,0.6132499936,1.488624996032,-3.1249986560000007
1.6628500000000002e-05,23.749996544,0.61949999296,1.489874995904,-3.437498624
1.6629e-05,24.531246592000002,0.6132499936,1.491124995776,-2.8124986880000016
1.66295e-05,24.531246592000002,0.6132499936,1.489874995904,-3.1249986560000007
1.6630000000000002e-05,24.531246592000002,0.6132499936,1.488624996032,-3.1249986560000007
1.66305e-05,24.531246592000002,0.6132499936,1.489874995904,-3.1249986560000007
1.6631e-05,23.749996544,0.6132499936,1.489874995904,-3.437498624
1.66315e-05,24.531246592000002,0.60699999424,1.491124995776,-3.437498624
1.6632000000000003e-05,24.531246592000002,0.6132499936,1.489874995904,-3.437498624
1.66325e-05,24.531246592000002,0.60699999424,1.491124995776,-3.437498624
1.6633e-05,23.749996544,0.6132499936,1.489874995904,-3.1249986560000007
1.6633500000000003e-05,22.968746496,0.60699999424,1.4923749956480001,-3.1249986560000007
1.6634e-05,23.749996544,0.6132499936,1.4923749956480001,-3.437498624
1.66345e-05,23.749996544,0.6132499936,1.489874995904,-3.437498624
1.6635000000000003e-05,23.749996544,0.61949999296,1.48737499616,-3.437498624
1.66355e-05,24.531246592000002,0.6132499936,1.48737499616,-3.1249986560000007
1.6636e-05,23.749996544,0.60699999424,1.488624996032,-3.1249986560000007
1.6636500000000002e-05,23.749996544,0.6132499936,1.488624996032,-3.437498624
1.6637e-05,24.531246592000002,0.6132499936,1.48737499616,-3.437498624
1.66375e-05,22.968746496,0.60699999424,1.486124996288,-3.1249986560000007
1.6638000000000002e-05,23.749996544,0.6132499936,1.489874995904,-3.1249986560000007
1.66385e-05,23.749996544,0.60699999424,1.489874995904,-3.1249986560000007
1.6639e-05,22.968746496,0.6132499936,1.48737499616,-3.1249986560000007
1.6639500000000002e-05,22.968746496,0.60699999424,1.48737499616,-3.437498624
1.664e-05,23.749996544,0.6132499936,1.48737499616,-3.1249986560000007
1.66405e-05,24.531246592000002,0.6132499936,1.486124996288,-3.437498624
1.6641000000000002e-05,22.968746496,0.60699999424,1.483624996544,-3.1249986560000007
1.66415e-05,23.749996544,0.60699999424,1.484874996416,-3.1249986560000007
1.6642e-05,24.531246592000002,0.6132499936,1.48737499616,-3.1249986560000007
1.6642500000000002e-05,23.749996544,0.6132499936,1.48737499616,-3.437498624
1.6643e-05,23.749996544,0.6132499936,1.486124996288,-2.8124986880000016
1.66435e-05,23.749996544,0.6132499936,1.484874996416,-3.1249986560000007
1.6644000000000002e-05,23.749996544,0.6132499936,1.483624996544,-3.1249986560000007
1.66445e-05,23.749996544,0.61949999296,1.484874996416,-3.1249986560000007
1.6645e-05,24.531246592000002,0.6132499936,1.483624996544,-3.1249986560000007
1.6645500000000002e-05,24.531246592000002,0.6132499936,1.483624996544,-3.1249986560000007
1.6646e-05,24.531246592000002,0.6132499936,1.486124996288,-3.1249986560000007
1.66465e-05,24.531246592000002,0.6132499936,1.48737499616,-3.1249986560000007
1.6647000000000002e-05,23.749996544,0.6132499936,1.486124996288,-3.437498624
1.66475e-05,23.749996544,0.6132499936,1.486124996288,-3.437498624
1.6648e-05,23.749996544,0.6132499936,1.4823749966720001,-3.1249986560000007
1.66485e-05,23.749996544,0.6132499936,1.484874996416,-3.7499985920000007
1.6649000000000003e-05,23.749996544,0.6132499936,1.483624996544,-3.437498624
1.66495e-05,23.749996544,0.6132499936,1.483624996544,-3.1249986560000007
1.665e-05,24.531246592000002,0.6132499936,1.4811249968,-3.1249986560000007
1.6650500000000003e-05,23.749996544,0.60699999424,1.4823749966720001,-3.1249986560000007
1.6651e-05,23.749996544,0.6132499936,1.483624996544,-3.1249986560000007
1.66515e-05,23.749996544,0.6132499936,1.483624996544,-3.1249986560000007
1.6652000000000003e-05,23.749996544,0.6132499936,1.4823749966720001,-3.1249986560000007
1.66525e-05,24.531246592000002,0.61949999296,1.484874996416,-3.1249986560000007
1.6653e-05,24.531246592000002,0.6132499936,1.484874996416,-3.1249986560000007
1.6653500000000002e-05,24.531246592000002,0.6132499936,1.4823749966720001,-3.1249986560000007
1.6654e-05,23.749996544,0.60699999424,1.483624996544,-3.1249986560000007
1.66545e-05,23.749996544,0.6132499936,1.483624996544,-3.437498624
1.6655000000000002e-05,23.749996544,0.60699999424,1.4823749966720001,-3.1249986560000007
1.66555e-05,23.749996544,0.60699999424,1.4823749966720001,-3.437498624
1.6656e-05,23.749996544,0.6132499936,1.479874996928,-3.1249986560000007
1.6656500000000002e-05,24.531246592000002,0.60699999424,1.484874996416,-3.1249986560000007
1.6657e-05,23.749996544,0.6132499936,1.486124996288,-3.1249986560000007
1.66575e-05,23.749996544,0.6132499936,1.483624996544,-3.1249986560000007
1.6658000000000002e-05,24.531246592000002,0.61949999296,1.4811249968,-3.1249986560000007
1.66585e-05,23.749996544,0.60699999424,1.479874996928,-3.1249986560000007
1.6659e-05,24.531246592000002,0.6132499936,1.4823749966720001,-3.1249986560000007
1.6659500000000002e-05,24.531246592000002,0.6132499936,1.483624996544,-2.8124986880000016
1.666e-05,23.749996544,0.6132499936,1.4811249968,-3.1249986560000007
1.66605e-05,23.749996544,0.6132499936,1.4823749966720001,-3.1249986560000007
1.6661000000000002e-05,24.531246592000002,0.6132499936,1.483624996544,-3.1249986560000007
1.66615e-05,23.749996544,0.60699999424,1.484874996416,-3.437498624
1.6662e-05,23.749996544,0.60699999424,1.48737499616,-3.1249986560000007
1.6662500000000002e-05,22.968746496,0.60699999424,1.484874996416,-3.1249986560000007
1.6663e-05,23.749996544,0.60699999424,1.4823749966720001,-3.1249986560000007
1.66635e-05,23.749996544,0.60699999424,1.484874996416,-3.437498624
1.6664000000000002e-05,23.749996544,0.6132499936,1.486124996288,-3.1249986560000007
1.66645e-05,23.749996544,0.60699999424,1.48737499616,-3.437498624
1.6665e-05,22.968746496,0.60699999424,1.486124996288,-3.1249986560000007
1.66655e-05,23.749996544,0.60699999424,1.486124996288,-2.8124986880000016
1.6666000000000003e-05,24.531246592000002,0.6132499936,1.48737499616,-3.1249986560000007
1.66665e-05,23.749996544,0.60699999424,1.486124996288,-3.437498624
1.6667e-05,22.968746496,0.6132499936,1.486124996288,-3.1249986560000007
1.6667500000000003e-05,23.749996544,0.6132499936,1.484874996416,-3.1249986560000007
1.6668e-05,23.749996544,0.60699999424,1.486124996288,-3.1249986560000007
1.66685e-05,23.749996544,0.61949999296,1.486124996288,-3.1249986560000007
1.6669000000000003e-05,23.749996544,0.61949999296,1.486124996288,-3.1249986560000007
1.66695e-05,23.749996544,0.6132499936,1.483624996544,-3.437498624
1.667e-05,23.749996544,0.6007499948799999,1.486124996288,-2.8124986880000016
1.6670500000000002e-05,23.749996544,0.6132499936,1.48737499616,-3.1249986560000007
1.6671e-05,23.749996544,0.6132499936,1.484874996416,-3.437498624
1.66715e-05,23.749996544,0.60699999424,1.484874996416,-3.437498624
1.6672000000000002e-05,23.749996544,0.6132499936,1.484874996416,-3.1249986560000007
1.66725e-05,23.749996544,0.60699999424,1.48737499616,-3.437498624
1.6673e-05,22.968746496,0.60699999424,1.48737499616,-3.1249986560000007
1.6673500000000002e-05,23.749996544,0.60699999424,1.48737499616,-3.1249986560000007
1.6674e-05,23.749996544,0.61949999296,1.48737499616,-3.437498624
1.66745e-05,23.749996544,0.6132499936,1.48737499616,-3.1249986560000007
1.6675000000000002e-05,23.749996544,0.6132499936,1.48737499616,-2.8124986880000016
1.66755e-05,23.749996544,0.60699999424,1.488624996032,-3.1249986560000007
1.6676e-05,23.749996544,0.60699999424,1.488624996032,-2.8124986880000016
1.6676500000000002e-05,24.531246592000002,0.6132499936,1.488624996032,-3.1249986560000007
1.6677e-05,24.531246592000002,0.6132499936,1.488624996032,-3.1249986560000007
1.66775e-05,23.749996544,0.6132499936,1.488624996032,-3.1249986560000007
1.6678000000000002e-05,23.749996544,0.6132499936,1.48737499616,-3.1249986560000007
1.66785e-05,23.749996544,0.6132499936,1.488624996032,-3.1249986560000007
1.6679e-05,23.749996544,0.6132499936,1.48737499616,-3.1249986560000007
1.6679500000000002e-05,23.749996544,0.60699999424,1.486124996288,-3.1249986560000007
1.668e-05,23.749996544,0.6132499936,1.486124996288,-3.1249986560000007
1.66805e-05,24.531246592000002,0.6132499936,1.484874996416,-3.437498624
1.6681000000000002e-05,24.531246592000002,0.60699999424,1.4823749966720001,-2.8124986880000016
1.66815e-05,23.749996544,0.60699999424,1.484874996416,-2.8124986880000016
1.6682e-05,22.968746496,0.60699999424,1.486124996288,-2.8124986880000016
1.66825e-05,23.749996544,0.6007499948799999,1.488624996032,-3.437498624
1.6683000000000003e-05,23.749996544,0.6132499936,1.489874995904,-3.1249986560000007
1.66835e-05,24.531246592000002,0.6132499936,1.48737499616,-3.1249986560000007
1.6684e-05,23.749996544,0.6132499936,1.486124996288,-2.8124986880000016
1.6684500000000003e-05,23.749996544,0.6132499936,1.488624996032,-3.1249986560000007
1.6685e-05,23.749996544,0.60699999424,1.488624996032,-3.1249986560000007
1.66855e-05,24.531246592000002,0.6132499936,1.486124996288,-3.1249986560000007
1.6686000000000003e-05,23.749996544,0.6132499936,1.486124996288,-3.1249986560000007
1.66865e-05,23.749996544,0.6132499936,1.488624996032,-3.1249986560000007
1.6687e-05,23.749996544,0.60699999424,1.488624996032,-3.437498624
1.6687500000000002e-05,23.749996544,0.60699999424,1.488624996032,-3.1249986560000007
1.6688e-05,23.749996544,0.60699999424,1.48737499616,-3.1249986560000007
1.66885e-05,23.749996544,0.60699999424,1.489874995904,-3.1249986560000007
1.6689000000000002e-05,23.749996544,0.60699999424,1.48737499616,-2.8124986880000016
1.66895e-05,23.749996544,0.6132499936,1.488624996032,-2.8124986880000016
1.669e-05,23.749996544,0.60699999424,1.488624996032,-3.1249986560000007
1.6690500000000002e-05,23.749996544,0.60699999424,1.489874995904,-3.437498624
1.6691e-05,23.749996544,0.6132499936,1.48737499616,-2.8124986880000016
1.66915e-05,24.531246592000002,0.6132499936,1.48737499616,-3.1249986560000007
1.6692000000000002e-05,23.749996544,0.6132499936,1.48737499616,-3.1249986560000007
1.66925e-05,23.749996544,0.6132499936,1.491124995776,-3.1249986560000007
1.6693e-05,24.531246592000002,0.6132499936,1.488624996032,-3.1249986560000007
1.6693500000000002e-05,23.749996544,0.6132499936,1.486124996288,-3.1249986560000007
1.6694e-05,24.531246592000002,0.61949999296,1.486124996288,-2.8124986880000016
1.66945e-05,23.749996544,0.6132499936,1.488624996032,-3.1249986560000007
1.6695000000000002e-05,23.749996544,0.60699999424,1.486124996288,-3.1249986560000007
1.66955e-05,22.968746496,0.60699999424,1.486124996288,-3.437498624
1.6696e-05,23.749996544,0.60699999424,1.484874996416,-3.1249986560000007
1.6696500000000002e-05,23.749996544,0.60699999424,1.48737499616,-3.1249986560000007
1.6697e-05,22.968746496,0.60699999424,1.486124996288,-2.8124986880000016
1.66975e-05,22.968746496,0.6007499948799999,1.486124996288,-2.8124986880000016
1.6698000000000002e-05,23.749996544,0.60699999424,1.484874996416,-3.1249986560000007
1.66985e-05,23.749996544,0.6132499936,1.48737499616,-3.437498624
1.6699e-05,23.749996544,0.6132499936,1.48737499616,-2.8124986880000016
1.66995e-05,23.749996544,0.6132499936,1.486124996288,-3.1249986560000007
1.67e-05,23.749996544,0.6132499936,1.483624996544,-3.1249986560000007
1.67005e-05,24.531246592000002,0.61949999296,1.486124996288,-3.1249986560000007
1.6701e-05,24.531246592000002,0.6132499936,1.486124996288,-2.8124986880000016
1.6701500000000003e-05,23.749996544,0.6132499936,1.48737499616,-3.1249986560000007
1.6702e-05,23.749996544,0.60699999424,1.486124996288,-3.1249986560000007
1.67025e-05,23.749996544,0.6132499936,1.486124996288,-2.8124986880000016
1.6703000000000003e-05,23.749996544,0.60699999424,1.484874996416,-3.1249986560000007
1.67035e-05,23.749996544,0.60699999424,1.486124996288,-3.1249986560000007
1.6704e-05,23.749996544,0.60699999424,1.483624996544,-3.1249986560000007
1.6704500000000002e-05,23.749996544,0.60699999424,1.484874996416,-3.1249986560000007
1.6705e-05,24.531246592000002,0.60699999424,1.484874996416,-2.8124986880000016
1.67055e-05,23.749996544,0.60699999424,1.488624996032,-2.8124986880000016
1.6706000000000002e-05,24.531246592000002,0.6007499948799999,1.488624996032,-2.8124986880000016
1.67065e-05,22.968746496,0.60699999424,1.488624996032,-2.8124986880000016
1.6707e-05,23.749996544,0.60699999424,1.48737499616,-2.8124986880000016
1.6707500000000002e-05,23.749996544,0.60699999424,1.484874996416,-3.1249986560000007
1.6708e-05,23.749996544,0.60699999424,1.483624996544,-3.1249986560000007
1.67085e-05,23.749996544,0.60699999424,1.48737499616,-3.1249986560000007
1.6709000000000002e-05,24.531246592000002,0.60699999424,1.488624996032,-3.1249986560000007
1.67095e-05,23.749996544,0.60699999424,1.486124996288,-3.1249986560000007
1.671e-05,23.749996544,0.60699999424,1.48737499616,-3.1249986560000007
1.6710500000000002e-05,24.531246592000002,0.60699999424,1.489874995904,-3.1249986560000007
1.6711e-05,23.749996544,0.60699999424,1.48737499616,-3.1249986560000007
1.67115e-05,23.749996544,0.60699999424,1.488624996032,-2.8124986880000016
1.6712000000000002e-05,23.749996544,0.60699999424,1.48737499616,-2.8124986880000016
1.67125e-05,23.749996544,0.60699999424,1.489874995904,-3.437498624
1.6713e-05,23.749996544,0.60699999424,1.48737499616,-3.1249986560000007
1.6713500000000002e-05,23.749996544,0.6007499948799999,1.486124996288,-2.8124986880000016
1.6714e-05,24.531246592000002,0.60699999424,1.483624996544,-2.8124986880000016
1.67145e-05,23.749996544,0.60699999424,1.486124996288,-3.1249986560000007
1.6715000000000002e-05,24.531246592000002,0.60699999424,1.486124996288,-3.1249986560000007
1.67155e-05,24.531246592000002,0.60699999424,1.484874996416,-3.1249986560000007
1.6716e-05,23.749996544,0.60699999424,1.484874996416,-3.1249986560000007
1.67165e-05,24.531246592000002,0.6132499936,1.486124996288,-2.8124986880000016
1.6717e-05,23.749996544,0.60699999424,1.48737499616,-3.1249986560000007
1.67175e-05,24.531246592000002,0.60699999424,1.48737499616,-3.1249986560000007
1.6718e-05,23.749996544,0.6132499936,1.486124996288,-3.1249986560000007
1.6718500000000003e-05,24.531246592000002,0.60699999424,1.486124996288,-2.8124986880000016
1.6719e-05,23.749996544,0.60699999424,1.486124996288,-2.8124986880000016
1.67195e-05,23.749996544,0.60699999424,1.48737499616,-3.437498624
1.6720000000000003e-05,23.749996544,0.61949999296,1.486124996288,-3.1249986560000007
1.67205e-05,24.531246592000002,0.60699999424,1.488624996032,-3.437498624
1.6721e-05,24.531246592000002,0.60699999424,1.48737499616,-3.437498624
1.6721500000000002e-05,23.749996544,0.60699999424,1.484874996416,-2.8124986880000016
1.6722e-05,23.749996544,0.6132499936,1.484874996416,-3.1249986560000007
1.67225e-05,23.749996544,0.6132499936,1.486124996288,-3.1249986560000007
1.6723000000000002e-05,23.749996544,0.60699999424,1.486124996288,-3.1249986560000007
1.67235e-05,23.749996544,0.60699999424,1.48737499616,-2.8124986880000016
1.6724e-05,23.749996544,0.6007499948799999,1.48737499616,-2.8124986880000016
1.6724500000000002e-05,23.749996544,0.60699999424,1.48737499616,-3.1249986560000007
1.6725e-05,24.531246592000002,0.6132499936,1.486124996288,-3.1249986560000007
1.67255e-05,23.749996544,0.60699999424,1.484874996416,-3.1249986560000007
1.6726000000000002e-05,24.531246592000002,0.6132499936,1.486124996288,-2.8124986880000016
1.67265e-05,23.749996544,0.6132499936,1.48737499616,-2.8124986880000016
1.6727e-05,23.749996544,0.60699999424,1.48737499616,-3.1249986560000007
1.6727500000000002e-05,24.531246592000002,0.6132499936,1.48737499616,-3.1249986560000007
1.6728e-05,23.749996544,0.6132499936,1.484874996416,-3.1249986560000007
1.67285e-05,24.531246592000002,0.60699999424,1.484874996416,-3.437498624
1.6729000000000002e-05,23.749996544,0.6132499936,1.483624996544,-2.8124986880000016
1.67295e-05,23.749996544,0.6132499936,1.486124996288,-2.8124986880000016
1.673e-05,23.749996544,0.6132499936,1.484874996416,-2.8124986880000016
1.6730500000000002e-05,23.749996544,0.6132499936,1.484874996416,-3.1249986560000007
1.6731e-05,23.749996544,0.6132499936,1.486124996288,-3.1249986560000007
1.67315e-05,23.749996544,0.6007499948799999,1.486124996288,-2.8124986880000016
1.6732000000000002e-05,23.749996544,0.60699999424,1.486124996288,-3.1249986560000007
1.67325e-05,23.749996544,0.60699999424,1.486124996288,-3.1249986560000007
1.6733e-05,25.31249664,0.6132499936,1.486124996288,-2.8124986880000016
1.67335e-05,23.749996544,0.60699999424,1.486124996288,-2.8124986880000016
1.6734e-05,23.749996544,0.60699999424,1.488624996032,-2.8124986880000016
1.67345e-05,23.749996544,0.60699999424,1.48737499616,-3.1249986560000007
1.6735e-05,23.749996544,0.6132499936,1.483624996544,-3.1249986560000007
1.6735500000000003e-05,23.749996544,0.60699999424,1.483624996544,-3.1249986560000007
1.6736e-05,24.531246592000002,0.6132499936,1.483624996544,-2.8124986880000016
1.67365e-05,24.531246592000002,0.60699999424,1.486124996288,-3.437498624
1.6737000000000003e-05,23.749996544,0.60699999424,1.483624996544,-3.1249986560000007
1.67375e-05,23.749996544,0.60699999424,1.483624996544,-2.8124986880000016
1.6738e-05,23.749996544,0.61949999296,1.483624996544,-3.1249986560000007
1.6738500000000002e-05,23.749996544,0.60699999424,1.486124996288,-2.8124986880000016
1.6739e-05,24.531246592000002,0.60699999424,1.488624996032,-2.8124986880000016
1.67395e-05,23.749996544,0.60699999424,1.488624996032,-3.1249986560000007
1.6740000000000002e-05,23.749996544,0.6007499948799999,1.486124996288,-3.1249986560000007
1.67405e-05,23.749996544,0.60699999424,1.486124996288,-3.1249986560000007
1.6741e-05,24.531246592000002,0.6132499936,1.486124996288,-3.1249986560000007
1.6741500000000002e-05,23.749996544,0.6132499936,1.486124996288,-3.437498624
1.6742e-05,22.968746496,0.60699999424,1.488624996032,-2.8124986880000016
1.67425e-05,23.749996544,0.6132499936,1.488624996032,-2.8124986880000016
1.6743000000000002e-05,23.749996544,0.60699999424,1.486124996288,-3.1249986560000007
1.67435e-05,24.531246592000002,0.60699999424,1.48737499616,-2.8124986880000016
1.6744e-05,24.531246592000002,0.6132499936,1.483624996544,-2.8124986880000016
1.6744500000000002e-05,23.749996544,0.60699999424,1.486124996288,-3.437498624
1.6745e-05,23.749996544,0.60699999424,1.486124996288,-3.1249986560000007
1.67455e-05,23.749996544,0.60699999424,1.484874996416,-2.8124986880000016
1.6746000000000002e-05,23.749996544,0.60699999424,1.483624996544,-2.8124986880000016
1.67465e-05,23.749996544,0.60699999424,1.4823749966720001,-3.1249986560000007
1.6747e-05,23.749996544,0.60699999424,1.483624996544,-2.8124986880000016
1.6747500000000002e-05,23.749996544,0.60699999424,1.483624996544,-2.8124986880000016
1.6748e-05,23.749996544,0.6007499948799999,1.483624996544,-3.1249986560000007
1.67485e-05,23.749996544,0.6132499936,1.484874996416,-3.1249986560000007
1.6749000000000002e-05,24.531246592000002,0.6132499936,1.483624996544,-2.8124986880000016
1.67495e-05,23.749996544,0.6132499936,1.4823749966720001,-2.8124986880000016
1.675e-05,22.968746496,0.60699999424,1.483624996544,-2.8124986880000016
1.67505e-05,23.749996544,0.60699999424,1.484874996416,-2.8124986880000016
1.6751e-05,24.531246592000002,0.60699999424,1.486124996288,-2.8124986880000016
1.67515e-05,24.531246592000002,0.6132499936,1.48737499616,-3.437498624
1.6752e-05,24.531246592000002,0.6132499936,1.483624996544,-3.1249986560000007
1.6752500000000003e-05,24.531246592000002,0.60699999424,1.483624996544,-3.1249986560000007
1.6753e-05,24.531246592000002,0.60699999424,1.483624996544,-2.8124986880000016
1.67535e-05,23.749996544,0.60699999424,1.486124996288,-2.8124986880000016
1.6754000000000003e-05,24.531246592000002,0.60699999424,1.484874996416,-2.8124986880000016
1.67545e-05,23.749996544,0.60699999424,1.483624996544,-3.1249986560000007
1.6755e-05,23.749996544,0.6132499936,1.4823749966720001,-2.8124986880000016
1.6755500000000002e-05,23.749996544,0.60699999424,1.486124996288,-2.8124986880000016
1.6756e-05,23.749996544,0.6132499936,1.486124996288,-3.1249986560000007
1.67565e-05,24.531246592000002,0.6132499936,1.486124996288,-3.1249986560000007
1.6757000000000002e-05,24.531246592000002,0.6132499936,1.484874996416,-3.1249986560000007
1.67575e-05,24.531246592000002,0.60699999424,1.484874996416,-3.1249986560000007
1.6758e-05,23.749996544,0.60699999424,1.483624996544,-2.8124986880000016
1.6758500000000002e-05,24.531246592000002,0.60699999424,1.4811249968,-3.1249986560000007
1.6759e-05,23.749996544,0.6132499936,1.4823749966720001,-2.8124986880000016
1.67595e-05,23.749996544,0.60699999424,1.483624996544,-3.1249986560000007
1.6760000000000002e-05,23.749996544,0.6132499936,1.483624996544,-3.1249986560000007
1.67605e-05,24.531246592000002,0.6132499936,1.48737499616,-3.1249986560000007
1.6761e-05,23.749996544,0.6132499936,1.486124996288,-2.8124986880000016
1.6761500000000002e-05,22.968746496,0.60699999424,1.484874996416,-2.8124986880000016
1.6762e-05,23.749996544,0.60699999424,1.483624996544,-2.8124986880000016
1.67625e-05,23.749996544,0.60699999424,1.4823749966720001,-3.1249986560000007
1.6763000000000002e-05,23.749996544,0.6132499936,1.4811249968,-2.8124986880000016
1.67635e-05,23.749996544,0.60699999424,1.484874996416,-2.8124986880000016
1.6764e-05,23.749996544,0.60699999424,1.486124996288,-2.8124986880000016
1.6764500000000002e-05,23.749996544,0.60699999424,1.486124996288,-3.1249986560000007
1.6765e-05,24.531246592000002,0.60699999424,1.486124996288,-2.8124986880000016
1.67655e-05,23.749996544,0.60699999424,1.486124996288,-3.1249986560000007
1.6766000000000002e-05,23.749996544,0.6007499948799999,1.484874996416,-3.1249986560000007
1.67665e-05,23.749996544,0.6132499936,1.486124996288,-2.8124986880000016
1.6767e-05,23.749996544,0.60699999424,1.486124996288,-2.8124986880000016
1.67675e-05,22.968746496,0.60699999424,1.486124996288,-3.1249986560000007
1.6768e-05,23.749996544,0.6132499936,1.484874996416,-3.1249986560000007
1.67685e-05,23.749996544,0.60699999424,1.488624996032,-3.1249986560000007
1.6769e-05,23.749996544,0.60699999424,1.483624996544,-3.1249986560000007
1.6769500000000003e-05,23.749996544,0.6132499936,1.4811249968,-2.8124986880000016
1.677e-05,23.749996544,0.60699999424,1.4811249968,-3.1249986560000007
1.67705e-05,22.968746496,0.6132499936,1.483624996544,-3.1249986560000007
1.6771000000000003e-05,23.749996544,0.6132499936,1.483624996544,-2.8124986880000016
1.67715e-05,23.749996544,0.60699999424,1.48737499616,-2.8124986880000016
1.6772e-05,23.749996544,0.60699999424,1.488624996032,-2.8124986880000016
1.6772500000000002e-05,23.749996544,0.6132499936,1.48737499616,-2.8124986880000016
1.6773e-05,23.749996544,0.60699999424,1.484874996416,-2.8124986880000016
1.67735e-05,23.749996544,0.6132499936,1.484874996416,-3.1249986560000007
1.6774000000000002e-05,23.749996544,0.60699999424,1.48737499616,-2.8124986880000016
1.67745e-05,23.749996544,0.6132499936,1.48737499616,-2.8124986880000016
1.6775e-05,23.749996544,0.60699999424,1.48737499616,-3.1249986560000007
1.6775500000000002e-05,22.968746496,0.60699999424,1.48737499616,-3.1249986560000007
1.6776e-05,23.749996544,0.60699999424,1.484874996416,-3.1249986560000007
1.67765e-05,23.749996544,0.6007499948799999,1.486124996288,-3.1249986560000007
1.6777000000000002e-05,23.749996544,0.6007499948799999,1.486124996288,-2.4999987200000007
1.67775e-05,23.749996544,0.60699999424,1.48737499616,-2.4999987200000007
1.6778e-05,23.749996544,0.6007499948799999,1.486124996288,-2.8124986880000016
1.6778500000000002e-05,22.968746496,0.6007499948799999,1.483624996544,-3.1249986560000007
1.6779e-05,24.531246592000002,0.60699999424,1.483624996544,-2.8124986880000016
1.67795e-05,24.531246592000002,0.6007499948799999,1.484874996416,-2.8124986880000016
1.6780000000000002e-05,23.749996544,0.6007499948799999,1.486124996288,-2.8124986880000016
1.67805e-05,22.968746496,0.60699999424,1.486124996288,-3.1249986560000007
1.6781e-05,24.531246592000002,0.60699999424,1.486124996288,-2.8124986880000016
1.6781500000000002e-05,23.749996544,0.60699999424,1.48737499616,-2.8124986880000016
1.6782e-05,23.749996544,0.60699999424,1.488624996032,-2.8124986880000016
1.67825e-05,24.531246592000002,0.60699999424,1.48737499616,-3.1249986560000007
1.6783000000000002e-05,23.749996544,0.60699999424,1.486124996288,-3.1249986560000007
1.67835e-05,23.749996544,0.6007499948799999,1.486124996288,-3.1249986560000007
1.6784e-05,23.749996544,0.6007499948799999,1.484874996416,-3.1249986560000007
1.67845e-05,24.531246592000002,0.6007499948799999,1.488624996032,-3.1249986560000007
1.6785e-05,22.968746496,0.60699999424,1.484874996416,-2.8124986880000016
1.67855e-05,23.749996544,0.6007499948799999,1.483624996544,-2.8124986880000016
1.6786e-05,23.749996544,0.60699999424,1.484874996416,-2.8124986880000016
1.6786500000000003e-05,24.531246592000002,0.60699999424,1.48737499616,-3.1249986560000007
1.6787e-05,24.531246592000002,0.6132499936,1.486124996288,-2.8124986880000016
1.67875e-05,23.749996544,0.60699999424,1.486124996288,-2.8124986880000016
1.6788000000000003e-05,23.749996544,0.60699999424,1.483624996544,-2.8124986880000016
1.67885e-05,23.749996544,0.6007499948799999,1.484874996416,-2.8124986880000016
1.6789e-05,24.531246592000002,0.60699999424,1.486124996288,-2.8124986880000016
1.6789500000000002e-05,23.749996544,0.60699999424,1.484874996416,-3.1249986560000007
1.679e-05,23.749996544,0.6007499948799999,1.486124996288,-2.8124986880000016
1.67905e-05,23.749996544,0.60699999424,1.486124996288,-2.8124986880000016
1.6791000000000002e-05,23.749996544,0.60699999424,1.484874996416,-2.8124986880000016
1.67915e-05,23.749996544,0.6007499948799999,1.486124996288,-2.8124986880000016
1.6792e-05,23.749996544,0.60699999424,1.483624996544,-2.8124986880000016
1.6792500000000002e-05,23.749996544,0.60699999424,1.486124996288,-2.8124986880000016
1.6793e-05,23.749996544,0.6132499936,1.484874996416,-2.4999987200000007
1.67935e-05,23.749996544,0.60699999424,1.484874996416,-2.4999987200000007
1.6794000000000002e-05,23.749996544,0.6132499936,1.484874996416,-2.8124986880000016
1.67945e-05,23.749996544,0.60699999424,1.48737499616,-2.8124986880000016
1.6795e-05,23.749996544,0.60699999424,1.48737499616,-2.8124986880000016
1.6795500000000002e-05,23.749996544,0.60699999424,1.486124996288,-2.8124986880000016
1.6796e-05,23.749996544,0.6007499948799999,1.484874996416,-2.8124986880000016
1.67965e-05,23.749996544,0.6007499948799999,1.486124996288,-2.4999987200000007
1.6797000000000002e-05,23.749996544,0.60699999424,1.488624996032,-2.8124986880000016
1.67975e-05,23.749996544,0.60699999424,1.486124996288,-2.8124986880000016
1.6798e-05,23.749996544,0.6007499948799999,1.488624996032,-2.8124986880000016
1.6798500000000002e-05,23.749996544,0.60699999424,1.488624996032,-2.4999987200000007
1.6799e-05,23.749996544,0.60699999424,1.486124996288,-2.8124986880000016
1.67995e-05,23.749996544,0.60699999424,1.486124996288,-3.1249986560000007
1.6800000000000002e-05,23.749996544,0.60699999424,1.483624996544,-2.4999987200000007
1.68005e-05,23.749996544,0.60699999424,1.483624996544,-2.8124986880000016
1.6801e-05,22.968746496,0.60699999424,1.484874996416,-2.4999987200000007
1.68015e-05,23.749996544,0.60699999424,1.484874996416,-2.4999987200000007
1.6802e-05,23.749996544,0.60699999424,1.486124996288,-2.8124986880000016
1.68025e-05,23.749996544,0.60699999424,1.488624996032,-2.4999987200000007
1.6803e-05,23.749996544,0.60699999424,1.48737499616,-2.4999987200000007
1.6803500000000003e-05,23.749996544,0.60699999424,1.48737499616,-2.8124986880000016
1.6804e-05,23.749996544,0.60699999424,1.486124996288,-2.8124986880000016
1.68045e-05,23.749996544,0.60699999424,1.48737499616,-2.8124986880000016
1.6805000000000003e-05,24.531246592000002,0.60699999424,1.48737499616,-2.4999987200000007
1.68055e-05,24.531246592000002,0.60699999424,1.486124996288,-2.8124986880000016
1.6806e-05,23.749996544,0.60699999424,1.486124996288,-2.8124986880000016
1.6806500000000002e-05,24.531246592000002,0.60699999424,1.48737499616,-2.4999987200000007
1.6807e-05,23.749996544,0.60699999424,1.48737499616,-2.8124986880000016
1.68075e-05,23.749996544,0.6007499948799999,1.48737499616,-2.8124986880000016
1.6808000000000002e-05,24.531246592000002,0.60699999424,1.4823749966720001,-2.4999987200000007
1.68085e-05,24.531246592000002,0.60699999424,1.4823749966720001,-2.8124986880000016
1.6809e-05,23.749996544,0.60699999424,1.483624996544,-2.8124986880000016
1.6809500000000002e-05,24.531246592000002,0.60699999424,1.483624996544,-2.4999987200000007
1.681e-05,24.531246592000002,0.60699999424,1.4823749966720001,-2.8124986880000016
1.68105e-05,22.968746496,0.60699999424,1.4811249968,-2.4999987200000007
1.6811000000000002e-05,23.749996544,0.60699999424,1.4823749966720001,-2.4999987200000007
1.68115e-05,22.968746496,0.6007499948799999,1.4823749966720001,-2.8124986880000016
1.6812e-05,23.749996544,0.60699999424,1.4811249968,-2.8124986880000016
1.6812500000000002e-05,24.531246592000002,0.60699999424,1.4811249968,-2.8124986880000016
1.6813e-05,24.531246592000002,0.60699999424,1.4811249968,-2.8124986880000016
1.68135e-05,23.749996544,0.60699999424,1.4811249968,-2.4999987200000007
1.6814000000000002e-05,23.749996544,0.60699999424,1.4811249968,-2.8124986880000016
1.68145e-05,23.749996544,0.6007499948799999,1.4823749966720001,-2.8124986880000016
1.6815e-05,23.749996544,0.60699999424,1.4811249968,-2.8124986880000016
1.6815500000000002e-05,23.749996544,0.60699999424,1.4823749966720001,-3.1249986560000007
1.6816e-05,23.749996544,0.6132499936,1.4811249968,-2.8124986880000016
1.68165e-05,23.749996544,0.60699999424,1.483624996544,-3.1249986560000007
1.6817000000000002e-05,22.968746496,0.60699999424,1.483624996544,-2.4999987200000007
1.68175e-05,22.968746496,0.60699999424,1.4811249968,-2.4999987200000007
1.6818e-05,23.749996544,0.60699999424,1.483624996544,-2.8124986880000016
1.68185e-05,23.749996544,0.60699999424,1.486124996288,-2.8124986880000016
1.6819e-05,23.749996544,0.60699999424,1.486124996288,-2.8124986880000016
1.68195e-05,23.749996544,0.60699999424,1.484874996416,-2.8124986880000016
1.682e-05,23.749996544,0.60699999424,1.483624996544,-2.8124986880000016
1.6820500000000003e-05,23.749996544,0.60699999424,1.483624996544,-2.8124986880000016
1.6821e-05,24.531246592000002,0.60699999424,1.484874996416,-2.8124986880000016
1.68215e-05,23.749996544,0.60699999424,1.4823749966720001,-2.8124986880000016
1.6822000000000003e-05,23.749996544,0.6007499948799999,1.483624996544,-2.4999987200000007
1.68225e-05,24.531246592000002,0.60699999424,1.4823749966720001,-2.8124986880000016
1.6823e-05,23.749996544,0.60699999424,1.4823749966720001,-2.4999987200000007
1.6823500000000002e-05,23.749996544,0.60699999424,1.483624996544,-2.8124986880000016
1.6824e-05,23.749996544,0.60699999424,1.479874996928,-2.8124986880000016
1.68245e-05,23.749996544,0.60699999424,1.4811249968,-2.8124986880000016
1.6825000000000002e-05,23.749996544,0.6007499948799999,1.4823749966720001,-2.8124986880000016
1.68255e-05,22.968746496,0.60699999424,1.483624996544,-2.4999987200000007
1.6826e-05,23.749996544,0.60699999424,1.4811249968,-2.8124986880000016
1.6826500000000002e-05,23.749996544,0.6007499948799999,1.4823749966720001,-2.4999987200000007
1.6827e-05,23.749996544,0.60699999424,1.4823749966720001,-2.4999987200000007
1.68275e-05,22.968746496,0.60699999424,1.483624996544,-2.8124986880000016
1.6828000000000002e-05,22.968746496,0.6007499948799999,1.486124996288,-2.8124986880000016
1.68285e-05,23.749996544,0.60699999424,1.48737499616,-3.1249986560000007
1.6829e-05,23.749996544,0.6007499948799999,1.486124996288,-2.8124986880000016
1.6829500000000002e-05,23.749996544,0.60699999424,1.486124996288,-2.4999987200000007
1.683e-05,23.749996544,0.60699999424,1.486124996288,-2.4999987200000007
1.68305e-05,22.968746496,0.60699999424,1.486124996288,-2.4999987200000007
1.6831000000000002e-05,22.968746496,0.60699999424,1.483624996544,-2.4999987200000007
1.68315e-05,22.968746496,0.60699999424,1.484874996416,-2.8124986880000016
1.6832e-05,23.749996544,0.60699999424,1.484874996416,-2.8124986880000016
1.6832500000000002e-05,23.749996544,0.6132499936,1.486124996288,-2.8124986880000016
1.6833e-05,22.968746496,0.6132499936,1.484874996416,-2.4999987200000007
1.68335e-05,23.749996544,0.6007499948799999,1.483624996544,-2.4999987200000007
1.6834000000000002e-05,23.749996544,0.60699999424,1.4823749966720001,-2.8124986880000016
1.68345e-05,23.749996544,0.60699999424,1.479874996928,-2.4999987200000007
1.6835e-05,23.749996544,0.60699999424,1.479874996928,-2.4999987200000007
1.6835500000000002e-05,23.749996544,0.60699999424,1.483624996544,-2.4999987200000007
1.6836e-05,22.968746496,0.6007499948799999,1.486124996288,-2.4999987200000007
1.68365e-05,23.749996544,0.60699999424,1.48737499616,-2.4999987200000007
1.6837e-05,23.749996544,0.6132499936,1.486124996288,-2.4999987200000007
1.6837500000000003e-05,23.749996544,0.6132499936,1.484874996416,-2.4999987200000007
1.6838e-05,23.749996544,0.6132499936,1.48737499616,-2.1874987519999998
1.68385e-05,24.531246592000002,0.60699999424,1.484874996416,-2.4999987200000007
1.6839000000000003e-05,23.749996544,0.60699999424,1.4823749966720001,-2.8124986880000016
1.68395e-05,23.749996544,0.60699999424,1.484874996416,-2.8124986880000016
1.684e-05,23.749996544,0.60699999424,1.484874996416,-2.8124986880000016
1.6840500000000002e-05,22.968746496,0.60699999424,1.486124996288,-2.8124986880000016
1.6841e-05,23.749996544,0.6007499948799999,1.483624996544,-2.1874987519999998
1.68415e-05,23.749996544,0.6007499948799999,1.484874996416,-2.4999987200000007
1.6842000000000002e-05,23.749996544,0.60699999424,1.4823749966720001,-2.4999987200000007
1.68425e-05,22.968746496,0.6007499948799999,1.483624996544,-2.8124986880000016
1.6843e-05,23.749996544,0.60699999424,1.483624996544,-2.4999987200000007
1.6843500000000002e-05,23.749996544,0.6007499948799999,1.4823749966720001,-2.4999987200000007
1.6844e-05,23.749996544,0.6007499948799999,1.484874996416,-2.4999987200000007
1.68445e-05,24.531246592000002,0.60699999424,1.488624996032,-3.1249986560000007
1.6845000000000002e-05,23.749996544,0.60699999424,1.48737499616,-2.4999987200000007
1.68455e-05,23.749996544,0.6007499948799999,1.48737499616,-2.4999987200000007
1.6846e-05,23.749996544,0.60699999424,1.486124996288,-2.4999987200000007
1.6846500000000002e-05,23.749996544,0.60699999424,1.48737499616,-2.8124986880000016
1.6847e-05,22.968746496,0.60699999424,1.486124996288,-2.8124986880000016
1.68475e-05,23.749996544,0.6007499948799999,1.484874996416,-2.8124986880000016
1.6848000000000002e-05,24.531246592000002,0.60699999424,1.4823749966720001,-2.8124986880000016
1.68485e-05,24.531246592000002,0.60699999424,1.484874996416,-2.8124986880000016
1.6849e-05,24.531246592000002,0.6007499948799999,1.484874996416,-2.4999987200000007
1.6849500000000002e-05,23.749996544,0.60699999424,1.483624996544,-2.4999987200000007
1.685e-05,23.749996544,0.60699999424,1.483624996544,-2.8124986880000016
1.68505e-05,23.749996544,0.60699999424,1.483624996544,-2.8124986880000016
1.6851000000000002e-05,23.749996544,0.6132499936,1.484874996416,-2.4999987200000007
1.68515e-05,23.749996544,0.60699999424,1.484874996416,-2.4999987200000007
1.6852e-05,23.749996544,0.60699999424,1.484874996416,-2.4999987200000007
1.6852500000000002e-05,23.749996544,0.60699999424,1.48737499616,-2.4999987200000007
1.6853e-05,24.531246592000002,0.60699999424,1.486124996288,-2.8124986880000016
1.68535e-05,23.749996544,0.60699999424,1.486124996288,-2.4999987200000007
1.6854e-05,24.531246592000002,0.6007499948799999,1.48737499616,-2.4999987200000007
1.6854500000000003e-05,23.749996544,0.60699999424,1.484874996416,-2.4999987200000007
1.6855e-05,23.749996544,0.60699999424,1.4811249968,-2.8124986880000016
1.68555e-05,23.749996544,0.60699999424,1.4823749966720001,-2.8124986880000016
1.6856000000000003e-05,23.749996544,0.60699999424,1.4823749966720001,-2.8124986880000016
1.68565e-05,24.531246592000002,0.60699999424,1.483624996544,-2.8124986880000016
1.6857e-05,23.749996544,0.60699999424,1.4823749966720001,-2.4999987200000007
1.6857500000000003e-05,24.531246592000002,0.60699999424,1.483624996544,-2.4999987200000007
1.6858e-05,24.531246592000002,0.60699999424,1.483624996544,-2.4999987200000007
1.68585e-05,23.749996544,0.60699999424,1.483624996544,-2.4999987200000007
1.6859000000000002e-05,23.749996544,0.60699999424,1.483624996544,-2.4999987200000007
1.68595e-05,23.749996544,0.6007499948799999,1.483624996544,-2.4999987200000007
1.686e-05,23.749996544,0.6007499948799999,1.4823749966720001,-2.4999987200000007
1.6860500000000002e-05,23.749996544,0.60699999424,1.4823749966720001,-2.4999987200000007
1.6861e-05,24.531246592000002,0.60699999424,1.4823749966720001,-2.4999987200000007
1.68615e-05,24.531246592000002,0.60699999424,1.4811249968,-2.4999987200000007
1.6862000000000002e-05,23.749996544,0.60699999424,1.4811249968,-2.4999987200000007
1.68625e-05,23.749996544,0.60699999424,1.4811249968,-2.8124986880000016
1.6863e-05,23.749996544,0.60699999424,1.479874996928,-2.8124986880000016
1.6863500000000002e-05,24.531246592000002,0.6007499948799999,1.4823749966720001,-2.8124986880000016
1.6864e-05,23.749996544,0.60699999424,1.4823749966720001,-2.8124986880000016
1.68645e-05,23.749996544,0.6007499948799999,1.484874996416,-2.4999987200000007
1.6865000000000002e-05,22.968746496,0.6007499948799999,1.483624996544,-2.4999987200000007
1.68655e-05,23.749996544,0.60699999424,1.483624996544,-2.4999987200000007
1.6866e-05,23.749996544,0.6007499948799999,1.483624996544,-2.8124986880000016
1.6866500000000002e-05,23.749996544,0.60699999424,1.483624996544,-2.4999987200000007
1.6867e-05,23.749996544,0.60699999424,1.484874996416,-2.4999987200000007
1.68675e-05,23.749996544,0.6007499948799999,1.48737499616,-2.4999987200000007
1.6868000000000002e-05,23.749996544,0.6007499948799999,1.48737499616,-2.4999987200000007
1.68685e-05,23.749996544,0.6007499948799999,1.48737499616,-2.8124986880000016
1.6869e-05,24.531246592000002,0.60699999424,1.484874996416,-3.1249986560000007
1.6869500000000002e-05,24.531246592000002,0.60699999424,1.4823749966720001,-2.4999987200000007
1.687e-05,24.531246592000002,0.60699999424,1.4811249968,-2.4999987200000007
1.68705e-05,23.749996544,0.60699999424,1.4823749966720001,-2.4999987200000007
1.6871e-05,23.749996544,0.60699999424,1.4823749966720001,-2.4999987200000007
1.6871500000000003e-05,23.749996544,0.60699999424,1.483624996544,-2.8124986880000016
1.6872e-05,23.749996544,0.6132499936,1.479874996928,-2.8124986880000016
1.68725e-05,24.531246592000002,0.60699999424,1.483624996544,-3.1249986560000007
1.6873000000000003e-05,24.531246592000002,0.6007499948799999,1.483624996544,-2.8124986880000016
1.68735e-05,23.749996544,0.6007499948799999,1.483624996544,-2.4999987200000007
1.6874e-05,24.531246592000002,0.6007499948799999,1.484874996416,-2.4999987200000007
1.6874500000000003e-05,23.749996544,0.6007499948799999,1.484874996416,-2.4999987200000007
1.6875e-05,23.749996544,0.60699999424,1.483624996544,-2.1874987519999998
1.68755e-05,23.749996544,0.6007499948799999,1.483624996544,-2.4999987200000007
1.6876000000000002e-05,23.749996544,0.6007499948799999,1.4823749966720001,-2.8124986880000016
1.68765e-05,24.531246592000002,0.6007499948799999,1.4811249968,-2.8124986880000016
1.6877e-05,24.531246592000002,0.60699999424,1.4823749966720001,-2.4999987200000007
1.6877500000000002e-05,24.531246592000002,0.60699999424,1.4823749966720001,-2.4999987200000007
1.6878e-05,24.531246592000002,0.60699999424,1.479874996928,-2.4999987200000007
1.68785e-05,23.749996544,0.60699999424,1.479874996928,-2.1874987519999998
1.6879000000000002e-05,23.749996544,0.60699999424,1.483624996544,-2.4999987200000007
1.68795e-05,23.749996544,0.6007499948799999,1.48737499616,-2.8124986880000016
1.688e-05,23.749996544,0.6132499936,1.486124996288,-2.8124986880000016
1.6880500000000002e-05,23.749996544,0.6007499948799999,1.486124996288,-2.8124986880000016
1.6881e-05,22.968746496,0.6007499948799999,1.486124996288,-2.4999987200000007
1.68815e-05,22.968746496,0.6007499948799999,1.484874996416,-2.4999987200000007
1.6882000000000002e-05,23.749996544,0.60699999424,1.483624996544,-2.8124986880000016
1.68825e-05,23.749996544,0.6007499948799999,1.4823749966720001,-2.4999987200000007
1.6883e-05,23.749996544,0.60699999424,1.4823749966720001,-2.1874987519999998
1.6883500000000002e-05,23.749996544,0.59449999552,1.4823749966720001,-2.4999987200000007
1.6884e-05,23.749996544,0.6007499948799999,1.4811249968,-2.4999987200000007
1.68845e-05,23.749996544,0.60699999424,1.4823749966720001,-2.4999987200000007
1.6885000000000002e-05,23.749996544,0.60699999424,1.483624996544,-2.4999987200000007
1.68855e-05,24.531246592000002,0.60699999424,1.486124996288,-2.4999987200000007
1.6886e-05,23.749996544,0.6007499948799999,1.486124996288,-2.4999987200000007
1.6886500000000002e-05,23.749996544,0.60699999424,1.484874996416,-2.4999987200000007
1.6887e-05,23.749996544,0.60699999424,1.4811249968,-2.4999987200000007
1.68875e-05,23.749996544,0.60699999424,1.4811249968,-2.8124986880000016
1.6888e-05,23.749996544,0.60699999424,1.4811249968,-2.4999987200000007
1.6888500000000003e-05,23.749996544,0.60699999424,1.4823749966720001,-2.8124986880000016
1.6889e-05,22.968746496,0.60699999424,1.4811249968,-2.4999987200000007
1.68895e-05,24.531246592000002,0.60699999424,1.4811249968,-2.4999987200000007
1.6890000000000003e-05,24.531246592000002,0.6007499948799999,1.479874996928,-2.4999987200000007
1.68905e-05,24.531246592000002,0.60699999424,1.483624996544,-2.8124986880000016
1.6891e-05,23.749996544,0.60699999424,1.484874996416,-2.1874987519999998
1.6891500000000003e-05,23.749996544,0.6007499948799999,1.483624996544,-2.4999987200000007
1.6892e-05,23.749996544,0.60699999424,1.483624996544,-2.4999987200000007
1.68925e-05,23.749996544,0.60699999424,1.483624996544,-2.4999987200000007
1.6893000000000002e-05,24.531246592000002,0.60699999424,1.4823749966720001,-2.4999987200000007
1.68935e-05,23.749996544,0.60699999424,1.4823749966720001,-2.4999987200000007
1.6894e-05,23.749996544,0.60699999424,1.484874996416,-2.4999987200000007
1.6894500000000002e-05,23.749996544,0.6007499948799999,1.48737499616,-2.4999987200000007
1.6895e-05,23.749996544,0.60699999424,1.484874996416,-2.4999987200000007
1.68955e-05,23.749996544,0.6007499948799999,1.486124996288,-2.4999987200000007
1.6896000000000002e-05,24.531246592000002,0.60699999424,1.4823749966720001,-2.4999987200000007
1.68965e-05,23.749996544,0.6007499948799999,1.483624996544,-2.4999987200000007
1.6897e-05,23.749996544,0.6007499948799999,1.4823749966720001,-2.1874987519999998
1.6897500000000002e-05,23.749996544,0.6007499948799999,1.484874996416,-2.4999987200000007
1.6898e-05,23.749996544,0.60699999424,1.484874996416,-2.4999987200000007
1.68985e-05,23.749996544,0.60699999424,1.4823749966720001,-2.1874987519999998
1.6899000000000002e-05,23.749996544,0.60699999424,1.4811249968,-2.4999987200000007
1.68995e-05,23.749996544,0.6007499948799999,1.484874996416,-2.4999987200000007
1.69e-05,23.749996544,0.6007499948799999,1.486124996288,-2.4999987200000007
1.6900500000000002e-05,23.749996544,0.6007499948799999,1.48737499616,-2.4999987200000007
1.6901e-05,24.531246592000002,0.60699999424,1.48737499616,-2.4999987200000007
1.69015e-05,23.749996544,0.6007499948799999,1.486124996288,-2.4999987200000007
1.6902000000000002e-05,23.749996544,0.6007499948799999,1.484874996416,-2.1874987519999998
1.69025e-05,23.749996544,0.6007499948799999,1.484874996416,-2.1874987519999998
1.6903e-05,23.749996544,0.60699999424,1.484874996416,-2.1874987519999998
1.6903500000000002e-05,22.968746496,0.6007499948799999,1.483624996544,-2.4999987200000007
1.6904e-05,23.749996544,0.60699999424,1.4823749966720001,-2.4999987200000007
1.69045e-05,23.749996544,0.6007499948799999,1.483624996544,-2.4999987200000007
1.6905e-05,22.968746496,0.6007499948799999,1.4823749966720001,-2.4999987200000007
1.6905500000000003e-05,23.749996544,0.6007499948799999,1.483624996544,-2.4999987200000007
1.6906e-05,24.531246592000002,0.6007499948799999,1.486124996288,-2.4999987200000007
1.69065e-05,23.749996544,0.60699999424,1.484874996416,-2.4999987200000007
1.6907000000000003e-05,23.749996544,0.60699999424,1.479874996928,-2.1874987519999998
1.69075e-05,23.749996544,0.6007499948799999,1.4811249968,-2.4999987200000007
1.6908e-05,23.749996544,0.6007499948799999,1.4811249968,-2.1874987519999998
1.6908500000000003e-05,24.531246592000002,0.60699999424,1.4823749966720001,-2.4999987200000007
1.6909e-05,23.749996544,0.60699999424,1.4811249968,-2.4999987200000007
1.69095e-05,23.749996544,0.6007499948799999,1.479874996928,-2.4999987200000007
1.6910000000000002e-05,23.749996544,0.6007499948799999,1.4823749966720001,-2.4999987200000007
1.69105e-05,23.749996544,0.60699999424,1.484874996416,-2.4999987200000007
1.6911e-05,22.968746496,0.60699999424,1.484874996416,-2.4999987200000007
1.6911500000000002e-05,23.749996544,0.60699999424,1.4823749966720001,-2.8124986880000016
1.6912e-05,24.531246592000002,0.60699999424,1.479874996928,-2.4999987200000007
1.69125e-05,23.749996544,0.60699999424,1.483624996544,-2.4999987200000007
1.6913000000000002e-05,23.749996544,0.60699999424,1.483624996544,-2.4999987200000007
1.69135e-05,23.749996544,0.60699999424,1.483624996544,-2.4999987200000007
1.6914e-05,23.749996544,0.60699999424,1.483624996544,-2.4999987200000007
1.6914500000000002e-05,23.749996544,0.6007499948799999,1.4823749966720001,-2.4999987200000007
1.6915e-05,23.749996544,0.60699999424,1.4811249968,-2.4999987200000007
1.69155e-05,22.968746496,0.6007499948799999,1.479874996928,-2.4999987200000007
1.6916000000000002e-05,22.968746496,0.6007499948799999,1.4823749966720001,-2.8124986880000016
1.69165e-05,23.749996544,0.6007499948799999,1.484874996416,-2.8124986880000016
1.6917e-05,23.749996544,0.60699999424,1.486124996288,-2.4999987200000007
1.6917500000000002e-05,23.749996544,0.6007499948799999,1.4823749966720001,-2.4999987200000007
1.6918e-05,23.749996544,0.6007499948799999,1.483624996544,-2.1874987519999998
1.69185e-05,24.531246592000002,0.60699999424,1.483624996544,-2.4999987200000007
1.6919000000000002e-05,23.749996544,0.60699999424,1.484874996416,-2.4999987200000007
1.69195e-05,22.968746496,0.6007499948799999,1.486124996288,-2.8124986880000016
1.692e-05,22.968746496,0.60699999424,1.483624996544,-2.4999987200000007
1.6920500000000002e-05,24.531246592000002,0.60699999424,1.483624996544,-2.4999987200000007
1.6921e-05,23.749996544,0.60699999424,1.4823749966720001,-2.1874987519999998
1.69215e-05,23.749996544,0.60699999424,1.483624996544,-2.4999987200000007
1.6922e-05,23.749996544,0.60699999424,1.484874996416,-2.4999987200000007
1.6922500000000003e-05,23.749996544,0.60699999424,1.483624996544,-2.4999987200000007
1.6923e-05,23.749996544,0.6132499936,1.484874996416,-2.4999987200000007
1.69235e-05,23.749996544,0.6007499948799999,1.484874996416,-2.4999987200000007
1.6924000000000003e-05,23.749996544,0.6007499948799999,1.486124996288,-2.1874987519999998
1.69245e-05,23.749996544,0.6007499948799999,1.484874996416,-2.1874987519999998
1.6925e-05,23.749996544,0.6007499948799999,1.4823749966720001,-2.4999987200000007
1.6925500000000003e-05,23.749996544,0.6007499948799999,1.4811249968,-2.4999987200000007
1.6926e-05,23.749996544,0.6007499948799999,1.483624996544,-2.4999987200000007
1.69265e-05,23.749996544,0.60699999424,1.48737499616,-2.4999987200000007
1.6927000000000002e-05,23.749996544,0.60699999424,1.486124996288,-2.4999987200000007
1.69275e-05,23.749996544,0.6007499948799999,1.4823749966720001,-2.8124986880000016
1.6928e-05,23.749996544,0.60699999424,1.4811249968,-2.4999987200000007
1.6928500000000002e-05,24.531246592000002,0.60699999424,1.4823749966720001,-2.4999987200000007
1.6929e-05,23.749996544,0.60699999424,1.4811249968,-2.4999987200000007
1.69295e-05,23.749996544,0.60699999424,1.4811249968,-2.4999987200000007
1.6930000000000002e-05,24.531246592000002,0.60699999424,1.4811249968,-2.8124986880000016
1.69305e-05,23.749996544,0.6007499948799999,1.484874996416,-2.4999987200000007
1.6931e-05,23.749996544,0.60699999424,1.484874996416,-2.4999987200000007
1.6931500000000002e-05,23.749996544,0.6007499948799999,1.4811249968,-2.4999987200000007
1.6932e-05,23.749996544,0.6007499948799999,1.478624997056,-2.1874987519999998
1.69325e-05,23.749996544,0.60699999424,1.4823749966720001,-2.4999987200000007
1.6933000000000002e-05,23.749996544,0.60699999424,1.484874996416,-2.4999987200000007
1.69335e-05,24.531246592000002,0.60699999424,1.484874996416,-2.4999987200000007
1.6934e-05,23.749996544,0.60699999424,1.483624996544,-2.1874987519999998
1.6934500000000002e-05,23.749996544,0.60699999424,1.483624996544,-2.4999987200000007
1.6935e-05,23.749996544,0.60699999424,1.4823749966720001,-2.4999987200000007
1.69355e-05,23.749996544,0.6007499948799999,1.486124996288,-2.4999987200000007
1.6936000000000002e-05,24.531246592000002,0.59449999552,1.484874996416,-2.4999987200000007
1.69365e-05,24.531246592000002,0.6007499948799999,1.484874996416,-2.8124986880000016
1.6937e-05,24.531246592000002,0.6007499948799999,1.4823749966720001,-2.4999987200000007
1.6937500000000002e-05,23.749996544,0.6007499948799999,1.4811249968,-2.1874987519999998
1.6938e-05,24.531246592000002,0.6007499948799999,1.478624997056,-2.1874987519999998
1.69385e-05,23.749996544,0.60699999424,1.4811249968,-2.4999987200000007
1.6939e-05,23.749996544,0.60699999424,1.4823749966720001,-2.4999987200000007
1.6939500000000003e-05,24.531246592000002,0.6007499948799999,1.4823749966720001,-2.4999987200000007
1.694e-05,23.749996544,0.6007499948799999,1.4811249968,-2.4999987200000007
1.69405e-05,23.749996544,0.6007499948799999,1.4823749966720001,-2.4999987200000007
1.6941000000000003e-05,23.749996544,0.60699999424,1.4823749966720001,-2.4999987200000007
1.69415e-05,24.531246592000002,0.6007499948799999,1.479874996928,-2.4999987200000007
1.6942e-05,24.531246592000002,0.6007499948799999,1.479874996928,-2.4999987200000007
1.6942500000000003e-05,24.531246592000002,0.60699999424,1.4811249968,-2.1874987519999998
1.6943e-05,24.531246592000002,0.6007499948799999,1.4823749966720001,-2.4999987200000007
1.69435e-05,25.31249664,0.6007499948799999,1.483624996544,-2.8124986880000016
1.6944000000000002e-05,23.749996544,0.59449999552,1.4811249968,-2.4999987200000007
1.69445e-05,23.749996544,0.59449999552,1.4811249968,-2.8124986880000016
1.6945e-05,24.531246592000002,0.6007499948799999,1.479874996928,-2.4999987200000007
1.6945500000000002e-05,23.749996544,0.6007499948799999,1.4811249968,-2.1874987519999998
1.6946e-05,24.531246592000002,0.59449999552,1.4823749966720001,-2.4999987200000007
1.69465e-05,23.749996544,0.6007499948799999,1.483624996544,-2.8124986880000016
1.6947000000000002e-05,23.749996544,0.60699999424,1.4811249968,-2.4999987200000007
1.69475e-05,24.531246592000002,0.6007499948799999,1.483624996544,-2.4999987200000007
1.6948e-05,24.531246592000002,0.6007499948799999,1.4823749966720001,-2.4999987200000007
1.6948500000000002e-05,24.531246592000002,0.6007499948799999,1.484874996416,-2.4999987200000007
1.6949e-05,23.749996544,0.6007499948799999,1.484874996416,-2.4999987200000007
1.69495e-05,23.749996544,0.6007499948799999,1.484874996416,-2.1874987519999998
1.6950000000000002e-05,24.531246592000002,0.6007499948799999,1.484874996416,-2.4999987200000007
1.69505e-05,24.531246592000002,0.6007499948799999,1.486124996288,-2.1874987519999998
1.6951e-05,23.749996544,0.60699999424,1.486124996288,-2.4999987200000007
1.6951500000000002e-05,23.749996544,0.6007499948799999,1.486124996288,-2.4999987200000007
1.6952e-05,23.749996544,0.6007499948799999,1.486124996288,-2.4999987200000007
1.69525e-05,23.749996544,0.6007499948799999,1.484874996416,-2.8124986880000016
1.6953000000000002e-05,24.531246592000002,0.6007499948799999,1.4823749966720001,-2.1874987519999998
1.69535e-05,23.749996544,0.6007499948799999,1.4823749966720001,-2.1874987519999998
1.6954e-05,24.531246592000002,0.60699999424,1.483624996544,-2.4999987200000007
1.6954500000000002e-05,23.749996544,0.60699999424,1.483624996544,-2.4999987200000007
1.6955e-05,23.749996544,0.60699999424,1.483624996544,-2.1874987519999998
1.69555e-05,23.749996544,0.6007499948799999,1.4823749966720001,-2.1874987519999998
1.6956e-05,23.749996544,0.6007499948799999,1.4811249968,-2.1874987519999998
1.6956500000000003e-05,23.749996544,0.60699999424,1.4811249968,-2.4999987200000007
1.6957e-05,24.531246592000002,0.60699999424,1.4811249968,-2.4999987200000007
1.69575e-05,23.749996544,0.6007499948799999,1.479874996928,-2.4999987200000007
1.6958000000000003e-05,23.749996544,0.60699999424,1.478624997056,-2.1874987519999998
1.69585e-05,23.749996544,0.60699999424,1.4811249968,-2.1874987519999998
1.6959e-05,23.749996544,0.60699999424,1.4823749966720001,-2.1874987519999998
1.6959500000000003e-05,23.749996544,0.60699999424,1.484874996416,-2.4999987200000007
1.696e-05,23.749996544,0.60699999424,1.4823749966720001,-2.1874987519999998
1.69605e-05,23.749996544,0.6007499948799999,1.483624996544,-2.4999987200000007
1.6961000000000002e-05,23.749996544,0.6007499948799999,1.4823749966720001,-2.1874987519999998
1.69615e-05,23.749996544,0.60699999424,1.483624996544,-2.1874987519999998
1.6962e-05,24.531246592000002,0.60699999424,1.484874996416,-2.4999987200000007
1.6962500000000002e-05,23.749996544,0.60699999424,1.48737499616,-2.4999987200000007
1.6963e-05,23.749996544,0.60699999424,1.486124996288,-2.1874987519999998
1.69635e-05,23.749996544,0.60699999424,1.483624996544,-2.4999987200000007
1.6964000000000002e-05,23.749996544,0.60699999424,1.483624996544,-2.4999987200000007
1.69645e-05,23.749996544,0.6132499936,1.4823749966720001,-2.1874987519999998
1.6965e-05,23.749996544,0.60699999424,1.4823749966720001,-2.4999987200000007
1.6965500000000002e-05,23.749996544,0.6007499948799999,1.4811249968,-2.1874987519999998
1.6966e-05,23.749996544,0.6007499948799999,1.483624996544,-2.1874987519999998
1.69665e-05,23.749996544,0.60699999424,1.486124996288,-2.1874987519999998
1.6967000000000002e-05,22.968746496,0.60699999424,1.486124996288,-2.4999987200000007
1.69675e-05,23.749996544,0.60699999424,1.486124996288,-2.1874987519999998
1.6968e-05,23.749996544,0.6007499948799999,1.483624996544,-2.1874987519999998
1.6968500000000002e-05,23.749996544,0.59449999552,1.484874996416,-2.4999987200000007
1.6969e-05,24.531246592000002,0.6007499948799999,1.484874996416,-2.1874987519999998
1.69695e-05,23.749996544,0.6007499948799999,1.484874996416,-2.1874987519999998
1.6970000000000002e-05,23.749996544,0.60699999424,1.483624996544,-2.1874987519999998
1.69705e-05,23.749996544,0.6007499948799999,1.4823749966720001,-2.1874987519999998
1.6971e-05,23.749996544,0.60699999424,1.483624996544,-2.1874987519999998
1.6971500000000002e-05,23.749996544,0.60699999424,1.484874996416,-2.1874987519999998
1.6972e-05,23.749996544,0.6007499948799999,1.486124996288,-2.1874987519999998
1.69725e-05,23.749996544,0.60699999424,1.484874996416,-2.4999987200000007
1.6973e-05,24.531246592000002,0.60699999424,1.4823749966720001,-2.1874987519999998
1.6973500000000003e-05,23.749996544,0.60699999424,1.4823749966720001,-2.1874987519999998
1.6974e-05,23.749996544,0.6007499948799999,1.4823749966720001,-2.1874987519999998
1.69745e-05,23.749996544,0.60699999424,1.479874996928,-2.1874987519999998
1.6975000000000003e-05,23.749996544,0.60699999424,1.4811249968,-2.1874987519999998
1.69755e-05,23.749996544,0.60699999424,1.483624996544,-2.8124986880000016
1.6976e-05,23.749996544,0.59449999552,1.483624996544,-2.4999987200000007
1.6976500000000003e-05,23.749996544,0.6007499948799999,1.483624996544,-2.4999987200000007
1.6977e-05,24.531246592000002,0.6007499948799999,1.483624996544,-2.1874987519999998
1.69775e-05,23.749996544,0.6007499948799999,1.483624996544,-2.1874987519999998
1.6978000000000002e-05,23.749996544,0.60699999424,1.4823749966720001,-2.1874987519999998
1.69785e-05,22.968746496,0.6007499948799999,1.4823749966720001,-2.1874987519999998
1.6979e-05,23.749996544,0.60699999424,1.4823749966720001,-2.1874987519999998
1.6979500000000002e-05,23.749996544,0.6007499948799999,1.4823749966720001,-2.1874987519999998
1.698e-05,23.749996544,0.6007499948799999,1.4823749966720001,-2.1874987519999998
1.69805e-05,23.749996544,0.60699999424,1.4823749966720001,-2.1874987519999998
1.6981000000000002e-05,23.749996544,0.60699999424,1.4823749966720001,-2.1874987519999998
1.69815e-05,23.749996544,0.6007499948799999,1.4823749966720001,-2.4999987200000007
1.6982e-05,23.749996544,0.6007499948799999,1.4823749966720001,-2.4999987200000007
1.6982500000000002e-05,24.531246592000002,0.6007499948799999,1.4811249968,-2.1874987519999998
1.6983e-05,23.749996544,0.60699999424,1.4823749966720001,-2.4999987200000007
1.69835e-05,23.749996544,0.60699999424,1.483624996544,-2.4999987200000007
1.6984000000000002e-05,22.968746496,0.6007499948799999,1.4823749966720001,-2.1874987519999998
1.69845e-05,23.749996544,0.6007499948799999,1.484874996416,-2.4999987200000007
1.6985e-05,24.531246592000002,0.60699999424,1.4823749966720001,-2.4999987200000007
1.6985500000000002e-05,23.749996544,0.6007499948799999,1.4823749966720001,-2.4999987200000007
1.6986e-05,24.531246592000002,0.6007499948799999,1.4823749966720001,-2.4999987200000007
1.69865e-05,22.968746496,0.6007499948799999,1.4823749966720001,-2.4999987200000007
1.6987000000000002e-05,23.749996544,0.60699999424,1.4823749966720001,-2.1874987519999998
1.69875e-05,23.749996544,0.6007499948799999,1.4823749966720001,-2.4999987200000007
1.6988e-05,23.749996544,0.6007499948799999,1.4811249968,-2.1874987519999998
1.6988500000000002e-05,23.749996544,0.6007499948799999,1.483624996544,-2.4999987200000007
1.6989e-05,24.531246592000002,0.6007499948799999,1.48737499616,-2.1874987519999998
1.69895e-05,23.749996544,0.6007499948799999,1.486124996288,-2.1874987519999998
1.699e-05,23.749996544,0.6007499948799999,1.4823749966720001,-1.8749987840000006
1.6990500000000003e-05,22.968746496,0.60699999424,1.4811249968,-1.8749987840000006
1.6991e-05,22.968746496,0.60699999424,1.4811249968,-1.8749987840000006
1.69915e-05,22.968746496,0.6007499948799999,1.4823749966720001,-2.4999987200000007
1.6992000000000003e-05,23.749996544,0.6007499948799999,1.4823749966720001,-2.1874987519999998
1.69925e-05,24.531246592000002,0.60699999424,1.483624996544,-2.1874987519999998
1.6993e-05,23.749996544,0.6007499948799999,1.484874996416,-2.1874987519999998
1.6993500000000003e-05,23.749996544,0.6007499948799999,1.48737499616,-1.8749987840000006
1.6994e-05,23.749996544,0.6007499948799999,1.483624996544,-1.8749987840000006
1.69945e-05,22.968746496,0.60699999424,1.483624996544,-2.4999987200000007
1.6995000000000002e-05,23.749996544,0.60699999424,1.486124996288,-2.1874987519999998
1.69955e-05,24.531246592000002,0.6007499948799999,1.48737499616,-2.1874987519999998
1.6996e-05,23.749996544,0.6007499948799999,1.486124996288,-2.1874987519999998
1.6996500000000002e-05,23.749996544,0.6007499948799999,1.486124996288,-2.1874987519999998
1.6997e-05,23.749996544,0.60699999424,1.484874996416,-2.1874987519999998
1.69975e-05,23.749996544,0.6007499948799999,1.486124996288,-2.1874987519999998
1.6998000000000002e-05,23.749996544,0.6007499948799999,1.483624996544,-2.1874987519999998
1.69985e-05,23.749996544,0.6007499948799999,1.4811249968,-2.1874987519999998
1.6999e-05,23.749996544,0.60699999424,1.4823749966720001,-2.1874987519999998
1.6999500000000002e-05,23.749996544,0.60699999424,1.484874996416,-2.4999987200000007
1.7e-05,23.749996544,0.60699999424,1.484874996416,-2.1874987519999998
1.70005e-05,24.531246592000002,0.6007499948799999,1.48737499616,-2.1874987519999998
1.7001000000000002e-05,23.749996544,0.6007499948799999,1.486124996288,-2.1874987519999998
1.70015e-05,23.749996544,0.6007499948799999,1.483624996544,-1.8749987840000006
1.7002e-05,23.749996544,0.60699999424,1.483624996544,-2.4999987200000007
1.7002500000000002e-05,23.749996544,0.6007499948799999,1.48737499616,-2.4999987200000007
1.7003e-05,22.968746496,0.60699999424,1.48737499616,-2.1874987519999998
1.70035e-05,23.749996544,0.6007499948799999,1.486124996288,-1.8749987840000006
1.7004000000000002e-05,23.749996544,0.6007499948799999,1.484874996416,-2.1874987519999998
1.70045e-05,23.749996544,0.6007499948799999,1.484874996416,-1.8749987840000006
1.7005e-05,24.531246592000002,0.60699999424,1.483624996544,-1.8749987840000006
1.7005500000000002e-05,23.749996544,0.60699999424,1.486124996288,-1.8749987840000006
1.7006e-05,23.749996544,0.59449999552,1.48737499616,-1.8749987840000006
1.70065e-05,23.749996544,0.6007499948799999,1.484874996416,-2.1874987519999998
1.7007e-05,23.749996544,0.60699999424,1.4811249968,-2.1874987519999998
1.70075e-05,23.749996544,0.6007499948799999,1.4823749966720001,-2.1874987519999998
1.7008e-05,23.749996544,0.60699999424,1.4811249968,-2.1874987519999998
1.70085e-05,23.749996544,0.6007499948799999,1.483624996544,-2.1874987519999998
1.7009000000000003e-05,23.749996544,0.6007499948799999,1.484874996416,-2.1874987519999998
1.70095e-05,23.749996544,0.60699999424,1.483624996544,-2.1874987519999998
1.701e-05,23.749996544,0.60699999424,1.483624996544,-2.1874987519999998
1.7010500000000003e-05,23.749996544,0.60699999424,1.4823749966720001,-1.8749987840000006
1.7011e-05,23.749996544,0.60699999424,1.4811249968,-1.8749987840000006
1.70115e-05,23.749996544,0.6007499948799999,1.479874996928,-2.1874987519999998
1.7012000000000002e-05,23.749996544,0.6007499948799999,1.4811249968,-1.8749987840000006
1.70125e-05,24.531246592000002,0.60699999424,1.484874996416,-2.1874987519999998
1.7013e-05,24.531246592000002,0.60699999424,1.483624996544,-1.8749987840000006
1.7013500000000002e-05,24.531246592000002,0.6007499948799999,1.4823749966720001,-2.1874987519999998
1.7014e-05,23.749996544,0.6007499948799999,1.4823749966720001,-1.8749987840000006
1.70145e-05,23.749996544,0.6007499948799999,1.4823749966720001,-2.1874987519999998
1.7015000000000002e-05,23.749996544,0.60699999424,1.483624996544,-2.1874987519999998
1.70155e-05,23.749996544,0.59449999552,1.483624996544,-2.1874987519999998
1.7016e-05,23.749996544,0.6007499948799999,1.479874996928,-2.1874987519999998
1.7016500000000002e-05,24.531246592000002,0.59449999552,1.4811249968,-2.4999987200000007
1.7017e-05,24.531246592000002,0.6007499948799999,1.479874996928,-2.1874987519999998
1.70175e-05,23.749996544,0.6007499948799999,1.4811249968,-2.1874987519999998
1.7018000000000002e-05,24.531246592000002,0.6007499948799999,1.479874996928,-1.8749987840000006
1.70185e-05,23.749996544,0.6007499948799999,1.479874996928,-1.8749987840000006
1.7019e-05,23.749996544,0.60699999424,1.479874996928,-1.8749987840000006
1.7019500000000002e-05,22.968746496,0.59449999552,1.4811249968,-1.8749987840000006
1.702e-05,23.749996544,0.6007499948799999,1.4811249968,-1.8749987840000006
1.70205e-05,23.749996544,0.60699999424,1.4811249968,-1.8749987840000006
1.7021000000000002e-05,23.749996544,0.6007499948799999,1.4823749966720001,-1.5624988160000015
1.70215e-05,24.531246592000002,0.59449999552,1.4823749966720001,-1.8749987840000006
1.7022e-05,23.749996544,0.6007499948799999,1.4823749966720001,-1.8749987840000006
1.7022500000000002e-05,23.749996544,0.6007499948799999,1.484874996416,-2.1874987519999998
1.7023e-05,23.749996544,0.6007499948799999,1.484874996416,-2.4999987200000007
1.70235e-05,23.749996544,0.6007499948799999,1.484874996416,-2.4999987200000007
1.7024e-05,23.749996544,0.6007499948799999,1.483624996544,-1.8749987840000006
1.70245e-05,23.749996544,0.6007499948799999,1.484874996416,-2.1874987519999998
1.7025e-05,23.749996544,0.6007499948799999,1.4823749966720001,-1.8749987840000006
1.70255e-05,23.749996544,0.60699999424,1.4823749966720001,-2.1874987519999998
1.7026000000000003e-05,24.531246592000002,0.60699999424,1.478624997056,-2.1874987519999998
1.70265e-05,23.749996544,0.60699999424,1.478624997056,-1.8749987840000006
1.7027e-05,23.749996544,0.6007499948799999,1.479874996928,-1.8749987840000006
1.7027500000000003e-05,23.749996544,0.59449999552,1.4823749966720001,-1.8749987840000006
1.7028e-05,23.749996544,0.6007499948799999,1.483624996544,-2.1874987519999998
1.70285e-05,23.749996544,0.60699999424,1.484874996416,-2.1874987519999998
1.7029000000000002e-05,24.531246592000002,0.60699999424,1.4823749966720001,-1.8749987840000006
1.70295e-05,24.531246592000002,0.60699999424,1.4823749966720001,-1.8749987840000006
1.703e-05,24.531246592000002,0.6007499948799999,1.4823749966720001,-1.8749987840000006
1.7030500000000002e-05,23.749996544,0.60699999424,1.4823749966720001,-2.1874987519999998
1.7031e-05,23.749996544,0.60699999424,1.483624996544,-2.1874987519999998
1.70315e-05,23.749996544,0.59449999552,1.486124996288,-2.1874987519999998
1.7032000000000002e-05,24.531246592000002,0.59449999552,1.486124996288,-1.8749987840000006
1.70325e-05,23.749996544,0.59449999552,1.48737499616,-2.1874987519999998
1.7033e-05,23.749996544,0.6007499948799999,1.486124996288,-1.8749987840000006
1.7033500000000002e-05,23.749996544,0.6007499948799999,1.48737499616,-1.8749987840000006
1.7034e-05,24.531246592000002,0.60699999424,1.483624996544,-1.8749987840000006
1.70345e-05,23.749996544,0.6007499948799999,1.483624996544,-2.1874987519999998
1.7035000000000002e-05,23.749996544,0.6007499948799999,1.483624996544,-1.8749987840000006
1.70355e-05,23.749996544,0.6007499948799999,1.483624996544,-1.5624988160000015
1.7036e-05,23.749996544,0.6007499948799999,1.4823749966720001,-1.8749987840000006
1.7036500000000002e-05,23.749996544,0.60699999424,1.4811249968,-1.8749987840000006
1.7037e-05,23.749996544,0.6007499948799999,1.4811249968,-2.1874987519999998
1.70375e-05,23.749996544,0.6007499948799999,1.4823749966720001,-1.8749987840000006
1.7038000000000002e-05,24.531246592000002,0.6007499948799999,1.4823749966720001,-2.1874987519999998
1.70385e-05,23.749996544,0.6007499948799999,1.479874996928,-2.1874987519999998
1.7039e-05,23.749996544,0.6007499948799999,1.478624997056,-1.8749987840000006
1.7039500000000002e-05,23.749996544,0.6007499948799999,1.4811249968,-2.1874987519999998
1.704e-05,23.749996544,0.6007499948799999,1.478624997056,-2.1874987519999998
1.70405e-05,24.531246592000002,0.59449999552,1.479874996928,-2.1874987519999998
1.7041e-05,23.749996544,0.59449999552,1.478624997056,-1.8749987840000006
1.70415e-05,23.749996544,0.6007499948799999,1.4811249968,-1.8749987840000006
1.7042e-05,23.749996544,0.60699999424,1.4811249968,-1.8749987840000006
1.70425e-05,23.749996544,0.6007499948799999,1.4823749966720001,-1.8749987840000006
1.7043000000000003e-05,23.749996544,0.6007499948799999,1.4823749966720001,-1.8749987840000006
1.70435e-05,23.749996544,0.59449999552,1.4823749966720001,-2.1874987519999998
1.7044e-05,23.749996544,0.59449999552,1.4811249968,-1.8749987840000006
1.7044500000000003e-05,24.531246592000002,0.6007499948799999,1.479874996928,-2.1874987519999998
1.7045e-05,24.531246592000002,0.6007499948799999,1.4811249968,-2.1874987519999998
1.70455e-05,23.749996544,0.6007499948799999,1.4811249968,-2.1874987519999998
1.7046000000000002e-05,23.749996544,0.6007499948799999,1.4811249968,-1.8749987840000006
1.70465e-05,23.749996544,0.6007499948799999,1.479874996928,-2.1874987519999998
1.7047e-05,23.749996544,0.6007499948799999,1.479874996928,-1.8749987840000006
1.7047500000000002e-05,23.749996544,0.59449999552,1.4811249968,-2.1874987519999998
1.7048e-05,24.531246592000002,0.59449999552,1.4811249968,-2.1874987519999998
1.70485e-05,24.531246592000002,0.59449999552,1.4823749966720001,-2.1874987519999998
1.7049000000000002e-05,23.749996544,0.59449999552,1.4811249968,-2.1874987519999998
1.70495e-05,23.749996544,0.6007499948799999,1.479874996928,-1.8749987840000006
1.705e-05,23.749996544,0.6007499948799999,1.479874996928,-2.1874987519999998
1.7050500000000002e-05,23.749996544,0.6007499948799999,1.483624996544,-2.1874987519999998
1.7051e-05,23.749996544,0.6007499948799999,1.4823749966720001,-1.8749987840000006
1.70515e-05,23.749996544,0.59449999552,1.4811249968,-1.8749987840000006
1.7052000000000002e-05,23.749996544,0.6007499948799999,1.4811249968,-1.8749987840000006
1.70525e-05,23.749996544,0.6007499948799999,1.4823749966720001,-2.1874987519999998
1.7053e-05,24.531246592000002,0.6007499948799999,1.4823749966720001,-1.8749987840000006
1.7053500000000002e-05,24.531246592000002,0.6007499948799999,1.4823749966720001,-1.8749987840000006
1.7054e-05,23.749996544,0.6007499948799999,1.483624996544,-1.8749987840000006
1.70545e-05,23.749996544,0.6007499948799999,1.484874996416,-1.8749987840000006
1.7055000000000002e-05,22.968746496,0.6007499948799999,1.4823749966720001,-1.8749987840000006
1.70555e-05,23.749996544,0.6007499948799999,1.4823749966720001,-2.1874987519999998
1.7056e-05,23.749996544,0.6007499948799999,1.4811249968,-2.1874987519999998
1.7056500000000002e-05,23.749996544,0.6007499948799999,1.483624996544,-1.8749987840000006
1.7057e-05,23.749996544,0.6007499948799999,1.483624996544,-1.8749987840000006
1.70575e-05,23.749996544,0.6007499948799999,1.4811249968,-1.8749987840000006
1.7058e-05,23.749996544,0.59449999552,1.479874996928,-1.8749987840000006
1.70585e-05,24.531246592000002,0.6007499948799999,1.4823749966720001,-2.1874987519999998
1.7059e-05,24.531246592000002,0.6007499948799999,1.4823749966720001,-1.8749987840000006
1.70595e-05,23.749996544,0.59449999552,1.479874996928,-2.1874987519999998
1.7060000000000003e-05,23.749996544,0.6007499948799999,1.478624997056,-2.1874987519999998
1.70605e-05,23.749996544,0.6007499948799999,1.4811249968,-2.4999987200000007
1.7061e-05,25.31249664,0.6007499948799999,1.4823749966720001,-2.1874987519999998
1.7061500000000003e-05,25.31249664,0.6007499948799999,1.479874996928,-1.8749987840000006
1.7062e-05,24.531246592000002,0.6007499948799999,1.4823749966720001,-1.5624988160000015
1.70625e-05,23.749996544,0.6007499948799999,1.4823749966720001,-1.8749987840000006
1.7063000000000002e-05,23.749996544,0.60699999424,1.4823749966720001,-1.8749987840000006
1.70635e-05,23.749996544,0.6007499948799999,1.4823749966720001,-2.1874987519999998
1.7064e-05,24.531246592000002,0.60699999424,1.4811249968,-2.1874987519999998
1.7064500000000002e-05,23.749996544,0.59449999552,1.4823749966720001,-2.1874987519999998
1.7065e-05,23.749996544,0.6007499948799999,1.4811249968,-1.8749987840000006
1.70655e-05,23.749996544,0.59449999552,1.479874996928,-1.8749987840000006
1.7066000000000002e-05,24.531246592000002,0.6007499948799999,1.478624997056,-1.8749987840000006
1.70665e-05,22.968746496,0.6007499948799999,1.479874996928,-2.1874987519999998
1.7067e-05,23.749996544,0.60699999424,1.4823749966720001,-1.8749987840000006
1.7067500000000002e-05,23.749996544,0.6007499948799999,1.4823749966720001,-1.8749987840000006
1.7068e-05,23.749996544,0.6007499948799999,1.4811249968,-1.8749987840000006
1.70685e-05,23.749996544,0.6007499948799999,1.4811249968,-2.1874987519999998
1.7069000000000002e-05,23.749996544,0.59449999552,1.4823749966720001,-2.1874987519999998
1.70695e-05,23.749996544,0.59449999552,1.4823749966720001,-2.1874987519999998
1.707e-05,24.531246592000002,0.59449999552,1.48737499616,-2.1874987519999998
1.7070500000000002e-05,23.749996544,0.6007499948799999,1.488624996032,-2.1874987519999998
1.7071e-05,23.749996544,0.60699999424,1.484874996416,-2.1874987519999998
1.70715e-05,23.749996544,0.6007499948799999,1.483624996544,-2.1874987519999998
1.7072000000000002e-05,24.531246592000002,0.59449999552,1.479874996928,-1.8749987840000006
1.70725e-05,24.531246592000002,0.59449999552,1.4823749966720001,-1.8749987840000006
1.7073e-05,23.749996544,0.6007499948799999,1.4823749966720001,-2.1874987519999998
1.7073500000000002e-05,23.749996544,0.6007499948799999,1.4811249968,-1.5624988160000015
1.7074e-05,23.749996544,0.59449999552,1.4811249968,-1.8749987840000006
1.70745e-05,23.749996544,0.59449999552,1.483624996544,-1.8749987840000006
1.7075e-05,24.531246592000002,0.6007499948799999,1.4823749966720001,-1.8749987840000006
1.70755e-05,23.749996544,0.6007499948799999,1.4811249968,-1.8749987840000006
1.7076e-05,24.531246592000002,0.6007499948799999,1.479874996928,-1.8749987840000006
1.70765e-05,24.531246592000002,0.6007499948799999,1.4811249968,-2.1874987519999998
1.7077000000000003e-05,24.531246592000002,0.6007499948799999,1.4823749966720001,-2.1874987519999998
1.70775e-05,24.531246592000002,0.6007499948799999,1.4823749966720001,-1.8749987840000006
1.7078e-05,24.531246592000002,0.59449999552,1.4823749966720001,-1.8749987840000006
1.7078500000000003e-05,23.749996544,0.59449999552,1.484874996416,-1.8749987840000006
1.7079e-05,24.531246592000002,0.6007499948799999,1.483624996544,-1.8749987840000006
1.70795e-05,23.749996544,0.59449999552,1.483624996544,-2.1874987519999998
1.7080000000000002e-05,24.531246592000002,0.59449999552,1.4811249968,-2.1874987519999998
1.70805e-05,24.531246592000002,0.59449999552,1.483624996544,-2.1874987519999998
1.7081e-05,23.749996544,0.6007499948799999,1.4823749966720001,-1.8749987840000006
1.7081500000000002e-05,23.749996544,0.6007499948799999,1.478624997056,-1.8749987840000006
1.7082e-05,23.749996544,0.6007499948799999,1.477374997184,-1.8749987840000006
1.70825e-05,23.749996544,0.6007499948799999,1.478624997056,-1.8749987840000006
1.7083000000000002e-05,23.749996544,0.6007499948799999,1.4811249968,-1.8749987840000006
1.70835e-05,24.531246592000002,0.6007499948799999,1.483624996544,-1.8749987840000006
1.7084e-05,23.749996544,0.59449999552,1.4823749966720001,-1.8749987840000006
1.7084500000000002e-05,23.749996544,0.6007499948799999,1.4823749966720001,-2.1874987519999998
1.7085e-05,24.531246592000002,0.59449999552,1.4823749966720001,-2.1874987519999998
1.70855e-05,24.531246592000002,0.59449999552,1.479874996928,-1.8749987840000006
1.7086000000000002e-05,24.531246592000002,0.59449999552,1.4811249968,-1.8749987840000006
1.70865e-05,23.749996544,0.59449999552,1.4811249968,-1.8749987840000006
1.7087e-05,23.749996544,0.59449999552,1.478624997056,-1.8749987840000006
1.7087500000000002e-05,23.749996544,0.59449999552,1.478624997056,-1.8749987840000006
1.7088e-05,24.531246592000002,0.59449999552,1.479874996928,-1.8749987840000006
1.70885e-05,24.531246592000002,0.59449999552,1.4811249968,-1.8749987840000006
1.7089000000000002e-05,22.968746496,0.59449999552,1.478624997056,-1.8749987840000006
1.70895e-05,23.749996544,0.59449999552,1.478624997056,-1.5624988160000015
1.709e-05,24.531246592000002,0.59449999552,1.478624997056,-1.8749987840000006
1.7090500000000002e-05,23.749996544,0.6007499948799999,1.477374997184,-1.8749987840000006
1.7091e-05,23.749996544,0.6007499948799999,1.476124997312,-1.8749987840000006
1.70915e-05,23.749996544,0.6007499948799999,1.477374997184,-1.8749987840000006
1.7092000000000002e-05,23.749996544,0.6007499948799999,1.476124997312,-1.8749987840000006
1.70925e-05,23.749996544,0.6007499948799999,1.479874996928,-2.1874987519999998
1.7093e-05,23.749996544,0.6007499948799999,1.479874996928,-1.8749987840000006
1.70935e-05,23.749996544,0.6007499948799999,1.478624997056,-1.8749987840000006
1.7094000000000003e-05,23.749996544,0.59449999552,1.4811249968,-2.1874987519999998
1.70945e-05,23.749996544,0.59449999552,1.4823749966720001,-1.8749987840000006
1.7095e-05,23.749996544,0.59449999552,1.478624997056,-1.8749987840000006
1.7095500000000003e-05,22.968746496,0.58824999616,1.479874996928,-1.8749987840000006
1.7096e-05,22.968746496,0.59449999552,1.478624997056,-1.8749987840000006
1.70965e-05,23.749996544,0.59449999552,1.479874996928,-1.8749987840000006
1.7097000000000002e-05,22.968746496,0.59449999552,1.4811249968,-1.8749987840000006
1.70975e-05,23.749996544,0.59449999552,1.483624996544,-1.8749987840000006
1.7098e-05,24.531246592000002,0.59449999552,1.4811249968,-1.8749987840000006
1.7098500000000002e-05,24.531246592000002,0.59449999552,1.478624997056,-1.8749987840000006
1.7099e-05,23.749996544,0.6007499948799999,1.479874996928,-1.5624988160000015
1.70995e-05,23.749996544,0.59449999552,1.4823749966720001,-1.8749987840000006
1.7100000000000002e-05,23.749996544,0.59449999552,1.4823749966720001,-1.8749987840000006
1.71005e-05,23.749996544,0.6007499948799999,1.4811249968,-1.8749987840000006
1.7101e-05,23.749996544,0.60699999424,1.478624997056,-2.1874987519999998
1.7101500000000002e-05,23.749996544,0.6007499948799999,1.476124997312,-1.8749987840000006
1.7102e-05,23.749996544,0.59449999552,1.476124997312,-1.8749987840000006
1.71025e-05,23.749996544,0.6007499948799999,1.479874996928,-1.8749987840000006
1.7103000000000002e-05,23.749996544,0.6007499948799999,1.4811249968,-1.8749987840000006
1.71035e-05,23.749996544,0.59449999552,1.4811249968,-2.1874987519999998
1.7104e-05,23.749996544,0.59449999552,1.477374997184,-1.8749987840000006
1.7104500000000002e-05,23.749996544,0.58824999616,1.478624997056,-2.1874987519999998
1.7105e-05,23.749996544,0.59449999552,1.476124997312,-1.8749987840000006
1.71055e-05,23.749996544,0.6007499948799999,1.477374997184,-1.8749987840000006
1.7106000000000002e-05,24.531246592000002,0.59449999552,1.478624997056,-1.8749987840000006
1.71065e-05,23.749996544,0.6007499948799999,1.479874996928,-1.8749987840000006
1.7107e-05,23.749996544,0.6007499948799999,1.479874996928,-1.8749987840000006
1.7107500000000002e-05,23.749996544,0.6007499948799999,1.479874996928,-1.8749987840000006
1.7108e-05,23.749996544,0.6007499948799999,1.476124997312,-1.8749987840000006
1.71085e-05,23.749996544,0.6007499948799999,1.478624997056,-2.1874987519999998
1.7109000000000002e-05,23.749996544,0.6007499948799999,1.478624997056,-1.8749987840000006
1.71095e-05,22.968746496,0.6007499948799999,1.478624997056,-1.8749987840000006
1.711e-05,23.749996544,0.6007499948799999,1.477374997184,-1.5624988160000015
1.71105e-05,23.749996544,0.59449999552,1.477374997184,-1.8749987840000006
1.7111000000000003e-05,23.749996544,0.6007499948799999,1.477374997184,-1.8749987840000006
1.71115e-05,23.749996544,0.59449999552,1.477374997184,-2.1874987519999998
1.7112e-05,23.749996544,0.59449999552,1.47487499744,-1.8749987840000006
1.7112500000000003e-05,23.749996544,0.59449999552,1.477374997184,-1.8749987840000006
1.7113e-05,22.968746496,0.6007499948799999,1.478624997056,-1.8749987840000006
1.71135e-05,23.749996544,0.6007499948799999,1.479874996928,-1.8749987840000006
1.7114000000000003e-05,23.749996544,0.59449999552,1.479874996928,-1.8749987840000006
1.71145e-05,23.749996544,0.6007499948799999,1.4811249968,-1.8749987840000006
1.7115e-05,23.749996544,0.6007499948799999,1.4811249968,-1.8749987840000006
1.7115500000000002e-05,24.531246592000002,0.6007499948799999,1.4811249968,-1.8749987840000006
1.7116e-05,23.749996544,0.6007499948799999,1.4811249968,-1.8749987840000006
1.71165e-05,22.968746496,0.6007499948799999,1.4811249968,-1.8749987840000006
1.7117000000000002e-05,23.749996544,0.59449999552,1.479874996928,-1.8749987840000006
1.71175e-05,24.531246592000002,0.59449999552,1.478624997056,-1.8749987840000006
1.7118e-05,23.749996544,0.6007499948799999,1.478624997056,-1.8749987840000006
1.7118500000000002e-05,23.749996544,0.6007499948799999,1.478624997056,-1.8749987840000006
1.7119e-05,23.749996544,0.6007499948799999,1.477374997184,-2.1874987519999998
1.71195e-05,23.749996544,0.59449999552,1.479874996928,-1.8749987840000006
1.7120000000000002e-05,23.749996544,0.59449999552,1.478624997056,-1.8749987840000006
1.71205e-05,23.749996544,0.6007499948799999,1.4823749966720001,-1.8749987840000006
1.7121e-05,23.749996544,0.59449999552,1.4811249968,-1.8749987840000006
1.7121500000000002e-05,23.749996544,0.6007499948799999,1.4811249968,-1.8749987840000006
1.7122e-05,23.749996544,0.59449999552,1.479874996928,-1.8749987840000006
1.71225e-05,23.749996544,0.59449999552,1.479874996928,-2.1874987519999998
1.7123000000000002e-05,22.968746496,0.59449999552,1.4811249968,-1.5624988160000015
1.71235e-05,23.749996544,0.6007499948799999,1.4811249968,-1.8749987840000006
1.7124e-05,23.749996544,0.6007499948799999,1.478624997056,-1.8749987840000006
1.7124500000000002e-05,23.749996544,0.6007499948799999,1.4811249968,-1.8749987840000006
1.7125e-05,24.531246592000002,0.6007499948799999,1.4823749966720001,-1.8749987840000006
1.71255e-05,23.749996544,0.6007499948799999,1.4823749966720001,-1.8749987840000006
1.7126000000000002e-05,23.749996544,0.59449999552,1.483624996544,-1.8749987840000006
1.71265e-05,23.749996544,0.6007499948799999,1.4811249968,-1.8749987840000006
1.7127e-05,23.749996544,0.6007499948799999,1.478624997056,-1.8749987840000006
1.71275e-05,23.749996544,0.59449999552,1.479874996928,-1.8749987840000006
1.7128000000000003e-05,23.749996544,0.6007499948799999,1.478624997056,-1.5624988160000015
1.71285e-05,23.749996544,0.59449999552,1.477374997184,-1.8749987840000006
1.7129e-05,22.968746496,0.59449999552,1.477374997184,-1.8749987840000006
1.7129500000000003e-05,23.749996544,0.6007499948799999,1.4811249968,-1.8749987840000006
1.713e-05,23.749996544,0.59449999552,1.4823749966720001,-1.8749987840000006
1.71305e-05,23.749996544,0.59449999552,1.4811249968,-1.8749987840000006
1.7131000000000003e-05,23.749996544,0.6007499948799999,1.479874996928,-1.5624988160000015
1.71315e-05,23.749996544,0.59449999552,1.483624996544,-1.8749987840000006
1.7132e-05,23.749996544,0.6007499948799999,1.4823749966720001,-1.8749987840000006
1.7132500000000002e-05,24.531246592000002,0.6007499948799999,1.4811249968,-1.8749987840000006
1.7133e-05,24.531246592000002,0.6007499948799999,1.479874996928,-2.1874987519999998
1.71335e-05,24.531246592000002,0.59449999552,1.4811249968,-1.8749987840000006
1.7134000000000002e-05,23.749996544,0.59449999552,1.4823749966720001,-1.8749987840000006
1.71345e-05,23.749996544,0.59449999552,1.4811249968,-1.5624988160000015
1.7135e-05,23.749996544,0.6007499948799999,1.479874996928,-1.8749987840000006
1.7135500000000002e-05,23.749996544,0.59449999552,1.478624997056,-2.1874987519999998
1.7136e-05,23.749996544,0.59449999552,1.47487499744,-1.8749987840000006
1.71365e-05,23.749996544,0.59449999552,1.479874996928,-1.8749987840000006
1.7137000000000002e-05,23.749996544,0.59449999552,1.479874996928,-1.8749987840000006
1.71375e-05,23.749996544,0.59449999552,1.479874996928,-1.8749987840000006
1.7138e-05,23.749996544,0.6007499948799999,1.477374997184,-1.8749987840000006
1.7138500000000002e-05,23.749996544,0.59449999552,1.477374997184,-1.8749987840000006
1.7139e-05,23.749996544,0.6007499948799999,1.476124997312,-1.5624988160000015
1.71395e-05,23.749996544,0.59449999552,1.476124997312,-1.8749987840000006
1.7140000000000002e-05,23.749996544,0.59449999552,1.477374997184,-1.8749987840000006
1.71405e-05,22.968746496,0.59449999552,1.478624997056,-1.8749987840000006
1.7141e-05,23.749996544,0.6007499948799999,1.478624997056,-1.8749987840000006
1.7141500000000002e-05,23.749996544,0.6007499948799999,1.479874996928,-1.5624988160000015
1.7142e-05,23.749996544,0.58824999616,1.478624997056,-1.5624988160000015
1.71425e-05,23.749996544,0.59449999552,1.476124997312,-1.5624988160000015
1.7143000000000002e-05,23.749996544,0.6007499948799999,1.476124997312,-1.8749987840000006
1.71435e-05,23.749996544,0.59449999552,1.478624997056,-2.1874987519999998
1.7144e-05,23.749996544,0.59449999552,1.477374997184,-1.8749987840000006
1.71445e-05,23.749996544,0.58824999616,1.478624997056,-1.8749987840000006
1.7145000000000003e-05,23.749996544,0.59449999552,1.477374997184,-1.5624988160000015
1.71455e-05,22.968746496,0.58824999616,1.476124997312,-1.8749987840000006
1.7146e-05,24.531246592000002,0.59449999552,1.476124997312,-1.5624988160000015
1.7146500000000003e-05,23.749996544,0.59449999552,1.477374997184,-1.8749987840000006
1.7147e-05,22.968746496,0.6007499948799999,1.478624997056,-1.8749987840000006
1.71475e-05,23.749996544,0.59449999552,1.477374997184,-1.8749987840000006
1.7148000000000003e-05,23.749996544,0.59449999552,1.478624997056,-1.5624988160000015
1.71485e-05,23.749996544,0.6007499948799999,1.479874996928,-1.8749987840000006
1.7149e-05,24.531246592000002,0.59449999552,1.479874996928,-1.5624988160000015
1.7149500000000002e-05,23.749996544,0.6007499948799999,1.478624997056,-1.8749987840000006
1.715e-05,23.749996544,0.6007499948799999,1.4811249968,-1.5624988160000015
1.71505e-05,23.749996544,0.6007499948799999,1.4811249968,-1.8749987840000006
1.7151000000000002e-05,23.749996544,0.59449999552,1.4811249968,-1.8749987840000006
1.71515e-05,23.749996544,0.6007499948799999,1.4811249968,-2.1874987519999998
1.7152e-05,23.749996544,0.6007499948799999,1.479874996928,-1.8749987840000006
1.7152500000000002e-05,23.749996544,0.60699999424,1.4823749966720001,-1.8749987840000006
1.7153e-05,22.968746496,0.59449999552,1.479874996928,-1.8749987840000006
1.71535e-05,23.749996544,0.6007499948799999,1.477374997184,-1.8749987840000006
1.7154000000000002e-05,23.749996544,0.59449999552,1.479874996928,-1.8749987840000006
1.71545e-05,22.968746496,0.59449999552,1.478624997056,-1.8749987840000006
1.7155e-05,24.531246592000002,0.6007499948799999,1.479874996928,-1.8749987840000006
1.7155500000000002e-05,23.749996544,0.59449999552,1.4811249968,-1.8749987840000006
1.7156e-05,23.749996544,0.59449999552,1.4811249968,-1.8749987840000006
1.71565e-05,23.749996544,0.59449999552,1.479874996928,-1.8749987840000006
1.7157000000000002e-05,24.531246592000002,0.59449999552,1.4811249968,-1.5624988160000015
1.71575e-05,23.749996544,0.6007499948799999,1.479874996928,-1.8749987840000006
1.7158e-05,23.749996544,0.59449999552,1.4823749966720001,-1.5624988160000015
1.7158500000000002e-05,23.749996544,0.59449999552,1.484874996416,-1.8749987840000006
1.7159e-05,23.749996544,0.6007499948799999,1.4823749966720001,-1.8749987840000006
1.71595e-05,23.749996544,0.59449999552,1.4823749966720001,-1.8749987840000006
1.7160000000000002e-05,23.749996544,0.6007499948799999,1.4811249968,-1.5624988160000015
1.71605e-05,24.531246592000002,0.59449999552,1.483624996544,-1.5624988160000015
1.7161e-05,24.531246592000002,0.6007499948799999,1.4823749966720001,-1.2499988480000006
1.71615e-05,23.749996544,0.6007499948799999,1.479874996928,-1.5624988160000015
1.7162000000000003e-05,23.749996544,0.6007499948799999,1.477374997184,-1.8749987840000006
1.71625e-05,23.749996544,0.6007499948799999,1.47487499744,-1.8749987840000006
1.7163e-05,22.968746496,0.6007499948799999,1.476124997312,-1.8749987840000006
1.7163500000000003e-05,23.749996544,0.58824999616,1.478624997056,-1.8749987840000006
1.7164e-05,23.749996544,0.59449999552,1.4811249968,-1.8749987840000006
1.71645e-05,24.531246592000002,0.59449999552,1.4823749966720001,-1.8749987840000006
1.7165000000000003e-05,24.531246592000002,0.59449999552,1.4811249968,-1.8749987840000006
1.71655e-05,23.749996544,0.58824999616,1.478624997056,-1.8749987840000006
1.7166e-05,23.749996544,0.58824999616,1.478624997056,-1.5624988160000015
1.7166500000000002e-05,24.531246592000002,0.59449999552,1.479874996928,-1.8749987840000006
1.7167e-05,23.749996544,0.6007499948799999,1.479874996928,-1.8749987840000006
1.71675e-05,23.749996544,0.58824999616,1.479874996928,-1.5624988160000015
1.7168000000000002e-05,22.968746496,0.59449999552,1.477374997184,-1.5624988160000015
1.71685e-05,23.749996544,0.6007499948799999,1.478624997056,-1.8749987840000006
1.7169e-05,23.749996544,0.59449999552,1.479874996928,-1.5624988160000015
1.7169500000000002e-05,24.531246592000002,0.59449999552,1.478624997056,-1.5624988160000015
1.717e-05,24.531246592000002,0.59449999552,1.477374997184,-1.5624988160000015
1.71705e-05,23.749996544,0.59449999552,1.477374997184,-1.8749987840000006
1.7171000000000002e-05,23.749996544,0.6007499948799999,1.478624997056,-1.5624988160000015
1.71715e-05,23.749996544,0.59449999552,1.478624997056,-1.8749987840000006
1.7172e-05,23.749996544,0.59449999552,1.478624997056,-1.5624988160000015
1.7172500000000002e-05,23.749996544,0.59449999552,1.479874996928,-1.8749987840000006
1.7173e-05,23.749996544,0.59449999552,1.4811249968,-1.2499988480000006
1.71735e-05,23.749996544,0.59449999552,1.4823749966720001,-1.8749987840000006
1.7174000000000002e-05,23.749996544,0.58824999616,1.483624996544,-1.5624988160000015
1.71745e-05,22.968746496,0.59449999552,1.486124996288,-1.5624988160000015
1.7175e-05,24.531246592000002,0.59449999552,1.4823749966720001,-1.8749987840000006
1.7175500000000002e-05,23.749996544,0.59449999552,1.479874996928,-1.5624988160000015
1.7176e-05,23.749996544,0.59449999552,1.476124997312,-1.5624988160000015
1.71765e-05,23.749996544,0.59449999552,1.479874996928,-1.5624988160000015
1.7177000000000002e-05,23.749996544,0.59449999552,1.479874996928,-1.5624988160000015
1.71775e-05,23.749996544,0.59449999552,1.477374997184,-1.5624988160000015
1.7178e-05,23.749996544,0.59449999552,1.477374997184,-1.5624988160000015
1.71785e-05,23.749996544,0.59449999552,1.476124997312,-1.5624988160000015
1.7179000000000003e-05,23.749996544,0.6007499948799999,1.479874996928,-1.2499988480000006
1.71795e-05,23.749996544,0.6007499948799999,1.479874996928,-1.2499988480000006
1.718e-05,23.749996544,0.59449999552,1.478624997056,-1.5624988160000015
1.7180500000000003e-05,23.749996544,0.59449999552,1.478624997056,-1.5624988160000015
1.7181e-05,23.749996544,0.59449999552,1.478624997056,-1.5624988160000015
1.71815e-05,24.531246592000002,0.59449999552,1.479874996928,-1.8749987840000006
1.7182000000000003e-05,23.749996544,0.59449999552,1.4811249968,-1.5624988160000015
1.71825e-05,23.749996544,0.59449999552,1.479874996928,-1.8749987840000006
1.7183e-05,23.749996544,0.59449999552,1.478624997056,-1.8749987840000006
1.7183500000000002e-05,23.749996544,0.59449999552,1.479874996928,-2.1874987519999998
1.7184e-05,22.968746496,0.59449999552,1.479874996928,-1.5624988160000015
1.71845e-05,23.749996544,0.58824999616,1.4811249968,-1.8749987840000006
1.7185000000000002e-05,23.749996544,0.59449999552,1.477374997184,-1.5624988160000015
1.71855e-05,23.749996544,0.59449999552,1.477374997184,-1.5624988160000015
1.7186e-05,24.531246592000002,0.59449999552,1.4811249968,-1.8749987840000006
1.7186500000000002e-05,23.749996544,0.59449999552,1.479874996928,-1.5624988160000015
1.7187e-05,23.749996544,0.6007499948799999,1.479874996928,-1.5624988160000015
1.71875e-05,24.531246592000002,0.59449999552,1.4811249968,-1.5624988160000015
1.7188000000000002e-05,23.749996544,0.59449999552,1.479874996928,-1.5624988160000015
1.71885e-05,24.531246592000002,0.6007499948799999,1.479874996928,-1.8749987840000006
1.7189e-05,23.749996544,0.59449999552,1.479874996928,-1.8749987840000006
1.7189500000000002e-05,23.749996544,0.59449999552,1.478624997056,-1.5624988160000015
1.719e-05,24.531246592000002,0.58824999616,1.479874996928,-1.2499988480000006
1.71905e-05,23.749996544,0.59449999552,1.4811249968,-1.5624988160000015
1.7191000000000002e-05,23.749996544,0.58824999616,1.479874996928,-1.8749987840000006
1.71915e-05,23.749996544,0.58824999616,1.479874996928,-1.8749987840000006
1.7192e-05,23.749996544,0.59449999552,1.4811249968,-1.5624988160000015
1.7192500000000002e-05,23.749996544,0.59449999552,1.4823749966720001,-1.8749987840000006
1.7193e-05,23.749996544,0.6007499948799999,1.479874996928,-1.5624988160000015
1.71935e-05,23.749996544,0.59449999552,1.4811249968,-1.2499988480000006
1.7194000000000002e-05,24.531246592000002,0.59449999552,1.4823749966720001,-1.8749987840000006
1.71945e-05,23.749996544,0.59449999552,1.4823749966720001,-1.8749987840000006
1.7195e-05,23.749996544,0.60699999424,1.4811249968,-1.5624988160000015
1.71955e-05,23.749996544,0.59449999552,1.4811249968,-1.5624988160000015
1.7196000000000003e-05,23.749996544,0.6007499948799999,1.478624997056,-1.8749987840000006
1.71965e-05,23.749996544,0.6007499948799999,1.479874996928,-1.8749987840000006
1.7197e-05,23.749996544,0.6007499948799999,1.478624997056,-1.5624988160000015
1.7197500000000003e-05,24.531246592000002,0.59449999552,1.479874996928,-1.5624988160000015
1.7198e-05,23.749996544,0.58824999616,1.4823749966720001,-1.2499988480000006
1.71985e-05,23.749996544,0.59449999552,1.4811249968,-1.2499988480000006
1.7199000000000003e-05,23.749996544,0.6007499948799999,1.479874996928,-1.5624988160000015
1.71995e-05,23.749996544,0.59449999552,1.4823749966720001,-1.5624988160000015
1.72e-05,23.749996544,0.59449999552,1.4823749966720001,-1.8749987840000006
1.7200500000000002e-05,23.749996544,0.59449999552,1.483624996544,-1.8749987840000006
1.7201e-05,23.749996544,0.59449999552,1.4811249968,-1.5624988160000015
1.72015e-05,22.968746496,0.59449999552,1.478624997056,-1.5624988160000015
1.7202000000000002e-05,23.749996544,0.59449999552,1.479874996928,-1.5624988160000015
1.72025e-05,22.968746496,0.59449999552,1.479874996928,-1.5624988160000015
1.7203e-05,24.531246592000002,0.59449999552,1.479874996928,-1.5624988160000015
1.7203500000000002e-05,23.749996544,0.59449999552,1.4811249968,-1.5624988160000015
1.7204e-05,23.749996544,0.59449999552,1.4811249968,-1.5624988160000015
1.72045e-05,23.749996544,0.59449999552,1.4811249968,-1.5624988160000015
1.7205000000000002e-05,24.531246592000002,0.6007499948799999,1.479874996928,-1.2499988480000006
1.72055e-05,23.749996544,0.6007499948799999,1.477374997184,-1.5624988160000015
1.7206e-05,23.749996544,0.59449999552,1.477374997184,-1.2499988480000006
1.7206500000000002e-05,23.749996544,0.6007499948799999,1.478624997056,-1.5624988160000015
1.7207e-05,23.749996544,0.59449999552,1.478624997056,-1.5624988160000015
1.72075e-05,23.749996544,0.59449999552,1.479874996928,-1.5624988160000015
1.7208000000000002e-05,23.749996544,0.6007499948799999,1.479874996928,-1.5624988160000015
1.72085e-05,24.531246592000002,0.59449999552,1.479874996928,-1.5624988160000015
1.7209e-05,23.749996544,0.59449999552,1.477374997184,-1.5624988160000015
1.7209500000000002e-05,23.749996544,0.59449999552,1.478624997056,-1.5624988160000015
1.721e-05,23.749996544,0.59449999552,1.4811249968,-1.5624988160000015
1.72105e-05,24.531246592000002,0.59449999552,1.4811249968,-1.5624988160000015
1.7211000000000002e-05,23.749996544,0.6007499948799999,1.477374997184,-1.2499988480000006
1.72115e-05,24.531246592000002,0.59449999552,1.478624997056,-1.2499988480000006
1.7212e-05,23.749996544,0.6007499948799999,1.478624997056,-1.5624988160000015
1.72125e-05,23.749996544,0.6007499948799999,1.479874996928,-1.5624988160000015
1.7213000000000003e-05,23.749996544,0.6007499948799999,1.479874996928,-1.2499988480000006
1.72135e-05,24.531246592000002,0.59449999552,1.479874996928,-1.5624988160000015
1.7214e-05,24.531246592000002,0.58824999616,1.479874996928,-0.9374988799999997
1.7214500000000003e-05,23.749996544,0.59449999552,1.478624997056,-1.2499988480000006
1.7215e-05,23.749996544,0.6007499948799999,1.477374997184,-1.5624988160000015
1.72155e-05,23.749996544,0.59449999552,1.479874996928,-1.5624988160000015
1.7216000000000003e-05,23.749996544,0.6007499948799999,1.4811249968,-1.2499988480000006
1.72165e-05,24.531246592000002,0.59449999552,1.4811249968,-1.5624988160000015
1.7217e-05,22.968746496,0.59449999552,1.4811249968,-0.9374988799999997
1.7217500000000002e-05,23.749996544,0.59449999552,1.4811249968,-1.2499988480000006
1.7218e-05,23.749996544,0.59449999552,1.4811249968,-1.5624988160000015
1.72185e-05,23.749996544,0.58824999616,1.4823749966720001,-1.5624988160000015
1.7219000000000002e-05,23.749996544,0.6007499948799999,1.479874996928,-1.2499988480000006
1.72195e-05,23.749996544,0.59449999552,1.479874996928,-1.2499988480000006
1.722e-05,23.749996544,0.58824999616,1.477374997184,-1.2499988480000006
1.7220500000000002e-05,23.749996544,0.59449999552,1.478624997056,-1.5624988160000015
1.7221e-05,23.749996544,0.59449999552,1.478624997056,-1.2499988480000006
1.72215e-05,23.749996544,0.6007499948799999,1.479874996928,-1.5624988160000015
1.7222000000000002e-05,23.749996544,0.59449999552,1.4811249968,-1.2499988480000006
1.72225e-05,23.749996544,0.6007499948799999,1.4811249968,-1.2499988480000006
1.7223e-05,22.968746496,0.6007499948799999,1.477374997184,-1.2499988480000006
1.7223500000000002e-05,23.749996544,0.59449999552,1.479874996928,-1.5624988160000015
1.7224e-05,23.749996544,0.59449999552,1.478624997056,-1.5624988160000015
1.72245e-05,23.749996544,0.58824999616,1.477374997184,-1.5624988160000015
1.7225000000000002e-05,22.968746496,0.58824999616,1.477374997184,-1.2499988480000006
1.72255e-05,23.749996544,0.59449999552,1.4811249968,-1.2499988480000006
1.7226e-05,23.749996544,0.58824999616,1.4811249968,-1.2499988480000006
1.7226500000000002e-05,23.749996544,0.59449999552,1.478624997056,-1.2499988480000006
1.7227e-05,23.749996544,0.59449999552,1.479874996928,-1.2499988480000006
1.72275e-05,23.749996544,0.58824999616,1.479874996928,-1.2499988480000006
1.7228000000000002e-05,23.749996544,0.58824999616,1.478624997056,-1.5624988160000015
1.72285e-05,23.749996544,0.59449999552,1.479874996928,-1.5624988160000015
1.7229e-05,23.749996544,0.58824999616,1.477374997184,-1.2499988480000006
1.72295e-05,23.749996544,0.59449999552,1.478624997056,-1.2499988480000006
1.7230000000000003e-05,23.749996544,0.59449999552,1.478624997056,-1.2499988480000006
1.72305e-05,23.749996544,0.59449999552,1.4811249968,-1.2499988480000006
1.7231e-05,23.749996544,0.59449999552,1.4823749966720001,-1.5624988160000015
1.7231500000000003e-05,23.749996544,0.59449999552,1.4823749966720001,-1.5624988160000015
1.7232e-05,23.749996544,0.59449999552,1.4811249968,-1.5624988160000015
1.72325e-05,23.749996544,0.58824999616,1.483624996544,-1.8749987840000006
1.7233000000000003e-05,22.968746496,0.59449999552,1.4811249968,-1.2499988480000006
1.72335e-05,23.749996544,0.58824999616,1.478624997056,-1.5624988160000015
1.7234e-05,24.531246592000002,0.59449999552,1.479874996928,-1.5624988160000015
1.7234500000000002e-05,22.968746496,0.59449999552,1.479874996928,-1.5624988160000015
1.7235e-05,22.968746496,0.6007499948799999,1.4811249968,-1.2499988480000006
1.72355e-05,22.968746496,0.58824999616,1.479874996928,-1.2499988480000006
1.7236000000000002e-05,23.749996544,0.59449999552,1.478624997056,-1.2499988480000006
1.72365e-05,23.749996544,0.59449999552,1.479874996928,-1.5624988160000015
1.7237e-05,23.749996544,0.59449999552,1.4811249968,-1.5624988160000015
1.7237500000000002e-05,23.749996544,0.59449999552,1.4811249968,-1.2499988480000006
1.7238e-05,23.749996544,0.59449999552,1.479874996928,-1.2499988480000006
1.72385e-05,23.749996544,0.59449999552,1.479874996928,-1.2499988480000006
1.7239000000000002e-05,23.749996544,0.6007499948799999,1.4823749966720001,-1.5624988160000015
1.72395e-05,23.749996544,0.59449999552,1.4823749966720001,-1.8749987840000006
1.724e-05,24.531246592000002,0.59449999552,1.4811249968,-1.5624988160000015
1.7240500000000002e-05,23.749996544,0.59449999552,1.4823749966720001,-1.5624988160000015
1.7241e-05,22.968746496,0.6007499948799999,1.4811249968,-1.2499988480000006
1.72415e-05,23.749996544,0.59449999552,1.478624997056,-1.5624988160000015
1.7242000000000002e-05,23.749996544,0.59449999552,1.479874996928,-1.2499988480000006
1.72425e-05,23.749996544,0.59449999552,1.478624997056,-1.5624988160000015
1.7243e-05,23.749996544,0.59449999552,1.476124997312,-1.2499988480000006
1.7243500000000002e-05,23.749996544,0.58824999616,1.473624997568,-1.2499988480000006
1.7244e-05,23.749996544,0.59449999552,1.47487499744,-1.2499988480000006
1.72445e-05,23.749996544,0.6007499948799999,1.477374997184,-1.5624988160000015
1.7245000000000002e-05,23.749996544,0.59449999552,1.476124997312,-1.5624988160000015
1.72455e-05,23.749996544,0.59449999552,1.476124997312,-1.5624988160000015
1.7246e-05,24.531246592000002,0.58824999616,1.477374997184,-1.2499988480000006
1.72465e-05,23.749996544,0.58824999616,1.479874996928,-1.2499988480000006
1.7247000000000003e-05,23.749996544,0.59449999552,1.478624997056,-1.2499988480000006
1.72475e-05,23.749996544,0.59449999552,1.478624997056,-1.5624988160000015
1.7248e-05,23.749996544,0.59449999552,1.477374997184,-1.5624988160000015
1.7248500000000003e-05,24.531246592000002,0.59449999552,1.479874996928,-1.5624988160000015
1.7249e-05,22.968746496,0.59449999552,1.478624997056,-1.2499988480000006
1.72495e-05,23.749996544,0.59449999552,1.478624997056,-1.2499988480000006
1.7250000000000003e-05,23.749996544,0.59449999552,1.479874996928,-1.5624988160000015
1.72505e-05,22.968746496,0.59449999552,1.4811249968,-1.5624988160000015
1.7251e-05,23.749996544,0.59449999552,1.4823749966720001,-1.5624988160000015
1.7251500000000002e-05,23.749996544,0.59449999552,1.4811249968,-1.2499988480000006
1.7252e-05,23.749996544,0.58824999616,1.4811249968,-1.2499988480000006
1.72525e-05,23.749996544,0.59449999552,1.479874996928,-1.5624988160000015
1.7253000000000002e-05,23.749996544,0.59449999552,1.479874996928,-1.2499988480000006
1.72535e-05,23.749996544,0.59449999552,1.477374997184,-1.2499988480000006
1.7254e-05,23.749996544,0.58824999616,1.478624997056,-1.2499988480000006
1.7254500000000002e-05,23.749996544,0.58824999616,1.477374997184,-1.2499988480000006
1.7255e-05,23.749996544,0.59449999552,1.477374997184,-1.2499988480000006
1.72555e-05,23.749996544,0.59449999552,1.4811249968,-1.5624988160000015
1.7256000000000002e-05,23.749996544,0.58824999616,1.4811249968,-1.5624988160000015
1.72565e-05,23.749996544,0.58824999616,1.4811249968,-1.5624988160000015
1.7257e-05,22.968746496,0.58824999616,1.476124997312,-1.2499988480000006
1.7257500000000002e-05,23.749996544,0.58824999616,1.477374997184,-0.9374988799999997
1.7258e-05,23.749996544,0.58824999616,1.478624997056,-1.2499988480000006
1.72585e-05,23.749996544,0.58824999616,1.478624997056,-1.5624988160000015
1.7259000000000002e-05,23.749996544,0.59449999552,1.479874996928,-1.2499988480000006
1.72595e-05,23.749996544,0.59449999552,1.4811249968,-0.9374988799999997
1.726e-05,23.749996544,0.58824999616,1.4811249968,-0.6249989120000006
1.7260500000000002e-05,24.531246592000002,0.59449999552,1.479874996928,-1.2499988480000006
1.7261e-05,23.749996544,0.59449999552,1.479874996928,-1.2499988480000006
1.72615e-05,23.749996544,0.58824999616,1.478624997056,-1.2499988480000006
1.7262000000000002e-05,23.749996544,0.58824999616,1.476124997312,-1.2499988480000006
1.72625e-05,22.968746496,0.59449999552,1.476124997312,-0.9374988799999997
1.7263e-05,23.749996544,0.59449999552,1.476124997312,-1.2499988480000006
1.72635e-05,23.749996544,0.58824999616,1.477374997184,-1.5624988160000015
1.7264000000000003e-05,23.749996544,0.58824999616,1.47487499744,-1.2499988480000006
1.72645e-05,23.749996544,0.58824999616,1.479874996928,-1.5624988160000015
1.7265e-05,22.968746496,0.59449999552,1.479874996928,-1.2499988480000006
1.7265500000000003e-05,23.749996544,0.58824999616,1.478624997056,-1.5624988160000015
1.7266e-05,23.749996544,0.58824999616,1.478624997056,-1.2499988480000006
1.72665e-05,23.749996544,0.59449999552,1.477374997184,-1.2499988480000006
1.7267000000000003e-05,23.749996544,0.59449999552,1.476124997312,-1.2499988480000006
1.72675e-05,23.749996544,0.58824999616,1.476124997312,-1.2499988480000006
1.7268e-05,23.749996544,0.58824999616,1.477374997184,-1.2499988480000006
1.7268500000000002e-05,23.749996544,0.59449999552,1.479874996928,-1.2499988480000006
1.7269e-05,24.531246592000002,0.59449999552,1.478624997056,-1.2499988480000006
1.72695e-05,24.531246592000002,0.6007499948799999,1.479874996928,-1.2499988480000006
1.7270000000000002e-05,24.531246592000002,0.58824999616,1.4811249968,-1.2499988480000006
1.72705e-05,22.968746496,0.58824999616,1.478624997056,-0.9374988799999997
1.7271e-05,23.749996544,0.58824999616,1.476124997312,-1.2499988480000006
1.7271500000000002e-05,23.749996544,0.58824999616,1.477374997184,-1.5624988160000015
1.7272e-05,24.531246592000002,0.58824999616,1.476124997312,-1.2499988480000006
1.72725e-05,23.749996544,0.58824999616,1.477374997184,-1.5624988160000015
1.7273000000000002e-05,23.749996544,0.59449999552,1.47487499744,-1.2499988480000006
1.72735e-05,23.749996544,0.59449999552,1.476124997312,-1.2499988480000006
1.7274e-05,24.531246592000002,0.59449999552,1.478624997056,-1.2499988480000006
1.7274500000000002e-05,23.749996544,0.59449999552,1.479874996928,-1.2499988480000006
1.7275e-05,23.749996544,0.59449999552,1.479874996928,-0.9374988799999997
1.72755e-05,23.749996544,0.59449999552,1.478624997056,-0.9374988799999997
1.7276000000000002e-05,23.749996544,0.58824999616,1.478624997056,-0.9374988799999997
1.72765e-05,23.749996544,0.58824999616,1.478624997056,-1.2499988480000006
1.7277e-05,24.531246592000002,0.58824999616,1.476124997312,-1.2499988480000006
1.7277500000000002e-05,23.749996544,0.58824999616,1.477374997184,-1.2499988480000006
1.7278e-05,23.749996544,0.58824999616,1.477374997184,-1.2499988480000006
1.72785e-05,23.749996544,0.58824999616,1.476124997312,-1.2499988480000006
1.7279000000000002e-05,22.968746496,0.59449999552,1.47487499744,-1.2499988480000006
1.72795e-05,23.749996544,0.58824999616,1.476124997312,-1.2499988480000006
1.728e-05,24.531246592000002,0.58824999616,1.476124997312,-1.5624988160000015
1.72805e-05,23.749996544,0.58824999616,1.477374997184,-1.2499988480000006
1.7281000000000003e-05,22.968746496,0.58824999616,1.477374997184,-1.2499988480000006
1.72815e-05,23.749996544,0.58824999616,1.476124997312,-0.9374988799999997
1.7282e-05,24.531246592000002,0.59449999552,1.476124997312,-1.2499988480000006
1.7282500000000003e-05,23.749996544,0.59449999552,1.47487499744,-0.9374988799999997
1.7283e-05,22.968746496,0.6007499948799999,1.477374997184,-0.9374988799999997
1.72835e-05,23.749996544,0.58824999616,1.478624997056,-0.9374988799999997
1.7284000000000003e-05,23.749996544,0.58824999616,1.478624997056,-0.9374988799999997
1.72845e-05,24.531246592000002,0.59449999552,1.477374997184,-1.2499988480000006
1.7285e-05,24.531246592000002,0.59449999552,1.476124997312,-1.2499988480000006
1.7285500000000002e-05,23.749996544,0.59449999552,1.477374997184,-1.2499988480000006
1.7286e-05,24.531246592000002,0.59449999552,1.476124997312,-1.2499988480000006
1.72865e-05,24.531246592000002,0.59449999552,1.47487499744,-0.9374988799999997
1.7287000000000002e-05,23.749996544,0.59449999552,1.476124997312,-0.9374988799999997
1.72875e-05,24.531246592000002,0.58824999616,1.478624997056,-0.9374988799999997
1.7288e-05,23.749996544,0.58824999616,1.479874996928,-0.9374988799999997
1.7288500000000002e-05,23.749996544,0.59449999552,1.478624997056,-1.2499988480000006
1.7289e-05,22.968746496,0.59449999552,1.47487499744,-0.9374988799999997
1.72895e-05,23.749996544,0.59449999552,1.473624997568,-0.9374988799999997
1.7290000000000002e-05,24.531246592000002,0.58824999616,1.47487499744,-0.9374988799999997
1.72905e-05,23.749996544,0.58824999616,1.477374997184,-1.2499988480000006
1.7291e-05,23.749996544,0.58824999616,1.477374997184,-0.9374988799999997
1.7291500000000002e-05,23.749996544,0.58824999616,1.476124997312,-1.2499988480000006
1.7292e-05,23.749996544,0.58824999616,1.476124997312,-1.2499988480000006
1.72925e-05,22.968746496,0.58824999616,1.479874996928,-1.2499988480000006
1.7293000000000002e-05,23.749996544,0.59449999552,1.479874996928,-1.2499988480000006
1.72935e-05,23.749996544,0.59449999552,1.479874996928,-0.9374988799999997
1.7294e-05,23.749996544,0.58824999616,1.479874996928,-1.2499988480000006
1.7294500000000002e-05,23.749996544,0.59449999552,1.479874996928,-0.9374988799999997
1.7295e-05,23.749996544,0.59449999552,1.477374997184,-1.2499988480000006
1.72955e-05,23.749996544,0.58824999616,1.477374997184,-1.2499988480000006
1.7296000000000002e-05,23.749996544,0.58824999616,1.476124997312,-1.2499988480000006
1.72965e-05,23.749996544,0.58824999616,1.477374997184,-1.5624988160000015
1.7297e-05,22.968746496,0.58824999616,1.478624997056,-1.2499988480000006
1.72975e-05,23.749996544,0.58824999616,1.478624997056,-1.2499988480000006
1.7298e-05,23.749996544,0.58824999616,1.477374997184,-1.2499988480000006
1.72985e-05,23.749996544,0.58824999616,1.477374997184,-1.5624988160000015
1.7299e-05,23.749996544,0.58824999616,1.476124997312,-1.2499988480000006
1.7299500000000003e-05,22.968746496,0.58824999616,1.476124997312,-0.9374988799999997
1.73e-05,23.749996544,0.58824999616,1.476124997312,-1.2499988480000006
1.73005e-05,23.749996544,0.58824999616,1.477374997184,-1.5624988160000015
1.7301000000000003e-05,24.531246592000002,0.58824999616,1.476124997312,-1.2499988480000006
1.73015e-05,24.531246592000002,0.58824999616,1.476124997312,-1.2499988480000006
1.7302e-05,23.749996544,0.59449999552,1.476124997312,-1.2499988480000006
1.7302500000000002e-05,23.749996544,0.59449999552,1.476124997312,-1.2499988480000006
1.7303e-05,23.749996544,0.59449999552,1.476124997312,-1.2499988480000006
1.73035e-05,23.749996544,0.58824999616,1.478624997056,-1.5624988160000015
1.7304000000000002e-05,23.749996544,0.59449999552,1.477374997184,-0.9374988799999997
1.73045e-05,24.531246592000002,0.59449999552,1.479874996928,-0.9374988799999997
1.7305e-05,22.968746496,0.59449999552,1.477374997184,-0.9374988799999997
1.7305500000000002e-05,23.749996544,0.58824999616,1.477374997184,-0.9374988799999997
1.7306e-05,23.749996544,0.58824999616,1.476124997312,-1.2499988480000006
1.73065e-05,22.968746496,0.58824999616,1.47487499744,-0.9374988799999997
1.7307000000000002e-05,22.968746496,0.6007499948799999,1.47487499744,-0.9374988799999997
1.73075e-05,22.968746496,0.59449999552,1.476124997312,-1.2499988480000006
1.7308e-05,23.749996544,0.58824999616,1.47487499744,-1.2499988480000006
1.7308500000000002e-05,24.531246592000002,0.59449999552,1.476124997312,-1.2499988480000006
1.7309e-05,24.531246592000002,0.58824999616,1.476124997312,-1.2499988480000006
1.73095e-05,23.749996544,0.58824999616,1.476124997312,-1.2499988480000006
1.7310000000000002e-05,23.749996544,0.58824999616,1.477374997184,-0.9374988799999997
1.73105e-05,23.749996544,0.58824999616,1.479874996928,-0.9374988799999997
1.7311e-05,22.968746496,0.58824999616,1.477374997184,-0.9374988799999997
1.7311500000000002e-05,23.749996544,0.58824999616,1.479874996928,-1.2499988480000006
1.7312e-05,22.968746496,0.5819999967999999,1.477374997184,-1.2499988480000006
1.73125e-05,22.968746496,0.5819999967999999,1.477374997184,-1.2499988480000006
1.7313000000000002e-05,22.968746496,0.58824999616,1.476124997312,-0.9374988799999997
1.73135e-05,23.749996544,0.58824999616,1.477374997184,-1.2499988480000006
1.7314e-05,24.531246592000002,0.58824999616,1.477374997184,-1.2499988480000006
1.73145e-05,23.749996544,0.58824999616,1.47487499744,-1.2499988480000006
1.7315e-05,24.531246592000002,0.59449999552,1.476124997312,-0.9374988799999997
1.73155e-05,23.749996544,0.58824999616,1.477374997184,-0.6249989120000006
1.7316e-05,23.749996544,0.58824999616,1.478624997056,-0.6249989120000006
1.7316500000000003e-05,23.749996544,0.59449999552,1.4811249968,-0.9374988799999997
1.7317e-05,23.749996544,0.58824999616,1.4811249968,-0.9374988799999997
1.73175e-05,23.749996544,0.58824999616,1.478624997056,-1.2499988480000006
1.7318000000000003e-05,23.749996544,0.58824999616,1.477374997184,-0.9374988799999997
1.73185e-05,23.749996544,0.59449999552,1.476124997312,-0.9374988799999997
1.7319e-05,23.749996544,0.6007499948799999,1.47487499744,-1.2499988480000006
1.7319500000000002e-05,23.749996544,0.59449999552,1.477374997184,-0.9374988799999997
1.732e-05,23.749996544,0.58824999616,1.476124997312,-0.9374988799999997
1.73205e-05,23.749996544,0.58824999616,1.477374997184,-1.2499988480000006
1.7321000000000002e-05,23.749996544,0.58824999616,1.477374997184,-0.9374988799999997
1.73215e-05,22.968746496,0.58824999616,1.476124997312,-0.9374988799999997
1.7322e-05,23.749996544,0.58824999616,1.476124997312,-1.2499988480000006
1.7322500000000002e-05,23.749996544,0.58824999616,1.476124997312,-0.9374988799999997
1.7323e-05,23.749996544,0.58824999616,1.47487499744,-0.9374988799999997
1.73235e-05,23.749996544,0.58824999616,1.47487499744,-0.9374988799999997
1.7324000000000002e-05,23.749996544,0.58824999616,1.478624997056,-0.9374988799999997
1.73245e-05,23.749996544,0.59449999552,1.479874996928,-0.9374988799999997
1.7325e-05,23.749996544,0.58824999616,1.476124997312,-0.9374988799999997
1.7325500000000002e-05,22.968746496,0.59449999552,1.47487499744,-1.2499988480000006
1.7326e-05,22.968746496,0.58824999616,1.473624997568,-0.9374988799999997
1.73265e-05,23.749996544,0.59449999552,1.477374997184,-0.9374988799999997
1.7327000000000002e-05,23.749996544,0.59449999552,1.47487499744,-1.2499988480000006
1.73275e-05,23.749996544,0.5819999967999999,1.476124997312,-1.2499988480000006
1.7328e-05,23.749996544,0.58824999616,1.47487499744,-1.5624988160000015
1.7328500000000002e-05,23.749996544,0.58824999616,1.476124997312,-1.2499988480000006
1.7329e-05,22.968746496,0.58824999616,1.476124997312,-0.6249989120000006
1.73295e-05,23.749996544,0.5819999967999999,1.476124997312,-0.9374988799999997
1.7330000000000002e-05,23.749996544,0.59449999552,1.477374997184,-0.9374988799999997
1.73305e-05,22.968746496,0.59449999552,1.477374997184,-1.2499988480000006
1.7331e-05,23.749996544,0.58824999616,1.477374997184,-0.9374988799999997
1.73315e-05,23.749996544,0.58824999616,1.477374997184,-0.9374988799999997
1.7332e-05,23.749996544,0.59449999552,1.477374997184,-1.2499988480000006
1.73325e-05,23.749996544,0.59449999552,1.478624997056,-0.9374988799999997
1.7333e-05,24.531246592000002,0.59449999552,1.476124997312,-0.9374988799999997
1.7333500000000003e-05,23.749996544,0.59449999552,1.47487499744,-0.9374988799999997
1.7334e-05,23.749996544,0.58824999616,1.478624997056,-1.2499988480000006
1.73345e-05,23.749996544,0.58824999616,1.4811249968,-1.2499988480000006
1.7335000000000003e-05,23.749996544,0.58824999616,1.477374997184,-0.9374988799999997
1.73355e-05,23.749996544,0.58824999616,1.477374997184,-1.5624988160000015
1.7336e-05,23.749996544,0.58824999616,1.477374997184,-0.9374988799999997
1.7336500000000002e-05,24.531246592000002,0.58824999616,1.479874996928,-1.2499988480000006
1.7337e-05,23.749996544,0.58824999616,1.478624997056,-0.9374988799999997
1.73375e-05,23.749996544,0.58824999616,1.477374997184,-0.9374988799999997
1.7338000000000002e-05,23.749996544,0.58824999616,1.476124997312,-1.2499988480000006
1.73385e-05,23.749996544,0.59449999552,1.47487499744,-1.2499988480000006
1.7339e-05,23.749996544,0.59449999552,1.477374997184,-0.9374988799999997
1.7339500000000002e-05,23.749996544,0.58824999616,1.477374997184,-1.2499988480000006
1.734e-05,23.749996544,0.58824999616,1.478624997056,-1.2499988480000006
1.73405e-05,23.749996544,0.59449999552,1.479874996928,-1.2499988480000006
1.7341000000000002e-05,24.531246592000002,0.59449999552,1.476124997312,-0.9374988799999997
1.73415e-05,24.531246592000002,0.59449999552,1.47487499744,-0.9374988799999997
1.7342e-05,23.749996544,0.58824999616,1.473624997568,-0.9374988799999997
1.7342500000000002e-05,23.749996544,0.58824999616,1.47487499744,-0.9374988799999997
1.7343e-05,23.749996544,0.58824999616,1.476124997312,-0.9374988799999997
1.73435e-05,23.749996544,0.5819999967999999,1.479874996928,-0.9374988799999997
1.7344000000000002e-05,23.749996544,0.57574999744,1.477374997184,-0.9374988799999997
1.73445e-05,24.531246592000002,0.58824999616,1.478624997056,-1.2499988480000006
1.7345e-05,22.968746496,0.58824999616,1.476124997312,-0.9374988799999997
1.7345500000000002e-05,22.968746496,0.58824999616,1.477374997184,-0.9374988799999997
1.7346e-05,23.749996544,0.58824999616,1.479874996928,-0.9374988799999997
1.73465e-05,22.968746496,0.58824999616,1.477374997184,-1.2499988480000006
1.7347000000000002e-05,23.749996544,0.58824999616,1.476124997312,-0.9374988799999997
1.73475e-05,22.968746496,0.5819999967999999,1.476124997312,-0.9374988799999997
1.7348e-05,23.749996544,0.58824999616,1.47487499744,-0.9374988799999997
1.7348500000000002e-05,23.749996544,0.58824999616,1.477374997184,-0.9374988799999997
1.7349e-05,23.749996544,0.58824999616,1.478624997056,-0.9374988799999997
1.73495e-05,23.749996544,0.58824999616,1.479874996928,-1.2499988480000006
1.735e-05,23.749996544,0.5819999967999999,1.478624997056,-0.9374988799999997
1.7350500000000003e-05,23.749996544,0.58824999616,1.477374997184,-0.9374988799999997
1.7351e-05,23.749996544,0.58824999616,1.473624997568,-1.2499988480000006
1.73515e-05,22.968746496,0.58824999616,1.47487499744,-0.9374988799999997
1.7352000000000003e-05,23.749996544,0.58824999616,1.47487499744,-0.9374988799999997
1.73525e-05,24.531246592000002,0.58824999616,1.478624997056,-1.2499988480000006
1.7353e-05,23.749996544,0.58824999616,1.478624997056,-1.2499988480000006
1.7353500000000002e-05,23.749996544,0.58824999616,1.476124997312,-1.2499988480000006
1.7354e-05,23.749996544,0.58824999616,1.47487499744,-0.9374988799999997
1.73545e-05,23.749996544,0.59449999552,1.47487499744,-1.2499988480000006
1.7355000000000002e-05,23.749996544,0.59449999552,1.477374997184,-0.9374988799999997
1.73555e-05,23.749996544,0.59449999552,1.478624997056,-0.9374988799999997
1.7356e-05,22.968746496,0.58824999616,1.476124997312,-0.9374988799999997
1.7356500000000002e-05,23.749996544,0.59449999552,1.478624997056,-0.9374988799999997
1.7357e-05,23.749996544,0.58824999616,1.478624997056,-0.9374988799999997
1.73575e-05,23.749996544,0.58824999616,1.478624997056,-1.2499988480000006
1.7358000000000002e-05,23.749996544,0.5819999967999999,1.47487499744,-0.9374988799999997
1.73585e-05,23.749996544,0.59449999552,1.476124997312,-0.9374988799999997
1.7359e-05,23.749996544,0.59449999552,1.477374997184,-0.6249989120000006
1.7359500000000002e-05,23.749996544,0.58824999616,1.477374997184,-0.9374988799999997
1.736e-05,24.531246592000002,0.59449999552,1.47487499744,-0.9374988799999997
1.73605e-05,23.749996544,0.58824999616,1.477374997184,-1.2499988480000006
1.7361000000000002e-05,23.749996544,0.58824999616,1.478624997056,-0.9374988799999997
1.73615e-05,23.749996544,0.5819999967999999,1.477374997184,-1.2499988480000006
1.7362e-05,24.531246592000002,0.58824999616,1.477374997184,-1.2499988480000006
1.7362500000000002e-05,23.749996544,0.58824999616,1.476124997312,-1.2499988480000006
1.7363e-05,22.968746496,0.59449999552,1.47487499744,-0.9374988799999997
1.73635e-05,23.749996544,0.58824999616,1.476124997312,-0.9374988799999997
1.7364000000000002e-05,23.749996544,0.59449999552,1.477374997184,-0.9374988799999997
1.73645e-05,23.749996544,0.59449999552,1.477374997184,-1.2499988480000006
1.7365e-05,24.531246592000002,0.6007499948799999,1.476124997312,-0.9374988799999997
1.7365500000000002e-05,23.749996544,0.58824999616,1.476124997312,-0.9374988799999997
1.7366e-05,23.749996544,0.58824999616,1.476124997312,-0.9374988799999997
1.73665e-05,23.749996544,0.58824999616,1.478624997056,-0.9374988799999997
1.7367e-05,23.749996544,0.58824999616,1.478624997056,-1.2499988480000006
1.7367500000000003e-05,23.749996544,0.58824999616,1.478624997056,-0.9374988799999997
1.7368e-05,24.531246592000002,0.58824999616,1.477374997184,-1.2499988480000006
1.73685e-05,23.749996544,0.58824999616,1.479874996928,-1.2499988480000006
1.7369000000000003e-05,23.749996544,0.58824999616,1.477374997184,-1.2499988480000006
1.73695e-05,23.749996544,0.58824999616,1.476124997312,-0.9374988799999997
1.737e-05,23.749996544,0.58824999616,1.47487499744,-1.2499988480000006
1.7370500000000003e-05,23.749996544,0.58824999616,1.476124997312,-0.9374988799999997
1.7371e-05,24.531246592000002,0.58824999616,1.477374997184,-0.9374988799999997
1.73715e-05,23.749996544,0.58824999616,1.477374997184,-0.9374988799999997
1.7372000000000002e-05,23.749996544,0.59449999552,1.47487499744,-1.2499988480000006
1.73725e-05,23.749996544,0.58824999616,1.477374997184,-1.2499988480000006
1.7373e-05,23.749996544,0.59449999552,1.476124997312,-0.9374988799999997
1.7373500000000002e-05,24.531246592000002,0.58824999616,1.477374997184,-0.9374988799999997
1.7374e-05,23.749996544,0.58824999616,1.477374997184,-0.9374988799999997
1.73745e-05,24.531246592000002,0.58824999616,1.478624997056,-1.2499988480000006
1.7375000000000002e-05,23.749996544,0.59449999552,1.476124997312,-1.2499988480000006
1.73755e-05,23.749996544,0.59449999552,1.476124997312,-1.2499988480000006
1.7376e-05,23.749996544,0.58824999616,1.476124997312,-0.9374988799999997
1.7376500000000002e-05,24.531246592000002,0.58824999616,1.477374997184,-1.2499988480000006
1.7377e-05,22.968746496,0.58824999616,1.476124997312,-0.9374988799999997
1.73775e-05,22.968746496,0.59449999552,1.477374997184,-0.9374988799999997
1.7378000000000002e-05,22.968746496,0.58824999616,1.478624997056,-1.2499988480000006
1.73785e-05,23.749996544,0.58824999616,1.477374997184,-1.2499988480000006
1.7379e-05,23.749996544,0.58824999616,1.478624997056,-0.9374988799999997
1.7379500000000002e-05,23.749996544,0.58824999616,1.478624997056,-0.9374988799999997
1.738e-05,23.749996544,0.5819999967999999,1.476124997312,-1.2499988480000006
1.73805e-05,23.749996544,0.58824999616,1.477374997184,-1.2499988480000006
1.7381000000000002e-05,24.531246592000002,0.58824999616,1.476124997312,-0.9374988799999997
1.73815e-05,23.749996544,0.58824999616,1.476124997312,-0.9374988799999997
1.7382e-05,23.749996544,0.58824999616,1.476124997312,-0.9374988799999997
1.7382500000000002e-05,23.749996544,0.58824999616,1.477374997184,-0.9374988799999997
1.7383e-05,23.749996544,0.5819999967999999,1.47487499744,-1.2499988480000006
1.73835e-05,23.749996544,0.5819999967999999,1.477374997184,-0.9374988799999997
1.7384e-05,24.531246592000002,0.58824999616,1.476124997312,-1.2499988480000006
1.7384500000000003e-05,23.749996544,0.58824999616,1.477374997184,-1.5624988160000015
1.7385e-05,23.749996544,0.58824999616,1.477374997184,-1.2499988480000006
1.73855e-05,23.749996544,0.5819999967999999,1.477374997184,-0.9374988799999997
1.7386000000000003e-05,23.749996544,0.5819999967999999,1.478624997056,-0.9374988799999997
1.73865e-05,23.749996544,0.5819999967999999,1.477374997184,-0.9374988799999997
1.7387e-05,24.531246592000002,0.58824999616,1.477374997184,-0.9374988799999997
1.7387500000000003e-05,23.749996544,0.5819999967999999,1.47487499744,-1.2499988480000006
1.7388e-05,23.749996544,0.58824999616,1.472374997696,-0.9374988799999997
1.73885e-05,23.749996544,0.58824999616,1.477374997184,-0.9374988799999997
1.7389000000000002e-05,23.749996544,0.58824999616,1.478624997056,-0.9374988799999997
1.73895e-05,23.749996544,0.59449999552,1.477374997184,-0.9374988799999997
1.739e-05,23.749996544,0.58824999616,1.476124997312,-1.2499988480000006
1.7390500000000002e-05,23.749996544,0.58824999616,1.476124997312,-0.9374988799999997
1.7391e-05,23.749996544,0.5819999967999999,1.47487499744,-0.9374988799999997
1.73915e-05,23.749996544,0.58824999616,1.476124997312,-0.9374988799999997
1.7392000000000002e-05,23.749996544,0.58824999616,1.476124997312,-0.9374988799999997
1.73925e-05,24.531246592000002,0.58824999616,1.478624997056,-1.2499988480000006
1.7393e-05,22.968746496,0.58824999616,1.476124997312,-0.9374988799999997
1.7393500000000002e-05,23.749996544,0.58824999616,1.476124997312,-0.9374988799999997
1.7394e-05,23.749996544,0.58824999616,1.476124997312,-0.9374988799999997
1.73945e-05,23.749996544,0.58824999616,1.47487499744,-0.9374988799999997
1.7395000000000002e-05,23.749996544,0.58824999616,1.473624997568,-0.9374988799999997
1.73955e-05,23.749996544,0.5819999967999999,1.473624997568,-0.6249989120000006
1.7396e-05,24.531246592000002,0.58824999616,1.472374997696,-0.6249989120000006
1.7396500000000002e-05,23.749996544,0.58824999616,1.473624997568,-0.9374988799999997
1.7397e-05,24.531246592000002,0.58824999616,1.47487499744,-0.6249989120000006
1.73975e-05,24.531246592000002,0.58824999616,1.47487499744,-0.9374988799999997
1.7398000000000002e-05,23.749996544,0.58824999616,1.476124997312,-0.6249989120000006
1.73985e-05,23.749996544,0.58824999616,1.476124997312,-0.9374988799999997
1.7399e-05,23.749996544,0.59449999552,1.476124997312,-0.9374988799999997
1.7399500000000002e-05,24.531246592000002,0.58824999616,1.479874996928,-0.9374988799999997
1.74e-05,24.531246592000002,0.58824999616,1.478624997056,-1.2499988480000006
1.74005e-05,24.531246592000002,0.58824999616,1.476124997312,-1.2499988480000006
1.7401e-05,23.749996544,0.59449999552,1.477374997184,-0.9374988799999997
1.7401500000000003e-05,23.749996544,0.59449999552,1.478624997056,-0.9374988799999997
1.7402e-05,24.531246592000002,0.58824999616,1.476124997312,-0.9374988799999997
1.74025e-05,23.749996544,0.58824999616,1.47487499744,-0.9374988799999997
1.7403000000000003e-05,23.749996544,0.58824999616,1.476124997312,-0.9374988799999997
1.74035e-05,23.749996544,0.58824999616,1.476124997312,-0.9374988799999997
1.7404e-05,23.749996544,0.58824999616,1.47487499744,-0.9374988799999997
1.7404500000000003e-05,23.749996544,0.59449999552,1.47487499744,-1.2499988480000006
1.7405e-05,23.749996544,0.58824999616,1.47487499744,-0.6249989120000006
1.74055e-05,24.531246592000002,0.59449999552,1.476124997312,-0.6249989120000006
1.7406000000000002e-05,23.749996544,0.58824999616,1.476124997312,-0.9374988799999997
1.74065e-05,23.749996544,0.59449999552,1.476124997312,-0.9374988799999997
1.7407e-05,23.749996544,0.58824999616,1.47487499744,-0.9374988799999997
1.7407500000000002e-05,24.531246592000002,0.59449999552,1.47487499744,-1.2499988480000006
1.7408e-05,24.531246592000002,0.58824999616,1.47487499744,-1.2499988480000006
1.74085e-05,23.749996544,0.59449999552,1.477374997184,-0.9374988799999997
1.7409000000000002e-05,22.968746496,0.59449999552,1.476124997312,-0.9374988799999997
1.74095e-05,24.531246592000002,0.59449999552,1.477374997184,-0.9374988799999997
1.741e-05,24.531246592000002,0.59449999552,1.476124997312,-0.9374988799999997
1.7410500000000002e-05,23.749996544,0.58824999616,1.476124997312,-0.9374988799999997
1.7411e-05,23.749996544,0.58824999616,1.477374997184,-0.6249989120000006
1.74115e-05,23.749996544,0.59449999552,1.478624997056,-0.6249989120000006
1.7412000000000002e-05,23.749996544,0.58824999616,1.476124997312,-1.2499988480000006
1.74125e-05,23.749996544,0.59449999552,1.479874996928,-1.2499988480000006
1.7413e-05,23.749996544,0.59449999552,1.4811249968,-0.9374988799999997
1.7413500000000002e-05,23.749996544,0.58824999616,1.4811249968,-1.2499988480000006
1.7414e-05,23.749996544,0.58824999616,1.4823749966720001,-0.6249989120000006
1.74145e-05,23.749996544,0.59449999552,1.4811249968,-0.9374988799999997
1.7415000000000002e-05,24.531246592000002,0.59449999552,1.476124997312,-0.9374988799999997
1.74155e-05,23.749996544,0.58824999616,1.47487499744,-0.6249989120000006
1.7416e-05,23.749996544,0.59449999552,1.47487499744,-0.9374988799999997
1.7416500000000002e-05,23.749996544,0.58824999616,1.479874996928,-0.9374988799999997
1.7417e-05,22.968746496,0.58824999616,1.478624997056,-0.9374988799999997
1.74175e-05,22.968746496,0.58824999616,1.478624997056,-0.9374988799999997
1.7418e-05,23.749996544,0.58824999616,1.479874996928,-0.6249989120000006
1.7418500000000003e-05,23.749996544,0.58824999616,1.478624997056,-0.9374988799999997
1.7419e-05,23.749996544,0.59449999552,1.478624997056,-0.9374988799999997
1.74195e-05,23.749996544,0.58824999616,1.478624997056,-0.6249989120000006
1.7420000000000003e-05,23.749996544,0.58824999616,1.479874996928,-0.6249989120000006
1.74205e-05,24.531246592000002,0.59449999552,1.479874996928,-0.9374988799999997
1.7421e-05,23.749996544,0.59449999552,1.479874996928,-0.9374988799999997
1.7421500000000003e-05,23.749996544,0.59449999552,1.478624997056,-0.9374988799999997
1.7422e-05,23.749996544,0.58824999616,1.476124997312,-0.6249989120000006
1.74225e-05,24.531246592000002,0.59449999552,1.476124997312,-0.6249989120000006
1.7423000000000002e-05,23.749996544,0.59449999552,1.476124997312,-0.9374988799999997
1.74235e-05,23.749996544,0.5819999967999999,1.477374997184,-0.9374988799999997
1.7424e-05,24.531246592000002,0.58824999616,1.477374997184,-0.9374988799999997
1.7424500000000002e-05,23.749996544,0.58824999616,1.4811249968,-0.9374988799999997
1.7425e-05,23.749996544,0.58824999616,1.4811249968,-0.9374988799999997
1.74255e-05,23.749996544,0.58824999616,1.479874996928,-0.9374988799999997
1.7426000000000002e-05,24.531246592000002,0.5819999967999999,1.478624997056,-0.6249989120000006
1.74265e-05,23.749996544,0.5819999967999999,1.477374997184,-0.9374988799999997
1.7427e-05,23.749996544,0.58824999616,1.477374997184,-0.6249989120000006
1.7427500000000002e-05,23.749996544,0.5819999967999999,1.47487499744,-0.9374988799999997
1.7428e-05,23.749996544,0.58824999616,1.47487499744,-0.6249989120000006
1.74285e-05,23.749996544,0.59449999552,1.478624997056,-0.9374988799999997
1.7429000000000002e-05,24.531246592000002,0.58824999616,1.477374997184,-0.9374988799999997
1.74295e-05,23.749996544,0.58824999616,1.477374997184,-0.6249989120000006
1.743e-05,23.749996544,0.58824999616,1.477374997184,-0.6249989120000006
1.7430500000000002e-05,23.749996544,0.59449999552,1.479874996928,-0.9374988799999997
1.7431e-05,23.749996544,0.58824999616,1.477374997184,-0.9374988799999997
1.74315e-05,23.749996544,0.58824999616,1.477374997184,-0.9374988799999997
1.7432000000000002e-05,24.531246592000002,0.58824999616,1.47487499744,-1.2499988480000006
1.74325e-05,24.531246592000002,0.58824999616,1.477374997184,-1.2499988480000006
1.7433e-05,24.531246592000002,0.58824999616,1.478624997056,-0.6249989120000006
1.7433500000000002e-05,23.749996544,0.58824999616,1.477374997184,-0.6249989120000006
1.7434e-05,24.531246592000002,0.5819999967999999,1.476124997312,-0.9374988799999997
1.74345e-05,23.749996544,0.58824999616,1.477374997184,-0.9374988799999997
1.7435e-05,24.531246592000002,0.58824999616,1.478624997056,-0.6249989120000006
1.7435500000000003e-05,24.531246592000002,0.5819999967999999,1.478624997056,-0.6249989120000006
1.7436e-05,24.531246592000002,0.5819999967999999,1.478624997056,-0.6249989120000006
1.74365e-05,23.749996544,0.58824999616,1.479874996928,-0.9374988799999997
1.7437000000000003e-05,24.531246592000002,0.5819999967999999,1.479874996928,-0.6249989120000006
1.74375e-05,24.531246592000002,0.58824999616,1.479874996928,-0.6249989120000006
1.7438e-05,24.531246592000002,0.58824999616,1.478624997056,-0.31249894400000144
1.7438500000000003e-05,22.968746496,0.5819999967999999,1.476124997312,-0.6249989120000006
1.7439e-05,23.749996544,0.58824999616,1.47487499744,-0.9374988799999997
1.74395e-05,23.749996544,0.58824999616,1.479874996928,-0.9374988799999997
1.7440000000000002e-05,23.749996544,0.58824999616,1.4811249968,-0.9374988799999997
1.74405e-05,24.531246592000002,0.58824999616,1.479874996928,-0.9374988799999997
1.7441e-05,24.531246592000002,0.58824999616,1.476124997312,-0.6249989120000006
1.7441500000000002e-05,24.531246592000002,0.58824999616,1.47487499744,-0.9374988799999997
1.7442e-05,24.531246592000002,0.5819999967999999,1.47487499744,-0.6249989120000006
1.74425e-05,23.749996544,0.5819999967999999,1.476124997312,-0.9374988799999997
1.7443000000000002e-05,23.749996544,0.58824999616,1.477374997184,-0.9374988799999997
1.74435e-05,23.749996544,0.58824999616,1.476124997312,-0.9374988799999997
1.7444e-05,23.749996544,0.59449999552,1.476124997312,-0.6249989120000006
1.7444500000000002e-05,23.749996544,0.59449999552,1.477374997184,-0.6249989120000006
1.7445e-05,23.749996544,0.59449999552,1.476124997312,-0.6249989120000006
1.74455e-05,23.749996544,0.59449999552,1.47487499744,-0.9374988799999997
1.7446000000000002e-05,23.749996544,0.58824999616,1.476124997312,-0.6249989120000006
1.74465e-05,23.749996544,0.58824999616,1.477374997184,-0.6249989120000006
1.7447e-05,23.749996544,0.59449999552,1.476124997312,-0.9374988799999997
1.7447500000000002e-05,23.749996544,0.58824999616,1.47487499744,-0.9374988799999997
1.7448e-05,23.749996544,0.58824999616,1.47487499744,-0.9374988799999997
1.74485e-05,24.531246592000002,0.58824999616,1.476124997312,-0.9374988799999997
1.7449000000000002e-05,23.749996544,0.58824999616,1.47487499744,-0.9374988799999997
1.74495e-05,23.749996544,0.5819999967999999,1.476124997312,-0.6249989120000006
1.745e-05,23.749996544,0.58824999616,1.476124997312,-0.6249989120000006
1.7450500000000002e-05,23.749996544,0.58824999616,1.47487499744,-0.9374988799999997
1.7451e-05,23.749996544,0.59449999552,1.47487499744,-0.6249989120000006
1.74515e-05,23.749996544,0.58824999616,1.47487499744,-0.9374988799999997
1.7452e-05,23.749996544,0.58824999616,1.47487499744,-0.6249989120000006
1.7452500000000003e-05,23.749996544,0.58824999616,1.477374997184,-0.9374988799999997
1.7453e-05,24.531246592000002,0.58824999616,1.477374997184,-0.6249989120000006
1.74535e-05,23.749996544,0.58824999616,1.47487499744,-0.9374988799999997
1.7454000000000003e-05,23.749996544,0.5819999967999999,1.476124997312,-0.6249989120000006
1.74545e-05,23.749996544,0.58824999616,1.476124997312,-0.9374988799999997
1.7455e-05,23.749996544,0.59449999552,1.477374997184,-0.9374988799999997
1.7455500000000003e-05,23.749996544,0.5819999967999999,1.477374997184,-0.9374988799999997
1.7456e-05,24.531246592000002,0.58824999616,1.476124997312,-0.9374988799999997
1.74565e-05,24.531246592000002,0.58824999616,1.476124997312,-0.9374988799999997
1.7457000000000002e-05,23.749996544,0.58824999616,1.477374997184,-0.9374988799999997
1.74575e-05,23.749996544,0.58824999616,1.476124997312,-0.6249989120000006
1.7458e-05,24.531246592000002,0.58824999616,1.47487499744,-0.9374988799999997
1.7458500000000002e-05,23.749996544,0.58824999616,1.473624997568,-0.6249989120000006
1.7459e-05,24.531246592000002,0.58824999616,1.476124997312,-0.6249989120000006
1.74595e-05,23.749996544,0.58824999616,1.476124997312,-0.6249989120000006
1.7460000000000002e-05,23.749996544,0.58824999616,1.476124997312,-0.9374988799999997
1.74605e-05,23.749996544,0.59449999552,1.477374997184,-1.2499988480000006
1.7461e-05,23.749996544,0.58824999616,1.47487499744,-0.6249989120000006
1.7461500000000002e-05,23.749996544,0.5819999967999999,1.47487499744,-0.6249989120000006
1.7462e-05,23.749996544,0.5819999967999999,1.478624997056,-0.6249989120000006
1.74625e-05,23.749996544,0.5819999967999999,1.4811249968,-0.6249989120000006
1.7463000000000002e-05,24.531246592000002,0.58824999616,1.477374997184,-0.6249989120000006
1.74635e-05,23.749996544,0.58824999616,1.478624997056,-0.9374988799999997
1.7464e-05,23.749996544,0.58824999616,1.477374997184,-0.6249989120000006
1.7464500000000002e-05,24.531246592000002,0.58824999616,1.478624997056,-0.9374988799999997
1.7465e-05,22.968746496,0.5819999967999999,1.476124997312,-0.6249989120000006
1.74655e-05,23.749996544,0.5819999967999999,1.47487499744,-0.9374988799999997
1.7466000000000002e-05,24.531246592000002,0.58824999616,1.473624997568,-0.6249989120000006
1.74665e-05,23.749996544,0.58824999616,1.47487499744,-0.6249989120000006
1.7467e-05,23.749996544,0.58824999616,1.476124997312,-0.9374988799999997
1.7467500000000002e-05,24.531246592000002,0.58824999616,1.476124997312,-0.6249989120000006
1.7468e-05,23.749996544,0.5819999967999999,1.47487499744,-0.9374988799999997
1.74685e-05,23.749996544,0.58824999616,1.477374997184,-0.6249989120000006
1.7469e-05,24.531246592000002,0.58824999616,1.476124997312,-0.9374988799999997
1.7469500000000003e-05,24.531246592000002,0.5819999967999999,1.47487499744,-0.6249989120000006
1.747e-05,24.531246592000002,0.58824999616,1.476124997312,-0.6249989120000006
1.74705e-05,23.749996544,0.58824999616,1.4811249968,-0.6249989120000006
1.7471000000000003e-05,23.749996544,0.58824999616,1.478624997056,-0.6249989120000006
1.74715e-05,23.749996544,0.5819999967999999,1.47487499744,-0.9374988799999997
1.7472e-05,23.749996544,0.57574999744,1.473624997568,-0.9374988799999997
1.7472500000000003e-05,23.749996544,0.57574999744,1.476124997312,-0.9374988799999997
1.7473e-05,22.968746496,0.5819999967999999,1.477374997184,-0.6249989120000006
1.74735e-05,23.749996544,0.5819999967999999,1.477374997184,-0.6249989120000006
1.7474000000000002e-05,23.749996544,0.5819999967999999,1.47487499744,-0.6249989120000006
1.74745e-05,23.749996544,0.5819999967999999,1.476124997312,-0.6249989120000006
1.7475e-05,23.749996544,0.58824999616,1.477374997184,-0.9374988799999997
1.7475500000000002e-05,23.749996544,0.5819999967999999,1.476124997312,-0.6249989120000006
1.7476e-05,23.749996544,0.57574999744,1.477374997184,-0.6249989120000006
1.74765e-05,23.749996544,0.5819999967999999,1.476124997312,-0.9374988799999997
1.7477000000000002e-05,24.531246592000002,0.58824999616,1.47487499744,-0.9374988799999997
1.74775e-05,24.531246592000002,0.58824999616,1.476124997312,-0.6249989120000006
1.7478e-05,23.749996544,0.58824999616,1.476124997312,-0.6249989120000006
1.7478500000000002e-05,23.749996544,0.59449999552,1.476124997312,-0.6249989120000006
1.7479e-05,23.749996544,0.59449999552,1.476124997312,-0.6249989120000006
1.74795e-05,23.749996544,0.5819999967999999,1.478624997056,-0.9374988799999997
1.7480000000000002e-05,23.749996544,0.58824999616,1.477374997184,-0.9374988799999997
1.74805e-05,24.531246592000002,0.58824999616,1.4811249968,-0.9374988799999997
1.7481e-05,23.749996544,0.5819999967999999,1.4811249968,-0.6249989120000006
1.7481500000000002e-05,23.749996544,0.58824999616,1.479874996928,-0.6249989120000006
1.7482e-05,23.749996544,0.5819999967999999,1.478624997056,-0.6249989120000006
1.74825e-05,23.749996544,0.58824999616,1.478624997056,-0.6249989120000006
1.7483000000000002e-05,23.749996544,0.58824999616,1.476124997312,-0.6249989120000006
1.74835e-05,23.749996544,0.58824999616,1.47487499744,-0.6249989120000006
1.7484e-05,23.749996544,0.58824999616,1.47487499744,-0.6249989120000006
1.7484500000000002e-05,23.749996544,0.58824999616,1.476124997312,-0.6249989120000006
1.7485e-05,23.749996544,0.58824999616,1.476124997312,-0.9374988799999997
1.74855e-05,23.749996544,0.58824999616,1.478624997056,-0.6249989120000006
1.7486e-05,24.531246592000002,0.58824999616,1.478624997056,-0.31249894400000144
1.7486500000000003e-05,23.749996544,0.58824999616,1.477374997184,-0.6249989120000006
1.7487e-05,23.749996544,0.58824999616,1.473624997568,-0.6249989120000006
1.74875e-05,23.749996544,0.58824999616,1.47487499744,-0.9374988799999997
1.7488000000000003e-05,23.749996544,0.58824999616,1.47487499744,-1.2499988480000006
1.74885e-05,24.531246592000002,0.5819999967999999,1.478624997056,-0.9374988799999997
1.7489e-05,23.749996544,0.5819999967999999,1.478624997056,-0.9374988799999997
1.7489500000000003e-05,23.749996544,0.58824999616,1.477374997184,-0.9374988799999997
1.749e-05,23.749996544,0.5819999967999999,1.47487499744,-0.9374988799999997
1.74905e-05,23.749996544,0.58824999616,1.47487499744,-0.9374988799999997
1.7491000000000002e-05,22.968746496,0.58824999616,1.47487499744,-0.6249989120000006
1.74915e-05,23.749996544,0.58824999616,1.477374997184,-0.6249989120000006
1.7492e-05,23.749996544,0.5819999967999999,1.476124997312,-0.6249989120000006
1.7492500000000002e-05,24.531246592000002,0.5819999967999999,1.477374997184,-0.9374988799999997
1.7493e-05,24.531246592000002,0.58824999616,1.476124997312,-0.6249989120000006
1.74935e-05,23.749996544,0.58824999616,1.47487499744,-0.6249989120000006
1.7494000000000002e-05,22.968746496,0.58824999616,1.472374997696,-0.6249989120000006
1.74945e-05,23.749996544,0.58824999616,1.473624997568,-0.6249989120000006
1.7495e-05,23.749996544,0.5819999967999999,1.472374997696,-0.6249989120000006
1.7495500000000002e-05,23.749996544,0.5819999967999999,1.473624997568,-0.9374988799999997
1.7496e-05,23.749996544,0.58824999616,1.472374997696,-0.9374988799999997
1.74965e-05,24.531246592000002,0.58824999616,1.473624997568,-0.9374988799999997
1.7497000000000002e-05,23.749996544,0.5819999967999999,1.47487499744,-0.6249989120000006
1.74975e-05,23.749996544,0.58824999616,1.476124997312,-0.9374988799999997
1.7498e-05,24.531246592000002,0.58824999616,1.476124997312,-0.9374988799999997
1.7498500000000002e-05,22.187496448000005,0.58824999616,1.47487499744,-0.9374988799999997
1.7499e-05,23.749996544,0.58824999616,1.476124997312,-0.6249989120000006
1.74995e-05,23.749996544,0.58824999616,1.477374997184,-0.9374988799999997
1.7500000000000002e-05,23.749996544,0.58824999616,1.47487499744,-0.9374988799999997
1.75005e-05,23.749996544,0.59449999552,1.47487499744,-0.6249989120000006
1.7501e-05,24.531246592000002,0.59449999552,1.47487499744,-0.9374988799999997
1.7501500000000002e-05,24.531246592000002,0.59449999552,1.476124997312,-0.9374988799999997
1.7502e-05,23.749996544,0.58824999616,1.477374997184,-0.9374988799999997
1.75025e-05,23.749996544,0.58824999616,1.477374997184,-0.6249989120000006
1.7503e-05,23.749996544,0.58824999616,1.477374997184,-0.9374988799999997
1.7503500000000003e-05,23.749996544,0.5819999967999999,1.477374997184,-0.6249989120000006
1.7504e-05,23.749996544,0.58824999616,1.476124997312,-0.9374988799999997
1.75045e-05,23.749996544,0.5819999967999999,1.478624997056,-1.2499988480000006
1.7505000000000003e-05,23.749996544,0.5819999967999999,1.477374997184,-0.9374988799999997
1.75055e-05,23.749996544,0.58824999616,1.47487499744,-0.6249989120000006
1.7506e-05,23.749996544,0.5819999967999999,1.476124997312,-0.6249989120000006
1.7506500000000003e-05,23.749996544,0.5819999967999999,1.477374997184,-0.9374988799999997
1.7507e-05,23.749996544,0.58824999616,1.477374997184,-0.6249989120000006
1.75075e-05,23.749996544,0.58824999616,1.476124997312,-0.9374988799999997
1.7508000000000002e-05,23.749996544,0.58824999616,1.47487499744,-0.9374988799999997
1.75085e-05,23.749996544,0.58824999616,1.476124997312,-0.6249989120000006
1.7509e-05,24.531246592000002,0.58824999616,1.476124997312,-0.6249989120000006
1.7509500000000002e-05,22.968746496,0.58824999616,1.473624997568,-0.6249989120000006
1.751e-05,23.749996544,0.5819999967999999,1.473624997568,-0.6249989120000006
1.75105e-05,23.749996544,0.58824999616,1.472374997696,-0.6249989120000006
1.7511000000000002e-05,23.749996544,0.58824999616,1.472374997696,-0.6249989120000006
1.75115e-05,22.968746496,0.58824999616,1.476124997312,-0.9374988799999997
1.7512e-05,24.531246592000002,0.58824999616,1.476124997312,-0.9374988799999997
1.7512500000000002e-05,23.749996544,0.5819999967999999,1.478624997056,-0.9374988799999997
1.7513e-05,22.968746496,0.5819999967999999,1.477374997184,-0.6249989120000006
1.75135e-05,23.749996544,0.5819999967999999,1.477374997184,-0.6249989120000006
1.7514000000000002e-05,23.749996544,0.5819999967999999,1.47487499744,-0.6249989120000006
1.75145e-05,24.531246592000002,0.58824999616,1.47487499744,-0.6249989120000006
1.7515e-05,23.749996544,0.58824999616,1.47487499744,-0.6249989120000006
1.7515500000000002e-05,23.749996544,0.5819999967999999,1.47487499744,-0.31249894400000144
1.7516e-05,23.749996544,0.5819999967999999,1.47487499744,-0.6249989120000006
1.75165e-05,23.749996544,0.58824999616,1.476124997312,-0.9374988799999997
1.7517000000000002e-05,23.749996544,0.58824999616,1.473624997568,-0.9374988799999997
1.75175e-05,23.749996544,0.5819999967999999,1.471124997824,-0.31249894400000144
1.7518e-05,24.531246592000002,0.57574999744,1.473624997568,-0.6249989120000006
1.7518500000000002e-05,23.749996544,0.58824999616,1.473624997568,-0.31249894400000144
1.7519e-05,23.749996544,0.58824999616,1.473624997568,-0.6249989120000006
1.75195e-05,23.749996544,0.5819999967999999,1.473624997568,-0.9374988799999997
1.752e-05,23.749996544,0.58824999616,1.47487499744,-0.9374988799999997
1.7520500000000003e-05,23.749996544,0.58824999616,1.47487499744,-0.9374988799999997
1.7521e-05,22.968746496,0.5819999967999999,1.47487499744,-0.6249989120000006
1.75215e-05,23.749996544,0.58824999616,1.473624997568,-0.6249989120000006
1.7522000000000003e-05,23.749996544,0.58824999616,1.472374997696,-0.6249989120000006
1.75225e-05,23.749996544,0.5819999967999999,1.473624997568,-0.6249989120000006
1.7523e-05,23.749996544,0.58824999616,1.473624997568,-0.6249989120000006
1.7523500000000003e-05,23.749996544,0.5819999967999999,1.476124997312,-0.31249894400000144
1.7524e-05,23.749996544,0.5819999967999999,1.47487499744,-0.31249894400000144
1.75245e-05,22.968746496,0.5819999967999999,1.476124997312,-0.9374988799999997
1.7525000000000002e-05,23.749996544,0.5819999967999999,1.476124997312,-0.6249989120000006
1.75255e-05,23.749996544,0.5819999967999999,1.47487499744,-0.6249989120000006
1.7526e-05,23.749996544,0.58824999616,1.473624997568,-0.6249989120000006
1.7526500000000002e-05,22.968746496,0.5819999967999999,1.478624997056,-0.6249989120000006
1.7527e-05,23.749996544,0.58824999616,1.477374997184,-0.6249989120000006
1.75275e-05,23.749996544,0.5819999967999999,1.477374997184,-0.6249989120000006
1.7528000000000002e-05,23.749996544,0.58824999616,1.47487499744,-0.6249989120000006
1.75285e-05,23.749996544,0.57574999744,1.477374997184,-0.9374988799999997
1.7529e-05,22.968746496,0.57574999744,1.476124997312,-0.6249989120000006
1.7529500000000002e-05,23.749996544,0.5819999967999999,1.477374997184,-0.6249989120000006
1.753e-05,24.531246592000002,0.5819999967999999,1.478624997056,-0.6249989120000006
1.75305e-05,23.749996544,0.58824999616,1.477374997184,-0.6249989120000006
1.7531000000000002e-05,23.749996544,0.58824999616,1.476124997312,-0.6249989120000006
1.75315e-05,24.531246592000002,0.5819999967999999,1.476124997312,-0.31249894400000144
1.7532e-05,23.749996544,0.5819999967999999,1.476124997312,-0.9374988799999997
1.7532500000000002e-05,23.749996544,0.58824999616,1.473624997568,-0.9374988799999997
1.7533e-05,24.531246592000002,0.58824999616,1.476124997312,-0.9374988799999997
1.75335e-05,22.968746496,0.58824999616,1.47487499744,-0.9374988799999997
1.7534000000000002e-05,23.749996544,0.5819999967999999,1.47487499744,-0.6249989120000006
1.75345e-05,23.749996544,0.58824999616,1.47487499744,-0.6249989120000006
1.7535e-05,22.968746496,0.58824999616,1.472374997696,-0.9374988799999997
1.7535500000000002e-05,23.749996544,0.5819999967999999,1.473624997568,-0.9374988799999997
1.7536e-05,23.749996544,0.5819999967999999,1.47487499744,-0.6249989120000006
1.75365e-05,23.749996544,0.58824999616,1.476124997312,-0.9374988799999997
1.7537e-05,23.749996544,0.5819999967999999,1.47487499744,-0.6249989120000006
1.7537500000000003e-05,22.968746496,0.5819999967999999,1.476124997312,-0.6249989120000006
1.7538e-05,23.749996544,0.5819999967999999,1.47487499744,-0.6249989120000006
1.75385e-05,23.749996544,0.5819999967999999,1.473624997568,-0.6249989120000006
1.7539000000000003e-05,23.749996544,0.5819999967999999,1.47487499744,-0.6249989120000006
1.75395e-05,23.749996544,0.5819999967999999,1.476124997312,-0.6249989120000006
1.754e-05,23.749996544,0.58824999616,1.47487499744,-0.9374988799999997
1.7540500000000003e-05,23.749996544,0.58824999616,1.477374997184,-0.9374988799999997
1.7541e-05,23.749996544,0.58824999616,1.47487499744,-0.6249989120000006
1.75415e-05,23.749996544,0.58824999616,1.47487499744,-0.6249989120000006
1.7542000000000002e-05,24.531246592000002,0.58824999616,1.47487499744,-0.31249894400000144
1.75425e-05,23.749996544,0.58824999616,1.478624997056,-0.6249989120000006
1.7543e-05,23.749996544,0.5819999967999999,1.477374997184,-0.6249989120000006
1.7543500000000002e-05,22.968746496,0.58824999616,1.476124997312,-0.6249989120000006
1.7544e-05,23.749996544,0.58824999616,1.472374997696,-0.9374988799999997
1.75445e-05,23.749996544,0.58824999616,1.47487499744,-0.9374988799999997
1.7545000000000002e-05,23.749996544,0.58824999616,1.476124997312,-0.31249894400000144
1.75455e-05,24.531246592000002,0.5819999967999999,1.477374997184,-0.6249989120000006
1.7546e-05,24.531246592000002,0.5819999967999999,1.476124997312,-0.6249989120000006
1.7546500000000002e-05,23.749996544,0.58824999616,1.473624997568,-0.6249989120000006
1.7547e-05,23.749996544,0.5819999967999999,1.473624997568,-0.6249989120000006
1.75475e-05,23.749996544,0.58824999616,1.47487499744,-0.6249989120000006
1.7548000000000002e-05,23.749996544,0.5819999967999999,1.476124997312,-0.6249989120000006
1.75485e-05,23.749996544,0.5819999967999999,1.476124997312,-0.6249989120000006
1.7549e-05,23.749996544,0.5819999967999999,1.476124997312,-0.31249894400000144
1.7549500000000002e-05,23.749996544,0.58824999616,1.47487499744,-0.31249894400000144
1.755e-05,23.749996544,0.5819999967999999,1.473624997568,-0.31249894400000144
1.75505e-05,23.749996544,0.5819999967999999,1.47487499744,-0.6249989120000006
1.7551000000000002e-05,23.749996544,0.58824999616,1.473624997568,-0.31249894400000144
1.75515e-05,23.749996544,0.5819999967999999,1.47487499744,-0.9374988799999997
1.7552e-05,23.749996544,0.58824999616,1.47487499744,-0.6249989120000006
1.7552500000000002e-05,23.749996544,0.5819999967999999,1.476124997312,-0.6249989120000006
1.7553e-05,23.749996544,0.5819999967999999,1.47487499744,-0.6249989120000006
1.75535e-05,23.749996544,0.5819999967999999,1.473624997568,-0.31249894400000144
1.7554e-05,23.749996544,0.5819999967999999,1.472374997696,-0.31249894400000144
1.7554500000000003e-05,23.749996544,0.5819999967999999,1.47487499744,-0.6249989120000006
1.7555e-05,22.968746496,0.58824999616,1.476124997312,-0.6249989120000006
1.75555e-05,22.968746496,0.5819999967999999,1.47487499744,-0.31249894400000144
1.7556000000000003e-05,23.749996544,0.5819999967999999,1.47487499744,-0.6249989120000006
1.75565e-05,23.749996544,0.5819999967999999,1.47487499744,-0.6249989120000006
1.7557e-05,24.531246592000002,0.5819999967999999,1.473624997568,-0.31249894400000144
1.7557500000000003e-05,23.749996544,0.57574999744,1.47487499744,-0.31249894400000144
1.7558e-05,24.531246592000002,0.58824999616,1.476124997312,-0.31249894400000144
1.75585e-05,23.749996544,0.5819999967999999,1.478624997056,-0.31249894400000144
1.7559000000000002e-05,22.968746496,0.58824999616,1.478624997056,-0.6249989120000006
1.75595e-05,23.749996544,0.5819999967999999,1.477374997184,-0.6249989120000006
1.756e-05,24.531246592000002,0.5819999967999999,1.472374997696,-0.6249989120000006
1.7560500000000002e-05,23.749996544,0.5819999967999999,1.47487499744,-0.6249989120000006
1.7561e-05,23.749996544,0.5819999967999999,1.47487499744,-0.6249989120000006
1.75615e-05,23.749996544,0.5819999967999999,1.473624997568,-0.31249894400000144
1.7562000000000002e-05,23.749996544,0.5819999967999999,1.47487499744,-0.31249894400000144
1.75625e-05,23.749996544,0.58824999616,1.47487499744,-0.6249989120000006
1.7563e-05,22.968746496,0.58824999616,1.47487499744,-0.6249989120000006
1.7563500000000002e-05,23.749996544,0.5819999967999999,1.476124997312,-0.31249894400000144
1.7564e-05,23.749996544,0.5819999967999999,1.477374997184,-0.31249894400000144
1.75645e-05,24.531246592000002,0.58824999616,1.476124997312,-0.6249989120000006
1.7565000000000002e-05,23.749996544,0.5819999967999999,1.476124997312,-0.6249989120000006
1.75655e-05,24.531246592000002,0.5819999967999999,1.476124997312,-0.6249989120000006
1.7566e-05,23.749996544,0.58824999616,1.47487499744,-0.31249894400000144
1.7566500000000002e-05,22.968746496,0.5819999967999999,1.473624997568,-0.31249894400000144
1.7567e-05,23.749996544,0.58824999616,1.473624997568,-0.31249894400000144
1.75675e-05,23.749996544,0.58824999616,1.472374997696,-0.6249989120000006
1.7568000000000002e-05,23.749996544,0.58824999616,1.473624997568,-0.31249894400000144
1.75685e-05,24.531246592000002,0.58824999616,1.478624997056,-0.6249989120000006
1.7569e-05,23.749996544,0.58824999616,1.477374997184,-0.6249989120000006
1.7569500000000002e-05,23.749996544,0.58824999616,1.477374997184,-0.31249894400000144
1.757e-05,24.531246592000002,0.58824999616,1.473624997568,-0.6249989120000006
1.75705e-05,23.749996544,0.58824999616,1.472374997696,-0.6249989120000006
1.7571e-05,22.968746496,0.58824999616,1.47487499744,-0.31249894400000144
1.7571500000000003e-05,23.749996544,0.5819999967999999,1.47487499744,-0.31249894400000144
1.7572e-05,23.749996544,0.5819999967999999,1.47487499744,1.0239999994610116e-06
1.75725e-05,23.749996544,0.5819999967999999,1.477374997184,-0.6249989120000006
1.7573000000000003e-05,23.749996544,0.58824999616,1.476124997312,-0.31249894400000144
1.75735e-05,23.749996544,0.58824999616,1.47487499744,-0.31249894400000144
1.7574e-05,23.749996544,0.5819999967999999,1.476124997312,-0.6249989120000006
1.7574500000000003e-05,22.968746496,0.58824999616,1.476124997312,-0.31249894400000144
1.7575e-05,22.968746496,0.58824999616,1.473624997568,-0.31249894400000144
1.75755e-05,22.968746496,0.5819999967999999,1.473624997568,-0.31249894400000144
1.7576000000000002e-05,22.968746496,0.57574999744,1.47487499744,-0.6249989120000006
1.75765e-05,23.749996544,0.5819999967999999,1.47487499744,-0.6249989120000006
1.7577e-05,22.968746496,0.58824999616,1.472374997696,-0.31249894400000144
1.7577500000000002e-05,22.968746496,0.58824999616,1.473624997568,-0.6249989120000006
1.7578e-05,23.749996544,0.58824999616,1.47487499744,-0.6249989120000006
1.75785e-05,23.749996544,0.5819999967999999,1.476124997312,-0.6249989120000006
1.7579000000000002e-05,22.968746496,0.58824999616,1.476124997312,-0.31249894400000144
1.75795e-05,23.749996544,0.5819999967999999,1.476124997312,-0.31249894400000144
1.758e-05,22.968746496,0.5819999967999999,1.47487499744,-0.31249894400000144
1.7580500000000002e-05,23.749996544,0.5819999967999999,1.476124997312,-0.6249989120000006
1.7581e-05,23.749996544,0.5819999967999999,1.47487499744,-0.31249894400000144
1.75815e-05,23.749996544,0.5819999967999999,1.472374997696,-0.6249989120000006
1.7582000000000002e-05,23.749996544,0.57574999744,1.471124997824,-0.31249894400000144
1.75825e-05,23.749996544,0.58824999616,1.472374997696,-0.6249989120000006
1.7583e-05,23.749996544,0.58824999616,1.472374997696,-0.6249989120000006
1.7583500000000002e-05,23.749996544,0.5819999967999999,1.473624997568,-0.6249989120000006
1.7584e-05,23.749996544,0.58824999616,1.472374997696,-0.31249894400000144
1.75845e-05,23.749996544,0.58824999616,1.473624997568,-0.9374988799999997
1.7585000000000002e-05,22.968746496,0.58824999616,1.472374997696,-0.6249989120000006
1.75855e-05,23.749996544,0.58824999616,1.47487499744,-0.31249894400000144
1.7586e-05,24.531246592000002,0.58824999616,1.476124997312,1.0239999994610116e-06
1.7586500000000002e-05,22.968746496,0.58824999616,1.477374997184,-0.6249989120000006
1.7587e-05,22.968746496,0.58824999616,1.478624997056,-0.6249989120000006
1.75875e-05,22.968746496,0.58824999616,1.478624997056,-0.31249894400000144
1.7588e-05,23.749996544,0.5819999967999999,1.47487499744,-0.31249894400000144
1.7588500000000003e-05,23.749996544,0.58824999616,1.476124997312,-0.6249989120000006
1.7589e-05,23.749996544,0.58824999616,1.47487499744,-0.31249894400000144
1.75895e-05,24.531246592000002,0.58824999616,1.476124997312,-0.6249989120000006
1.7590000000000003e-05,23.749996544,0.58824999616,1.477374997184,-0.31249894400000144
1.75905e-05,23.749996544,0.5819999967999999,1.479874996928,-0.6249989120000006
1.7591e-05,23.749996544,0.5819999967999999,1.477374997184,-0.31249894400000144
1.7591500000000003e-05,22.968746496,0.5819999967999999,1.477374997184,-0.6249989120000006
1.7592e-05,23.749996544,0.5819999967999999,1.477374997184,-0.31249894400000144
1.75925e-05,23.749996544,0.57574999744,1.479874996928,-0.31249894400000144
1.7593000000000002e-05,24.531246592000002,0.5819999967999999,1.477374997184,-0.6249989120000006
1.75935e-05,23.749996544,0.5819999967999999,1.476124997312,-0.31249894400000144
1.7594e-05,23.749996544,0.5819999967999999,1.476124997312,-0.6249989120000006
1.7594500000000002e-05,22.968746496,0.58824999616,1.477374997184,-0.6249989120000006
1.7595e-05,23.749996544,0.58824999616,1.477374997184,-0.6249989120000006
1.75955e-05,23.749996544,0.58824999616,1.47487499744,-0.31249894400000144
1.7596000000000002e-05,23.749996544,0.5819999967999999,1.472374997696,-0.31249894400000144
1.75965e-05,23.749996544,0.58824999616,1.472374997696,-0.6249989120000006
1.7597e-05,23.749996544,0.5819999967999999,1.473624997568,-0.31249894400000144
1.7597500000000002e-05,23.749996544,0.5819999967999999,1.472374997696,-0.31249894400000144
1.7598e-05,23.749996544,0.57574999744,1.473624997568,-0.31249894400000144
1.75985e-05,23.749996544,0.5819999967999999,1.477374997184,-0.31249894400000144
1.7599000000000002e-05,22.968746496,0.58824999616,1.477374997184,-0.31249894400000144
1.75995e-05,23.749996544,0.5819999967999999,1.477374997184,-0.31249894400000144
1.76e-05,23.749996544,0.5819999967999999,1.472374997696,-0.31249894400000144
1.7600500000000002e-05,23.749996544,0.57574999744,1.473624997568,-0.6249989120000006
1.7601e-05,22.968746496,0.5819999967999999,1.472374997696,1.0239999994610116e-06
1.76015e-05,23.749996544,0.5819999967999999,1.473624997568,1.0239999994610116e-06
1.7602000000000002e-05,23.749996544,0.57574999744,1.472374997696,-0.31249894400000144
1.76025e-05,23.749996544,0.5819999967999999,1.473624997568,-0.6249989120000006
1.7603e-05,23.749996544,0.58824999616,1.47487499744,-0.31249894400000144
1.7603500000000002e-05,23.749996544,0.5819999967999999,1.47487499744,-0.31249894400000144
1.7604e-05,23.749996544,0.5819999967999999,1.47487499744,1.0239999994610116e-06
1.76045e-05,23.749996544,0.58824999616,1.47487499744,-0.6249989120000006
1.7605000000000002e-05,24.531246592000002,0.5819999967999999,1.47487499744,-0.31249894400000144
1.76055e-05,23.749996544,0.5819999967999999,1.47487499744,-0.31249894400000144
1.7606e-05,23.749996544,0.5819999967999999,1.476124997312,1.0239999994610116e-06
1.76065e-05,23.749996544,0.57574999744,1.477374997184,1.0239999994610116e-06
1.7607000000000003e-05,23.749996544,0.5819999967999999,1.477374997184,-0.31249894400000144
1.76075e-05,23.749996544,0.5819999967999999,1.476124997312,-0.6249989120000006
1.7608e-05,24.531246592000002,0.58824999616,1.47487499744,-0.31249894400000144
1.7608500000000003e-05,23.749996544,0.5819999967999999,1.47487499744,-0.31249894400000144
1.7609e-05,23.749996544,0.5819999967999999,1.472374997696,-0.31249894400000144
1.76095e-05,23.749996544,0.57574999744,1.473624997568,-0.31249894400000144
1.7610000000000002e-05,23.749996544,0.5819999967999999,1.472374997696,-0.31249894400000144
1.76105e-05,22.968746496,0.5819999967999999,1.473624997568,-0.6249989120000006
1.7611e-05,23.749996544,0.58824999616,1.477374997184,-0.31249894400000144
1.7611500000000002e-05,23.749996544,0.5819999967999999,1.477374997184,1.0239999994610116e-06
1.7612e-05,23.749996544,0.5819999967999999,1.47487499744,-0.31249894400000144
1.76125e-05,23.749996544,0.58824999616,1.473624997568,-0.31249894400000144
1.7613000000000002e-05,24.531246592000002,0.5819999967999999,1.473624997568,-0.31249894400000144
1.76135e-05,23.749996544,0.5819999967999999,1.47487499744,1.0239999994610116e-06
1.7614e-05,23.749996544,0.5819999967999999,1.476124997312,-0.31249894400000144
1.7614500000000002e-05,23.749996544,0.5819999967999999,1.478624997056,-0.31249894400000144
1.7615e-05,23.749996544,0.5819999967999999,1.476124997312,-0.6249989120000006
1.76155e-05,23.749996544,0.5819999967999999,1.476124997312,-0.6249989120000006
1.7616000000000002e-05,24.531246592000002,0.57574999744,1.476124997312,1.0239999994610116e-06
1.76165e-05,23.749996544,0.57574999744,1.478624997056,-0.9374988799999997
1.7617e-05,22.968746496,0.5819999967999999,1.477374997184,-0.31249894400000144
1.7617500000000002e-05,23.749996544,0.58824999616,1.476124997312,1.0239999994610116e-06
1.7618e-05,23.749996544,0.58824999616,1.473624997568,-0.31249894400000144
1.76185e-05,23.749996544,0.58824999616,1.47487499744,-0.31249894400000144
1.7619000000000002e-05,23.749996544,0.58824999616,1.476124997312,-0.31249894400000144
1.76195e-05,22.968746496,0.5819999967999999,1.476124997312,1.0239999994610116e-06
1.762e-05,23.749996544,0.57574999744,1.47487499744,-0.31249894400000144
1.7620500000000002e-05,23.749996544,0.5819999967999999,1.477374997184,-0.31249894400000144
1.7621e-05,23.749996544,0.5819999967999999,1.478624997056,1.0239999994610116e-06
1.76215e-05,22.968746496,0.58824999616,1.478624997056,-0.31249894400000144
1.7622000000000002e-05,22.968746496,0.5819999967999999,1.476124997312,-0.31249894400000144
1.76225e-05,23.749996544,0.58824999616,1.477374997184,-0.31249894400000144
1.7623e-05,23.749996544,0.58824999616,1.476124997312,1.0239999994610116e-06
1.76235e-05,23.749996544,0.5819999967999999,1.476124997312,1.0239999994610116e-06
1.7624000000000003e-05,23.749996544,0.57574999744,1.476124997312,-0.31249894400000144
1.76245e-05,23.749996544,0.57574999744,1.477374997184,-0.31249894400000144
1.7625e-05,23.749996544,0.5819999967999999,1.476124997312,1.0239999994610116e-06
1.7625500000000003e-05,23.749996544,0.5819999967999999,1.477374997184,1.0239999994610116e-06
1.7626e-05,23.749996544,0.5819999967999999,1.477374997184,-0.31249894400000144
1.76265e-05,23.749996544,0.58824999616,1.476124997312,-0.31249894400000144
1.7627000000000003e-05,23.749996544,0.5819999967999999,1.478624997056,-0.31249894400000144
1.76275e-05,23.749996544,0.58824999616,1.476124997312,-0.31249894400000144
1.7628e-05,23.749996544,0.58824999616,1.476124997312,1.0239999994610116e-06
1.7628500000000002e-05,23.749996544,0.58824999616,1.477374997184,-0.31249894400000144
1.7629e-05,24.531246592000002,0.58824999616,1.476124997312,1.0239999994610116e-06
1.76295e-05,23.749996544,0.58824999616,1.47487499744,1.0239999994610116e-06
1.7630000000000002e-05,23.749996544,0.58824999616,1.476124997312,1.0239999994610116e-06
1.76305e-05,23.749996544,0.58824999616,1.476124997312,1.0239999994610116e-06
1.7631e-05,23.749996544,0.58824999616,1.476124997312,1.0239999994610116e-06
1.7631500000000002e-05,23.749996544,0.5819999967999999,1.47487499744,-0.31249894400000144
1.7632e-05,23.749996544,0.58824999616,1.473624997568,-0.31249894400000144
1.76325e-05,23.749996544,0.58824999616,1.476124997312,-0.31249894400000144
1.7633000000000002e-05,23.749996544,0.5819999967999999,1.47487499744,1.0239999994610116e-06
1.76335e-05,23.749996544,0.5819999967999999,1.47487499744,1.0239999994610116e-06
1.7634e-05,23.749996544,0.5819999967999999,1.476124997312,-0.31249894400000144
1.7634500000000002e-05,23.749996544,0.5819999967999999,1.479874996928,-0.31249894400000144
1.7635e-05,23.749996544,0.58824999616,1.478624997056,-0.31249894400000144
1.76355e-05,23.749996544,0.5819999967999999,1.476124997312,1.0239999994610116e-06
1.7636000000000002e-05,23.749996544,0.5819999967999999,1.47487499744,1.0239999994610116e-06
1.76365e-05,23.749996544,0.58824999616,1.476124997312,-0.31249894400000144
1.7637e-05,23.749996544,0.58824999616,1.476124997312,1.0239999994610116e-06
1.7637500000000002e-05,23.749996544,0.58824999616,1.476124997312,1.0239999994610116e-06
1.7638e-05,23.749996544,0.5819999967999999,1.476124997312,-0.31249894400000144
1.76385e-05,22.968746496,0.58824999616,1.478624997056,-0.31249894400000144
1.7639000000000002e-05,23.749996544,0.58824999616,1.478624997056,-0.31249894400000144
1.76395e-05,23.749996544,0.58824999616,1.473624997568,-0.31249894400000144
1.764e-05,23.749996544,0.5819999967999999,1.472374997696,-0.31249894400000144
1.76405e-05,23.749996544,0.57574999744,1.47487499744,-0.6249989120000006
1.7641000000000003e-05,23.749996544,0.5819999967999999,1.477374997184,-0.31249894400000144
1.76415e-05,23.749996544,0.5819999967999999,1.478624997056,1.0239999994610116e-06
1.7642e-05,23.749996544,0.5819999967999999,1.477374997184,-0.31249894400000144
1.7642500000000003e-05,22.968746496,0.58824999616,1.47487499744,-0.31249894400000144
1.7643e-05,23.749996544,0.58824999616,1.473624997568,-0.31249894400000144
1.76435e-05,24.531246592000002,0.5819999967999999,1.47487499744,1.0239999994610116e-06
1.7644000000000003e-05,23.749996544,0.57574999744,1.476124997312,1.0239999994610116e-06
1.76445e-05,23.749996544,0.5819999967999999,1.477374997184,-0.31249894400000144
1.7645e-05,24.531246592000002,0.5819999967999999,1.476124997312,-0.31249894400000144
1.7645500000000002e-05,23.749996544,0.5819999967999999,1.476124997312,-0.31249894400000144
1.7646e-05,23.749996544,0.5819999967999999,1.476124997312,1.0239999994610116e-06
1.76465e-05,23.749996544,0.58824999616,1.47487499744,-0.31249894400000144
1.7647000000000002e-05,23.749996544,0.58824999616,1.473624997568,-0.6249989120000006
1.76475e-05,22.968746496,0.57574999744,1.47487499744,-0.31249894400000144
1.7648e-05,23.749996544,0.5819999967999999,1.473624997568,-0.6249989120000006
1.7648500000000002e-05,23.749996544,0.5819999967999999,1.476124997312,-0.31249894400000144
1.7649e-05,22.968746496,0.5819999967999999,1.47487499744,-0.31249894400000144
1.76495e-05,23.749996544,0.5819999967999999,1.473624997568,1.0239999994610116e-06
1.7650000000000002e-05,23.749996544,0.5819999967999999,1.473624997568,-0.31249894400000144
1.76505e-05,23.749996544,0.5819999967999999,1.47487499744,-0.31249894400000144
1.7651e-05,23.749996544,0.58824999616,1.47487499744,-0.31249894400000144
1.7651500000000002e-05,23.749996544,0.5819999967999999,1.473624997568,1.0239999994610116e-06
1.7652e-05,23.749996544,0.5819999967999999,1.471124997824,1.0239999994610116e-06
1.76525e-05,23.749996544,0.5819999967999999,1.476124997312,-0.6249989120000006
1.7653000000000002e-05,23.749996544,0.58824999616,1.476124997312,1.0239999994610116e-06
1.76535e-05,23.749996544,0.57574999744,1.476124997312,-0.31249894400000144
1.7654e-05,24.531246592000002,0.57574999744,1.476124997312,1.0239999994610116e-06
1.7654500000000002e-05,23.749996544,0.5819999967999999,1.47487499744,-0.31249894400000144
1.7655e-05,23.749996544,0.5819999967999999,1.473624997568,-0.31249894400000144
1.76555e-05,23.749996544,0.5819999967999999,1.47487499744,-0.6249989120000006
1.7656000000000002e-05,24.531246592000002,0.5819999967999999,1.473624997568,1.0239999994610116e-06
1.76565e-05,23.749996544,0.5819999967999999,1.47487499744,-0.31249894400000144
1.7657e-05,22.968746496,0.57574999744,1.472374997696,-0.31249894400000144
1.76575e-05,23.749996544,0.5819999967999999,1.476124997312,-0.31249894400000144
1.7658000000000003e-05,23.749996544,0.58824999616,1.476124997312,-0.6249989120000006
1.76585e-05,22.968746496,0.5819999967999999,1.47487499744,-0.6249989120000006
1.7659e-05,22.968746496,0.5819999967999999,1.477374997184,-0.31249894400000144
1.7659500000000003e-05,22.968746496,0.57574999744,1.479874996928,1.0239999994610116e-06
1.766e-05,22.968746496,0.5819999967999999,1.477374997184,1.0239999994610116e-06
1.76605e-05,23.749996544,0.5819999967999999,1.478624997056,-0.31249894400000144
1.7661000000000003e-05,24.531246592000002,0.5819999967999999,1.476124997312,-0.31249894400000144
1.76615e-05,23.749996544,0.5819999967999999,1.47487499744,-0.31249894400000144
1.7662e-05,23.749996544,0.5819999967999999,1.476124997312,1.0239999994610116e-06
1.7662500000000002e-05,22.968746496,0.5819999967999999,1.477374997184,1.0239999994610116e-06
1.7663e-05,23.749996544,0.5819999967999999,1.476124997312,-0.31249894400000144
1.76635e-05,23.749996544,0.5819999967999999,1.476124997312,1.0239999994610116e-06
1.7664000000000002e-05,24.531246592000002,0.5819999967999999,1.473624997568,-0.31249894400000144
1.76645e-05,23.749996544,0.5819999967999999,1.476124997312,-0.9374988799999997
1.7665e-05,22.968746496,0.57574999744,1.476124997312,-0.31249894400000144
1.7665500000000002e-05,22.968746496,0.57574999744,1.476124997312,-0.31249894400000144
1.7666e-05,23.749996544,0.5819999967999999,1.476124997312,-0.31249894400000144
1.76665e-05,22.968746496,0.5819999967999999,1.477374997184,-0.31249894400000144
1.7667000000000002e-05,22.968746496,0.58824999616,1.477374997184,-0.31249894400000144
1.76675e-05,23.749996544,0.5819999967999999,1.478624997056,-0.31249894400000144
1.7668e-05,23.749996544,0.5819999967999999,1.477374997184,-0.31249894400000144
1.7668500000000002e-05,23.749996544,0.58824999616,1.478624997056,-0.31249894400000144
1.7669e-05,24.531246592000002,0.5819999967999999,1.477374997184,1.0239999994610116e-06
1.76695e-05,23.749996544,0.5819999967999999,1.477374997184,-0.31249894400000144
1.7670000000000002e-05,22.968746496,0.5819999967999999,1.476124997312,1.0239999994610116e-06
1.76705e-05,22.968746496,0.57574999744,1.47487499744,-0.31249894400000144
1.7671e-05,22.968746496,0.57574999744,1.47487499744,-0.31249894400000144
1.7671500000000002e-05,22.968746496,0.57574999744,1.478624997056,-0.31249894400000144
1.7672e-05,24.531246592000002,0.5819999967999999,1.477374997184,-0.31249894400000144
1.76725e-05,24.531246592000002,0.5819999967999999,1.478624997056,-0.31249894400000144
1.7673000000000002e-05,23.749996544,0.5819999967999999,1.476124997312,-0.31249894400000144
1.76735e-05,23.749996544,0.57574999744,1.476124997312,1.0239999994610116e-06
1.7674e-05,23.749996544,0.57574999744,1.473624997568,1.0239999994610116e-06
1.76745e-05,22.968746496,0.5819999967999999,1.47487499744,1.0239999994610116e-06
1.7675000000000003e-05,23.749996544,0.5819999967999999,1.477374997184,-0.31249894400000144
1.76755e-05,23.749996544,0.57574999744,1.477374997184,1.0239999994610116e-06
1.7676e-05,23.749996544,0.5819999967999999,1.476124997312,-0.31249894400000144
1.7676500000000003e-05,23.749996544,0.5819999967999999,1.478624997056,-0.31249894400000144
1.7677e-05,23.749996544,0.5819999967999999,1.477374997184,1.0239999994610116e-06
1.76775e-05,23.749996544,0.5819999967999999,1.477374997184,1.0239999994610116e-06
1.7678000000000003e-05,23.749996544,0.57574999744,1.47487499744,1.0239999994610116e-06
1.76785e-05,23.749996544,0.58824999616,1.476124997312,1.0239999994610116e-06
1.7679e-05,23.749996544,0.58824999616,1.47487499744,1.0239999994610116e-06
1.7679500000000002e-05,22.968746496,0.5819999967999999,1.477374997184,-0.31249894400000144
1.768e-05,23.749996544,0.5819999967999999,1.47487499744,-0.31249894400000144
1.76805e-05,23.749996544,0.5819999967999999,1.47487499744,-0.31249894400000144
1.7681000000000002e-05,22.968746496,0.57574999744,1.476124997312,-0.31249894400000144
1.76815e-05,23.749996544,0.5819999967999999,1.476124997312,1.0239999994610116e-06
1.7682e-05,24.531246592000002,0.5819999967999999,1.476124997312,-0.31249894400000144
1.7682500000000002e-05,23.749996544,0.5819999967999999,1.47487499744,-0.31249894400000144
1.7683e-05,23.749996544,0.58824999616,1.476124997312,-0.31249894400000144
1.76835e-05,23.749996544,0.57574999744,1.478624997056,1.0239999994610116e-06
1.7684000000000002e-05,23.749996544,0.57574999744,1.477374997184,1.0239999994610116e-06
1.76845e-05,23.749996544,0.5819999967999999,1.477374997184,-0.31249894400000144
1.7685e-05,23.749996544,0.5819999967999999,1.476124997312,1.0239999994610116e-06
1.7685500000000002e-05,22.968746496,0.5819999967999999,1.478624997056,1.0239999994610116e-06
1.7686e-05,22.968746496,0.57574999744,1.477374997184,1.0239999994610116e-06
1.76865e-05,22.968746496,0.58824999616,1.476124997312,1.0239999994610116e-06
1.7687000000000002e-05,23.749996544,0.58824999616,1.47487499744,1.0239999994610116e-06
1.76875e-05,23.749996544,0.5819999967999999,1.476124997312,-0.31249894400000144
1.7688e-05,23.749996544,0.5819999967999999,1.47487499744,1.0239999994610116e-06
1.7688500000000002e-05,24.531246592000002,0.58824999616,1.476124997312,-0.31249894400000144
1.7689e-05,22.968746496,0.57574999744,1.47487499744,1.0239999994610116e-06
1.76895e-05,23.749996544,0.5819999967999999,1.47487499744,1.0239999994610116e-06
1.7690000000000002e-05,23.749996544,0.5819999967999999,1.472374997696,1.0239999994610116e-06
1.76905e-05,23.749996544,0.5819999967999999,1.473624997568,1.0239999994610116e-06
1.7691e-05,22.968746496,0.58824999616,1.476124997312,-0.31249894400000144
1.76915e-05,23.749996544,0.5819999967999999,1.477374997184,1.0239999994610116e-06
1.7692000000000003e-05,23.749996544,0.5819999967999999,1.477374997184,1.0239999994610116e-06
1.76925e-05,23.749996544,0.5819999967999999,1.477374997184,1.0239999994610116e-06
1.7693e-05,24.531246592000002,0.5819999967999999,1.476124997312,1.0239999994610116e-06
1.7693500000000003e-05,23.749996544,0.5819999967999999,1.477374997184,-0.31249894400000144
1.7694e-05,23.749996544,0.5819999967999999,1.476124997312,-0.31249894400000144
1.76945e-05,23.749996544,0.5819999967999999,1.476124997312,-0.31249894400000144
1.7695000000000003e-05,23.749996544,0.57574999744,1.473624997568,1.0239999994610116e-06
1.76955e-05,23.749996544,0.5819999967999999,1.472374997696,-0.31249894400000144
1.7696e-05,23.749996544,0.5819999967999999,1.469874997952,1.0239999994610116e-06
1.7696500000000002e-05,23.749996544,0.58824999616,1.472374997696,-0.31249894400000144
1.7697e-05,23.749996544,0.5819999967999999,1.472374997696,-0.31249894400000144
1.76975e-05,23.749996544,0.5819999967999999,1.473624997568,1.0239999994610116e-06
1.7698000000000002e-05,24.531246592000002,0.5819999967999999,1.473624997568,-0.31249894400000144
1.76985e-05,23.749996544,0.5819999967999999,1.473624997568,-0.31249894400000144
1.7699e-05,23.749996544,0.5819999967999999,1.473624997568,1.0239999994610116e-06
1.7699500000000002e-05,23.749996544,0.5819999967999999,1.47487499744,1.0239999994610116e-06
1.77e-05,23.749996544,0.57574999744,1.476124997312,1.0239999994610116e-06
1.77005e-05,23.749996544,0.5819999967999999,1.479874996928,-0.6249989120000006
1.7701000000000002e-05,23.749996544,0.5819999967999999,1.478624997056,-0.31249894400000144
1.77015e-05,24.531246592000002,0.5819999967999999,1.477374997184,1.0239999994610116e-06
1.7702e-05,23.749996544,0.5819999967999999,1.476124997312,1.0239999994610116e-06
1.7702500000000002e-05,23.749996544,0.57574999744,1.476124997312,1.0239999994610116e-06
1.7703e-05,23.749996544,0.57574999744,1.47487499744,-0.31249894400000144
1.77035e-05,23.749996544,0.57574999744,1.47487499744,-0.6249989120000006
1.7704000000000002e-05,24.531246592000002,0.57574999744,1.472374997696,1.0239999994610116e-06
1.77045e-05,23.749996544,0.56949999808,1.47487499744,-0.31249894400000144
1.7705e-05,22.968746496,0.57574999744,1.47487499744,1.0239999994610116e-06
1.7705500000000002e-05,23.749996544,0.57574999744,1.473624997568,1.0239999994610116e-06
1.7706e-05,23.749996544,0.5819999967999999,1.473624997568,1.0239999994610116e-06
1.77065e-05,23.749996544,0.5819999967999999,1.47487499744,-0.31249894400000144
1.7707000000000002e-05,23.749996544,0.5819999967999999,1.477374997184,1.0239999994610116e-06
1.77075e-05,23.749996544,0.57574999744,1.478624997056,1.0239999994610116e-06
1.7708e-05,23.749996544,0.57574999744,1.477374997184,1.0239999994610116e-06
1.77085e-05,22.968746496,0.5819999967999999,1.476124997312,1.0239999994610116e-06
1.7709000000000003e-05,23.749996544,0.58824999616,1.47487499744,-0.31249894400000144
1.77095e-05,23.749996544,0.5819999967999999,1.47487499744,-0.6249989120000006
1.771e-05,23.749996544,0.5819999967999999,1.476124997312,1.0239999994610116e-06
1.7710500000000003e-05,23.749996544,0.57574999744,1.476124997312,1.0239999994610116e-06
1.7711e-05,23.749996544,0.57574999744,1.473624997568,1.0239999994610116e-06
1.77115e-05,23.749996544,0.5819999967999999,1.473624997568,1.0239999994610116e-06
1.7712000000000003e-05,24.531246592000002,0.5819999967999999,1.476124997312,1.0239999994610116e-06
1.77125e-05,23.749996544,0.58824999616,1.476124997312,-0.31249894400000144
1.7713e-05,22.968746496,0.5819999967999999,1.472374997696,-0.31249894400000144
1.7713500000000002e-05,23.749996544,0.57574999744,1.473624997568,1.0239999994610116e-06
1.7714e-05,24.531246592000002,0.5819999967999999,1.473624997568,1.0239999994610116e-06
1.77145e-05,23.749996544,0.5819999967999999,1.473624997568,-0.31249894400000144
1.7715000000000002e-05,23.749996544,0.5819999967999999,1.472374997696,1.0239999994610116e-06
1.77155e-05,23.749996544,0.57574999744,1.47487499744,1.0239999994610116e-06
1.7716e-05,23.749996544,0.57574999744,1.47487499744,1.0239999994610116e-06
1.7716500000000002e-05,23.749996544,0.5819999967999999,1.476124997312,-0.31249894400000144
1.7717e-05,24.531246592000002,0.5819999967999999,1.47487499744,1.0239999994610116e-06
1.77175e-05,23.749996544,0.5819999967999999,1.473624997568,1.0239999994610116e-06
1.7718000000000002e-05,23.749996544,0.57574999744,1.473624997568,1.0239999994610116e-06
1.77185e-05,23.749996544,0.57574999744,1.47487499744,-0.31249894400000144
1.7719e-05,23.749996544,0.57574999744,1.476124997312,-0.31249894400000144
1.7719500000000002e-05,24.531246592000002,0.57574999744,1.477374997184,-0.31249894400000144
1.772e-05,24.531246592000002,0.5819999967999999,1.476124997312,1.0239999994610116e-06
1.77205e-05,24.531246592000002,0.57574999744,1.478624997056,-0.31249894400000144
1.7721000000000002e-05,22.968746496,0.57574999744,1.47487499744,1.0239999994610116e-06
1.77215e-05,24.531246592000002,0.5819999967999999,1.473624997568,1.0239999994610116e-06
1.7722e-05,24.531246592000002,0.57574999744,1.473624997568,1.0239999994610116e-06
1.7722500000000002e-05,23.749996544,0.57574999744,1.476124997312,-0.31249894400000144
1.7723e-05,23.749996544,0.5819999967999999,1.478624997056,-0.31249894400000144
1.77235e-05,23.749996544,0.57574999744,1.47487499744,1.0239999994610116e-06
1.7724000000000002e-05,23.749996544,0.57574999744,1.472374997696,1.0239999994610116e-06
1.77245e-05,23.749996544,0.57574999744,1.476124997312,1.0239999994610116e-06
1.7725e-05,23.749996544,0.57574999744,1.476124997312,1.0239999994610116e-06
1.77255e-05,23.749996544,0.57574999744,1.473624997568,1.0239999994610116e-06
1.7726000000000003e-05,23.749996544,0.56949999808,1.473624997568,1.0239999994610116e-06
1.77265e-05,23.749996544,0.56949999808,1.476124997312,1.0239999994610116e-06
1.7727e-05,23.749996544,0.57574999744,1.476124997312,1.0239999994610116e-06
1.7727500000000003e-05,22.968746496,0.57574999744,1.476124997312,-0.31249894400000144
1.7728e-05,23.749996544,0.57574999744,1.47487499744,1.0239999994610116e-06
1.77285e-05,23.749996544,0.56949999808,1.476124997312,-0.31249894400000144
1.7729000000000003e-05,22.968746496,0.57574999744,1.476124997312,1.0239999994610116e-06
1.77295e-05,22.968746496,0.57574999744,1.476124997312,0.31250099200000037
1.773e-05,23.749996544,0.57574999744,1.476124997312,1.0239999994610116e-06
1.7730500000000002e-05,23.749996544,0.5819999967999999,1.47487499744,-0.31249894400000144
1.7731e-05,23.749996544,0.58824999616,1.473624997568,1.0239999994610116e-06
1.77315e-05,23.749996544,0.5819999967999999,1.473624997568,1.0239999994610116e-06
1.7732000000000002e-05,23.749996544,0.57574999744,1.473624997568,1.0239999994610116e-06
1.77325e-05,23.749996544,0.5819999967999999,1.476124997312,1.0239999994610116e-06
1.7733e-05,24.531246592000002,0.58824999616,1.47487499744,0.31250099200000037
1.7733500000000002e-05,23.749996544,0.5819999967999999,1.472374997696,1.0239999994610116e-06
1.7734e-05,23.749996544,0.57574999744,1.472374997696,0.31250099200000037
1.77345e-05,23.749996544,0.57574999744,1.47487499744,1.0239999994610116e-06
1.7735000000000002e-05,23.749996544,0.57574999744,1.476124997312,-0.31249894400000144
1.77355e-05,22.968746496,0.57574999744,1.476124997312,-0.31249894400000144
1.7736e-05,23.749996544,0.5819999967999999,1.47487499744,1.0239999994610116e-06
1.7736500000000002e-05,23.749996544,0.57574999744,1.47487499744,-0.31249894400000144
1.7737e-05,23.749996544,0.57574999744,1.473624997568,-0.31249894400000144
1.77375e-05,23.749996544,0.5819999967999999,1.472374997696,1.0239999994610116e-06
1.7738000000000002e-05,23.749996544,0.57574999744,1.472374997696,1.0239999994610116e-06
1.77385e-05,23.749996544,0.5819999967999999,1.472374997696,-0.31249894400000144
1.7739e-05,23.749996544,0.5819999967999999,1.473624997568,1.0239999994610116e-06
1.7739500000000002e-05,23.749996544,0.5819999967999999,1.47487499744,1.0239999994610116e-06
1.774e-05,23.749996544,0.57574999744,1.472374997696,1.0239999994610116e-06
1.77405e-05,22.968746496,0.5819999967999999,1.472374997696,1.0239999994610116e-06
1.7741000000000002e-05,23.749996544,0.5819999967999999,1.47487499744,1.0239999994610116e-06
1.77415e-05,22.968746496,0.57574999744,1.47487499744,1.0239999994610116e-06
1.7742e-05,23.749996544,0.57574999744,1.476124997312,0.31250099200000037
1.77425e-05,24.531246592000002,0.57574999744,1.477374997184,1.0239999994610116e-06
1.7743000000000003e-05,23.749996544,0.57574999744,1.476124997312,1.0239999994610116e-06
1.77435e-05,24.531246592000002,0.57574999744,1.477374997184,1.0239999994610116e-06
1.7744e-05,23.749996544,0.57574999744,1.478624997056,1.0239999994610116e-06
1.7744500000000003e-05,23.749996544,0.57574999744,1.479874996928,-0.31249894400000144
1.7745e-05,22.968746496,0.57574999744,1.477374997184,-0.31249894400000144
1.77455e-05,23.749996544,0.57574999744,1.477374997184,0.31250099200000037
1.7746000000000003e-05,24.531246592000002,0.57574999744,1.476124997312,1.0239999994610116e-06
1.77465e-05,23.749996544,0.5819999967999999,1.476124997312,-0.31249894400000144
1.7747e-05,23.749996544,0.57574999744,1.477374997184,1.0239999994610116e-06
1.7747500000000002e-05,22.968746496,0.57574999744,1.477374997184,0.31250099200000037
1.7748e-05,22.968746496,0.57574999744,1.476124997312,1.0239999994610116e-06
1.77485e-05,23.749996544,0.5819999967999999,1.478624997056,1.0239999994610116e-06
1.7749000000000002e-05,23.749996544,0.5819999967999999,1.479874996928,1.0239999994610116e-06
1.77495e-05,23.749996544,0.5819999967999999,1.478624997056,1.0239999994610116e-06
1.775e-05,23.749996544,0.57574999744,1.47487499744,1.0239999994610116e-06
1.7750500000000002e-05,22.968746496,0.5819999967999999,1.473624997568,1.0239999994610116e-06
1.7751e-05,23.749996544,0.57574999744,1.47487499744,1.0239999994610116e-06
1.77515e-05,22.968746496,0.5819999967999999,1.478624997056,1.0239999994610116e-06
1.7752000000000002e-05,23.749996544,0.57574999744,1.47487499744,1.0239999994610116e-06
1.77525e-05,23.749996544,0.5819999967999999,1.476124997312,1.0239999994610116e-06
1.7753e-05,23.749996544,0.57574999744,1.476124997312,0.31250099200000037
1.7753500000000002e-05,23.749996544,0.5819999967999999,1.47487499744,1.0239999994610116e-06
1.7754e-05,23.749996544,0.57574999744,1.472374997696,1.0239999994610116e-06
1.77545e-05,23.749996544,0.5819999967999999,1.473624997568,1.0239999994610116e-06
1.7755000000000002e-05,23.749996544,0.5819999967999999,1.472374997696,1.0239999994610116e-06
1.77555e-05,23.749996544,0.5819999967999999,1.473624997568,1.0239999994610116e-06
1.7756e-05,23.749996544,0.57574999744,1.47487499744,1.0239999994610116e-06
1.7756500000000002e-05,23.749996544,0.57574999744,1.476124997312,0.31250099200000037
1.7757e-05,23.749996544,0.57574999744,1.476124997312,1.0239999994610116e-06
1.77575e-05,23.749996544,0.57574999744,1.473624997568,1.0239999994610116e-06
1.7758000000000002e-05,22.968746496,0.5819999967999999,1.47487499744,1.0239999994610116e-06
1.77585e-05,23.749996544,0.57574999744,1.479874996928,1.0239999994610116e-06
1.7759e-05,23.749996544,0.5819999967999999,1.477374997184,-0.31249894400000144
1.77595e-05,23.749996544,0.57574999744,1.47487499744,-0.31249894400000144
1.7760000000000003e-05,23.749996544,0.57574999744,1.47487499744,1.0239999994610116e-06
1.77605e-05,24.531246592000002,0.57574999744,1.478624997056,1.0239999994610116e-06
1.7761e-05,22.968746496,0.5819999967999999,1.477374997184,0.31250099200000037
1.7761500000000003e-05,23.749996544,0.57574999744,1.476124997312,1.0239999994610116e-06
1.7762e-05,24.531246592000002,0.57574999744,1.47487499744,1.0239999994610116e-06
1.77625e-05,23.749996544,0.57574999744,1.477374997184,-0.31249894400000144
1.7763000000000003e-05,23.749996544,0.5819999967999999,1.478624997056,1.0239999994610116e-06
1.77635e-05,23.749996544,0.57574999744,1.477374997184,1.0239999994610116e-06
1.7764e-05,23.749996544,0.57574999744,1.47487499744,1.0239999994610116e-06
1.7764500000000002e-05,23.749996544,0.5819999967999999,1.477374997184,0.31250099200000037
1.7765e-05,23.749996544,0.5819999967999999,1.479874996928,1.0239999994610116e-06
1.77655e-05,23.749996544,0.58824999616,1.479874996928,1.0239999994610116e-06
1.7766000000000002e-05,23.749996544,0.57574999744,1.476124997312,1.0239999994610116e-06
1.77665e-05,23.749996544,0.58824999616,1.47487499744,1.0239999994610116e-06
1.7767e-05,23.749996544,0.5819999967999999,1.471124997824,-0.31249894400000144
1.7767500000000002e-05,22.968746496,0.5819999967999999,1.473624997568,1.0239999994610116e-06
1.7768e-05,23.749996544,0.5819999967999999,1.47487499744,1.0239999994610116e-06
1.77685e-05,23.749996544,0.5819999967999999,1.476124997312,-0.31249894400000144
1.7769000000000002e-05,22.968746496,0.5819999967999999,1.476124997312,1.0239999994610116e-06
1.77695e-05,22.968746496,0.5819999967999999,1.476124997312,0.31250099200000037
1.777e-05,23.749996544,0.5819999967999999,1.47487499744,1.0239999994610116e-06
1.7770500000000002e-05,23.749996544,0.57574999744,1.476124997312,1.0239999994610116e-06
1.7771e-05,24.531246592000002,0.5819999967999999,1.476124997312,1.0239999994610116e-06
1.77715e-05,23.749996544,0.5819999967999999,1.476124997312,0.31250099200000037
1.7772000000000002e-05,23.749996544,0.57574999744,1.47487499744,1.0239999994610116e-06
1.77725e-05,23.749996544,0.5819999967999999,1.477374997184,1.0239999994610116e-06
1.7773e-05,23.749996544,0.5819999967999999,1.476124997312,1.0239999994610116e-06
1.7773500000000002e-05,23.749996544,0.5819999967999999,1.473624997568,1.0239999994610116e-06
1.7774e-05,23.749996544,0.5819999967999999,1.473624997568,1.0239999994610116e-06
1.77745e-05,22.968746496,0.57574999744,1.47487499744,1.0239999994610116e-06
1.7775000000000002e-05,22.968746496,0.57574999744,1.472374997696,1.0239999994610116e-06
1.77755e-05,23.749996544,0.57574999744,1.471124997824,1.0239999994610116e-06
1.7776e-05,23.749996544,0.5819999967999999,1.471124997824,1.0239999994610116e-06
1.77765e-05,24.531246592000002,0.57574999744,1.473624997568,1.0239999994610116e-06
1.7777000000000003e-05,22.968746496,0.5819999967999999,1.473624997568,1.0239999994610116e-06
1.77775e-05,23.749996544,0.5819999967999999,1.476124997312,0.31250099200000037
1.7778e-05,24.531246592000002,0.5819999967999999,1.47487499744,1.0239999994610116e-06
1.7778500000000003e-05,23.749996544,0.5819999967999999,1.477374997184,1.0239999994610116e-06
1.7779e-05,23.749996544,0.58824999616,1.477374997184,1.0239999994610116e-06
1.77795e-05,22.968746496,0.57574999744,1.476124997312,1.0239999994610116e-06
1.7780000000000003e-05,23.749996544,0.57574999744,1.47487499744,1.0239999994610116e-06
1.77805e-05,24.531246592000002,0.57574999744,1.477374997184,1.0239999994610116e-06
1.7781e-05,24.531246592000002,0.5819999967999999,1.476124997312,1.0239999994610116e-06
1.7781500000000002e-05,23.749996544,0.5819999967999999,1.473624997568,0.31250099200000037
1.7782e-05,23.749996544,0.5819999967999999,1.476124997312,1.0239999994610116e-06
1.77825e-05,23.749996544,0.57574999744,1.478624997056,1.0239999994610116e-06
1.7783000000000002e-05,23.749996544,0.5819999967999999,1.476124997312,1.0239999994610116e-06
1.77835e-05,23.749996544,0.57574999744,1.477374997184,1.0239999994610116e-06
1.7784e-05,24.531246592000002,0.5819999967999999,1.476124997312,0.31250099200000037
1.7784500000000002e-05,23.749996544,0.57574999744,1.478624997056,1.0239999994610116e-06
1.7785e-05,22.968746496,0.56949999808,1.476124997312,0.31250099200000037
1.77855e-05,22.968746496,0.5819999967999999,1.476124997312,0.31250099200000037
1.7786000000000002e-05,23.749996544,0.57574999744,1.477374997184,0.31250099200000037
1.77865e-05,23.749996544,0.5819999967999999,1.476124997312,1.0239999994610116e-06
1.7787e-05,23.749996544,0.5819999967999999,1.47487499744,1.0239999994610116e-06
1.7787500000000002e-05,23.749996544,0.57574999744,1.473624997568,1.0239999994610116e-06
1.7788e-05,23.749996544,0.5819999967999999,1.473624997568,1.0239999994610116e-06
1.77885e-05,23.749996544,0.5819999967999999,1.47487499744,-0.31249894400000144
1.7789000000000002e-05,23.749996544,0.5819999967999999,1.47487499744,0.31250099200000037
1.77895e-05,23.749996544,0.57574999744,1.47487499744,0.31250099200000037
1.779e-05,23.749996544,0.57574999744,1.473624997568,1.0239999994610116e-06
1.7790500000000002e-05,23.749996544,0.56949999808,1.47487499744,1.0239999994610116e-06
1.7791e-05,23.749996544,0.57574999744,1.473624997568,0.31250099200000037
1.77915e-05,23.749996544,0.5819999967999999,1.476124997312,1.0239999994610116e-06
1.7792000000000002e-05,24.531246592000002,0.5819999967999999,1.476124997312,1.0239999994610116e-06
1.77925e-05,24.531246592000002,0.57574999744,1.479874996928,-0.31249894400000144
1.7793e-05,23.749996544,0.5819999967999999,1.477374997184,1.0239999994610116e-06
1.77935e-05,23.749996544,0.57574999744,1.47487499744,1.0239999994610116e-06
1.7794000000000003e-05,24.531246592000002,0.57574999744,1.47487499744,1.0239999994610116e-06
1.77945e-05,24.531246592000002,0.5819999967999999,1.47487499744,1.0239999994610116e-06
1.7795e-05,23.749996544,0.5819999967999999,1.473624997568,1.0239999994610116e-06
1.7795500000000003e-05,23.749996544,0.57574999744,1.473624997568,1.0239999994610116e-06
1.7796e-05,23.749996544,0.57574999744,1.473624997568,0.31250099200000037
1.77965e-05,23.749996544,0.58824999616,1.472374997696,0.31250099200000037
1.7797000000000003e-05,24.531246592000002,0.5819999967999999,1.47487499744,0.31250099200000037
1.77975e-05,23.749996544,0.5819999967999999,1.473624997568,0.31250099200000037
1.7798e-05,23.749996544,0.57574999744,1.47487499744,0.31250099200000037
1.7798500000000002e-05,23.749996544,0.57574999744,1.477374997184,0.31250099200000037
1.7799e-05,23.749996544,0.57574999744,1.477374997184,0.31250099200000037
1.77995e-05,23.749996544,0.57574999744,1.476124997312,1.0239999994610116e-06
1.7800000000000002e-05,23.749996544,0.5819999967999999,1.473624997568,1.0239999994610116e-06
1.78005e-05,23.749996544,0.57574999744,1.47487499744,-0.31249894400000144
1.7801e-05,22.968746496,0.57574999744,1.476124997312,0.6250009599999995
1.7801500000000002e-05,22.968746496,0.5819999967999999,1.477374997184,0.31250099200000037
1.7802e-05,23.749996544,0.5819999967999999,1.477374997184,1.0239999994610116e-06
1.78025e-05,23.749996544,0.58824999616,1.476124997312,0.31250099200000037
1.7803000000000002e-05,23.749996544,0.58824999616,1.476124997312,0.31250099200000037
1.78035e-05,23.749996544,0.57574999744,1.477374997184,0.31250099200000037
1.7804e-05,23.749996544,0.5819999967999999,1.476124997312,0.31250099200000037
1.7804500000000002e-05,23.749996544,0.5819999967999999,1.477374997184,1.0239999994610116e-06
1.7805e-05,23.749996544,0.5819999967999999,1.476124997312,0.31250099200000037
1.78055e-05,23.749996544,0.5819999967999999,1.476124997312,1.0239999994610116e-06
1.7806000000000002e-05,23.749996544,0.57574999744,1.476124997312,0.31250099200000037
1.78065e-05,23.749996544,0.57574999744,1.47487499744,0.31250099200000037
1.7807e-05,22.968746496,0.57574999744,1.47487499744,0.31250099200000037
1.7807500000000002e-05,23.749996544,0.57574999744,1.47487499744,1.0239999994610116e-06
1.7808e-05,24.531246592000002,0.57574999744,1.473624997568,0.31250099200000037
1.78085e-05,24.531246592000002,0.5819999967999999,1.476124997312,1.0239999994610116e-06
1.7809000000000002e-05,22.968746496,0.5819999967999999,1.476124997312,0.31250099200000037
1.78095e-05,23.749996544,0.57574999744,1.476124997312,0.6250009599999995
1.781e-05,23.749996544,0.5819999967999999,1.476124997312,1.0239999994610116e-06
1.78105e-05,22.968746496,0.5819999967999999,1.476124997312,0.31250099200000037
1.7811000000000003e-05,23.749996544,0.5819999967999999,1.477374997184,1.0239999994610116e-06
1.78115e-05,23.749996544,0.5819999967999999,1.476124997312,0.6250009599999995
1.7812e-05,23.749996544,0.5819999967999999,1.47487499744,1.0239999994610116e-06
1.7812500000000003e-05,23.749996544,0.5819999967999999,1.476124997312,0.31250099200000037
1.7813e-05,24.531246592000002,0.58824999616,1.47487499744,1.0239999994610116e-06
1.78135e-05,23.749996544,0.5819999967999999,1.473624997568,0.31250099200000037
1.7814000000000003e-05,23.749996544,0.5819999967999999,1.478624997056,0.31250099200000037
1.78145e-05,23.749996544,0.5819999967999999,1.479874996928,0.31250099200000037
1.7815e-05,22.968746496,0.5819999967999999,1.47487499744,0.31250099200000037
1.7815500000000002e-05,23.749996544,0.57574999744,1.47487499744,0.31250099200000037
1.7816e-05,24.531246592000002,0.57574999744,1.47487499744,1.0239999994610116e-06
1.78165e-05,24.531246592000002,0.57574999744,1.476124997312,1.0239999994610116e-06
1.7817000000000002e-05,22.968746496,0.57574999744,1.477374997184,0.31250099200000037
1.78175e-05,22.968746496,0.57574999744,1.477374997184,0.31250099200000037
1.7818e-05,23.749996544,0.5819999967999999,1.476124997312,0.31250099200000037
1.7818500000000002e-05,23.749996544,0.58824999616,1.476124997312,1.0239999994610116e-06
1.7819e-05,23.749996544,0.5819999967999999,1.477374997184,1.0239999994610116e-06
1.78195e-05,22.968746496,0.57574999744,1.478624997056,0.31250099200000037
1.7820000000000002e-05,23.749996544,0.57574999744,1.478624997056,0.31250099200000037
1.78205e-05,23.749996544,0.57574999744,1.479874996928,1.0239999994610116e-06
1.7821e-05,24.531246592000002,0.5819999967999999,1.47487499744,0.31250099200000037
1.7821500000000002e-05,23.749996544,0.5819999967999999,1.47487499744,1.0239999994610116e-06
1.7822e-05,24.531246592000002,0.57574999744,1.47487499744,0.6250009599999995
1.78225e-05,23.749996544,0.57574999744,1.47487499744,0.31250099200000037
1.7823000000000002e-05,23.749996544,0.57574999744,1.473624997568,0.31250099200000037
1.78235e-05,22.968746496,0.5819999967999999,1.47487499744,1.0239999994610116e-06
1.7824e-05,23.749996544,0.57574999744,1.47487499744,0.31250099200000037
1.7824500000000002e-05,23.749996544,0.56949999808,1.47487499744,1.0239999994610116e-06
1.7825e-05,23.749996544,0.56949999808,1.47487499744,0.31250099200000037
1.78255e-05,23.749996544,0.57574999744,1.473624997568,0.31250099200000037
1.7826000000000002e-05,24.531246592000002,0.57574999744,1.473624997568,1.0239999994610116e-06
1.78265e-05,23.749996544,0.57574999744,1.473624997568,1.0239999994610116e-06
1.7827e-05,23.749996544,0.5819999967999999,1.473624997568,1.0239999994610116e-06
1.78275e-05,23.749996544,0.57574999744,1.47487499744,0.31250099200000037
1.7828000000000003e-05,23.749996544,0.57574999744,1.473624997568,0.6250009599999995
1.78285e-05,23.749996544,0.5819999967999999,1.47487499744,1.0239999994610116e-06
1.7829e-05,24.531246592000002,0.57574999744,1.473624997568,0.31250099200000037
1.7829500000000003e-05,24.531246592000002,0.57574999744,1.472374997696,0.31250099200000037
1.783e-05,23.749996544,0.56949999808,1.473624997568,0.6250009599999995
1.78305e-05,23.749996544,0.56949999808,1.476124997312,0.31250099200000037
1.7831000000000003e-05,23.749996544,0.5819999967999999,1.47487499744,1.0239999994610116e-06
1.78315e-05,23.749996544,0.57574999744,1.47487499744,1.0239999994610116e-06
1.7832e-05,23.749996544,0.57574999744,1.47487499744,1.0239999994610116e-06
1.7832500000000002e-05,23.749996544,0.57574999744,1.476124997312,1.0239999994610116e-06
1.7833e-05,23.749996544,0.57574999744,1.473624997568,0.31250099200000037
1.78335e-05,23.749996544,0.5819999967999999,1.473624997568,0.31250099200000037
1.7834000000000002e-05,23.749996544,0.57574999744,1.476124997312,1.0239999994610116e-06
1.78345e-05,23.749996544,0.5819999967999999,1.47487499744,0.31250099200000037
1.7835e-05,23.749996544,0.5819999967999999,1.472374997696,1.0239999994610116e-06
1.7835500000000002e-05,23.749996544,0.57574999744,1.47487499744,0.6250009599999995
1.7836e-05,23.749996544,0.5819999967999999,1.47487499744,1.0239999994610116e-06
1.78365e-05,23.749996544,0.57574999744,1.472374997696,1.0239999994610116e-06
1.7837000000000002e-05,23.749996544,0.5819999967999999,1.473624997568,0.31250099200000037
1.78375e-05,24.531246592000002,0.57574999744,1.47487499744,0.31250099200000037
1.7838e-05,23.749996544,0.57574999744,1.473624997568,0.6250009599999995
1.7838500000000002e-05,22.968746496,0.5819999967999999,1.473624997568,0.31250099200000037
1.7839e-05,23.749996544,0.5819999967999999,1.471124997824,0.31250099200000037
1.78395e-05,23.749996544,0.57574999744,1.473624997568,0.31250099200000037
1.7840000000000002e-05,23.749996544,0.5819999967999999,1.472374997696,0.31250099200000037
1.78405e-05,23.749996544,0.5819999967999999,1.47487499744,1.0239999994610116e-06
1.7841e-05,22.968746496,0.58824999616,1.477374997184,0.31250099200000037
1.7841500000000002e-05,22.968746496,0.57574999744,1.477374997184,0.31250099200000037
1.7842e-05,24.531246592000002,0.5819999967999999,1.477374997184,0.31250099200000037
1.78425e-05,22.968746496,0.57574999744,1.47487499744,0.31250099200000037
1.7843000000000002e-05,23.749996544,0.58824999616,1.47487499744,0.31250099200000037
1.78435e-05,22.968746496,0.57574999744,1.47487499744,1.0239999994610116e-06
1.7844e-05,23.749996544,0.57574999744,1.472374997696,0.31250099200000037
1.78445e-05,23.749996544,0.5819999967999999,1.476124997312,0.31250099200000037
1.7845000000000003e-05,24.531246592000002,0.5819999967999999,1.477374997184,0.31250099200000037
1.78455e-05,23.749996544,0.57574999744,1.476124997312,0.31250099200000037
1.7846e-05,23.749996544,0.57574999744,1.476124997312,1.0239999994610116e-06
1.7846500000000003e-05,23.749996544,0.56949999808,1.47487499744,0.31250099200000037
1.7847e-05,22.968746496,0.57574999744,1.472374997696,1.0239999994610116e-06
1.78475e-05,22.968746496,0.57574999744,1.473624997568,1.0239999994610116e-06
1.7848000000000003e-05,23.749996544,0.57574999744,1.47487499744,0.31250099200000037
1.78485e-05,23.749996544,0.56949999808,1.478624997056,1.0239999994610116e-06
1.7849e-05,22.968746496,0.5819999967999999,1.47487499744,0.31250099200000037
1.7849500000000002e-05,22.968746496,0.57574999744,1.47487499744,0.31250099200000037
1.785e-05,23.749996544,0.57574999744,1.477374997184,0.31250099200000037
1.78505e-05,23.749996544,0.57574999744,1.478624997056,0.31250099200000037
1.7851000000000002e-05,23.749996544,0.5819999967999999,1.479874996928,1.0239999994610116e-06
1.78515e-05,24.531246592000002,0.57574999744,1.478624997056,0.31250099200000037
1.7852e-05,23.749996544,0.58824999616,1.47487499744,1.0239999994610116e-06
1.7852500000000002e-05,23.749996544,0.5819999967999999,1.47487499744,1.0239999994610116e-06
1.7853e-05,24.531246592000002,0.5819999967999999,1.476124997312,0.31250099200000037
1.78535e-05,23.749996544,0.57574999744,1.478624997056,0.31250099200000037
1.7854000000000002e-05,23.749996544,0.57574999744,1.476124997312,0.31250099200000037
1.78545e-05,22.968746496,0.57574999744,1.473624997568,0.31250099200000037
1.7855e-05,22.968746496,0.5819999967999999,1.472374997696,1.0239999994610116e-06
1.7855500000000002e-05,23.749996544,0.57574999744,1.473624997568,1.0239999994610116e-06
1.7856e-05,23.749996544,0.5819999967999999,1.47487499744,1.0239999994610116e-06
1.78565e-05,23.749996544,0.57574999744,1.47487499744,1.0239999994610116e-06
1.7857000000000002e-05,22.968746496,0.57574999744,1.473624997568,0.31250099200000037
1.78575e-05,22.968746496,0.5819999967999999,1.473624997568,0.31250099200000037
1.7858e-05,23.749996544,0.57574999744,1.471124997824,0.31250099200000037
1.7858500000000002e-05,23.749996544,0.5819999967999999,1.473624997568,0.31250099200000037
1.7859e-05,23.749996544,0.5819999967999999,1.473624997568,0.31250099200000037
1.78595e-05,23.749996544,0.57574999744,1.473624997568,0.31250099200000037
1.7860000000000002e-05,23.749996544,0.56949999808,1.472374997696,0.31250099200000037
1.78605e-05,23.749996544,0.57574999744,1.473624997568,0.31250099200000037
1.7861e-05,24.531246592000002,0.57574999744,1.473624997568,0.31250099200000037
1.7861500000000002e-05,23.749996544,0.5819999967999999,1.472374997696,0.31250099200000037
1.7862000000000003e-05,23.749996544,0.57574999744,1.469874997952,0.6250009599999995
1.78625e-05,23.749996544,0.57574999744,1.469874997952,1.0239999994610116e-06
1.7863e-05,23.749996544,0.57574999744,1.472374997696,1.0239999994610116e-06
1.7863500000000003e-05,23.749996544,0.57574999744,1.472374997696,1.0239999994610116e-06
1.7864e-05,23.749996544,0.57574999744,1.472374997696,0.31250099200000037
1.78645e-05,23.749996544,0.57574999744,1.472374997696,1.0239999994610116e-06
1.7865000000000003e-05,23.749996544,0.5819999967999999,1.472374997696,0.31250099200000037
1.78655e-05,23.749996544,0.5819999967999999,1.473624997568,0.6250009599999995
1.7866e-05,23.749996544,0.5819999967999999,1.473624997568,0.31250099200000037
1.7866500000000002e-05,23.749996544,0.57574999744,1.472374997696,0.31250099200000037
1.7867e-05,23.749996544,0.57574999744,1.469874997952,1.0239999994610116e-06
1.78675e-05,23.749996544,0.57574999744,1.472374997696,1.0239999994610116e-06
1.7868000000000002e-05,23.749996544,0.57574999744,1.473624997568,1.0239999994610116e-06
1.78685e-05,23.749996544,0.5819999967999999,1.477374997184,0.31250099200000037
1.7869e-05,23.749996544,0.5819999967999999,1.47487499744,1.0239999994610116e-06
1.7869500000000002e-05,23.749996544,0.57574999744,1.472374997696,0.31250099200000037
1.787e-05,23.749996544,0.57574999744,1.473624997568,0.31250099200000037
1.78705e-05,23.749996544,0.57574999744,1.47487499744,0.31250099200000037
1.7871000000000002e-05,23.749996544,0.57574999744,1.476124997312,1.0239999994610116e-06
1.78715e-05,23.749996544,0.5819999967999999,1.476124997312,1.0239999994610116e-06
1.7872e-05,23.749996544,0.5819999967999999,1.473624997568,0.31250099200000037
1.7872500000000002e-05,22.968746496,0.58824999616,1.47487499744,0.31250099200000037
1.7873e-05,23.749996544,0.58824999616,1.47487499744,0.31250099200000037
1.78735e-05,23.749996544,0.5819999967999999,1.47487499744,0.31250099200000037
1.7874000000000002e-05,23.749996544,0.57574999744,1.473624997568,0.31250099200000037
1.78745e-05,23.749996544,0.5819999967999999,1.473624997568,0.31250099200000037
1.7875e-05,23.749996544,0.58824999616,1.476124997312,0.31250099200000037
1.7875500000000002e-05,23.749996544,0.5819999967999999,1.47487499744,0.6250009599999995
1.7876e-05,23.749996544,0.57574999744,1.472374997696,0.31250099200000037
1.78765e-05,23.749996544,0.5819999967999999,1.473624997568,0.31250099200000037
1.7877000000000002e-05,23.749996544,0.57574999744,1.472374997696,0.31250099200000037
1.78775e-05,23.749996544,0.57574999744,1.472374997696,0.31250099200000037
1.7878e-05,23.749996544,0.57574999744,1.47487499744,0.6250009599999995
1.7878500000000002e-05,23.749996544,0.5819999967999999,1.473624997568,0.31250099200000037
1.7879000000000003e-05,23.749996544,0.5819999967999999,1.473624997568,1.0239999994610116e-06
1.78795e-05,23.749996544,0.57574999744,1.472374997696,1.0239999994610116e-06
1.788e-05,23.749996544,0.5819999967999999,1.469874997952,0.31250099200000037
1.7880500000000003e-05,23.749996544,0.57574999744,1.472374997696,1.0239999994610116e-06
1.7881e-05,22.968746496,0.57574999744,1.471124997824,0.31250099200000037
1.78815e-05,22.968746496,0.57574999744,1.471124997824,0.31250099200000037
1.7882000000000003e-05,22.968746496,0.57574999744,1.471124997824,0.31250099200000037
1.78825e-05,23.749996544,0.5819999967999999,1.472374997696,0.31250099200000037
1.7883e-05,23.749996544,0.5819999967999999,1.473624997568,0.31250099200000037
1.7883500000000003e-05,23.749996544,0.5819999967999999,1.476124997312,0.31250099200000037
1.7884e-05,23.749996544,0.5819999967999999,1.47487499744,0.31250099200000037
1.78845e-05,23.749996544,0.57574999744,1.47487499744,0.31250099200000037
1.7885000000000002e-05,23.749996544,0.57574999744,1.472374997696,0.31250099200000037
1.78855e-05,24.531246592000002,0.57574999744,1.471124997824,0.31250099200000037
1.7886e-05,23.749996544,0.57574999744,1.471124997824,0.6250009599999995
1.7886500000000002e-05,23.749996544,0.5819999967999999,1.473624997568,0.6250009599999995
1.7887e-05,23.749996544,0.57574999744,1.472374997696,0.31250099200000037
1.78875e-05,23.749996544,0.57574999744,1.47487499744,1.0239999994610116e-06
1.7888000000000002e-05,22.968746496,0.57574999744,1.47487499744,0.31250099200000037
1.78885e-05,23.749996544,0.57574999744,1.477374997184,1.0239999994610116e-06
1.7889e-05,22.968746496,0.57574999744,1.47487499744,0.31250099200000037
1.7889500000000002e-05,22.968746496,0.5819999967999999,1.473624997568,0.31250099200000037
1.789e-05,23.749996544,0.57574999744,1.473624997568,0.31250099200000037
1.78905e-05,23.749996544,0.57574999744,1.473624997568,0.31250099200000037
1.7891000000000002e-05,23.749996544,0.58824999616,1.473624997568,0.31250099200000037
1.78915e-05,22.968746496,0.57574999744,1.473624997568,0.31250099200000037
1.7892e-05,23.749996544,0.57574999744,1.47487499744,0.31250099200000037
1.7892500000000002e-05,23.749996544,0.5819999967999999,1.47487499744,1.0239999994610116e-06
1.7893e-05,23.749996544,0.58824999616,1.473624997568,0.31250099200000037
1.78935e-05,23.749996544,0.5819999967999999,1.473624997568,0.31250099200000037
1.7894000000000002e-05,23.749996544,0.57574999744,1.473624997568,0.31250099200000037
1.78945e-05,22.968746496,0.57574999744,1.47487499744,0.31250099200000037
1.7895e-05,22.968746496,0.57574999744,1.471124997824,0.6250009599999995
1.7895500000000002e-05,23.749996544,0.57574999744,1.471124997824,0.31250099200000037
1.7896000000000003e-05,24.531246592000002,0.57574999744,1.471124997824,0.31250099200000037
1.78965e-05,23.749996544,0.56949999808,1.472374997696,0.31250099200000037
1.7897e-05,22.968746496,0.57574999744,1.471124997824,0.6250009599999995
1.7897500000000003e-05,22.968746496,0.5819999967999999,1.473624997568,0.31250099200000037
1.7898e-05,23.749996544,0.57574999744,1.47487499744,0.31250099200000037
1.78985e-05,23.749996544,0.56949999808,1.47487499744,0.6250009599999995
1.7899000000000003e-05,23.749996544,0.57574999744,1.476124997312,0.31250099200000037
1.78995e-05,22.968746496,0.5819999967999999,1.477374997184,0.6250009599999995
1.79e-05,22.968746496,0.5819999967999999,1.47487499744,0.31250099200000037
1.7900500000000003e-05,23.749996544,0.57574999744,1.476124997312,0.31250099200000037
1.7901e-05,23.749996544,0.5819999967999999,1.47487499744,0.6250009599999995
1.79015e-05,23.749996544,0.57574999744,1.47487499744,0.31250099200000037
1.7902000000000002e-05,23.749996544,0.56949999808,1.476124997312,0.31250099200000037
1.79025e-05,23.749996544,0.57574999744,1.47487499744,1.0239999994610116e-06
1.7903e-05,23.749996544,0.57574999744,1.47487499744,1.0239999994610116e-06
1.7903500000000002e-05,24.531246592000002,0.57574999744,1.477374997184,1.0239999994610116e-06
1.7904e-05,24.531246592000002,0.57574999744,1.47487499744,0.6250009599999995
1.79045e-05,23.749996544,0.56949999808,1.476124997312,1.0239999994610116e-06
1.7905000000000002e-05,23.749996544,0.57574999744,1.473624997568,0.31250099200000037
1.79055e-05,22.968746496,0.57574999744,1.472374997696,0.31250099200000037
1.7906e-05,23.749996544,0.57574999744,1.472374997696,0.31250099200000037
1.7906500000000002e-05,23.749996544,0.57574999744,1.472374997696,0.6250009599999995
1.7907e-05,23.749996544,0.57574999744,1.472374997696,0.31250099200000037
1.79075e-05,23.749996544,0.56949999808,1.473624997568,0.6250009599999995
1.7908000000000002e-05,23.749996544,0.57574999744,1.47487499744,0.6250009599999995
1.79085e-05,23.749996544,0.5819999967999999,1.477374997184,0.6250009599999995
1.7909e-05,23.749996544,0.5819999967999999,1.47487499744,0.6250009599999995
1.7909500000000002e-05,23.749996544,0.57574999744,1.47487499744,0.6250009599999995
1.791e-05,22.968746496,0.57574999744,1.47487499744,0.31250099200000037
1.79105e-05,23.749996544,0.58824999616,1.476124997312,0.31250099200000037
1.7911000000000002e-05,22.968746496,0.5819999967999999,1.473624997568,0.31250099200000037
1.79115e-05,22.968746496,0.57574999744,1.472374997696,0.31250099200000037
1.7912e-05,23.749996544,0.5819999967999999,1.471124997824,0.6250009599999995
1.7912500000000002e-05,23.749996544,0.56949999808,1.472374997696,0.31250099200000037
1.7913e-05,22.968746496,0.57574999744,1.471124997824,0.6250009599999995
1.79135e-05,23.749996544,0.5819999967999999,1.471124997824,0.31250099200000037
1.7914e-05,23.749996544,0.57574999744,1.472374997696,1.0239999994610116e-06
1.7914500000000003e-05,22.968746496,0.5819999967999999,1.47487499744,1.0239999994610116e-06
1.7915e-05,23.749996544,0.5819999967999999,1.47487499744,1.0239999994610116e-06
1.79155e-05,23.749996544,0.57574999744,1.472374997696,0.31250099200000037
1.7916000000000003e-05,23.749996544,0.57574999744,1.469874997952,1.0239999994610116e-06
1.79165e-05,23.749996544,0.57574999744,1.472374997696,0.31250099200000037
1.7917e-05,23.749996544,0.5819999967999999,1.476124997312,0.31250099200000037
1.7917500000000003e-05,23.749996544,0.57574999744,1.47487499744,0.31250099200000037
1.7918e-05,23.749996544,0.57574999744,1.476124997312,0.6250009599999995
1.79185e-05,23.749996544,0.56949999808,1.476124997312,0.31250099200000037
1.7919000000000002e-05,22.968746496,0.57574999744,1.476124997312,0.6250009599999995
1.79195e-05,23.749996544,0.57574999744,1.47487499744,0.31250099200000037
1.792e-05,24.531246592000002,0.57574999744,1.472374997696,0.31250099200000037
1.7920500000000002e-05,24.531246592000002,0.56949999808,1.47487499744,0.31250099200000037
1.7921e-05,23.749996544,0.5819999967999999,1.47487499744,0.6250009599999995
1.79215e-05,23.749996544,0.5819999967999999,1.47487499744,0.31250099200000037
1.7922000000000002e-05,23.749996544,0.5819999967999999,1.47487499744,0.31250099200000037
1.79225e-05,23.749996544,0.5819999967999999,1.47487499744,0.31250099200000037
1.7923e-05,23.749996544,0.5819999967999999,1.47487499744,0.31250099200000037
1.7923500000000002e-05,23.749996544,0.5819999967999999,1.47487499744,0.6250009599999995
1.7924e-05,23.749996544,0.5819999967999999,1.47487499744,0.6250009599999995
1.79245e-05,23.749996544,0.57574999744,1.477374997184,0.31250099200000037
1.7925000000000002e-05,23.749996544,0.57574999744,1.478624997056,0.6250009599999995
1.79255e-05,24.531246592000002,0.57574999744,1.477374997184,0.31250099200000037
1.7926e-05,24.531246592000002,0.57574999744,1.476124997312,0.6250009599999995
1.7926500000000002e-05,23.749996544,0.56949999808,1.476124997312,0.31250099200000037
1.7927e-05,23.749996544,0.57574999744,1.473624997568,1.0239999994610116e-06
1.79275e-05,23.749996544,0.57574999744,1.47487499744,0.31250099200000037
1.7928000000000002e-05,23.749996544,0.57574999744,1.472374997696,0.31250099200000037
1.79285e-05,23.749996544,0.57574999744,1.473624997568,1.0239999994610116e-06
1.7929e-05,22.968746496,0.57574999744,1.473624997568,0.6250009599999995
1.7929500000000002e-05,23.749996544,0.57574999744,1.47487499744,0.31250099200000037
1.793e-05,24.531246592000002,0.57574999744,1.47487499744,0.6250009599999995
1.79305e-05,23.749996544,0.57574999744,1.47487499744,0.6250009599999995
1.7931e-05,23.749996544,0.5819999967999999,1.477374997184,0.31250099200000037
1.7931500000000003e-05,23.749996544,0.57574999744,1.476124997312,0.6250009599999995
1.7932e-05,23.749996544,0.57574999744,1.47487499744,1.0239999994610116e-06
1.79325e-05,23.749996544,0.5819999967999999,1.476124997312,0.31250099200000037
1.7933000000000003e-05,24.531246592000002,0.57574999744,1.47487499744,0.6250009599999995
1.79335e-05,23.749996544,0.57574999744,1.472374997696,0.31250099200000037
1.7934e-05,23.749996544,0.57574999744,1.473624997568,0.6250009599999995
1.7934500000000003e-05,23.749996544,0.57574999744,1.47487499744,1.0239999994610116e-06
1.7935e-05,23.749996544,0.57574999744,1.473624997568,0.31250099200000037
1.79355e-05,22.968746496,0.57574999744,1.473624997568,1.0239999994610116e-06
1.7936000000000002e-05,23.749996544,0.57574999744,1.472374997696,1.0239999994610116e-06
1.79365e-05,24.531246592000002,0.57574999744,1.476124997312,1.0239999994610116e-06
1.7937e-05,22.968746496,0.57574999744,1.476124997312,0.31250099200000037
1.7937500000000002e-05,23.749996544,0.57574999744,1.476124997312,0.31250099200000037
1.7938e-05,23.749996544,0.57574999744,1.473624997568,1.0239999994610116e-06
1.79385e-05,23.749996544,0.57574999744,1.472374997696,0.31250099200000037
1.7939000000000002e-05,22.968746496,0.5819999967999999,1.471124997824,0.31250099200000037
1.79395e-05,23.749996544,0.57574999744,1.472374997696,0.6250009599999995
1.794e-05,23.749996544,0.57574999744,1.47487499744,0.31250099200000037
1.7940500000000002e-05,22.968746496,0.5819999967999999,1.47487499744,0.31250099200000037
1.7941e-05,23.749996544,0.57574999744,1.473624997568,0.6250009599999995
1.79415e-05,23.749996544,0.57574999744,1.472374997696,0.31250099200000037
1.7942000000000002e-05,23.749996544,0.57574999744,1.472374997696,0.6250009599999995
1.79425e-05,23.749996544,0.57574999744,1.473624997568,0.31250099200000037
1.7943e-05,23.749996544,0.57574999744,1.473624997568,0.31250099200000037
1.7943500000000002e-05,23.749996544,0.56949999808,1.47487499744,0.31250099200000037
1.7944e-05,23.749996544,0.57574999744,1.47487499744,0.31250099200000037
1.79445e-05,23.749996544,0.57574999744,1.473624997568,1.0239999994610116e-06
1.7945000000000002e-05,23.749996544,0.57574999744,1.473624997568,0.6250009599999995
1.79455e-05,23.749996544,0.5819999967999999,1.47487499744,0.6250009599999995
1.7946e-05,24.531246592000002,0.57574999744,1.472374997696,0.6250009599999995
1.7946500000000002e-05,23.749996544,0.57574999744,1.472374997696,0.31250099200000037
1.7947e-05,22.968746496,0.57574999744,1.47487499744,0.31250099200000037
1.79475e-05,22.968746496,0.57574999744,1.472374997696,0.6250009599999995
1.7948e-05,23.749996544,0.57574999744,1.471124997824,0.6250009599999995
1.7948500000000003e-05,23.749996544,0.57574999744,1.471124997824,0.31250099200000037
1.7949e-05,23.749996544,0.5819999967999999,1.472374997696,0.6250009599999995
1.79495e-05,23.749996544,0.57574999744,1.472374997696,0.6250009599999995
1.7950000000000003e-05,23.749996544,0.56949999808,1.471124997824,0.6250009599999995
1.79505e-05,23.749996544,0.57574999744,1.472374997696,0.6250009599999995
1.7951e-05,23.749996544,0.57574999744,1.473624997568,0.31250099200000037
1.7951500000000003e-05,23.749996544,0.57574999744,1.473624997568,0.31250099200000037
1.7952e-05,24.531246592000002,0.57574999744,1.472374997696,0.31250099200000037
1.79525e-05,23.749996544,0.57574999744,1.47487499744,0.31250099200000037
1.7953000000000002e-05,22.968746496,0.56949999808,1.476124997312,0.31250099200000037
1.79535e-05,23.749996544,0.57574999744,1.473624997568,0.31250099200000037
1.7954e-05,23.749996544,0.57574999744,1.472374997696,0.31250099200000037
1.7954500000000002e-05,22.968746496,0.5819999967999999,1.473624997568,0.6250009599999995
1.7955e-05,23.749996544,0.57574999744,1.47487499744,0.31250099200000037
1.79555e-05,23.749996544,0.57574999744,1.476124997312,0.6250009599999995
1.7956000000000002e-05,23.749996544,0.57574999744,1.476124997312,0.6250009599999995
1.79565e-05,23.749996544,0.57574999744,1.476124997312,0.6250009599999995
1.7957e-05,24.531246592000002,0.5819999967999999,1.471124997824,0.6250009599999995
1.7957500000000002e-05,23.749996544,0.57574999744,1.473624997568,0.6250009599999995
1.7958e-05,23.749996544,0.57574999744,1.477374997184,0.6250009599999995
1.79585e-05,23.749996544,0.57574999744,1.477374997184,0.6250009599999995
1.7959000000000002e-05,23.749996544,0.57574999744,1.472374997696,0.31250099200000037
1.79595e-05,23.749996544,0.57574999744,1.472374997696,0.31250099200000037
1.796e-05,23.749996544,0.57574999744,1.472374997696,0.6250009599999995
1.7960500000000002e-05,24.531246592000002,0.57574999744,1.473624997568,0.31250099200000037
1.7961e-05,23.749996544,0.57574999744,1.472374997696,0.6250009599999995
1.79615e-05,23.749996544,0.57574999744,1.471124997824,0.6250009599999995
1.7962000000000002e-05,23.749996544,0.57574999744,1.471124997824,0.6250009599999995
1.79625e-05,23.749996544,0.57574999744,1.471124997824,0.6250009599999995
1.7963e-05,23.749996544,0.57574999744,1.471124997824,0.6250009599999995
1.7963500000000002e-05,23.749996544,0.57574999744,1.472374997696,0.6250009599999995
1.7964e-05,23.749996544,0.57574999744,1.47487499744,0.6250009599999995
1.79645e-05,23.749996544,0.57574999744,1.47487499744,0.31250099200000037
1.7965e-05,24.531246592000002,0.58824999616,1.472374997696,0.6250009599999995
1.7965500000000003e-05,24.531246592000002,0.5819999967999999,1.472374997696,0.31250099200000037
1.7966e-05,23.749996544,0.57574999744,1.472374997696,0.9375009279999986
1.79665e-05,23.749996544,0.5819999967999999,1.472374997696,0.31250099200000037
1.7967000000000003e-05,23.749996544,0.57574999744,1.472374997696,0.6250009599999995
1.79675e-05,22.968746496,0.56949999808,1.476124997312,0.31250099200000037
1.7968e-05,23.749996544,0.5819999967999999,1.472374997696,0.6250009599999995
1.7968500000000003e-05,23.749996544,0.57574999744,1.472374997696,0.6250009599999995
1.7969e-05,22.968746496,0.57574999744,1.471124997824,0.6250009599999995
1.79695e-05,23.749996544,0.5819999967999999,1.473624997568,0.6250009599999995
1.7970000000000002e-05,24.531246592000002,0.57574999744,1.473624997568,0.6250009599999995
1.79705e-05,23.749996544,0.57574999744,1.472374997696,0.6250009599999995
1.7971e-05,23.749996544,0.5819999967999999,1.476124997312,0.6250009599999995
1.7971500000000002e-05,22.968746496,0.57574999744,1.478624997056,0.6250009599999995
1.7972e-05,23.749996544,0.56949999808,1.476124997312,0.6250009599999995
1.79725e-05,23.749996544,0.57574999744,1.476124997312,0.31250099200000037
1.7973000000000002e-05,24.531246592000002,0.57574999744,1.473624997568,0.31250099200000037
1.79735e-05,23.749996544,0.56949999808,1.473624997568,0.6250009599999995
1.7974e-05,22.968746496,0.56949999808,1.472374997696,0.9375009279999986
1.7974500000000002e-05,22.968746496,0.56949999808,1.473624997568,0.6250009599999995
1.7975e-05,23.749996544,0.57574999744,1.47487499744,0.31250099200000037
1.79755e-05,23.749996544,0.57574999744,1.47487499744,0.31250099200000037
1.7976000000000002e-05,23.749996544,0.57574999744,1.472374997696,0.31250099200000037
1.79765e-05,24.531246592000002,0.57574999744,1.47487499744,1.0239999994610116e-06
1.7977e-05,22.968746496,0.57574999744,1.473624997568,0.6250009599999995
1.7977500000000002e-05,22.968746496,0.57574999744,1.473624997568,0.9375009279999986
1.7978e-05,23.749996544,0.57574999744,1.472374997696,0.6250009599999995
1.79785e-05,23.749996544,0.5819999967999999,1.471124997824,0.9375009279999986
1.7979000000000002e-05,23.749996544,0.5819999967999999,1.473624997568,0.31250099200000037
1.79795e-05,23.749996544,0.57574999744,1.47487499744,0.6250009599999995
1.798e-05,23.749996544,0.57574999744,1.47487499744,0.6250009599999995
1.7980500000000002e-05,23.749996544,0.57574999744,1.473624997568,0.31250099200000037
1.7981e-05,23.749996544,0.5819999967999999,1.472374997696,0.6250009599999995
1.79815e-05,23.749996544,0.57574999744,1.472374997696,0.6250009599999995
1.7982e-05,23.749996544,0.57574999744,1.47487499744,0.9375009279999986
1.7982500000000003e-05,23.749996544,0.57574999744,1.477374997184,0.9375009279999986
1.7983e-05,23.749996544,0.57574999744,1.47487499744,0.6250009599999995
1.79835e-05,22.968746496,0.57574999744,1.476124997312,0.31250099200000037
1.7984000000000003e-05,23.749996544,0.57574999744,1.47487499744,0.6250009599999995
1.79845e-05,23.749996544,0.56949999808,1.47487499744,0.31250099200000037
1.7985e-05,22.968746496,0.56949999808,1.473624997568,0.6250009599999995
1.7985500000000003e-05,23.749996544,0.56949999808,1.473624997568,0.6250009599999995
1.7986e-05,23.749996544,0.56949999808,1.47487499744,0.31250099200000037
1.79865e-05,23.749996544,0.57574999744,1.47487499744,0.6250009599999995
1.7987000000000002e-05,23.749996544,0.57574999744,1.47487499744,0.6250009599999995
1.79875e-05,22.968746496,0.57574999744,1.476124997312,0.9375009279999986
1.7988e-05,23.749996544,0.56949999808,1.476124997312,0.6250009599999995
1.7988500000000002e-05,23.749996544,0.57574999744,1.476124997312,0.6250009599999995
1.7989e-05,24.531246592000002,0.57574999744,1.473624997568,0.9375009279999986
1.79895e-05,23.749996544,0.5819999967999999,1.469874997952,0.6250009599999995
1.7990000000000002e-05,23.749996544,0.57574999744,1.472374997696,0.6250009599999995
1.79905e-05,22.968746496,0.57574999744,1.473624997568,0.9375009279999986
1.7991e-05,22.968746496,0.57574999744,1.473624997568,0.6250009599999995
1.7991500000000002e-05,22.968746496,0.56949999808,1.476124997312,0.31250099200000037
1.7992e-05,23.749996544,0.57574999744,1.476124997312,0.31250099200000037
1.79925e-05,23.749996544,0.57574999744,1.477374997184,0.31250099200000037
1.7993000000000002e-05,22.968746496,0.57574999744,1.473624997568,0.6250009599999995
1.79935e-05,22.968746496,0.57574999744,1.471124997824,0.9375009279999986
1.7994e-05,22.968746496,0.57574999744,1.472374997696,0.6250009599999995
1.7994500000000002e-05,22.968746496,0.57574999744,1.47487499744,0.6250009599999995
1.7995e-05,22.968746496,0.5819999967999999,1.47487499744,0.6250009599999995
1.79955e-05,22.968746496,0.57574999744,1.473624997568,0.6250009599999995
1.7996000000000002e-05,23.749996544,0.57574999744,1.472374997696,0.6250009599999995
1.79965e-05,23.749996544,0.57574999744,1.47487499744,0.6250009599999995
1.7997e-05,24.531246592000002,0.56949999808,1.473624997568,0.6250009599999995
1.7997500000000002e-05,22.968746496,0.57574999744,1.473624997568,0.6250009599999995
1.7998e-05,22.968746496,0.57574999744,1.473624997568,0.6250009599999995
1.79985e-05,23.749996544,0.56949999808,1.472374997696,0.6250009599999995
1.7999e-05,23.749996544,0.57574999744,1.473624997568,0.6250009599999995
1.7999500000000003e-05,23.749996544,0.56949999808,1.47487499744,0.31250099200000037
1.8e-05,23.749996544,0.57574999744,1.472374997696,0.6250009599999995
1.80005e-05,23.749996544,0.56949999808,1.472374997696,0.31250099200000037
1.8001000000000003e-05,22.968746496,0.57574999744,1.469874997952,0.31250099200000037
1.80015e-05,22.968746496,0.57574999744,1.471124997824,0.9375009279999986
1.8002e-05,22.968746496,0.57574999744,1.471124997824,0.6250009599999995
1.8002500000000003e-05,22.968746496,0.57574999744,1.472374997696,0.6250009599999995
1.8003e-05,23.749996544,0.5819999967999999,1.472374997696,0.31250099200000037
1.80035e-05,23.749996544,0.57574999744,1.47487499744,0.9375009279999986
1.8004000000000002e-05,22.968746496,0.56949999808,1.47487499744,0.6250009599999995
1.80045e-05,23.749996544,0.57574999744,1.477374997184,0.6250009599999995
1.8005e-05,23.749996544,0.56949999808,1.476124997312,0.9375009279999986
1.8005500000000002e-05,23.749996544,0.56949999808,1.476124997312,0.6250009599999995
1.8006e-05,23.749996544,0.56949999808,1.473624997568,0.9375009279999986
1.80065e-05,23.749996544,0.57574999744,1.473624997568,0.9375009279999986
1.8007000000000002e-05,22.968746496,0.5819999967999999,1.473624997568,0.6250009599999995
1.80075e-05,23.749996544,0.56949999808,1.473624997568,0.6250009599999995
1.8008e-05,22.968746496,0.57574999744,1.472374997696,0.6250009599999995
1.8008500000000002e-05,23.749996544,0.57574999744,1.477374997184,0.31250099200000037
1.8009e-05,23.749996544,0.56949999808,1.477374997184,0.6250009599999995
1.80095e-05,23.749996544,0.56949999808,1.473624997568,0.9375009279999986
1.8010000000000002e-05,24.531246592000002,0.57574999744,1.473624997568,0.6250009599999995
1.80105e-05,23.749996544,0.5819999967999999,1.47487499744,0.6250009599999995
1.8011e-05,23.749996544,0.57574999744,1.47487499744,0.6250009599999995
1.8011500000000002e-05,23.749996544,0.57574999744,1.473624997568,0.9375009279999986
1.8012e-05,23.749996544,0.57574999744,1.473624997568,0.9375009279999986
1.80125e-05,23.749996544,0.56949999808,1.47487499744,0.6250009599999995
1.8013000000000002e-05,24.531246592000002,0.56949999808,1.476124997312,0.9375009279999986
1.80135e-05,23.749996544,0.57574999744,1.476124997312,0.6250009599999995
1.8014e-05,22.968746496,0.56949999808,1.476124997312,0.9375009279999986
1.8014500000000002e-05,23.749996544,0.57574999744,1.479874996928,0.9375009279999986
1.8015e-05,22.968746496,0.56949999808,1.476124997312,0.6250009599999995
1.80155e-05,23.749996544,0.56949999808,1.473624997568,0.31250099200000037
1.8016e-05,23.749996544,0.56949999808,1.472374997696,0.6250009599999995
1.8016500000000003e-05,23.749996544,0.56949999808,1.476124997312,0.31250099200000037
1.8017e-05,23.749996544,0.56949999808,1.47487499744,0.6250009599999995
1.80175e-05,22.968746496,0.57574999744,1.472374997696,0.6250009599999995
1.8018000000000003e-05,23.749996544,0.57574999744,1.472374997696,0.31250099200000037
1.80185e-05,23.749996544,0.57574999744,1.473624997568,0.31250099200000037
1.8019e-05,23.749996544,0.57574999744,1.47487499744,0.6250009599999995
1.8019500000000003e-05,22.968746496,0.57574999744,1.47487499744,0.9375009279999986
1.802e-05,23.749996544,0.57574999744,1.472374997696,0.6250009599999995
1.80205e-05,22.968746496,0.57574999744,1.472374997696,0.31250099200000037
1.8021000000000002e-05,24.531246592000002,0.56949999808,1.472374997696,0.6250009599999995
1.80215e-05,23.749996544,0.57574999744,1.472374997696,0.6250009599999995
1.8022e-05,23.749996544,0.57574999744,1.473624997568,0.6250009599999995
1.8022500000000002e-05,23.749996544,0.56949999808,1.472374997696,0.6250009599999995
1.8023e-05,23.749996544,0.57574999744,1.471124997824,0.6250009599999995
1.80235e-05,22.968746496,0.57574999744,1.473624997568,0.31250099200000037
1.8024000000000002e-05,22.968746496,0.57574999744,1.472374997696,0.6250009599999995
1.80245e-05,23.749996544,0.57574999744,1.47487499744,0.6250009599999995
1.8025e-05,22.968746496,0.57574999744,1.473624997568,0.6250009599999995
1.8025500000000002e-05,23.749996544,0.5819999967999999,1.473624997568,0.9375009279999986
1.8026e-05,24.531246592000002,0.57574999744,1.473624997568,0.6250009599999995
1.80265e-05,23.749996544,0.57574999744,1.473624997568,0.6250009599999995
1.8027000000000002e-05,22.968746496,0.57574999744,1.472374997696,0.6250009599999995
1.80275e-05,23.749996544,0.57574999744,1.473624997568,0.9375009279999986
1.8028e-05,24.531246592000002,0.57574999744,1.473624997568,0.31250099200000037
1.8028500000000002e-05,23.749996544,0.57574999744,1.476124997312,0.31250099200000037
1.8029e-05,23.749996544,0.57574999744,1.47487499744,0.6250009599999995
1.80295e-05,23.749996544,0.57574999744,1.47487499744,0.31250099200000037
1.8030000000000002e-05,22.968746496,0.56949999808,1.476124997312,0.6250009599999995
1.80305e-05,23.749996544,0.57574999744,1.473624997568,0.6250009599999995
1.8031e-05,23.749996544,0.57574999744,1.473624997568,0.6250009599999995
1.8031500000000002e-05,23.749996544,0.57574999744,1.477374997184,0.31250099200000037
1.8032e-05,23.749996544,0.5819999967999999,1.476124997312,0.6250009599999995
1.80325e-05,23.749996544,0.57574999744,1.477374997184,0.31250099200000037
1.8033e-05,23.749996544,0.56949999808,1.473624997568,0.6250009599999995
1.8033500000000003e-05,22.968746496,0.57574999744,1.473624997568,0.6250009599999995
1.8034e-05,23.749996544,0.57574999744,1.47487499744,0.6250009599999995
1.80345e-05,23.749996544,0.57574999744,1.473624997568,0.31250099200000037
1.8035000000000003e-05,23.749996544,0.57574999744,1.473624997568,0.6250009599999995
1.80355e-05,22.968746496,0.57574999744,1.47487499744,0.9375009279999986
1.8036e-05,23.749996544,0.56949999808,1.473624997568,0.9375009279999986
1.8036500000000003e-05,22.968746496,0.57574999744,1.473624997568,0.6250009599999995
1.8037e-05,23.749996544,0.57574999744,1.472374997696,0.6250009599999995
1.80375e-05,23.749996544,0.57574999744,1.471124997824,0.6250009599999995
1.8038000000000002e-05,24.531246592000002,0.56949999808,1.473624997568,0.9375009279999986
1.80385e-05,23.749996544,0.57574999744,1.476124997312,0.9375009279999986
1.8039e-05,23.749996544,0.57574999744,1.473624997568,0.6250009599999995
1.8039500000000002e-05,23.749996544,0.56949999808,1.472374997696,0.31250099200000037
1.804e-05,23.749996544,0.57574999744,1.472374997696,0.9375009279999986
1.80405e-05,23.749996544,0.56949999808,1.47487499744,0.6250009599999995
1.8041000000000002e-05,22.968746496,0.56949999808,1.472374997696,0.6250009599999995
1.80415e-05,23.749996544,0.57574999744,1.476124997312,0.9375009279999986
1.8042e-05,23.749996544,0.57574999744,1.476124997312,0.6250009599999995
1.8042500000000002e-05,23.749996544,0.57574999744,1.47487499744,0.6250009599999995
1.8043e-05,23.749996544,0.57574999744,1.47487499744,0.6250009599999995
1.80435e-05,23.749996544,0.56949999808,1.472374997696,0.9375009279999986
1.8044000000000002e-05,23.749996544,0.57574999744,1.471124997824,0.9375009279999986
1.80445e-05,23.749996544,0.57574999744,1.472374997696,0.6250009599999995
1.8045e-05,23.749996544,0.57574999744,1.472374997696,0.9375009279999986
1.8045500000000002e-05,23.749996544,0.57574999744,1.472374997696,0.6250009599999995
1.8046e-05,23.749996544,0.57574999744,1.473624997568,0.9375009279999986
1.80465e-05,23.749996544,0.57574999744,1.473624997568,0.9375009279999986
1.8047000000000002e-05,22.968746496,0.57574999744,1.473624997568,0.6250009599999995
1.80475e-05,23.749996544,0.57574999744,1.47487499744,0.31250099200000037
1.8048e-05,23.749996544,0.57574999744,1.472374997696,0.6250009599999995
1.8048500000000002e-05,23.749996544,0.57574999744,1.476124997312,0.6250009599999995
1.8049e-05,22.968746496,0.57574999744,1.473624997568,0.6250009599999995
1.80495e-05,23.749996544,0.57574999744,1.473624997568,0.6250009599999995
1.805e-05,23.749996544,0.56949999808,1.472374997696,0.6250009599999995
1.8050500000000003e-05,24.531246592000002,0.5632499987199999,1.472374997696,0.9375009279999986
1.8051e-05,23.749996544,0.57574999744,1.472374997696,0.6250009599999995
1.80515e-05,23.749996544,0.57574999744,1.472374997696,0.6250009599999995
1.8052000000000003e-05,23.749996544,0.57574999744,1.473624997568,0.6250009599999995
1.80525e-05,23.749996544,0.57574999744,1.476124997312,0.6250009599999995
1.8053e-05,23.749996544,0.5819999967999999,1.47487499744,0.9375009279999986
1.8053500000000003e-05,22.968746496,0.5819999967999999,1.473624997568,0.6250009599999995
1.8054e-05,23.749996544,0.57574999744,1.473624997568,0.6250009599999995
1.80545e-05,23.749996544,0.57574999744,1.47487499744,0.31250099200000037
1.8055000000000002e-05,22.968746496,0.57574999744,1.473624997568,0.9375009279999986
1.80555e-05,23.749996544,0.57574999744,1.473624997568,0.6250009599999995
1.8056e-05,23.749996544,0.57574999744,1.473624997568,0.6250009599999995
1.8056500000000002e-05,23.749996544,0.56949999808,1.473624997568,0.9375009279999986
1.8057e-05,22.968746496,0.57574999744,1.471124997824,0.6250009599999995
1.80575e-05,23.749996544,0.57574999744,1.472374997696,0.9375009279999986
1.8058000000000002e-05,22.968746496,0.57574999744,1.472374997696,0.6250009599999995
1.80585e-05,23.749996544,0.57574999744,1.472374997696,0.6250009599999995
1.8059e-05,23.749996544,0.57574999744,1.472374997696,0.6250009599999995
1.8059500000000002e-05,23.749996544,0.56949999808,1.473624997568,0.9375009279999986
1.806e-05,23.749996544,0.57574999744,1.473624997568,0.6250009599999995
1.80605e-05,23.749996544,0.57574999744,1.472374997696,0.6250009599999995
1.8061000000000002e-05,23.749996544,0.5819999967999999,1.472374997696,0.6250009599999995
1.80615e-05,23.749996544,0.57574999744,1.47487499744,0.9375009279999986
1.8062e-05,23.749996544,0.57574999744,1.473624997568,0.9375009279999986
1.8062500000000002e-05,23.749996544,0.57574999744,1.473624997568,0.6250009599999995
1.8063e-05,22.968746496,0.57574999744,1.473624997568,0.6250009599999995
1.80635e-05,23.749996544,0.56949999808,1.476124997312,0.6250009599999995
1.8064000000000002e-05,23.749996544,0.57574999744,1.472374997696,0.6250009599999995
1.80645e-05,23.749996544,0.57574999744,1.47487499744,0.31250099200000037
1.8065e-05,23.749996544,0.57574999744,1.47487499744,0.6250009599999995
1.8065500000000002e-05,23.749996544,0.56949999808,1.476124997312,0.6250009599999995
1.8066e-05,23.749996544,0.57574999744,1.476124997312,0.6250009599999995
1.80665e-05,23.749996544,0.57574999744,1.476124997312,0.9375009279999986
1.8067e-05,23.749996544,0.57574999744,1.47487499744,0.6250009599999995
1.8067500000000003e-05,23.749996544,0.56949999808,1.472374997696,0.9375009279999986
1.8068e-05,23.749996544,0.57574999744,1.473624997568,0.6250009599999995
1.80685e-05,22.968746496,0.57574999744,1.47487499744,0.31250099200000037
1.8069000000000003e-05,24.531246592000002,0.56949999808,1.473624997568,0.6250009599999995
1.80695e-05,23.749996544,0.57574999744,1.473624997568,0.6250009599999995
1.807e-05,23.749996544,0.56949999808,1.473624997568,0.9375009279999986
1.8070500000000003e-05,23.749996544,0.56949999808,1.47487499744,0.9375009279999986
1.8071e-05,23.749996544,0.57574999744,1.473624997568,0.6250009599999995
1.80715e-05,23.749996544,0.57574999744,1.476124997312,0.31250099200000037
1.8072000000000002e-05,23.749996544,0.57574999744,1.476124997312,0.6250009599999995
1.80725e-05,23.749996544,0.57574999744,1.476124997312,0.6250009599999995
1.8073e-05,22.968746496,0.57574999744,1.473624997568,0.6250009599999995
1.8073500000000002e-05,23.749996544,0.57574999744,1.473624997568,0.6250009599999995
1.8074e-05,23.749996544,0.57574999744,1.472374997696,0.6250009599999995
1.80745e-05,23.749996544,0.56949999808,1.473624997568,0.6250009599999995
1.8075000000000002e-05,22.968746496,0.57574999744,1.473624997568,0.6250009599999995
1.80755e-05,22.968746496,0.57574999744,1.47487499744,0.9375009279999986
1.8076e-05,23.749996544,0.57574999744,1.476124997312,0.6250009599999995
1.8076500000000002e-05,23.749996544,0.57574999744,1.477374997184,0.6250009599999995
1.8077e-05,23.749996544,0.56949999808,1.476124997312,0.9375009279999986
1.80775e-05,23.749996544,0.57574999744,1.473624997568,0.6250009599999995
1.8078000000000002e-05,22.968746496,0.57574999744,1.47487499744,0.9375009279999986
1.80785e-05,23.749996544,0.57574999744,1.476124997312,0.6250009599999995
1.8079e-05,23.749996544,0.57574999744,1.473624997568,0.6250009599999995
1.8079500000000002e-05,23.749996544,0.57574999744,1.476124997312,0.6250009599999995
1.808e-05,23.749996544,0.57574999744,1.47487499744,0.6250009599999995
1.80805e-05,23.749996544,0.56949999808,1.476124997312,0.9375009279999986
1.8081000000000002e-05,22.968746496,0.56949999808,1.47487499744,0.9375009279999986
1.80815e-05,22.968746496,0.57574999744,1.473624997568,0.9375009279999986
1.8082e-05,23.749996544,0.56949999808,1.472374997696,0.9375009279999986
1.8082500000000002e-05,23.749996544,0.57574999744,1.47487499744,0.9375009279999986
1.8083e-05,22.968746496,0.57574999744,1.47487499744,0.6250009599999995
1.80835e-05,22.968746496,0.57574999744,1.473624997568,0.6250009599999995
1.8084e-05,22.968746496,0.57574999744,1.472374997696,0.6250009599999995
1.8084500000000003e-05,23.749996544,0.56949999808,1.473624997568,0.9375009279999986
1.8085e-05,24.531246592000002,0.57574999744,1.473624997568,0.9375009279999986
1.80855e-05,23.749996544,0.57574999744,1.473624997568,0.6250009599999995
1.8086000000000003e-05,23.749996544,0.57574999744,1.473624997568,0.9375009279999986
1.80865e-05,23.749996544,0.5632499987199999,1.473624997568,0.6250009599999995
1.8087e-05,22.968746496,0.57574999744,1.473624997568,0.9375009279999986
1.8087500000000003e-05,22.968746496,0.56949999808,1.472374997696,0.6250009599999995
1.8088e-05,23.749996544,0.57574999744,1.471124997824,0.6250009599999995
1.80885e-05,23.749996544,0.57574999744,1.47487499744,0.6250009599999995
1.8089000000000002e-05,22.968746496,0.56949999808,1.472374997696,0.9375009279999986
1.80895e-05,23.749996544,0.57574999744,1.472374997696,0.9375009279999986
1.809e-05,23.749996544,0.56949999808,1.472374997696,0.9375009279999986
1.8090500000000002e-05,22.968746496,0.56949999808,1.47487499744,0.6250009599999995
1.8091e-05,23.749996544,0.56949999808,1.47487499744,0.6250009599999995
1.80915e-05,22.968746496,0.56949999808,1.473624997568,0.9375009279999986
1.8092000000000002e-05,23.749996544,0.57574999744,1.473624997568,0.9375009279999986
1.80925e-05,22.968746496,0.57574999744,1.47487499744,0.6250009599999995
1.8093e-05,24.531246592000002,0.57574999744,1.473624997568,0.6250009599999995
1.8093500000000002e-05,22.968746496,0.56949999808,1.47487499744,0.9375009279999986
1.8094e-05,22.968746496,0.56949999808,1.47487499744,0.9375009279999986
1.80945e-05,23.749996544,0.5632499987199999,1.477374997184,0.9375009279999986
1.8095000000000002e-05,22.968746496,0.56949999808,1.476124997312,0.6250009599999995
1.80955e-05,23.749996544,0.56949999808,1.476124997312,0.6250009599999995
1.8096e-05,23.749996544,0.56949999808,1.473624997568,0.9375009279999986
1.8096500000000002e-05,23.749996544,0.56949999808,1.47487499744,0.31250099200000037
1.8097e-05,22.968746496,0.56949999808,1.473624997568,0.6250009599999995
1.80975e-05,23.749996544,0.56949999808,1.47487499744,0.6250009599999995
1.8098000000000002e-05,23.749996544,0.57574999744,1.472374997696,0.9375009279999986
1.80985e-05,23.749996544,0.57574999744,1.473624997568,0.9375009279999986
1.8099e-05,23.749996544,0.57574999744,1.476124997312,0.6250009599999995
1.8099500000000002e-05,23.749996544,0.57574999744,1.476124997312,0.9375009279999986
1.81e-05,23.749996544,0.5819999967999999,1.47487499744,0.9375009279999986
1.81005e-05,23.749996544,0.5819999967999999,1.47487499744,0.6250009599999995
1.8101e-05,24.531246592000002,0.56949999808,1.473624997568,0.9375009279999986
1.8101500000000003e-05,22.968746496,0.56949999808,1.47487499744,0.6250009599999995
1.8102e-05,22.968746496,0.57574999744,1.478624997056,0.9375009279999986
1.81025e-05,23.749996544,0.56949999808,1.478624997056,0.9375009279999986
1.8103000000000003e-05,22.968746496,0.57574999744,1.47487499744,0.6250009599999995
1.81035e-05,22.968746496,0.5632499987199999,1.471124997824,0.6250009599999995
1.8104e-05,24.531246592000002,0.57574999744,1.473624997568,0.9375009279999986
1.8104500000000003e-05,23.749996544,0.56949999808,1.477374997184,0.6250009599999995
1.8105e-05,22.968746496,0.56949999808,1.473624997568,0.6250009599999995
1.81055e-05,23.749996544,0.57574999744,1.471124997824,0.9375009279999986
1.8106000000000002e-05,24.531246592000002,0.56949999808,1.471124997824,0.6250009599999995
1.81065e-05,23.749996544,0.56949999808,1.473624997568,0.9375009279999986
1.8107e-05,23.749996544,0.56949999808,1.476124997312,0.6250009599999995
1.8107500000000002e-05,23.749996544,0.56949999808,1.47487499744,0.6250009599999995
1.8108e-05,23.749996544,0.56949999808,1.47487499744,0.9375009279999986
1.81085e-05,23.749996544,0.57574999744,1.476124997312,0.6250009599999995
1.8109000000000002e-05,24.531246592000002,0.56949999808,1.476124997312,0.6250009599999995
1.81095e-05,24.531246592000002,0.56949999808,1.477374997184,0.6250009599999995
1.811e-05,24.531246592000002,0.5632499987199999,1.476124997312,0.6250009599999995
1.8110500000000002e-05,23.749996544,0.56949999808,1.47487499744,0.9375009279999986
1.8111e-05,23.749996544,0.56949999808,1.473624997568,0.9375009279999986
1.81115e-05,22.968746496,0.56949999808,1.47487499744,0.6250009599999995
1.8112000000000002e-05,23.749996544,0.56949999808,1.47487499744,0.6250009599999995
1.81125e-05,23.749996544,0.5632499987199999,1.47487499744,0.6250009599999995
1.8113e-05,22.968746496,0.56949999808,1.472374997696,0.9375009279999986
1.8113500000000002e-05,22.968746496,0.56949999808,1.472374997696,0.9375009279999986
1.8114e-05,24.531246592000002,0.56949999808,1.472374997696,0.6250009599999995
1.81145e-05,23.749996544,0.57574999744,1.47487499744,0.6250009599999995
1.8115000000000002e-05,23.749996544,0.57574999744,1.473624997568,0.9375009279999986
1.81155e-05,23.749996544,0.56949999808,1.472374997696,0.9375009279999986
1.8116e-05,23.749996544,0.56949999808,1.47487499744,0.9375009279999986
1.8116500000000002e-05,23.749996544,0.56949999808,1.476124997312,0.6250009599999995
1.8117e-05,24.531246592000002,0.57574999744,1.476124997312,0.9375009279999986
1.81175e-05,23.749996544,0.57574999744,1.477374997184,0.6250009599999995
1.8118000000000002e-05,23.749996544,0.56949999808,1.476124997312,0.9375009279999986
1.8118500000000003e-05,22.968746496,0.56949999808,1.473624997568,0.9375009279999986
1.8119e-05,23.749996544,0.56949999808,1.47487499744,0.6250009599999995
1.81195e-05,22.968746496,0.56949999808,1.476124997312,0.6250009599999995
1.8120000000000003e-05,23.749996544,0.57574999744,1.47487499744,0.6250009599999995
1.81205e-05,23.749996544,0.56949999808,1.47487499744,0.6250009599999995
1.8121e-05,22.968746496,0.57574999744,1.472374997696,0.6250009599999995
1.8121500000000003e-05,22.968746496,0.57574999744,1.473624997568,0.9375009279999986
1.8122e-05,23.749996544,0.56949999808,1.473624997568,0.6250009599999995
1.81225e-05,22.968746496,0.57574999744,1.472374997696,0.9375009279999986
1.8123000000000002e-05,23.749996544,0.5819999967999999,1.472374997696,0.6250009599999995
1.81235e-05,23.749996544,0.56949999808,1.472374997696,0.9375009279999986
1.8124e-05,23.749996544,0.56949999808,1.473624997568,0.6250009599999995
1.8124500000000002e-05,22.968746496,0.57574999744,1.476124997312,0.6250009599999995
1.8125e-05,22.968746496,0.56949999808,1.476124997312,0.6250009599999995
1.81255e-05,22.968746496,0.57574999744,1.476124997312,0.6250009599999995
1.8126000000000002e-05,23.749996544,0.56949999808,1.476124997312,0.9375009279999986
1.81265e-05,23.749996544,0.57574999744,1.473624997568,0.9375009279999986
1.8127e-05,22.968746496,0.57574999744,1.471124997824,0.9375009279999986
1.8127500000000002e-05,23.749996544,0.56949999808,1.472374997696,0.31250099200000037
1.8128e-05,23.749996544,0.57574999744,1.473624997568,0.6250009599999995
1.81285e-05,23.749996544,0.56949999808,1.476124997312,0.6250009599999995
1.8129000000000002e-05,23.749996544,0.56949999808,1.476124997312,0.9375009279999986
1.81295e-05,23.749996544,0.56949999808,1.47487499744,0.9375009279999986
1.813e-05,23.749996544,0.57574999744,1.47487499744,0.6250009599999995
1.8130500000000002e-05,22.968746496,0.57574999744,1.47487499744,0.6250009599999995
1.8131e-05,22.968746496,0.5819999967999999,1.476124997312,0.9375009279999986
1.81315e-05,23.749996544,0.56949999808,1.47487499744,0.9375009279999986
1.8132000000000002e-05,22.968746496,0.57574999744,1.471124997824,0.9375009279999986
1.81325e-05,23.749996544,0.57574999744,1.473624997568,0.6250009599999995
1.8133e-05,23.749996544,0.56949999808,1.473624997568,1.2500008959999995
1.8133500000000002e-05,23.749996544,0.57574999744,1.47487499744,0.9375009279999986
1.8134e-05,23.749996544,0.56949999808,1.473624997568,0.9375009279999986
1.81345e-05,23.749996544,0.56949999808,1.472374997696,0.6250009599999995
1.8135000000000002e-05,22.968746496,0.56949999808,1.472374997696,0.9375009279999986
1.8135500000000003e-05,22.968746496,0.56949999808,1.472374997696,0.31250099200000037
1.8136e-05,23.749996544,0.56949999808,1.471124997824,0.9375009279999986
1.81365e-05,23.749996544,0.56949999808,1.476124997312,0.9375009279999986
1.8137000000000003e-05,23.749996544,0.56949999808,1.473624997568,0.6250009599999995
1.81375e-05,23.749996544,0.56949999808,1.473624997568,0.6250009599999995
1.8138e-05,23.749996544,0.56949999808,1.472374997696,0.6250009599999995
1.8138500000000003e-05,23.749996544,0.56949999808,1.472374997696,0.9375009279999986
1.8139e-05,23.749996544,0.5632499987199999,1.472374997696,0.9375009279999986
1.81395e-05,23.749996544,0.56949999808,1.472374997696,0.9375009279999986
1.8140000000000003e-05,23.749996544,0.56949999808,1.472374997696,0.9375009279999986
1.81405e-05,22.968746496,0.57574999744,1.47487499744,0.6250009599999995
1.8141e-05,23.749996544,0.56949999808,1.47487499744,0.9375009279999986
1.8141500000000002e-05,22.968746496,0.57574999744,1.473624997568,0.9375009279999986
1.8142e-05,22.968746496,0.56949999808,1.473624997568,0.9375009279999986
1.81425e-05,23.749996544,0.56949999808,1.477374997184,0.9375009279999986
1.8143000000000002e-05,22.968746496,0.57574999744,1.476124997312,0.9375009279999986
1.81435e-05,22.968746496,0.56949999808,1.477374997184,0.6250009599999995
1.8144e-05,24.531246592000002,0.57574999744,1.473624997568,0.9375009279999986
1.8144500000000002e-05,23.749996544,0.56949999808,1.47487499744,0.9375009279999986
1.8145e-05,22.968746496,0.56949999808,1.473624997568,1.2500008959999995
1.81455e-05,23.749996544,0.56949999808,1.476124997312,0.9375009279999986
1.8146000000000002e-05,23.749996544,0.56949999808,1.476124997312,0.6250009599999995
1.81465e-05,22.968746496,0.56949999808,1.47487499744,0.9375009279999986
1.8147e-05,22.968746496,0.56949999808,1.476124997312,0.9375009279999986
1.8147500000000002e-05,23.749996544,0.56949999808,1.478624997056,0.9375009279999986
1.8148e-05,23.749996544,0.56949999808,1.479874996928,0.9375009279999986
1.81485e-05,22.968746496,0.57574999744,1.477374997184,0.9375009279999986
1.8149000000000002e-05,23.749996544,0.56949999808,1.476124997312,0.9375009279999986
1.81495e-05,23.749996544,0.57574999744,1.47487499744,0.9375009279999986
1.815e-05,22.968746496,0.56949999808,1.473624997568,0.9375009279999986
1.8150500000000002e-05,23.749996544,0.57574999744,1.472374997696,1.2500008959999995
1.8151e-05,23.749996544,0.57574999744,1.471124997824,0.9375009279999986
1.81515e-05,22.968746496,0.56949999808,1.471124997824,0.6250009599999995
1.8152000000000002e-05,22.968746496,0.56949999808,1.471124997824,0.6250009599999995
1.8152500000000003e-05,23.749996544,0.56949999808,1.47487499744,0.9375009279999986
1.8153e-05,22.968746496,0.57574999744,1.473624997568,0.6250009599999995
1.81535e-05,22.968746496,0.56949999808,1.472374997696,0.6250009599999995
1.8154000000000003e-05,23.749996544,0.56949999808,1.472374997696,0.6250009599999995
1.81545e-05,22.968746496,0.57574999744,1.473624997568,0.9375009279999986
1.8155e-05,22.968746496,0.5819999967999999,1.472374997696,0.9375009279999986
1.8155500000000003e-05,22.968746496,0.57574999744,1.473624997568,0.9375009279999986
1.8156e-05,22.968746496,0.56949999808,1.473624997568,0.9375009279999986
1.81565e-05,23.749996544,0.5819999967999999,1.472374997696,0.6250009599999995
1.8157000000000003e-05,23.749996544,0.5819999967999999,1.473624997568,0.6250009599999995
1.81575e-05,23.749996544,0.57574999744,1.473624997568,0.6250009599999995
1.8158e-05,23.749996544,0.56949999808,1.472374997696,0.9375009279999986
1.8158500000000002e-05,23.749996544,0.57574999744,1.471124997824,0.9375009279999986
1.8159e-05,23.749996544,0.57574999744,1.469874997952,0.9375009279999986
1.81595e-05,23.749996544,0.57574999744,1.473624997568,0.6250009599999995
1.8160000000000002e-05,23.749996544,0.57574999744,1.472374997696,0.6250009599999995
1.81605e-05,23.749996544,0.56949999808,1.473624997568,0.9375009279999986
1.8161e-05,22.968746496,0.57574999744,1.472374997696,0.9375009279999986
1.8161500000000002e-05,22.968746496,0.57574999744,1.473624997568,1.2500008959999995
1.8162e-05,23.749996544,0.56949999808,1.472374997696,0.9375009279999986
1.81625e-05,23.749996544,0.5632499987199999,1.471124997824,0.9375009279999986
1.8163000000000002e-05,23.749996544,0.56949999808,1.4686249980800001,0.9375009279999986
1.81635e-05,23.749996544,0.56949999808,1.472374997696,0.9375009279999986
1.8164e-05,23.749996544,0.56949999808,1.472374997696,0.9375009279999986
1.8164500000000002e-05,23.749996544,0.57574999744,1.473624997568,0.9375009279999986
1.8165e-05,23.749996544,0.57574999744,1.47487499744,1.2500008959999995
1.81655e-05,23.749996544,0.57574999744,1.47487499744,0.9375009279999986
1.8166000000000002e-05,24.531246592000002,0.56949999808,1.473624997568,0.9375009279999986
1.81665e-05,23.749996544,0.56949999808,1.476124997312,0.9375009279999986
1.8167e-05,23.749996544,0.56949999808,1.47487499744,0.9375009279999986
1.8167500000000002e-05,23.749996544,0.56949999808,1.473624997568,1.2500008959999995
1.8168e-05,23.749996544,0.57574999744,1.471124997824,0.9375009279999986
1.81685e-05,24.531246592000002,0.56949999808,1.472374997696,0.9375009279999986
1.8169000000000002e-05,23.749996544,0.56949999808,1.471124997824,1.2500008959999995
1.8169500000000003e-05,23.749996544,0.56949999808,1.469874997952,0.9375009279999986
1.817e-05,23.749996544,0.56949999808,1.469874997952,0.9375009279999986
1.81705e-05,23.749996544,0.57574999744,1.469874997952,0.9375009279999986
1.8171000000000003e-05,22.968746496,0.56949999808,1.472374997696,0.9375009279999986
1.81715e-05,23.749996544,0.56949999808,1.473624997568,1.2500008959999995
1.8172e-05,22.968746496,0.57574999744,1.473624997568,1.2500008959999995
1.8172500000000003e-05,23.749996544,0.56949999808,1.47487499744,0.6250009599999995
1.8173e-05,23.749996544,0.56949999808,1.473624997568,0.9375009279999986
1.81735e-05,23.749996544,0.57574999744,1.47487499744,0.6250009599999995
1.8174000000000003e-05,22.968746496,0.56949999808,1.472374997696,0.9375009279999986
1.81745e-05,23.749996544,0.56949999808,1.472374997696,0.9375009279999986
1.8175e-05,23.749996544,0.56949999808,1.472374997696,0.9375009279999986
1.8175500000000002e-05,23.749996544,0.57574999744,1.473624997568,0.6250009599999995
1.8176e-05,23.749996544,0.57574999744,1.471124997824,0.9375009279999986
1.81765e-05,23.749996544,0.5632499987199999,1.473624997568,0.9375009279999986
1.8177000000000002e-05,23.749996544,0.56949999808,1.472374997696,0.9375009279999986
1.81775e-05,23.749996544,0.56949999808,1.471124997824,0.9375009279999986
1.8178e-05,23.749996544,0.56949999808,1.469874997952,0.9375009279999986
1.8178500000000002e-05,23.749996544,0.57574999744,1.469874997952,0.9375009279999986
1.8179e-05,22.968746496,0.57574999744,1.473624997568,0.9375009279999986
1.81795e-05,23.749996544,0.56949999808,1.472374997696,0.9375009279999986
1.8180000000000002e-05,23.749996544,0.57574999744,1.472374997696,1.2500008959999995
1.81805e-05,23.749996544,0.57574999744,1.473624997568,0.9375009279999986
1.8181e-05,24.531246592000002,0.56949999808,1.473624997568,1.2500008959999995
1.8181500000000002e-05,23.749996544,0.57574999744,1.473624997568,0.9375009279999986
1.8182e-05,23.749996544,0.56949999808,1.473624997568,1.2500008959999995
1.81825e-05,23.749996544,0.57574999744,1.476124997312,1.2500008959999995
1.8183000000000002e-05,23.749996544,0.57574999744,1.47487499744,0.9375009279999986
1.81835e-05,22.968746496,0.57574999744,1.47487499744,0.6250009599999995
1.8184e-05,23.749996544,0.57574999744,1.472374997696,0.9375009279999986
1.8184500000000002e-05,23.749996544,0.56949999808,1.473624997568,0.9375009279999986
1.8185e-05,22.968746496,0.56949999808,1.472374997696,0.9375009279999986
1.81855e-05,22.968746496,0.56949999808,1.473624997568,0.9375009279999986
1.8186000000000002e-05,22.968746496,0.57574999744,1.472374997696,0.9375009279999986
1.8186500000000003e-05,23.749996544,0.57574999744,1.473624997568,0.9375009279999986
1.8187e-05,23.749996544,0.5819999967999999,1.47487499744,0.9375009279999986
1.81875e-05,23.749996544,0.56949999808,1.47487499744,0.9375009279999986
1.8188000000000003e-05,23.749996544,0.57574999744,1.473624997568,1.2500008959999995
1.81885e-05,23.749996544,0.57574999744,1.473624997568,0.6250009599999995
1.8189e-05,22.968746496,0.56949999808,1.472374997696,0.9375009279999986
1.8189500000000003e-05,23.749996544,0.57574999744,1.473624997568,0.6250009599999995
1.819e-05,23.749996544,0.5632499987199999,1.472374997696,0.9375009279999986
1.81905e-05,22.968746496,0.57574999744,1.473624997568,0.9375009279999986
1.8191000000000003e-05,23.749996544,0.57574999744,1.473624997568,0.9375009279999986
1.81915e-05,23.749996544,0.57574999744,1.47487499744,0.9375009279999986
1.8192e-05,23.749996544,0.57574999744,1.473624997568,0.9375009279999986
1.8192500000000002e-05,22.968746496,0.56949999808,1.476124997312,0.9375009279999986
1.8193e-05,22.968746496,0.57574999744,1.472374997696,1.2500008959999995
1.81935e-05,22.968746496,0.57574999744,1.473624997568,1.2500008959999995
1.8194000000000002e-05,24.531246592000002,0.57574999744,1.472374997696,0.9375009279999986
1.81945e-05,22.968746496,0.57574999744,1.47487499744,0.9375009279999986
1.8195e-05,22.968746496,0.57574999744,1.47487499744,0.9375009279999986
1.8195500000000002e-05,23.749996544,0.56949999808,1.472374997696,1.2500008959999995
1.8196e-05,23.749996544,0.57574999744,1.469874997952,0.9375009279999986
1.81965e-05,23.749996544,0.57574999744,1.472374997696,0.9375009279999986
1.8197000000000002e-05,23.749996544,0.56949999808,1.473624997568,1.2500008959999995
1.81975e-05,22.968746496,0.56949999808,1.473624997568,0.9375009279999986
1.8198e-05,23.749996544,0.56949999808,1.473624997568,0.9375009279999986
1.8198500000000002e-05,23.749996544,0.57574999744,1.473624997568,0.9375009279999986
1.8199e-05,23.749996544,0.57574999744,1.472374997696,0.9375009279999986
1.81995e-05,23.749996544,0.56949999808,1.473624997568,0.9375009279999986
1.8200000000000002e-05,23.749996544,0.57574999744,1.472374997696,0.9375009279999986
1.82005e-05,23.749996544,0.56949999808,1.473624997568,0.9375009279999986
1.8201e-05,22.968746496,0.56949999808,1.472374997696,1.2500008959999995
1.8201500000000002e-05,22.968746496,0.56949999808,1.473624997568,1.2500008959999995
1.8202e-05,23.749996544,0.56949999808,1.471124997824,0.6250009599999995
1.82025e-05,22.968746496,0.56949999808,1.471124997824,0.9375009279999986
1.8203000000000002e-05,23.749996544,0.5819999967999999,1.47487499744,1.2500008959999995
1.8203500000000003e-05,24.531246592000002,0.5819999967999999,1.47487499744,1.2500008959999995
1.8204e-05,23.749996544,0.57574999744,1.472374997696,0.9375009279999986
1.82045e-05,23.749996544,0.57574999744,1.472374997696,0.9375009279999986
1.8205000000000003e-05,23.749996544,0.57574999744,1.473624997568,1.2500008959999995
1.82055e-05,23.749996544,0.57574999744,1.473624997568,1.2500008959999995
1.8206e-05,23.749996544,0.56949999808,1.472374997696,0.9375009279999986
1.8206500000000003e-05,23.749996544,0.57574999744,1.472374997696,0.9375009279999986
1.8207e-05,23.749996544,0.57574999744,1.471124997824,1.5625008640000004
1.82075e-05,23.749996544,0.56949999808,1.469874997952,0.9375009279999986
1.8208000000000003e-05,23.749996544,0.57574999744,1.471124997824,1.2500008959999995
1.82085e-05,23.749996544,0.5632499987199999,1.476124997312,1.2500008959999995
1.8209e-05,22.968746496,0.5632499987199999,1.472374997696,0.9375009279999986
1.8209500000000002e-05,23.749996544,0.56949999808,1.473624997568,1.2500008959999995
1.821e-05,23.749996544,0.56949999808,1.476124997312,1.2500008959999995
1.82105e-05,23.749996544,0.57574999744,1.477374997184,1.2500008959999995
1.8211000000000002e-05,23.749996544,0.56949999808,1.476124997312,1.5625008640000004
1.82115e-05,23.749996544,0.56949999808,1.47487499744,1.2500008959999995
1.8212e-05,23.749996544,0.57574999744,1.47487499744,0.9375009279999986
1.8212500000000002e-05,23.749996544,0.57574999744,1.477374997184,0.9375009279999986
1.8213e-05,24.531246592000002,0.56949999808,1.477374997184,1.2500008959999995
1.82135e-05,23.749996544,0.56949999808,1.476124997312,0.9375009279999986
1.8214000000000002e-05,24.531246592000002,0.56949999808,1.47487499744,1.2500008959999995
1.82145e-05,23.749996544,0.56949999808,1.473624997568,1.2500008959999995
1.8215e-05,23.749996544,0.57574999744,1.473624997568,1.2500008959999995
1.8215500000000002e-05,23.749996544,0.56949999808,1.473624997568,1.2500008959999995
1.8216e-05,24.531246592000002,0.57574999744,1.472374997696,0.9375009279999986
1.82165e-05,23.749996544,0.56949999808,1.473624997568,0.9375009279999986
1.8217000000000002e-05,22.968746496,0.56949999808,1.473624997568,1.2500008959999995
1.82175e-05,23.749996544,0.56949999808,1.473624997568,1.2500008959999995
1.8218e-05,23.749996544,0.56949999808,1.471124997824,0.9375009279999986
1.8218500000000002e-05,23.749996544,0.57574999744,1.469874997952,1.2500008959999995
1.8219e-05,23.749996544,0.57574999744,1.471124997824,0.9375009279999986
1.82195e-05,22.968746496,0.56949999808,1.471124997824,0.9375009279999986
1.8220000000000002e-05,23.749996544,0.56949999808,1.471124997824,0.9375009279999986
1.82205e-05,22.968746496,0.57574999744,1.473624997568,0.9375009279999986
1.8221e-05,23.749996544,0.57574999744,1.476124997312,1.2500008959999995
1.82215e-05,23.749996544,0.56949999808,1.476124997312,0.9375009279999986
1.8222000000000003e-05,23.749996544,0.56949999808,1.476124997312,0.9375009279999986
1.82225e-05,22.968746496,0.57574999744,1.477374997184,1.2500008959999995
1.8223e-05,23.749996544,0.57574999744,1.473624997568,0.9375009279999986
1.8223500000000003e-05,23.749996544,0.56949999808,1.472374997696,0.9375009279999986
1.8224e-05,22.968746496,0.57574999744,1.47487499744,0.9375009279999986
1.82245e-05,22.968746496,0.56949999808,1.476124997312,0.9375009279999986
1.8225000000000003e-05,22.968746496,0.56949999808,1.473624997568,1.2500008959999995
1.82255e-05,23.749996544,0.57574999744,1.473624997568,1.2500008959999995
1.8226e-05,23.749996544,0.57574999744,1.472374997696,0.9375009279999986
1.8226500000000002e-05,23.749996544,0.57574999744,1.471124997824,0.9375009279999986
1.8227e-05,23.749996544,0.56949999808,1.472374997696,0.9375009279999986
1.82275e-05,22.187496448000005,0.56949999808,1.473624997568,0.9375009279999986
1.8228000000000002e-05,22.968746496,0.56949999808,1.473624997568,0.9375009279999986
1.82285e-05,22.968746496,0.57574999744,1.476124997312,0.9375009279999986
1.8229e-05,23.749996544,0.5819999967999999,1.476124997312,1.2500008959999995
1.8229500000000002e-05,23.749996544,0.5819999967999999,1.47487499744,0.9375009279999986
1.823e-05,23.749996544,0.57574999744,1.473624997568,1.2500008959999995
1.82305e-05,23.749996544,0.57574999744,1.47487499744,0.9375009279999986
1.8231000000000002e-05,22.968746496,0.56949999808,1.47487499744,0.9375009279999986
1.82315e-05,23.749996544,0.56949999808,1.47487499744,0.9375009279999986
1.8232e-05,23.749996544,0.57574999744,1.473624997568,0.9375009279999986
1.8232500000000002e-05,23.749996544,0.56949999808,1.473624997568,0.9375009279999986
1.8233e-05,22.968746496,0.56949999808,1.472374997696,1.2500008959999995
1.82335e-05,23.749996544,0.56949999808,1.476124997312,1.2500008959999995
1.8234000000000002e-05,23.749996544,0.57574999744,1.47487499744,1.2500008959999995
1.82345e-05,22.968746496,0.56949999808,1.47487499744,0.9375009279999986
1.8235e-05,23.749996544,0.57574999744,1.47487499744,0.9375009279999986
1.8235500000000002e-05,22.968746496,0.57574999744,1.476124997312,0.9375009279999986
1.8236e-05,23.749996544,0.57574999744,1.477374997184,0.9375009279999986
1.82365e-05,23.749996544,0.57574999744,1.476124997312,0.9375009279999986
1.8237000000000002e-05,24.531246592000002,0.56949999808,1.473624997568,1.2500008959999995
1.82375e-05,23.749996544,0.56949999808,1.47487499744,0.9375009279999986
1.8238e-05,24.531246592000002,0.56949999808,1.476124997312,1.2500008959999995
1.82385e-05,23.749996544,0.56949999808,1.476124997312,0.9375009279999986
1.8239000000000003e-05,23.749996544,0.56949999808,1.473624997568,0.9375009279999986
1.82395e-05,22.968746496,0.56949999808,1.473624997568,0.9375009279999986
1.824e-05,23.749996544,0.57574999744,1.473624997568,0.9375009279999986
1.8240500000000003e-05,23.749996544,0.57574999744,1.476124997312,0.9375009279999986
1.8241e-05,22.968746496,0.57574999744,1.473624997568,1.2500008959999995
1.82415e-05,23.749996544,0.56949999808,1.473624997568,1.2500008959999995
1.8242000000000003e-05,23.749996544,0.57574999744,1.472374997696,0.9375009279999986
1.82425e-05,22.968746496,0.57574999744,1.47487499744,0.9375009279999986
1.8243e-05,22.968746496,0.57574999744,1.47487499744,0.9375009279999986
1.8243500000000002e-05,22.968746496,0.57574999744,1.47487499744,0.9375009279999986
1.8244e-05,22.968746496,0.57574999744,1.473624997568,0.9375009279999986
1.82445e-05,22.968746496,0.57574999744,1.47487499744,0.9375009279999986
1.8245000000000002e-05,23.749996544,0.57574999744,1.47487499744,0.9375009279999986
1.82455e-05,23.749996544,0.57574999744,1.472374997696,0.6250009599999995
1.8246e-05,23.749996544,0.56949999808,1.473624997568,0.9375009279999986
1.8246500000000002e-05,22.968746496,0.56949999808,1.473624997568,1.2500008959999995
1.8247e-05,23.749996544,0.56949999808,1.473624997568,0.9375009279999986
1.82475e-05,23.749996544,0.56949999808,1.476124997312,0.9375009279999986
1.8248000000000002e-05,23.749996544,0.57574999744,1.47487499744,0.9375009279999986
1.82485e-05,23.749996544,0.56949999808,1.47487499744,0.9375009279999986
1.8249e-05,23.749996544,0.56949999808,1.473624997568,0.9375009279999986
1.8249500000000002e-05,22.968746496,0.56949999808,1.47487499744,1.2500008959999995
1.825e-05,22.968746496,0.56949999808,1.47487499744,0.9375009279999986
1.82505e-05,23.749996544,0.56949999808,1.472374997696,0.6250009599999995
1.8251000000000002e-05,22.968746496,0.56949999808,1.472374997696,0.9375009279999986
1.82515e-05,22.968746496,0.57574999744,1.47487499744,0.9375009279999986
1.8252e-05,23.749996544,0.56949999808,1.47487499744,0.9375009279999986
1.8252500000000002e-05,22.968746496,0.57574999744,1.477374997184,0.9375009279999986
1.8253e-05,23.749996544,0.57574999744,1.476124997312,1.2500008959999995
1.82535e-05,22.968746496,0.57574999744,1.47487499744,0.9375009279999986
1.8254000000000002e-05,22.968746496,0.56949999808,1.476124997312,1.2500008959999995
1.82545e-05,22.968746496,0.56949999808,1.47487499744,0.9375009279999986
1.8255e-05,23.749996544,0.56949999808,1.473624997568,0.9375009279999986
1.82555e-05,22.968746496,0.5632499987199999,1.473624997568,0.9375009279999986
1.8256000000000003e-05,23.749996544,0.57574999744,1.473624997568,0.9375009279999986
1.82565e-05,23.749996544,0.56949999808,1.476124997312,0.9375009279999986
1.8257e-05,22.968746496,0.56949999808,1.476124997312,1.2500008959999995
1.8257500000000003e-05,22.968746496,0.57574999744,1.477374997184,1.2500008959999995
1.8258e-05,22.968746496,0.57574999744,1.476124997312,0.9375009279999986
1.82585e-05,22.968746496,0.57574999744,1.473624997568,1.2500008959999995
1.8259000000000003e-05,23.749996544,0.5819999967999999,1.473624997568,0.9375009279999986
1.82595e-05,23.749996544,0.57574999744,1.47487499744,0.9375009279999986
1.826e-05,22.968746496,0.56949999808,1.47487499744,1.2500008959999995
1.8260500000000002e-05,22.968746496,0.57574999744,1.47487499744,0.9375009279999986
1.8261e-05,23.749996544,0.56949999808,1.476124997312,1.2500008959999995
1.82615e-05,22.968746496,0.57574999744,1.476124997312,0.9375009279999986
1.8262000000000002e-05,23.749996544,0.56949999808,1.47487499744,0.9375009279999986
1.82625e-05,23.749996544,0.56949999808,1.473624997568,1.2500008959999995
1.8263e-05,23.749996544,0.56949999808,1.473624997568,0.9375009279999986
1.8263500000000002e-05,22.968746496,0.56949999808,1.473624997568,0.9375009279999986
1.8264e-05,22.968746496,0.57574999744,1.47487499744,1.2500008959999995
1.82645e-05,23.749996544,0.5632499987199999,1.47487499744,0.9375009279999986
1.8265000000000002e-05,22.968746496,0.56949999808,1.472374997696,1.2500008959999995
1.82655e-05,23.749996544,0.56949999808,1.473624997568,1.2500008959999995
1.8266e-05,23.749996544,0.57574999744,1.473624997568,0.9375009279999986
1.8266500000000002e-05,22.968746496,0.56949999808,1.472374997696,1.2500008959999995
1.8267e-05,23.749996544,0.56949999808,1.469874997952,0.9375009279999986
1.82675e-05,23.749996544,0.56949999808,1.471124997824,0.9375009279999986
1.8268000000000002e-05,23.749996544,0.56949999808,1.472374997696,1.2500008959999995
1.82685e-05,23.749996544,0.56949999808,1.47487499744,0.9375009279999986
1.8269e-05,24.531246592000002,0.56949999808,1.476124997312,0.9375009279999986
1.8269500000000002e-05,23.749996544,0.56949999808,1.473624997568,0.9375009279999986
1.827e-05,23.749996544,0.56949999808,1.473624997568,1.2500008959999995
1.82705e-05,22.968746496,0.56949999808,1.472374997696,1.2500008959999995
1.8271000000000002e-05,23.749996544,0.57574999744,1.471124997824,1.2500008959999995
1.82715e-05,22.968746496,0.56949999808,1.471124997824,0.9375009279999986
1.8272e-05,22.968746496,0.56949999808,1.473624997568,1.2500008959999995
1.82725e-05,22.968746496,0.56949999808,1.476124997312,0.9375009279999986
1.8273000000000003e-05,22.968746496,0.56949999808,1.47487499744,1.2500008959999995
1.82735e-05,23.749996544,0.56949999808,1.476124997312,1.2500008959999995
1.8274e-05,23.749996544,0.57574999744,1.476124997312,1.2500008959999995
1.8274500000000003e-05,23.749996544,0.56949999808,1.47487499744,0.9375009279999986
1.8275e-05,23.749996544,0.56949999808,1.476124997312,1.2500008959999995
1.82755e-05,23.749996544,0.56949999808,1.476124997312,1.5625008640000004
1.8276000000000003e-05,23.749996544,0.56949999808,1.47487499744,1.2500008959999995
1.82765e-05,23.749996544,0.57574999744,1.472374997696,1.5625008640000004
1.8277e-05,23.749996544,0.56949999808,1.472374997696,1.2500008959999995
1.8277500000000002e-05,23.749996544,0.57574999744,1.473624997568,1.2500008959999995
1.8278e-05,23.749996544,0.57574999744,1.473624997568,1.5625008640000004
1.82785e-05,22.968746496,0.56949999808,1.476124997312,1.8750008319999996
1.8279000000000002e-05,23.749996544,0.56949999808,1.47487499744,1.5625008640000004
1.82795e-05,23.749996544,0.56949999808,1.473624997568,1.2500008959999995
1.828e-05,23.749996544,0.5632499987199999,1.472374997696,1.5625008640000004
1.8280500000000002e-05,23.749996544,0.55699999936,1.476124997312,1.2500008959999995
1.8281e-05,22.968746496,0.56949999808,1.476124997312,1.2500008959999995
1.82815e-05,22.968746496,0.56949999808,1.47487499744,1.2500008959999995
1.8282000000000002e-05,22.968746496,0.57574999744,1.476124997312,0.9375009279999986
1.82825e-05,23.749996544,0.57574999744,1.47487499744,1.2500008959999995
1.8283e-05,22.968746496,0.57574999744,1.47487499744,0.9375009279999986
1.8283500000000002e-05,23.749996544,0.56949999808,1.47487499744,0.9375009279999986
1.8284e-05,23.749996544,0.56949999808,1.47487499744,1.2500008959999995
1.82845e-05,22.968746496,0.57574999744,1.473624997568,0.9375009279999986
1.8285000000000002e-05,23.749996544,0.57574999744,1.472374997696,1.2500008959999995
1.82855e-05,23.749996544,0.56949999808,1.471124997824,0.9375009279999986
1.8286e-05,23.749996544,0.56949999808,1.473624997568,1.2500008959999995
1.8286500000000002e-05,23.749996544,0.56949999808,1.476124997312,0.9375009279999986
1.8287e-05,23.749996544,0.56949999808,1.47487499744,0.9375009279999986
1.82875e-05,22.968746496,0.5632499987199999,1.47487499744,0.9375009279999986
1.8288000000000002e-05,23.749996544,0.57574999744,1.47487499744,0.9375009279999986
1.82885e-05,23.749996544,0.56949999808,1.476124997312,0.9375009279999986
1.8289e-05,22.968746496,0.56949999808,1.477374997184,1.2500008959999995
1.82895e-05,23.749996544,0.5819999967999999,1.47487499744,1.5625008640000004
1.8290000000000003e-05,23.749996544,0.57574999744,1.473624997568,0.9375009279999986
1.82905e-05,23.749996544,0.57574999744,1.473624997568,0.9375009279999986
1.8291e-05,23.749996544,0.5819999967999999,1.47487499744,1.2500008959999995
1.8291500000000003e-05,23.749996544,0.56949999808,1.473624997568,1.2500008959999995
1.8292e-05,22.968746496,0.57574999744,1.472374997696,1.2500008959999995
1.82925e-05,23.749996544,0.57574999744,1.472374997696,0.9375009279999986
1.8293000000000003e-05,24.531246592000002,0.57574999744,1.473624997568,0.9375009279999986
1.82935e-05,23.749996544,0.57574999744,1.47487499744,0.9375009279999986
1.8294e-05,23.749996544,0.57574999744,1.476124997312,1.2500008959999995
1.8294500000000002e-05,23.749996544,0.56949999808,1.473624997568,0.9375009279999986
1.8295e-05,22.968746496,0.56949999808,1.472374997696,1.2500008959999995
1.82955e-05,22.968746496,0.5632499987199999,1.473624997568,0.9375009279999986
1.8296000000000002e-05,22.968746496,0.56949999808,1.472374997696,1.2500008959999995
1.82965e-05,23.749996544,0.5632499987199999,1.47487499744,1.2500008959999995
1.8297e-05,23.749996544,0.56949999808,1.472374997696,1.2500008959999995
1.8297500000000002e-05,23.749996544,0.57574999744,1.472374997696,1.2500008959999995
1.8298e-05,23.749996544,0.57574999744,1.472374997696,1.2500008959999995
1.82985e-05,23.749996544,0.57574999744,1.472374997696,1.2500008959999995
1.8299000000000002e-05,23.749996544,0.57574999744,1.47487499744,0.9375009279999986
1.82995e-05,23.749996544,0.56949999808,1.47487499744,1.2500008959999995
1.83e-05,23.749996544,0.57574999744,1.473624997568,1.2500008959999995
1.8300500000000002e-05,23.749996544,0.57574999744,1.472374997696,1.5625008640000004
1.8301e-05,23.749996544,0.56949999808,1.472374997696,1.2500008959999995
1.83015e-05,23.749996544,0.57574999744,1.472374997696,0.9375009279999986
1.8302000000000002e-05,23.749996544,0.56949999808,1.473624997568,1.2500008959999995
1.83025e-05,23.749996544,0.57574999744,1.473624997568,1.2500008959999995
1.8303e-05,23.749996544,0.57574999744,1.472374997696,1.2500008959999995
1.8303500000000002e-05,23.749996544,0.56949999808,1.472374997696,0.9375009279999986
1.8304e-05,23.749996544,0.57574999744,1.472374997696,0.9375009279999986
1.83045e-05,23.749996544,0.56949999808,1.473624997568,1.2500008959999995
1.8305000000000002e-05,23.749996544,0.57574999744,1.47487499744,1.2500008959999995
1.83055e-05,23.749996544,0.56949999808,1.47487499744,1.5625008640000004
1.8306e-05,23.749996544,0.56949999808,1.472374997696,0.9375009279999986
1.83065e-05,23.749996544,0.56949999808,1.473624997568,0.9375009279999986
1.8307000000000003e-05,23.749996544,0.56949999808,1.47487499744,1.2500008959999995
1.83075e-05,23.749996544,0.56949999808,1.47487499744,1.2500008959999995
1.8308e-05,23.749996544,0.56949999808,1.47487499744,1.5625008640000004
1.8308500000000003e-05,23.749996544,0.57574999744,1.473624997568,0.9375009279999986
1.8309e-05,24.531246592000002,0.56949999808,1.473624997568,1.2500008959999995
1.83095e-05,23.749996544,0.56949999808,1.47487499744,0.9375009279999986
1.8310000000000003e-05,23.749996544,0.5632499987199999,1.47487499744,1.2500008959999995
1.83105e-05,23.749996544,0.56949999808,1.476124997312,1.2500008959999995
1.8311e-05,23.749996544,0.56949999808,1.47487499744,1.2500008959999995
1.8311500000000002e-05,23.749996544,0.57574999744,1.47487499744,0.9375009279999986
1.8312e-05,22.968746496,0.57574999744,1.473624997568,0.9375009279999986
1.83125e-05,23.749996544,0.56949999808,1.47487499744,1.2500008959999995
1.8313000000000002e-05,22.968746496,0.56949999808,1.473624997568,1.2500008959999995
1.83135e-05,23.749996544,0.57574999744,1.473624997568,1.5625008640000004
1.8314e-05,23.749996544,0.57574999744,1.472374997696,0.9375009279999986
1.8314500000000002e-05,23.749996544,0.57574999744,1.472374997696,0.9375009279999986
1.8315e-05,23.749996544,0.56949999808,1.473624997568,1.2500008959999995
1.83155e-05,23.749996544,0.56949999808,1.473624997568,1.5625008640000004
1.8316000000000002e-05,23.749996544,0.56949999808,1.472374997696,1.2500008959999995
1.83165e-05,23.749996544,0.57574999744,1.473624997568,0.9375009279999986
1.8317e-05,23.749996544,0.57574999744,1.472374997696,1.2500008959999995
1.8317500000000002e-05,23.749996544,0.56949999808,1.473624997568,1.2500008959999995
1.8318e-05,23.749996544,0.56949999808,1.472374997696,1.2500008959999995
1.83185e-05,23.749996544,0.56949999808,1.472374997696,0.9375009279999986
1.8319000000000002e-05,23.749996544,0.56949999808,1.472374997696,0.9375009279999986
1.83195e-05,23.749996544,0.56949999808,1.473624997568,0.9375009279999986
1.832e-05,23.749996544,0.57574999744,1.47487499744,1.2500008959999995
1.8320500000000002e-05,23.749996544,0.56949999808,1.473624997568,0.9375009279999986
1.8321e-05,23.749996544,0.56949999808,1.472374997696,0.9375009279999986
1.83215e-05,22.968746496,0.56949999808,1.473624997568,1.2500008959999995
1.8322000000000002e-05,23.749996544,0.56949999808,1.473624997568,1.2500008959999995
1.83225e-05,23.749996544,0.56949999808,1.472374997696,0.9375009279999986
1.8323e-05,23.749996544,0.57574999744,1.472374997696,1.2500008959999995
1.83235e-05,22.968746496,0.56949999808,1.472374997696,1.5625008640000004
1.8324000000000003e-05,22.187496448000005,0.56949999808,1.473624997568,1.2500008959999995
1.83245e-05,22.968746496,0.56949999808,1.473624997568,1.2500008959999995
1.8325e-05,23.749996544,0.56949999808,1.471124997824,1.2500008959999995
1.8325500000000003e-05,23.749996544,0.56949999808,1.469874997952,1.2500008959999995
1.8326e-05,22.968746496,0.56949999808,1.471124997824,1.5625008640000004
1.83265e-05,22.968746496,0.56949999808,1.471124997824,0.9375009279999986
1.8327000000000003e-05,22.968746496,0.5632499987199999,1.471124997824,0.9375009279999986
1.83275e-05,22.968746496,0.56949999808,1.469874997952,0.9375009279999986
1.8328e-05,22.968746496,0.56949999808,1.4686249980800001,0.9375009279999986
1.8328500000000002e-05,22.187496448000005,0.56949999808,1.472374997696,0.9375009279999986
1.8329e-05,22.968746496,0.56949999808,1.472374997696,1.2500008959999995
1.83295e-05,22.968746496,0.5632499987199999,1.476124997312,1.2500008959999995
1.8330000000000002e-05,23.749996544,0.56949999808,1.476124997312,1.2500008959999995
1.83305e-05,23.749996544,0.56949999808,1.47487499744,1.2500008959999995
1.8331e-05,23.749996544,0.56949999808,1.47487499744,1.2500008959999995
1.8331500000000002e-05,23.749996544,0.56949999808,1.473624997568,1.5625008640000004
1.8332e-05,23.749996544,0.56949999808,1.473624997568,1.2500008959999995
1.83325e-05,22.968746496,0.56949999808,1.473624997568,0.9375009279999986
1.8333000000000002e-05,23.749996544,0.5632499987199999,1.472374997696,1.2500008959999995
1.83335e-05,22.968746496,0.56949999808,1.471124997824,0.9375009279999986
1.8334e-05,23.749996544,0.5632499987199999,1.471124997824,1.2500008959999995
1.8334500000000002e-05,23.749996544,0.5632499987199999,1.473624997568,0.9375009279999986
1.8335e-05,23.749996544,0.56949999808,1.473624997568,0.9375009279999986
1.83355e-05,22.968746496,0.56949999808,1.471124997824,0.9375009279999986
1.8336000000000002e-05,22.968746496,0.57574999744,1.469874997952,1.2500008959999995
1.83365e-05,23.749996544,0.56949999808,1.472374997696,0.9375009279999986
1.8337e-05,22.968746496,0.56949999808,1.473624997568,0.9375009279999986
1.8337500000000002e-05,22.968746496,0.57574999744,1.473624997568,1.2500008959999995
1.8338e-05,22.968746496,0.56949999808,1.47487499744,1.2500008959999995
1.83385e-05,23.749996544,0.56949999808,1.476124997312,0.9375009279999986
1.8339000000000002e-05,23.749996544,0.57574999744,1.47487499744,1.2500008959999995
1.83395e-05,23.749996544,0.56949999808,1.47487499744,1.2500008959999995
1.834e-05,23.749996544,0.5632499987199999,1.476124997312,1.2500008959999995
1.83405e-05,23.749996544,0.56949999808,1.476124997312,0.9375009279999986
1.8341000000000003e-05,23.749996544,0.5632499987199999,1.47487499744,1.2500008959999995
1.83415e-05,23.749996544,0.56949999808,1.473624997568,0.9375009279999986
1.8342e-05,23.749996544,0.5632499987199999,1.473624997568,1.2500008959999995
1.8342500000000003e-05,23.749996544,0.56949999808,1.473624997568,1.2500008959999995
1.8343e-05,22.968746496,0.5632499987199999,1.472374997696,1.2500008959999995
1.83435e-05,23.749996544,0.56949999808,1.473624997568,0.9375009279999986
1.8344000000000003e-05,22.968746496,0.57574999744,1.473624997568,1.2500008959999995
1.83445e-05,23.749996544,0.56949999808,1.47487499744,0.9375009279999986
1.8345e-05,22.968746496,0.56949999808,1.472374997696,1.2500008959999995
1.8345500000000002e-05,22.968746496,0.56949999808,1.473624997568,1.5625008640000004
1.8346e-05,23.749996544,0.56949999808,1.473624997568,1.2500008959999995
1.83465e-05,23.749996544,0.57574999744,1.47487499744,1.2500008959999995
1.8347000000000002e-05,23.749996544,0.56949999808,1.472374997696,1.2500008959999995
1.83475e-05,23.749996544,0.56949999808,1.4686249980800001,1.2500008959999995
1.8348e-05,22.968746496,0.56949999808,1.472374997696,1.2500008959999995
1.8348500000000002e-05,23.749996544,0.57574999744,1.47487499744,1.2500008959999995
1.8349e-05,24.531246592000002,0.57574999744,1.476124997312,1.2500008959999995
1.83495e-05,24.531246592000002,0.56949999808,1.47487499744,0.9375009279999986
1.8350000000000002e-05,23.749996544,0.56949999808,1.476124997312,1.2500008959999995
1.83505e-05,23.749996544,0.56949999808,1.473624997568,1.5625008640000004
1.8351e-05,22.968746496,0.57574999744,1.473624997568,1.5625008640000004
1.8351500000000002e-05,23.749996544,0.56949999808,1.473624997568,1.2500008959999995
1.8352e-05,23.749996544,0.57574999744,1.47487499744,1.2500008959999995
1.83525e-05,22.968746496,0.56949999808,1.478624997056,0.9375009279999986
1.8353000000000002e-05,22.968746496,0.57574999744,1.476124997312,1.2500008959999995
1.83535e-05,23.749996544,0.56949999808,1.476124997312,1.2500008959999995
1.8354e-05,24.531246592000002,0.56949999808,1.472374997696,0.9375009279999986
1.8354500000000002e-05,23.749996544,0.56949999808,1.473624997568,0.9375009279999986
1.8355e-05,23.749996544,0.56949999808,1.47487499744,1.5625008640000004
1.83555e-05,23.749996544,0.56949999808,1.473624997568,1.5625008640000004
1.8356000000000002e-05,23.749996544,0.56949999808,1.471124997824,1.2500008959999995
1.83565e-05,23.749996544,0.57574999744,1.472374997696,0.9375009279999986
1.8357e-05,23.749996544,0.56949999808,1.472374997696,1.2500008959999995
1.83575e-05,22.968746496,0.56949999808,1.472374997696,1.2500008959999995
1.8358000000000003e-05,22.968746496,0.5632499987199999,1.472374997696,1.2500008959999995
1.83585e-05,23.749996544,0.56949999808,1.471124997824,1.2500008959999995
1.8359e-05,22.968746496,0.56949999808,1.471124997824,0.9375009279999986
1.8359500000000003e-05,23.749996544,0.56949999808,1.473624997568,0.9375009279999986
1.836e-05,23.749996544,0.56949999808,1.472374997696,1.2500008959999995
1.83605e-05,23.749996544,0.56949999808,1.473624997568,1.2500008959999995
1.8361000000000003e-05,22.968746496,0.56949999808,1.473624997568,1.2500008959999995
1.83615e-05,22.968746496,0.57574999744,1.473624997568,1.2500008959999995
1.8362e-05,23.749996544,0.56949999808,1.473624997568,0.9375009279999986
1.8362500000000002e-05,23.749996544,0.5632499987199999,1.47487499744,1.2500008959999995
1.8363e-05,23.749996544,0.56949999808,1.476124997312,0.9375009279999986
1.83635e-05,22.968746496,0.56949999808,1.476124997312,1.5625008640000004
1.8364000000000002e-05,23.749996544,0.57574999744,1.47487499744,1.2500008959999995
1.83645e-05,23.749996544,0.5819999967999999,1.47487499744,1.2500008959999995
1.8365e-05,23.749996544,0.57574999744,1.478624997056,1.5625008640000004
1.8365500000000002e-05,24.531246592000002,0.56949999808,1.477374997184,1.2500008959999995
1.8366e-05,23.749996544,0.56949999808,1.47487499744,1.5625008640000004
1.83665e-05,23.749996544,0.56949999808,1.473624997568,1.5625008640000004
1.8367000000000002e-05,23.749996544,0.57574999744,1.469874997952,1.5625008640000004
1.83675e-05,23.749996544,0.56949999808,1.469874997952,0.9375009279999986
1.8368e-05,23.749996544,0.57574999744,1.472374997696,1.2500008959999995
1.8368500000000002e-05,23.749996544,0.56949999808,1.476124997312,0.9375009279999986
1.8369e-05,24.531246592000002,0.56949999808,1.473624997568,1.2500008959999995
1.83695e-05,23.749996544,0.57574999744,1.473624997568,1.2500008959999995
1.8370000000000002e-05,23.749996544,0.57574999744,1.472374997696,1.2500008959999995
1.83705e-05,22.968746496,0.56949999808,1.472374997696,1.2500008959999995
1.8371e-05,23.749996544,0.5819999967999999,1.472374997696,1.5625008640000004
1.8371500000000002e-05,22.968746496,0.57574999744,1.471124997824,1.5625008640000004
1.8372e-05,23.749996544,0.56949999808,1.469874997952,1.2500008959999995
1.83725e-05,23.749996544,0.57574999744,1.472374997696,1.2500008959999995
1.8373000000000002e-05,23.749996544,0.57574999744,1.476124997312,1.2500008959999995
1.83735e-05,23.749996544,0.57574999744,1.473624997568,0.9375009279999986
1.8374e-05,22.968746496,0.56949999808,1.472374997696,1.5625008640000004
1.8374500000000002e-05,22.968746496,0.56949999808,1.473624997568,1.2500008959999995
1.8375000000000003e-05,22.968746496,0.56949999808,1.473624997568,1.2500008959999995
1.83755e-05,23.749996544,0.56949999808,1.473624997568,0.9375009279999986
1.8376e-05,22.968746496,0.57574999744,1.472374997696,1.2500008959999995
1.8376500000000003e-05,23.749996544,0.56949999808,1.476124997312,0.9375009279999986
1.8377e-05,22.968746496,0.56949999808,1.47487499744,1.2500008959999995
1.83775e-05,22.968746496,0.57574999744,1.473624997568,1.2500008959999995
1.8378000000000003e-05,23.749996544,0.57574999744,1.472374997696,0.9375009279999986
1.83785e-05,23.749996544,0.5632499987199999,1.472374997696,1.2500008959999995
1.8379e-05,23.749996544,0.56949999808,1.471124997824,1.2500008959999995
1.8379500000000002e-05,22.968746496,0.56949999808,1.472374997696,1.2500008959999995
1.838e-05,23.749996544,0.56949999808,1.469874997952,1.5625008640000004
1.83805e-05,23.749996544,0.56949999808,1.472374997696,1.2500008959999995
1.8381000000000002e-05,23.749996544,0.57574999744,1.473624997568,1.5625008640000004
1.83815e-05,22.968746496,0.57574999744,1.472374997696,1.2500008959999995
1.8382e-05,23.749996544,0.5632499987199999,1.472374997696,1.5625008640000004
1.8382500000000002e-05,22.968746496,0.56949999808,1.473624997568,1.5625008640000004
1.8383e-05,22.968746496,0.57574999744,1.473624997568,0.9375009279999986
1.83835e-05,23.749996544,0.56949999808,1.473624997568,1.2500008959999995
1.8384000000000002e-05,22.968746496,0.56949999808,1.472374997696,1.2500008959999995
1.83845e-05,23.749996544,0.56949999808,1.473624997568,1.2500008959999995
1.8385e-05,22.968746496,0.56949999808,1.473624997568,1.5625008640000004
1.8385500000000002e-05,23.749996544,0.56949999808,1.473624997568,1.5625008640000004
1.8386e-05,23.749996544,0.57574999744,1.472374997696,1.2500008959999995
1.83865e-05,22.968746496,0.5632499987199999,1.47487499744,1.2500008959999995
1.8387000000000002e-05,23.749996544,0.57574999744,1.47487499744,1.5625008640000004
1.83875e-05,22.968746496,0.5632499987199999,1.472374997696,1.5625008640000004
1.8388e-05,22.968746496,0.56949999808,1.47487499744,1.5625008640000004
1.8388500000000002e-05,23.749996544,0.56949999808,1.477374997184,1.2500008959999995
1.8389e-05,24.531246592000002,0.56949999808,1.476124997312,1.2500008959999995
1.83895e-05,22.968746496,0.57574999744,1.47487499744,1.2500008959999995
1.8390000000000002e-05,23.749996544,0.56949999808,1.473624997568,1.5625008640000004
1.83905e-05,23.749996544,0.56949999808,1.476124997312,1.5625008640000004
1.8391e-05,23.749996544,0.56949999808,1.47487499744,1.5625008640000004
1.8391500000000002e-05,23.749996544,0.5632499987199999,1.47487499744,1.2500008959999995
1.8392000000000003e-05,23.749996544,0.56949999808,1.47487499744,1.2500008959999995
1.83925e-05,23.749996544,0.56949999808,1.47487499744,1.2500008959999995
1.8393e-05,22.968746496,0.56949999808,1.473624997568,1.5625008640000004
1.8393500000000003e-05,22.968746496,0.56949999808,1.473624997568,1.5625008640000004
1.8394e-05,22.968746496,0.56949999808,1.473624997568,1.5625008640000004
1.83945e-05,22.968746496,0.56949999808,1.47487499744,1.2500008959999995
1.8395000000000003e-05,23.749996544,0.56949999808,1.472374997696,1.5625008640000004
1.83955e-05,22.968746496,0.56949999808,1.471124997824,1.5625008640000004
1.8396e-05,22.968746496,0.56949999808,1.471124997824,1.5625008640000004
1.8396500000000003e-05,22.968746496,0.57574999744,1.473624997568,1.5625008640000004
1.8397e-05,23.749996544,0.56949999808,1.476124997312,1.5625008640000004
1.83975e-05,23.749996544,0.57574999744,1.47487499744,1.2500008959999995
1.8398000000000002e-05,23.749996544,0.56949999808,1.472374997696,1.2500008959999995
1.83985e-05,23.749996544,0.56949999808,1.472374997696,1.5625008640000004
1.8399e-05,22.968746496,0.57574999744,1.473624997568,1.2500008959999995
1.8399500000000002e-05,22.968746496,0.56949999808,1.473624997568,0.9375009279999986
1.84e-05,23.749996544,0.57574999744,1.473624997568,1.2500008959999995
1.84005e-05,23.749996544,0.56949999808,1.47487499744,1.2500008959999995
1.8401000000000002e-05,22.968746496,0.56949999808,1.473624997568,1.5625008640000004
1.84015e-05,22.968746496,0.56949999808,1.473624997568,1.2500008959999995
1.8402e-05,23.749996544,0.56949999808,1.47487499744,1.5625008640000004
1.8402500000000002e-05,22.968746496,0.56949999808,1.473624997568,1.2500008959999995
1.8403e-05,23.749996544,0.56949999808,1.473624997568,1.2500008959999995
1.84035e-05,22.968746496,0.56949999808,1.473624997568,1.5625008640000004
1.8404000000000002e-05,23.749996544,0.56949999808,1.473624997568,1.2500008959999995
1.84045e-05,22.968746496,0.57574999744,1.471124997824,1.5625008640000004
1.8405e-05,22.968746496,0.57574999744,1.471124997824,1.5625008640000004
1.8405500000000002e-05,22.968746496,0.56949999808,1.472374997696,1.2500008959999995
1.8406e-05,23.749996544,0.56949999808,1.473624997568,1.5625008640000004
1.84065e-05,23.749996544,0.56949999808,1.473624997568,1.5625008640000004
1.8407000000000002e-05,23.749996544,0.56949999808,1.473624997568,1.2500008959999995
1.84075e-05,23.749996544,0.56949999808,1.476124997312,1.2500008959999995
1.8408e-05,23.749996544,0.57574999744,1.47487499744,1.5625008640000004
1.8408500000000002e-05,23.749996544,0.56949999808,1.47487499744,0.9375009279999986
1.8409000000000003e-05,22.968746496,0.57574999744,1.472374997696,1.5625008640000004
1.84095e-05,23.749996544,0.57574999744,1.473624997568,1.2500008959999995
1.841e-05,23.749996544,0.57574999744,1.472374997696,1.2500008959999995
1.8410500000000003e-05,22.968746496,0.56949999808,1.471124997824,1.2500008959999995
1.8411e-05,22.968746496,0.56949999808,1.473624997568,1.5625008640000004
1.84115e-05,22.968746496,0.56949999808,1.473624997568,1.5625008640000004
1.8412000000000003e-05,23.749996544,0.56949999808,1.47487499744,1.5625008640000004
1.84125e-05,24.531246592000002,0.57574999744,1.473624997568,1.2500008959999995
1.8413e-05,23.749996544,0.5819999967999999,1.472374997696,1.2500008959999995
1.8413500000000003e-05,23.749996544,0.57574999744,1.47487499744,1.2500008959999995
1.8414e-05,23.749996544,0.56949999808,1.476124997312,1.5625008640000004
1.84145e-05,22.968746496,0.56949999808,1.473624997568,1.5625008640000004
1.8415000000000002e-05,22.968746496,0.57574999744,1.472374997696,1.2500008959999995
1.84155e-05,22.968746496,0.56949999808,1.473624997568,1.2500008959999995
1.8416e-05,23.749996544,0.56949999808,1.47487499744,1.2500008959999995
1.8416500000000002e-05,23.749996544,0.56949999808,1.476124997312,1.2500008959999995
1.8417e-05,22.968746496,0.56949999808,1.473624997568,1.5625008640000004
1.84175e-05,23.749996544,0.56949999808,1.473624997568,1.5625008640000004
1.8418000000000002e-05,22.968746496,0.56949999808,1.472374997696,1.2500008959999995
1.84185e-05,22.968746496,0.5632499987199999,1.473624997568,1.2500008959999995
1.8419e-05,23.749996544,0.57574999744,1.473624997568,1.5625008640000004
1.8419500000000002e-05,22.968746496,0.56949999808,1.473624997568,1.2500008959999995
1.842e-05,22.968746496,0.57574999744,1.47487499744,1.5625008640000004
1.84205e-05,23.749996544,0.57574999744,1.473624997568,1.2500008959999995
1.8421000000000002e-05,23.749996544,0.57574999744,1.472374997696,1.2500008959999995
1.84215e-05,22.968746496,0.57574999744,1.471124997824,1.2500008959999995
1.8422e-05,23.749996544,0.56949999808,1.473624997568,1.2500008959999995
1.8422500000000002e-05,23.749996544,0.56949999808,1.47487499744,1.2500008959999995
1.8423e-05,22.968746496,0.56949999808,1.472374997696,1.2500008959999995
1.84235e-05,22.968746496,0.56949999808,1.473624997568,1.2500008959999995
1.8424000000000002e-05,23.749996544,0.57574999744,1.473624997568,1.2500008959999995
1.84245e-05,23.749996544,0.56949999808,1.47487499744,0.9375009279999986
1.8425e-05,22.968746496,0.5632499987199999,1.47487499744,1.5625008640000004
1.8425500000000002e-05,23.749996544,0.5632499987199999,1.472374997696,1.2500008959999995
1.8426000000000003e-05,23.749996544,0.56949999808,1.473624997568,1.2500008959999995
1.84265e-05,22.187496448000005,0.56949999808,1.473624997568,1.2500008959999995
1.8427e-05,23.749996544,0.56949999808,1.473624997568,1.5625008640000004
1.8427500000000003e-05,23.749996544,0.57574999744,1.473624997568,1.5625008640000004
1.8428e-05,23.749996544,0.56949999808,1.471124997824,1.2500008959999995
1.84285e-05,23.749996544,0.56949999808,1.472374997696,0.9375009279999986
1.8429000000000003e-05,22.968746496,0.56949999808,1.473624997568,1.2500008959999995
1.84295e-05,22.968746496,0.56949999808,1.473624997568,1.2500008959999995
1.843e-05,22.968746496,0.56949999808,1.472374997696,1.2500008959999995
1.8430500000000003e-05,23.749996544,0.56949999808,1.473624997568,1.2500008959999995
1.8431e-05,23.749996544,0.56949999808,1.473624997568,1.2500008959999995
1.84315e-05,22.968746496,0.56949999808,1.472374997696,1.2500008959999995
1.8432000000000002e-05,22.968746496,0.57574999744,1.471124997824,1.5625008640000004
1.84325e-05,23.749996544,0.56949999808,1.472374997696,1.2500008959999995
1.8433e-05,22.968746496,0.56949999808,1.4686249980800001,1.2500008959999995
1.8433500000000002e-05,22.968746496,0.57574999744,1.472374997696,1.2500008959999995
1.8434e-05,23.749996544,0.56949999808,1.472374997696,1.5625008640000004
1.84345e-05,22.968746496,0.5632499987199999,1.472374997696,1.5625008640000004
1.8435000000000002e-05,22.968746496,0.56949999808,1.471124997824,1.5625008640000004
1.84355e-05,22.968746496,0.56949999808,1.471124997824,1.5625008640000004
1.8436e-05,23.749996544,0.56949999808,1.472374997696,1.5625008640000004
1.8436500000000002e-05,23.749996544,0.57574999744,1.476124997312,1.5625008640000004
1.8437e-05,23.749996544,0.56949999808,1.473624997568,1.2500008959999995
1.84375e-05,23.749996544,0.56949999808,1.473624997568,1.2500008959999995
1.8438000000000002e-05,23.749996544,0.56949999808,1.476124997312,1.5625008640000004
1.84385e-05,23.749996544,0.56949999808,1.477374997184,1.5625008640000004
1.8439e-05,22.968746496,0.56949999808,1.476124997312,1.5625008640000004
1.8439500000000002e-05,22.968746496,0.56949999808,1.47487499744,1.2500008959999995
1.844e-05,23.749996544,0.57574999744,1.472374997696,1.5625008640000004
1.84405e-05,23.749996544,0.5632499987199999,1.476124997312,1.2500008959999995
1.8441000000000002e-05,22.968746496,0.56949999808,1.476124997312,1.5625008640000004
1.84415e-05,23.749996544,0.56949999808,1.476124997312,1.2500008959999995
1.8442e-05,22.968746496,0.56949999808,1.473624997568,1.5625008640000004
1.8442500000000002e-05,22.968746496,0.56949999808,1.472374997696,1.2500008959999995
1.8443000000000003e-05,22.968746496,0.57574999744,1.472374997696,1.5625008640000004
1.84435e-05,22.968746496,0.56949999808,1.473624997568,1.5625008640000004
1.8444e-05,22.187496448000005,0.56949999808,1.473624997568,1.2500008959999995
1.8444500000000003e-05,22.968746496,0.56949999808,1.473624997568,1.5625008640000004
1.8445e-05,23.749996544,0.5632499987199999,1.473624997568,1.5625008640000004
1.84455e-05,23.749996544,0.56949999808,1.473624997568,1.2500008959999995
1.8446000000000003e-05,23.749996544,0.56949999808,1.472374997696,1.5625008640000004
1.84465e-05,22.968746496,0.56949999808,1.47487499744,1.2500008959999995
1.8447e-05,22.968746496,0.56949999808,1.473624997568,1.2500008959999995
1.8447500000000003e-05,22.968746496,0.56949999808,1.473624997568,1.2500008959999995
1.8448e-05,22.968746496,0.56949999808,1.473624997568,1.5625008640000004
1.84485e-05,22.968746496,0.56949999808,1.473624997568,1.2500008959999995
1.8449000000000002e-05,22.187496448000005,0.56949999808,1.472374997696,1.5625008640000004
1.84495e-05,22.968746496,0.56949999808,1.472374997696,1.8750008319999996
1.845e-05,23.749996544,0.56949999808,1.472374997696,1.5625008640000004
1.8450500000000002e-05,22.968746496,0.56949999808,1.473624997568,1.5625008640000004
1.8451e-05,23.749996544,0.56949999808,1.472374997696,1.5625008640000004
1.84515e-05,23.749996544,0.56949999808,1.471124997824,1.5625008640000004
1.8452000000000002e-05,22.968746496,0.56949999808,1.472374997696,1.5625008640000004
1.84525e-05,22.968746496,0.56949999808,1.472374997696,1.5625008640000004
1.8453e-05,23.749996544,0.56949999808,1.472374997696,1.5625008640000004
1.8453500000000002e-05,22.968746496,0.56949999808,1.471124997824,1.5625008640000004
1.8454e-05,22.968746496,0.56949999808,1.472374997696,1.5625008640000004
1.84545e-05,22.968746496,0.56949999808,1.472374997696,1.5625008640000004
1.8455000000000002e-05,23.749996544,0.56949999808,1.471124997824,1.5625008640000004
1.84555e-05,22.968746496,0.56949999808,1.472374997696,1.2500008959999995
1.8456e-05,22.968746496,0.57574999744,1.47487499744,1.5625008640000004
1.8456500000000002e-05,23.749996544,0.56949999808,1.476124997312,1.2500008959999995
1.8457e-05,22.968746496,0.56949999808,1.476124997312,1.5625008640000004
1.84575e-05,22.968746496,0.56949999808,1.47487499744,1.5625008640000004
1.8458000000000002e-05,22.968746496,0.56949999808,1.471124997824,1.5625008640000004
1.84585e-05,22.968746496,0.56949999808,1.471124997824,1.2500008959999995
1.8459e-05,23.749996544,0.56949999808,1.472374997696,1.5625008640000004
1.8459500000000002e-05,22.968746496,0.56949999808,1.472374997696,1.5625008640000004
1.8460000000000003e-05,22.968746496,0.57574999744,1.472374997696,1.5625008640000004
1.84605e-05,23.749996544,0.57574999744,1.471124997824,1.5625008640000004
1.8461e-05,23.749996544,0.57574999744,1.4686249980800001,1.5625008640000004
1.8461500000000003e-05,23.749996544,0.56949999808,1.4686249980800001,1.2500008959999995
1.8462e-05,22.968746496,0.56949999808,1.471124997824,1.5625008640000004
1.84625e-05,23.749996544,0.56949999808,1.469874997952,1.5625008640000004
1.8463000000000003e-05,23.749996544,0.56949999808,1.471124997824,1.2500008959999995
1.84635e-05,23.749996544,0.56949999808,1.473624997568,0.9375009279999986
1.8464e-05,23.749996544,0.56949999808,1.473624997568,1.2500008959999995
1.8464500000000003e-05,23.749996544,0.56949999808,1.47487499744,1.2500008959999995
1.8465e-05,22.968746496,0.56949999808,1.473624997568,1.5625008640000004
1.84655e-05,23.749996544,0.56949999808,1.476124997312,1.5625008640000004
1.8466000000000002e-05,23.749996544,0.56949999808,1.476124997312,1.5625008640000004
1.84665e-05,22.968746496,0.5632499987199999,1.471124997824,1.5625008640000004
1.8467e-05,23.749996544,0.56949999808,1.471124997824,1.5625008640000004
1.8467500000000002e-05,22.968746496,0.56949999808,1.473624997568,1.5625008640000004
1.8468e-05,22.968746496,0.56949999808,1.473624997568,1.5625008640000004
1.84685e-05,23.749996544,0.56949999808,1.473624997568,1.5625008640000004
1.8469000000000002e-05,23.749996544,0.56949999808,1.472374997696,1.5625008640000004
1.84695e-05,23.749996544,0.56949999808,1.471124997824,1.2500008959999995
1.847e-05,24.531246592000002,0.57574999744,1.472374997696,1.5625008640000004
1.8470500000000002e-05,23.749996544,0.56949999808,1.47487499744,1.8750008319999996
1.8471e-05,23.749996544,0.56949999808,1.472374997696,1.5625008640000004
1.84715e-05,23.749996544,0.56949999808,1.471124997824,0.9375009279999986
1.8472000000000002e-05,23.749996544,0.57574999744,1.471124997824,1.2500008959999995
1.84725e-05,23.749996544,0.57574999744,1.473624997568,1.2500008959999995
1.8473e-05,22.968746496,0.56949999808,1.473624997568,1.2500008959999995
1.8473500000000002e-05,23.749996544,0.56949999808,1.473624997568,1.2500008959999995
1.8474e-05,23.749996544,0.57574999744,1.473624997568,1.2500008959999995
1.84745e-05,23.749996544,0.57574999744,1.473624997568,1.2500008959999995
1.8475000000000002e-05,22.968746496,0.5819999967999999,1.473624997568,1.2500008959999995
1.84755e-05,23.749996544,0.57574999744,1.473624997568,1.2500008959999995
1.8476e-05,23.749996544,0.56949999808,1.472374997696,1.5625008640000004
1.8476500000000002e-05,24.531246592000002,0.57574999744,1.473624997568,1.2500008959999995
1.8477000000000003e-05,23.749996544,0.56949999808,1.47487499744,1.2500008959999995
1.84775e-05,22.968746496,0.57574999744,1.473624997568,1.2500008959999995
1.8478e-05,23.749996544,0.56949999808,1.473624997568,1.5625008640000004
1.8478500000000003e-05,23.749996544,0.56949999808,1.47487499744,1.5625008640000004
1.8479e-05,23.749996544,0.56949999808,1.473624997568,1.5625008640000004
1.84795e-05,22.968746496,0.57574999744,1.473624997568,1.2500008959999995
1.8480000000000003e-05,22.968746496,0.56949999808,1.472374997696,1.2500008959999995
1.84805e-05,24.531246592000002,0.56949999808,1.476124997312,1.2500008959999995
1.8481e-05,23.749996544,0.5632499987199999,1.476124997312,1.5625008640000004
1.8481500000000003e-05,23.749996544,0.56949999808,1.476124997312,1.5625008640000004
1.8482e-05,23.749996544,0.56949999808,1.47487499744,1.2500008959999995
1.84825e-05,22.968746496,0.57574999744,1.47487499744,1.2500008959999995
1.8483000000000002e-05,22.968746496,0.56949999808,1.47487499744,1.2500008959999995
1.84835e-05,23.749996544,0.57574999744,1.476124997312,1.2500008959999995
1.8484e-05,23.749996544,0.56949999808,1.476124997312,1.5625008640000004
1.8484500000000002e-05,23.749996544,0.56949999808,1.477374997184,1.5625008640000004
1.8485e-05,23.749996544,0.56949999808,1.476124997312,1.5625008640000004
1.84855e-05,23.749996544,0.57574999744,1.477374997184,1.2500008959999995
1.8486000000000002e-05,23.749996544,0.56949999808,1.476124997312,1.8750008319999996
1.84865e-05,22.968746496,0.5632499987199999,1.476124997312,1.5625008640000004
1.8487e-05,22.968746496,0.5632499987199999,1.473624997568,1.2500008959999995
1.8487500000000002e-05,23.749996544,0.5632499987199999,1.472374997696,1.2500008959999995
1.8488e-05,22.968746496,0.57574999744,1.472374997696,1.5625008640000004
1.84885e-05,22.968746496,0.5632499987199999,1.47487499744,1.2500008959999995
1.8489000000000002e-05,22.968746496,0.56949999808,1.47487499744,1.5625008640000004
1.84895e-05,22.968746496,0.56949999808,1.473624997568,1.5625008640000004
1.849e-05,22.968746496,0.56949999808,1.472374997696,1.2500008959999995
1.8490500000000002e-05,22.968746496,0.57574999744,1.471124997824,1.2500008959999995
1.8491e-05,22.968746496,0.56949999808,1.471124997824,1.8750008319999996
1.84915e-05,22.968746496,0.56949999808,1.469874997952,1.5625008640000004
1.8492000000000002e-05,22.968746496,0.56949999808,1.469874997952,1.5625008640000004
1.84925e-05,23.749996544,0.56949999808,1.471124997824,1.5625008640000004
1.8493e-05,23.749996544,0.56949999808,1.473624997568,1.5625008640000004
1.8493500000000002e-05,23.749996544,0.56949999808,1.473624997568,1.2500008959999995
1.8494000000000003e-05,23.749996544,0.57574999744,1.472374997696,1.5625008640000004
1.84945e-05,22.968746496,0.56949999808,1.473624997568,1.5625008640000004
1.8495e-05,22.968746496,0.56949999808,1.472374997696,1.5625008640000004
1.8495500000000003e-05,22.968746496,0.5632499987199999,1.471124997824,0.9375009279999986
1.8496e-05,22.968746496,0.56949999808,1.471124997824,1.2500008959999995
1.84965e-05,22.968746496,0.56949999808,1.473624997568,1.2500008959999995
1.8497000000000003e-05,22.968746496,0.56949999808,1.473624997568,1.5625008640000004
1.84975e-05,22.968746496,0.56949999808,1.476124997312,1.5625008640000004
1.8498e-05,22.968746496,0.57574999744,1.476124997312,1.8750008319999996
1.8498500000000003e-05,22.968746496,0.56949999808,1.476124997312,1.5625008640000004
1.8499e-05,22.968746496,0.57574999744,1.478624997056,1.5625008640000004
1.84995e-05,23.749996544,0.56949999808,1.476124997312,1.8750008319999996
1.8500000000000002e-05,23.749996544,0.56949999808,1.471124997824,1.5625008640000004
1.85005e-05,22.968746496,0.57574999744,1.473624997568,1.5625008640000004
1.8501e-05,23.749996544,0.56949999808,1.473624997568,1.8750008319999996
1.8501500000000002e-05,22.968746496,0.56949999808,1.473624997568,1.5625008640000004
1.8502e-05,23.749996544,0.5632499987199999,1.472374997696,1.5625008640000004
1.85025e-05,23.749996544,0.56949999808,1.473624997568,1.5625008640000004
1.8503000000000002e-05,22.187496448000005,0.56949999808,1.473624997568,1.8750008319999996
1.85035e-05,22.968746496,0.56949999808,1.473624997568,0.9375009279999986
1.8504e-05,23.749996544,0.57574999744,1.472374997696,1.5625008640000004
1.8504500000000002e-05,23.749996544,0.56949999808,1.473624997568,1.2500008959999995
1.8505e-05,22.968746496,0.56949999808,1.473624997568,1.5625008640000004
1.85055e-05,22.968746496,0.56949999808,1.473624997568,1.5625008640000004
1.8506000000000002e-05,23.749996544,0.56949999808,1.473624997568,1.5625008640000004
1.85065e-05,23.749996544,0.56949999808,1.472374997696,1.2500008959999995
1.8507e-05,23.749996544,0.56949999808,1.473624997568,1.5625008640000004
1.8507500000000002e-05,23.749996544,0.5632499987199999,1.472374997696,1.5625008640000004
1.8508e-05,22.968746496,0.56949999808,1.472374997696,1.5625008640000004
1.85085e-05,22.968746496,0.5632499987199999,1.47487499744,1.5625008640000004
1.8509000000000002e-05,23.749996544,0.56949999808,1.473624997568,1.8750008319999996
1.85095e-05,22.968746496,0.56949999808,1.472374997696,1.8750008319999996
1.851e-05,23.749996544,0.5632499987199999,1.472374997696,1.8750008319999996
1.8510500000000002e-05,23.749996544,0.57574999744,1.473624997568,1.8750008319999996
1.8511e-05,22.968746496,0.56949999808,1.473624997568,1.5625008640000004
1.85115e-05,22.968746496,0.5632499987199999,1.477374997184,1.2500008959999995
1.8512e-05,23.749996544,0.57574999744,1.472374997696,1.5625008640000004
1.8512500000000003e-05,23.749996544,0.56949999808,1.472374997696,1.5625008640000004
1.8513e-05,22.968746496,0.56949999808,1.469874997952,1.5625008640000004
1.85135e-05,22.968746496,0.5632499987199999,1.473624997568,1.5625008640000004
1.8514000000000003e-05,22.968746496,0.56949999808,1.47487499744,1.5625008640000004
1.85145e-05,22.968746496,0.5632499987199999,1.47487499744,1.2500008959999995
1.8515e-05,23.749996544,0.56949999808,1.473624997568,1.5625008640000004
1.8515500000000003e-05,22.968746496,0.57574999744,1.472374997696,1.8750008319999996
1.8516e-05,22.187496448000005,0.56949999808,1.472374997696,1.5625008640000004
1.85165e-05,23.749996544,0.56949999808,1.472374997696,1.5625008640000004
1.8517000000000002e-05,23.749996544,0.57574999744,1.472374997696,1.8750008319999996
1.85175e-05,23.749996544,0.56949999808,1.472374997696,1.5625008640000004
1.8518e-05,22.968746496,0.5632499987199999,1.473624997568,1.8750008319999996
1.8518500000000002e-05,22.187496448000005,0.5632499987199999,1.476124997312,1.8750008319999996
1.8519e-05,22.187496448000005,0.56949999808,1.47487499744,1.5625008640000004
1.85195e-05,22.968746496,0.56949999808,1.473624997568,1.5625008640000004
1.8520000000000002e-05,22.968746496,0.5632499987199999,1.471124997824,1.5625008640000004
1.85205e-05,23.749996544,0.5632499987199999,1.471124997824,1.5625008640000004
1.8521e-05,22.968746496,0.56949999808,1.471124997824,1.5625008640000004
1.8521500000000002e-05,22.968746496,0.5632499987199999,1.472374997696,1.5625008640000004
1.8522e-05,22.968746496,0.56949999808,1.471124997824,1.8750008319999996
1.85225e-05,23.749996544,0.56949999808,1.469874997952,1.5625008640000004
1.8523000000000002e-05,22.968746496,0.56949999808,1.469874997952,1.8750008319999996
1.85235e-05,23.749996544,0.56949999808,1.469874997952,1.8750008319999996
1.8524e-05,23.749996544,0.56949999808,1.471124997824,1.5625008640000004
1.8524500000000002e-05,22.968746496,0.57574999744,1.472374997696,1.5625008640000004
1.8525e-05,23.749996544,0.57574999744,1.472374997696,1.5625008640000004
1.85255e-05,24.531246592000002,0.56949999808,1.469874997952,1.8750008319999996
1.8526000000000002e-05,23.749996544,0.55699999936,1.472374997696,1.5625008640000004
1.85265e-05,23.749996544,0.56949999808,1.472374997696,1.8750008319999996
1.8527e-05,22.968746496,0.56949999808,1.471124997824,1.5625008640000004
1.8527500000000002e-05,22.968746496,0.56949999808,1.472374997696,1.2500008959999995
1.8528e-05,22.968746496,0.56949999808,1.469874997952,1.2500008959999995
1.85285e-05,23.749996544,0.56949999808,1.472374997696,1.2500008959999995
1.8529e-05,22.968746496,0.5632499987199999,1.471124997824,1.5625008640000004
1.8529500000000003e-05,22.968746496,0.57574999744,1.473624997568,1.5625008640000004
1.853e-05,23.749996544,0.56949999808,1.473624997568,1.2500008959999995
1.85305e-05,22.968746496,0.5632499987199999,1.472374997696,1.5625008640000004
1.8531000000000003e-05,23.749996544,0.5632499987199999,1.472374997696,1.5625008640000004
1.85315e-05,23.749996544,0.56949999808,1.472374997696,1.5625008640000004
1.8532e-05,22.968746496,0.56949999808,1.469874997952,1.5625008640000004
1.8532500000000003e-05,22.968746496,0.57574999744,1.471124997824,1.5625008640000004
1.8533e-05,23.749996544,0.5632499987199999,1.473624997568,1.2500008959999995
1.85335e-05,23.749996544,0.5632499987199999,1.476124997312,1.8750008319999996
1.8534000000000002e-05,23.749996544,0.5632499987199999,1.476124997312,1.5625008640000004
1.85345e-05,23.749996544,0.5632499987199999,1.47487499744,1.2500008959999995
1.8535e-05,23.749996544,0.56949999808,1.471124997824,1.5625008640000004
1.8535500000000002e-05,22.968746496,0.56949999808,1.471124997824,1.2500008959999995
1.8536e-05,22.968746496,0.56949999808,1.472374997696,1.2500008959999995
1.85365e-05,23.749996544,0.56949999808,1.472374997696,1.2500008959999995
1.8537000000000002e-05,22.968746496,0.56949999808,1.47487499744,1.2500008959999995
1.85375e-05,23.749996544,0.5632499987199999,1.47487499744,1.2500008959999995
1.8538e-05,23.749996544,0.56949999808,1.472374997696,1.5625008640000004
1.8538500000000002e-05,22.968746496,0.5632499987199999,1.472374997696,1.5625008640000004
1.8539e-05,23.749996544,0.57574999744,1.472374997696,1.8750008319999996
1.85395e-05,23.749996544,0.56949999808,1.473624997568,1.8750008319999996
1.8540000000000002e-05,23.749996544,0.56949999808,1.473624997568,1.5625008640000004
1.85405e-05,23.749996544,0.56949999808,1.471124997824,1.5625008640000004
1.8541e-05,23.749996544,0.56949999808,1.472374997696,1.5625008640000004
1.8541500000000002e-05,22.968746496,0.56949999808,1.47487499744,1.5625008640000004
1.8542e-05,22.968746496,0.56949999808,1.47487499744,1.5625008640000004
1.85425e-05,22.968746496,0.56949999808,1.47487499744,1.5625008640000004
1.8543000000000002e-05,23.749996544,0.57574999744,1.47487499744,1.5625008640000004
1.85435e-05,22.968746496,0.56949999808,1.472374997696,1.2500008959999995
1.8544e-05,23.749996544,0.57574999744,1.471124997824,1.5625008640000004
1.8544500000000002e-05,23.749996544,0.56949999808,1.473624997568,1.2500008959999995
1.8545e-05,22.968746496,0.56949999808,1.472374997696,1.5625008640000004
1.85455e-05,22.968746496,0.57574999744,1.472374997696,1.5625008640000004
1.8546e-05,23.749996544,0.56949999808,1.471124997824,1.8750008319999996
1.8546500000000003e-05,22.968746496,0.57574999744,1.472374997696,1.5625008640000004
1.8547e-05,22.968746496,0.57574999744,1.472374997696,1.5625008640000004
1.85475e-05,22.968746496,0.56949999808,1.473624997568,1.8750008319999996
1.8548000000000003e-05,23.749996544,0.56949999808,1.472374997696,1.5625008640000004
1.85485e-05,22.968746496,0.57574999744,1.472374997696,1.5625008640000004
1.8549e-05,23.749996544,0.57574999744,1.471124997824,1.5625008640000004
1.8549500000000003e-05,22.968746496,0.57574999744,1.471124997824,1.8750008319999996
1.855e-05,22.968746496,0.56949999808,1.471124997824,1.5625008640000004
1.85505e-05,22.968746496,0.56949999808,1.472374997696,1.5625008640000004
1.8551000000000002e-05,22.968746496,0.56949999808,1.473624997568,1.5625008640000004
1.85515e-05,22.968746496,0.56949999808,1.472374997696,1.5625008640000004
1.8552e-05,23.749996544,0.57574999744,1.471124997824,1.5625008640000004
1.8552500000000002e-05,23.749996544,0.5632499987199999,1.472374997696,1.2500008959999995
1.8553e-05,22.968746496,0.57574999744,1.471124997824,1.5625008640000004
1.85535e-05,23.749996544,0.56949999808,1.472374997696,1.5625008640000004
1.8554000000000002e-05,22.968746496,0.57574999744,1.472374997696,1.8750008319999996
1.85545e-05,22.968746496,0.57574999744,1.471124997824,1.2500008959999995
1.8555e-05,22.968746496,0.57574999744,1.469874997952,1.5625008640000004
1.8555500000000002e-05,22.968746496,0.56949999808,1.469874997952,1.8750008319999996
1.8556e-05,23.749996544,0.56949999808,1.469874997952,1.5625008640000004
1.85565e-05,22.968746496,0.57574999744,1.472374997696,1.2500008959999995
1.8557000000000002e-05,22.968746496,0.56949999808,1.473624997568,1.5625008640000004
1.85575e-05,23.749996544,0.57574999744,1.472374997696,1.5625008640000004
1.8558e-05,23.749996544,0.56949999808,1.472374997696,1.5625008640000004
1.8558500000000002e-05,23.749996544,0.5632499987199999,1.473624997568,1.5625008640000004
1.8559e-05,22.968746496,0.56949999808,1.476124997312,1.5625008640000004
1.85595e-05,22.968746496,0.56949999808,1.477374997184,1.5625008640000004
1.8560000000000002e-05,23.749996544,0.56949999808,1.473624997568,1.8750008319999996
1.85605e-05,23.749996544,0.56949999808,1.476124997312,1.2500008959999995
1.8561e-05,22.968746496,0.56949999808,1.47487499744,1.5625008640000004
1.8561500000000002e-05,22.968746496,0.56949999808,1.473624997568,1.8750008319999996
1.8562e-05,22.968746496,0.56949999808,1.471124997824,1.8750008319999996
1.85625e-05,22.187496448000005,0.56949999808,1.471124997824,1.5625008640000004
1.8563e-05,22.187496448000005,0.56949999808,1.473624997568,1.8750008319999996
1.8563500000000003e-05,22.968746496,0.56949999808,1.47487499744,1.8750008319999996
1.8564e-05,22.968746496,0.57574999744,1.47487499744,1.8750008319999996
1.85645e-05,23.749996544,0.57574999744,1.473624997568,1.5625008640000004
1.8565000000000003e-05,23.749996544,0.57574999744,1.473624997568,1.5625008640000004
1.85655e-05,22.968746496,0.57574999744,1.47487499744,1.5625008640000004
1.8566e-05,22.968746496,0.56949999808,1.473624997568,1.8750008319999996
1.8566500000000003e-05,23.749996544,0.56949999808,1.47487499744,1.8750008319999996
1.8567e-05,23.749996544,0.56949999808,1.47487499744,1.5625008640000004
1.85675e-05,23.749996544,0.56949999808,1.472374997696,1.5625008640000004
1.8568000000000002e-05,22.968746496,0.57574999744,1.469874997952,1.5625008640000004
1.85685e-05,23.749996544,0.56949999808,1.472374997696,1.2500008959999995
1.8569e-05,22.968746496,0.56949999808,1.472374997696,1.5625008640000004
1.8569500000000002e-05,22.968746496,0.56949999808,1.473624997568,1.5625008640000004
1.857e-05,22.968746496,0.56949999808,1.472374997696,1.5625008640000004
1.85705e-05,22.968746496,0.5632499987199999,1.473624997568,1.5625008640000004
1.8571000000000002e-05,22.968746496,0.5819999967999999,1.471124997824,1.5625008640000004
1.85715e-05,22.968746496,0.57574999744,1.472374997696,1.5625008640000004
1.8572e-05,22.187496448000005,0.56949999808,1.473624997568,1.5625008640000004
1.8572500000000002e-05,23.749996544,0.56949999808,1.47487499744,1.5625008640000004
1.8573e-05,23.749996544,0.56949999808,1.472374997696,1.8750008319999996
1.85735e-05,22.968746496,0.56949999808,1.473624997568,1.8750008319999996
1.8574000000000002e-05,22.968746496,0.56949999808,1.473624997568,1.5625008640000004
1.85745e-05,22.968746496,0.57574999744,1.473624997568,1.5625008640000004
1.8575e-05,22.968746496,0.56949999808,1.471124997824,1.5625008640000004
1.8575500000000002e-05,22.968746496,0.56949999808,1.471124997824,1.5625008640000004
1.8576e-05,22.968746496,0.56949999808,1.469874997952,1.8750008319999996
1.85765e-05,22.968746496,0.5632499987199999,1.473624997568,1.5625008640000004
1.8577000000000002e-05,22.968746496,0.56949999808,1.47487499744,1.5625008640000004
1.85775e-05,22.968746496,0.56949999808,1.476124997312,1.5625008640000004
1.8578e-05,22.968746496,0.56949999808,1.47487499744,1.8750008319999996
1.8578500000000002e-05,22.968746496,0.56949999808,1.47487499744,1.5625008640000004
1.8579e-05,22.968746496,0.56949999808,1.47487499744,1.8750008319999996
1.85795e-05,22.968746496,0.56949999808,1.472374997696,1.8750008319999996
1.858e-05,23.749996544,0.56949999808,1.471124997824,1.5625008640000004
1.8580500000000003e-05,23.749996544,0.57574999744,1.473624997568,1.5625008640000004
1.8581e-05,23.749996544,0.57574999744,1.473624997568,1.5625008640000004
1.85815e-05,22.968746496,0.57574999744,1.473624997568,1.2500008959999995
1.8582000000000003e-05,22.968746496,0.56949999808,1.473624997568,1.8750008319999996
1.85825e-05,22.968746496,0.56949999808,1.47487499744,1.8750008319999996
1.8583e-05,22.968746496,0.56949999808,1.473624997568,1.5625008640000004
1.8583500000000003e-05,22.968746496,0.56949999808,1.476124997312,1.2500008959999995
1.8584e-05,22.968746496,0.57574999744,1.47487499744,1.5625008640000004
1.85845e-05,23.749996544,0.56949999808,1.476124997312,1.8750008319999996
1.8585000000000002e-05,22.968746496,0.56949999808,1.472374997696,1.5625008640000004
1.85855e-05,22.968746496,0.56949999808,1.471124997824,1.5625008640000004
1.8586e-05,22.968746496,0.57574999744,1.473624997568,1.8750008319999996
1.8586500000000002e-05,22.968746496,0.57574999744,1.473624997568,1.5625008640000004
1.8587e-05,22.968746496,0.5819999967999999,1.473624997568,1.8750008319999996
1.85875e-05,22.968746496,0.56949999808,1.47487499744,1.8750008319999996
1.8588000000000002e-05,23.749996544,0.56949999808,1.476124997312,1.5625008640000004
1.85885e-05,22.968746496,0.56949999808,1.477374997184,1.5625008640000004
1.8589e-05,23.749996544,0.57574999744,1.47487499744,1.8750008319999996
1.8589500000000002e-05,23.749996544,0.57574999744,1.472374997696,1.8750008319999996
1.859e-05,23.749996544,0.56949999808,1.473624997568,1.8750008319999996
1.85905e-05,23.749996544,0.56949999808,1.472374997696,1.8750008319999996
1.8591000000000002e-05,22.968746496,0.57574999744,1.471124997824,1.5625008640000004
1.85915e-05,22.968746496,0.56949999808,1.472374997696,1.5625008640000004
1.8592e-05,23.749996544,0.57574999744,1.473624997568,1.8750008319999996
1.8592500000000002e-05,23.749996544,0.5632499987199999,1.473624997568,1.5625008640000004
1.8593e-05,22.968746496,0.5632499987199999,1.473624997568,1.5625008640000004
1.85935e-05,23.749996544,0.56949999808,1.473624997568,1.8750008319999996
1.8594000000000002e-05,23.749996544,0.56949999808,1.472374997696,2.1875007999999996
1.85945e-05,22.968746496,0.5632499987199999,1.472374997696,1.8750008319999996
1.8595e-05,22.968746496,0.56949999808,1.473624997568,1.5625008640000004
1.8595500000000002e-05,23.749996544,0.56949999808,1.47487499744,1.8750008319999996
1.8596e-05,23.749996544,0.57574999744,1.473624997568,1.8750008319999996
1.85965e-05,23.749996544,0.57574999744,1.473624997568,1.5625008640000004
1.8597e-05,23.749996544,0.56949999808,1.472374997696,1.8750008319999996
1.8597500000000003e-05,23.749996544,0.56949999808,1.471124997824,1.8750008319999996
1.8598e-05,22.968746496,0.56949999808,1.473624997568,1.8750008319999996
1.85985e-05,23.749996544,0.5632499987199999,1.473624997568,1.8750008319999996
1.8599000000000003e-05,23.749996544,0.56949999808,1.473624997568,1.8750008319999996
1.85995e-05,22.968746496,0.56949999808,1.47487499744,1.8750008319999996
1.86e-05,23.749996544,0.56949999808,1.472374997696,1.8750008319999996
1.8600500000000003e-05,23.749996544,0.56949999808,1.47487499744,1.5625008640000004
1.8601e-05,22.968746496,0.57574999744,1.47487499744,1.8750008319999996
1.86015e-05,22.968746496,0.57574999744,1.47487499744,1.8750008319999996
1.8602000000000002e-05,23.749996544,0.56949999808,1.472374997696,2.1875007999999996
1.86025e-05,22.968746496,0.56949999808,1.472374997696,1.5625008640000004
1.8603e-05,23.749996544,0.56949999808,1.471124997824,1.8750008319999996
1.8603500000000002e-05,22.968746496,0.57574999744,1.472374997696,1.8750008319999996
1.8604e-05,22.968746496,0.56949999808,1.472374997696,1.5625008640000004
1.86045e-05,23.749996544,0.57574999744,1.472374997696,1.5625008640000004
1.8605000000000002e-05,23.749996544,0.57574999744,1.473624997568,1.5625008640000004
1.86055e-05,22.968746496,0.56949999808,1.47487499744,1.2500008959999995
1.8606e-05,22.968746496,0.5632499987199999,1.473624997568,1.8750008319999996
1.8606500000000002e-05,22.968746496,0.56949999808,1.473624997568,1.8750008319999996
1.8607e-05,22.968746496,0.56949999808,1.47487499744,1.5625008640000004
1.86075e-05,22.968746496,0.56949999808,1.476124997312,1.2500008959999995
1.8608000000000002e-05,22.968746496,0.57574999744,1.47487499744,1.5625008640000004
1.86085e-05,23.749996544,0.56949999808,1.47487499744,1.5625008640000004
1.8609e-05,22.968746496,0.56949999808,1.473624997568,1.8750008319999996
1.8609500000000002e-05,23.749996544,0.56949999808,1.473624997568,1.8750008319999996
1.861e-05,23.749996544,0.56949999808,1.473624997568,2.1875007999999996
1.86105e-05,22.968746496,0.5632499987199999,1.47487499744,1.5625008640000004
1.8611000000000002e-05,22.968746496,0.56949999808,1.473624997568,1.5625008640000004
1.86115e-05,23.749996544,0.56949999808,1.471124997824,1.8750008319999996
1.8612e-05,22.968746496,0.56949999808,1.472374997696,1.8750008319999996
1.8612500000000002e-05,23.749996544,0.56949999808,1.473624997568,1.5625008640000004
1.8613e-05,23.749996544,0.56949999808,1.473624997568,1.8750008319999996
1.86135e-05,22.968746496,0.56949999808,1.47487499744,1.8750008319999996
1.8614e-05,22.968746496,0.56949999808,1.473624997568,1.5625008640000004
1.8614500000000003e-05,23.749996544,0.56949999808,1.47487499744,1.8750008319999996
1.8615e-05,22.968746496,0.56949999808,1.47487499744,1.8750008319999996
1.86155e-05,22.968746496,0.56949999808,1.476124997312,1.2500008959999995
1.8616000000000003e-05,23.749996544,0.57574999744,1.472374997696,1.5625008640000004
1.86165e-05,23.749996544,0.56949999808,1.473624997568,1.2500008959999995
1.8617e-05,22.968746496,0.56949999808,1.47487499744,1.5625008640000004
1.8617500000000003e-05,23.749996544,0.56949999808,1.476124997312,1.8750008319999996
1.8618e-05,23.749996544,0.56949999808,1.47487499744,1.8750008319999996
1.86185e-05,22.968746496,0.56949999808,1.472374997696,1.5625008640000004
1.8619000000000002e-05,23.749996544,0.56949999808,1.469874997952,1.8750008319999996
1.86195e-05,22.968746496,0.56949999808,1.471124997824,1.8750008319999996
1.862e-05,22.968746496,0.56949999808,1.472374997696,1.5625008640000004
1.8620500000000002e-05,23.749996544,0.57574999744,1.473624997568,1.5625008640000004
1.8621e-05,23.749996544,0.56949999808,1.472374997696,1.8750008319999996
1.86215e-05,22.968746496,0.56949999808,1.473624997568,1.8750008319999996
1.8622000000000002e-05,23.749996544,0.56949999808,1.473624997568,1.5625008640000004
1.86225e-05,22.968746496,0.56949999808,1.476124997312,1.8750008319999996
1.8623e-05,22.968746496,0.56949999808,1.473624997568,1.5625008640000004
1.8623500000000002e-05,22.968746496,0.5632499987199999,1.473624997568,1.8750008319999996
1.8624e-05,22.968746496,0.56949999808,1.47487499744,1.8750008319999996
1.86245e-05,23.749996544,0.5632499987199999,1.476124997312,1.5625008640000004
1.8625000000000002e-05,22.968746496,0.56949999808,1.47487499744,1.8750008319999996
1.86255e-05,22.968746496,0.57574999744,1.473624997568,1.8750008319999996
1.8626e-05,23.749996544,0.57574999744,1.47487499744,1.8750008319999996
1.8626500000000002e-05,22.968746496,0.57574999744,1.47487499744,1.5625008640000004
1.8627e-05,22.968746496,0.57574999744,1.473624997568,1.8750008319999996
1.86275e-05,22.968746496,0.56949999808,1.473624997568,1.8750008319999996
1.8628000000000002e-05,22.968746496,0.57574999744,1.472374997696,1.8750008319999996
1.86285e-05,22.968746496,0.57574999744,1.47487499744,1.5625008640000004
1.8629e-05,23.749996544,0.56949999808,1.47487499744,1.8750008319999996
1.8629500000000002e-05,23.749996544,0.57574999744,1.476124997312,1.5625008640000004
1.863e-05,23.749996544,0.56949999808,1.473624997568,1.8750008319999996
1.86305e-05,22.968746496,0.56949999808,1.473624997568,1.5625008640000004
1.8631000000000002e-05,22.968746496,0.56949999808,1.473624997568,1.5625008640000004
1.8631500000000003e-05,22.968746496,0.57574999744,1.47487499744,1.8750008319999996
1.8632e-05,23.749996544,0.57574999744,1.47487499744,1.8750008319999996
1.86325e-05,23.749996544,0.56949999808,1.47487499744,1.5625008640000004
1.8633000000000003e-05,22.968746496,0.57574999744,1.47487499744,1.5625008640000004
1.86335e-05,22.968746496,0.56949999808,1.47487499744,1.5625008640000004
1.8634e-05,23.749996544,0.56949999808,1.472374997696,1.8750008319999996
1.8634500000000003e-05,22.968746496,0.56949999808,1.472374997696,1.5625008640000004
1.8635e-05,22.968746496,0.56949999808,1.473624997568,1.5625008640000004
1.86355e-05,22.187496448000005,0.57574999744,1.47487499744,1.8750008319999996
1.8636000000000002e-05,22.187496448000005,0.56949999808,1.47487499744,1.8750008319999996
1.86365e-05,22.968746496,0.57574999744,1.47487499744,1.5625008640000004
1.8637e-05,23.749996544,0.57574999744,1.476124997312,1.5625008640000004
1.8637500000000002e-05,23.749996544,0.57574999744,1.477374997184,1.2500008959999995
1.8638e-05,23.749996544,0.56949999808,1.476124997312,1.8750008319999996
1.86385e-05,23.749996544,0.56949999808,1.47487499744,1.8750008319999996
1.8639000000000002e-05,23.749996544,0.57574999744,1.473624997568,1.5625008640000004
1.86395e-05,22.968746496,0.57574999744,1.47487499744,1.2500008959999995
1.864e-05,22.968746496,0.57574999744,1.472374997696,1.8750008319999996
1.8640500000000002e-05,23.749996544,0.56949999808,1.472374997696,1.5625008640000004
1.8641e-05,22.968746496,0.56949999808,1.472374997696,1.5625008640000004
1.86415e-05,22.968746496,0.56949999808,1.473624997568,1.8750008319999996
1.8642000000000002e-05,23.749996544,0.56949999808,1.472374997696,1.8750008319999996
1.86425e-05,22.968746496,0.56949999808,1.472374997696,1.5625008640000004
1.8643e-05,23.749996544,0.56949999808,1.472374997696,1.8750008319999996
1.8643500000000002e-05,23.749996544,0.57574999744,1.47487499744,1.8750008319999996
1.8644e-05,23.749996544,0.57574999744,1.477374997184,1.5625008640000004
1.86445e-05,23.749996544,0.57574999744,1.476124997312,1.8750008319999996
1.8645000000000002e-05,23.749996544,0.56949999808,1.47487499744,1.8750008319999996
1.86455e-05,23.749996544,0.57574999744,1.473624997568,1.5625008640000004
1.8646e-05,22.968746496,0.5632499987199999,1.472374997696,1.8750008319999996
1.8646500000000002e-05,23.749996544,0.5632499987199999,1.47487499744,1.8750008319999996
1.8647e-05,23.749996544,0.56949999808,1.47487499744,1.8750008319999996
1.86475e-05,22.187496448000005,0.56949999808,1.473624997568,1.8750008319999996
1.8648000000000002e-05,23.749996544,0.57574999744,1.471124997824,1.5625008640000004
1.8648500000000003e-05,23.749996544,0.5632499987199999,1.472374997696,1.5625008640000004
1.8649e-05,22.968746496,0.5632499987199999,1.473624997568,1.5625008640000004
1.86495e-05,22.968746496,0.56949999808,1.476124997312,1.8750008319999996
1.8650000000000003e-05,23.749996544,0.56949999808,1.47487499744,1.8750008319999996
1.86505e-05,23.749996544,0.56949999808,1.472374997696,1.5625008640000004
1.8651e-05,23.749996544,0.56949999808,1.472374997696,1.5625008640000004
1.8651500000000003e-05,23.749996544,0.56949999808,1.472374997696,1.8750008319999996
1.8652e-05,23.749996544,0.56949999808,1.472374997696,1.8750008319999996
1.86525e-05,23.749996544,0.57574999744,1.47487499744,1.8750008319999996
1.8653000000000003e-05,23.749996544,0.57574999744,1.476124997312,1.8750008319999996
1.86535e-05,23.749996544,0.57574999744,1.473624997568,1.5625008640000004
1.8654e-05,23.749996544,0.57574999744,1.473624997568,1.8750008319999996
1.8654500000000002e-05,22.968746496,0.57574999744,1.473624997568,1.8750008319999996
1.8655e-05,22.968746496,0.56949999808,1.473624997568,1.8750008319999996
1.86555e-05,23.749996544,0.56949999808,1.47487499744,1.5625008640000004
1.8656000000000002e-05,23.749996544,0.5632499987199999,1.47487499744,1.8750008319999996
1.86565e-05,23.749996544,0.56949999808,1.476124997312,1.5625008640000004
1.8657e-05,22.968746496,0.56949999808,1.472374997696,1.5625008640000004
1.8657500000000002e-05,23.749996544,0.56949999808,1.472374997696,1.8750008319999996
1.8658e-05,24.531246592000002,0.56949999808,1.47487499744,2.1875007999999996
1.86585e-05,22.968746496,0.57574999744,1.473624997568,1.8750008319999996
1.8659000000000002e-05,22.968746496,0.57574999744,1.473624997568,1.8750008319999996
1.86595e-05,22.968746496,0.57574999744,1.473624997568,1.8750008319999996
1.866e-05,23.749996544,0.57574999744,1.473624997568,1.8750008319999996
1.8660500000000002e-05,23.749996544,0.57574999744,1.476124997312,1.5625008640000004
1.8661e-05,23.749996544,0.57574999744,1.47487499744,1.8750008319999996
1.86615e-05,23.749996544,0.57574999744,1.471124997824,1.8750008319999996
1.8662000000000002e-05,23.749996544,0.56949999808,1.471124997824,2.1875007999999996
1.86625e-05,23.749996544,0.56949999808,1.472374997696,1.8750008319999996
1.8663e-05,23.749996544,0.56949999808,1.47487499744,1.8750008319999996
1.8663500000000002e-05,22.968746496,0.5632499987199999,1.473624997568,1.2500008959999995
1.8664e-05,23.749996544,0.57574999744,1.472374997696,1.5625008640000004
1.86645e-05,23.749996544,0.5632499987199999,1.473624997568,1.5625008640000004
1.8665000000000002e-05,23.749996544,0.56949999808,1.473624997568,1.8750008319999996
1.8665500000000003e-05,23.749996544,0.56949999808,1.47487499744,1.8750008319999996
1.8666e-05,23.749996544,0.56949999808,1.47487499744,1.5625008640000004
1.86665e-05,23.749996544,0.5632499987199999,1.472374997696,1.5625008640000004
1.8667000000000003e-05,23.749996544,0.56949999808,1.471124997824,1.8750008319999996
1.86675e-05,24.531246592000002,0.5632499987199999,1.472374997696,1.8750008319999996
1.8668e-05,22.968746496,0.56949999808,1.472374997696,1.8750008319999996
1.8668500000000003e-05,23.749996544,0.56949999808,1.47487499744,1.5625008640000004
1.8669e-05,24.531246592000002,0.56949999808,1.476124997312,1.5625008640000004
1.86695e-05,24.531246592000002,0.57574999744,1.47487499744,1.8750008319999996
1.8670000000000003e-05,23.749996544,0.56949999808,1.473624997568,2.1875007999999996
1.86705e-05,24.531246592000002,0.57574999744,1.47487499744,1.8750008319999996
1.8671e-05,23.749996544,0.56949999808,1.473624997568,1.8750008319999996
1.8671500000000002e-05,22.968746496,0.56949999808,1.473624997568,1.8750008319999996
1.8672e-05,23.749996544,0.57574999744,1.472374997696,1.8750008319999996
1.86725e-05,23.749996544,0.56949999808,1.47487499744,1.2500008959999995
1.8673000000000002e-05,22.968746496,0.56949999808,1.47487499744,1.8750008319999996
1.86735e-05,22.968746496,0.56949999808,1.473624997568,1.8750008319999996
1.8674e-05,22.968746496,0.57574999744,1.472374997696,1.8750008319999996
1.8674500000000002e-05,22.968746496,0.56949999808,1.471124997824,1.5625008640000004
1.8675e-05,22.968746496,0.57574999744,1.471124997824,1.8750008319999996
1.86755e-05,22.968746496,0.56949999808,1.472374997696,1.8750008319999996
1.8676000000000002e-05,22.968746496,0.56949999808,1.472374997696,1.8750008319999996
1.86765e-05,23.749996544,0.57574999744,1.473624997568,1.5625008640000004
1.8677e-05,22.968746496,0.56949999808,1.473624997568,1.8750008319999996
1.8677500000000002e-05,23.749996544,0.56949999808,1.473624997568,1.5625008640000004
1.8678e-05,22.968746496,0.5632499987199999,1.472374997696,1.5625008640000004
1.86785e-05,23.749996544,0.5632499987199999,1.47487499744,1.8750008319999996
1.8679000000000002e-05,22.968746496,0.56949999808,1.473624997568,1.8750008319999996
1.86795e-05,23.749996544,0.57574999744,1.47487499744,1.2500008959999995
1.868e-05,23.749996544,0.57574999744,1.47487499744,1.5625008640000004
1.8680500000000002e-05,23.749996544,0.56949999808,1.476124997312,1.5625008640000004
1.8681e-05,23.749996544,0.56949999808,1.47487499744,1.8750008319999996
1.86815e-05,23.749996544,0.56949999808,1.473624997568,1.8750008319999996
1.8682000000000002e-05,23.749996544,0.56949999808,1.472374997696,1.8750008319999996
1.8682500000000003e-05,23.749996544,0.5632499987199999,1.473624997568,1.5625008640000004
1.8683e-05,23.749996544,0.57574999744,1.472374997696,1.8750008319999996
1.86835e-05,23.749996544,0.56949999808,1.471124997824,1.8750008319999996
1.8684000000000003e-05,22.968746496,0.56949999808,1.472374997696,1.5625008640000004
1.86845e-05,22.968746496,0.56949999808,1.476124997312,1.5625008640000004
1.8685e-05,23.749996544,0.56949999808,1.476124997312,1.5625008640000004
1.8685500000000003e-05,23.749996544,0.57574999744,1.473624997568,1.2500008959999995
1.8686e-05,23.749996544,0.56949999808,1.472374997696,1.8750008319999996
1.86865e-05,22.968746496,0.56949999808,1.472374997696,1.8750008319999996
1.8687000000000003e-05,23.749996544,0.56949999808,1.473624997568,1.5625008640000004
1.86875e-05,22.968746496,0.57574999744,1.473624997568,1.8750008319999996
1.8688e-05,22.968746496,0.57574999744,1.472374997696,1.8750008319999996
1.8688500000000002e-05,23.749996544,0.56949999808,1.47487499744,1.2500008959999995
1.8689e-05,22.968746496,0.57574999744,1.47487499744,1.5625008640000004
1.86895e-05,22.968746496,0.56949999808,1.472374997696,1.8750008319999996
1.8690000000000002e-05,23.749996544,0.56949999808,1.471124997824,1.8750008319999996
1.86905e-05,22.968746496,0.56949999808,1.472374997696,1.2500008959999995
1.8691e-05,23.749996544,0.56949999808,1.472374997696,1.8750008319999996
1.8691500000000002e-05,22.968746496,0.57574999744,1.473624997568,1.8750008319999996
1.8692e-05,22.187496448000005,0.57574999744,1.473624997568,1.5625008640000004
1.86925e-05,22.968746496,0.57574999744,1.472374997696,1.5625008640000004
1.8693000000000002e-05,23.749996544,0.56949999808,1.472374997696,1.8750008319999996
1.86935e-05,23.749996544,0.56949999808,1.472374997696,1.5625008640000004
1.8694e-05,23.749996544,0.56949999808,1.472374997696,1.8750008319999996
1.8694500000000002e-05,23.749996544,0.56949999808,1.473624997568,1.8750008319999996
1.8695e-05,23.749996544,0.56949999808,1.47487499744,1.5625008640000004
1.86955e-05,23.749996544,0.56949999808,1.47487499744,1.5625008640000004
1.8696000000000002e-05,23.749996544,0.57574999744,1.47487499744,1.5625008640000004
1.86965e-05,24.531246592000002,0.56949999808,1.476124997312,1.5625008640000004
1.8697e-05,22.968746496,0.56949999808,1.476124997312,1.8750008319999996
1.8697500000000002e-05,23.749996544,0.56949999808,1.47487499744,1.8750008319999996
1.8698e-05,23.749996544,0.56949999808,1.471124997824,2.1875007999999996
1.86985e-05,22.968746496,0.5632499987199999,1.469874997952,1.8750008319999996
1.8699000000000002e-05,23.749996544,0.56949999808,1.471124997824,1.8750008319999996
1.8699500000000003e-05,22.968746496,0.56949999808,1.473624997568,1.8750008319999996
1.87e-05,22.968746496,0.56949999808,1.473624997568,1.8750008319999996
1.87005e-05,23.749996544,0.56949999808,1.473624997568,1.8750008319999996
1.8701000000000003e-05,24.531246592000002,0.56949999808,1.472374997696,1.5625008640000004
1.87015e-05,23.749996544,0.56949999808,1.471124997824,1.8750008319999996
1.8702e-05,23.749996544,0.56949999808,1.472374997696,1.8750008319999996
1.8702500000000003e-05,22.968746496,0.56949999808,1.472374997696,1.8750008319999996
1.8703e-05,23.749996544,0.56949999808,1.472374997696,1.8750008319999996
1.87035e-05,22.968746496,0.56949999808,1.47487499744,1.8750008319999996
1.8704000000000003e-05,22.968746496,0.56949999808,1.473624997568,1.8750008319999996
1.87045e-05,23.749996544,0.56949999808,1.476124997312,1.2500008959999995
1.8705e-05,23.749996544,0.56949999808,1.476124997312,1.8750008319999996
1.8705500000000002e-05,23.749996544,0.56949999808,1.476124997312,1.8750008319999996
1.8706e-05,22.968746496,0.57574999744,1.476124997312,1.8750008319999996
1.87065e-05,22.968746496,0.57574999744,1.47487499744,1.5625008640000004
1.8707000000000002e-05,22.968746496,0.57574999744,1.473624997568,1.8750008319999996
1.87075e-05,22.968746496,0.57574999744,1.47487499744,1.8750008319999996
1.8708e-05,23.749996544,0.56949999808,1.47487499744,1.5625008640000004
1.8708500000000002e-05,22.968746496,0.5819999967999999,1.47487499744,1.8750008319999996
1.8709e-05,22.968746496,0.56949999808,1.47487499744,1.8750008319999996
1.87095e-05,23.749996544,0.56949999808,1.47487499744,1.5625008640000004
1.8710000000000002e-05,23.749996544,0.56949999808,1.473624997568,2.1875007999999996
1.87105e-05,22.968746496,0.57574999744,1.473624997568,1.8750008319999996
1.8711e-05,23.749996544,0.57574999744,1.47487499744,1.8750008319999996
1.8711500000000002e-05,23.749996544,0.56949999808,1.47487499744,1.5625008640000004
1.8712e-05,22.968746496,0.57574999744,1.473624997568,1.8750008319999996
1.87125e-05,23.749996544,0.56949999808,1.473624997568,1.8750008319999996
1.8713000000000002e-05,22.968746496,0.57574999744,1.472374997696,1.8750008319999996
1.87135e-05,22.968746496,0.57574999744,1.473624997568,1.8750008319999996
1.8714e-05,23.749996544,0.56949999808,1.476124997312,1.8750008319999996
1.8714500000000002e-05,22.968746496,0.5632499987199999,1.47487499744,1.8750008319999996
1.8715e-05,23.749996544,0.56949999808,1.473624997568,1.8750008319999996
1.87155e-05,22.968746496,0.56949999808,1.47487499744,1.8750008319999996
1.8716000000000002e-05,23.749996544,0.57574999744,1.47487499744,1.8750008319999996
1.8716500000000003e-05,23.749996544,0.57574999744,1.47487499744,1.8750008319999996
1.8717e-05,23.749996544,0.57574999744,1.473624997568,1.8750008319999996
1.87175e-05,23.749996544,0.57574999744,1.472374997696,1.5625008640000004
1.8718000000000003e-05,23.749996544,0.56949999808,1.473624997568,1.8750008319999996
1.87185e-05,22.968746496,0.56949999808,1.47487499744,1.8750008319999996
1.8719e-05,23.749996544,0.56949999808,1.47487499744,1.8750008319999996
1.8719500000000003e-05,22.968746496,0.5632499987199999,1.476124997312,1.5625008640000004
1.872e-05,22.968746496,0.57574999744,1.473624997568,1.8750008319999996
1.87205e-05,22.968746496,0.56949999808,1.47487499744,1.5625008640000004
1.8721000000000003e-05,22.968746496,0.56949999808,1.477374997184,2.1875007999999996
1.87215e-05,22.968746496,0.56949999808,1.477374997184,2.1875007999999996
1.8722e-05,23.749996544,0.56949999808,1.476124997312,2.1875007999999996
1.8722500000000002e-05,22.968746496,0.57574999744,1.476124997312,1.8750008319999996
1.8723e-05,23.749996544,0.56949999808,1.477374997184,1.8750008319999996
1.87235e-05,23.749996544,0.56949999808,1.473624997568,1.5625008640000004
1.8724000000000002e-05,23.749996544,0.56949999808,1.472374997696,1.8750008319999996
1.87245e-05,22.968746496,0.57574999744,1.472374997696,1.8750008319999996
1.8725e-05,22.968746496,0.57574999744,1.47487499744,1.8750008319999996
1.8725500000000002e-05,23.749996544,0.56949999808,1.473624997568,1.8750008319999996
1.8726e-05,23.749996544,0.57574999744,1.47487499744,2.1875007999999996
1.87265e-05,23.749996544,0.56949999808,1.476124997312,2.1875007999999996
1.8727000000000002e-05,23.749996544,0.57574999744,1.47487499744,1.8750008319999996
1.87275e-05,22.968746496,0.57574999744,1.476124997312,1.5625008640000004
1.8728e-05,23.749996544,0.57574999744,1.47487499744,1.8750008319999996
1.8728500000000002e-05,23.749996544,0.56949999808,1.47487499744,1.5625008640000004
1.8729e-05,22.968746496,0.56949999808,1.47487499744,1.8750008319999996
1.87295e-05,22.968746496,0.56949999808,1.47487499744,1.8750008319999996
1.8730000000000002e-05,23.749996544,0.56949999808,1.47487499744,1.8750008319999996
1.87305e-05,22.968746496,0.56949999808,1.473624997568,1.5625008640000004
1.8731e-05,23.749996544,0.56949999808,1.473624997568,1.8750008319999996
1.8731500000000002e-05,22.968746496,0.56949999808,1.473624997568,1.8750008319999996
1.8732e-05,23.749996544,0.56949999808,1.47487499744,1.8750008319999996
1.87325e-05,22.968746496,0.57574999744,1.476124997312,1.8750008319999996
1.8733000000000002e-05,23.749996544,0.5819999967999999,1.47487499744,1.5625008640000004
1.8733500000000003e-05,23.749996544,0.57574999744,1.47487499744,1.5625008640000004
1.8734e-05,23.749996544,0.56949999808,1.47487499744,1.5625008640000004
1.87345e-05,22.968746496,0.56949999808,1.477374997184,1.8750008319999996
1.8735000000000003e-05,23.749996544,0.56949999808,1.47487499744,1.8750008319999996
1.87355e-05,22.968746496,0.56949999808,1.47487499744,1.8750008319999996
1.8736e-05,23.749996544,0.57574999744,1.472374997696,1.8750008319999996
1.8736500000000003e-05,22.968746496,0.56949999808,1.47487499744,1.2500008959999995
1.8737e-05,22.968746496,0.56949999808,1.47487499744,1.8750008319999996
1.87375e-05,22.968746496,0.56949999808,1.473624997568,1.8750008319999996
1.8738000000000003e-05,23.749996544,0.57574999744,1.47487499744,1.8750008319999996
1.87385e-05,22.968746496,0.56949999808,1.473624997568,1.5625008640000004
1.8739e-05,22.968746496,0.57574999744,1.471124997824,1.8750008319999996
1.8739500000000002e-05,22.968746496,0.57574999744,1.472374997696,1.8750008319999996
1.874e-05,22.187496448000005,0.56949999808,1.471124997824,1.8750008319999996
1.87405e-05,22.968746496,0.57574999744,1.471124997824,1.8750008319999996
1.8741000000000002e-05,23.749996544,0.57574999744,1.472374997696,1.8750008319999996
1.87415e-05,22.968746496,0.56949999808,1.47487499744,1.5625008640000004
1.8742e-05,22.968746496,0.5632499987199999,1.476124997312,1.8750008319999996
1.8742500000000002e-05,22.968746496,0.56949999808,1.476124997312,1.8750008319999996
1.8743e-05,22.968746496,0.56949999808,1.473624997568,1.8750008319999996
1.87435e-05,22.968746496,0.56949999808,1.473624997568,1.5625008640000004
1.8744000000000002e-05,22.968746496,0.57574999744,1.47487499744,1.8750008319999996
1.87445e-05,22.968746496,0.56949999808,1.47487499744,1.5625008640000004
1.8745e-05,22.968746496,0.56949999808,1.472374997696,1.8750008319999996
1.8745500000000002e-05,22.968746496,0.57574999744,1.473624997568,1.8750008319999996
1.8746e-05,23.749996544,0.56949999808,1.472374997696,1.8750008319999996
1.87465e-05,22.968746496,0.56949999808,1.473624997568,1.8750008319999996
1.8747000000000002e-05,23.749996544,0.57574999744,1.47487499744,1.8750008319999996
1.87475e-05,22.968746496,0.56949999808,1.47487499744,1.8750008319999996
1.8748e-05,22.968746496,0.5632499987199999,1.473624997568,1.8750008319999996
1.8748500000000002e-05,22.968746496,0.56949999808,1.47487499744,1.5625008640000004
1.8749e-05,23.749996544,0.56949999808,1.473624997568,1.8750008319999996
1.87495e-05,22.968746496,0.56949999808,1.473624997568,1.8750008319999996
1.8750000000000002e-05,23.749996544,0.56949999808,1.47487499744,1.8750008319999996
1.8750500000000003e-05,23.749996544,0.56949999808,1.478624997056,1.8750008319999996
1.8751e-05,23.749996544,0.57574999744,1.476124997312,1.5625008640000004
1.87515e-05,22.968746496,0.57574999744,1.47487499744,1.8750008319999996
1.8752000000000003e-05,23.749996544,0.57574999744,1.473624997568,1.8750008319999996
1.87525e-05,23.749996544,0.56949999808,1.47487499744,1.8750008319999996
1.8753e-05,23.749996544,0.56949999808,1.473624997568,1.8750008319999996
1.8753500000000003e-05,23.749996544,0.57574999744,1.473624997568,2.1875007999999996
1.8754e-05,23.749996544,0.56949999808,1.47487499744,1.8750008319999996
1.87545e-05,22.968746496,0.56949999808,1.47487499744,2.1875007999999996
1.8755000000000003e-05,22.968746496,0.56949999808,1.473624997568,1.8750008319999996
1.87555e-05,23.749996544,0.56949999808,1.473624997568,1.8750008319999996
1.8756e-05,23.749996544,0.56949999808,1.473624997568,1.8750008319999996
1.8756500000000002e-05,23.749996544,0.56949999808,1.473624997568,1.5625008640000004
1.8757e-05,24.531246592000002,0.56949999808,1.47487499744,1.8750008319999996
1.87575e-05,23.749996544,0.57574999744,1.473624997568,1.8750008319999996
1.8758000000000002e-05,22.968746496,0.56949999808,1.472374997696,1.8750008319999996
1.87585e-05,22.968746496,0.56949999808,1.47487499744,2.1875007999999996
1.8759e-05,22.968746496,0.57574999744,1.47487499744,1.8750008319999996
1.8759500000000002e-05,23.749996544,0.56949999808,1.47487499744,1.5625008640000004
1.876e-05,23.749996544,0.57574999744,1.472374997696,1.8750008319999996
1.87605e-05,23.749996544,0.56949999808,1.47487499744,1.5625008640000004
1.8761000000000002e-05,22.968746496,0.56949999808,1.473624997568,1.8750008319999996
1.87615e-05,22.968746496,0.56949999808,1.47487499744,1.8750008319999996
1.8762e-05,23.749996544,0.56949999808,1.473624997568,1.8750008319999996
1.8762500000000002e-05,22.968746496,0.56949999808,1.473624997568,1.8750008319999996
1.8763e-05,23.749996544,0.57574999744,1.47487499744,1.8750008319999996
1.87635e-05,22.968746496,0.56949999808,1.476124997312,2.1875007999999996
1.8764000000000002e-05,23.749996544,0.57574999744,1.477374997184,1.8750008319999996
1.87645e-05,23.749996544,0.57574999744,1.476124997312,1.8750008319999996
1.8765e-05,23.749996544,0.5632499987199999,1.473624997568,1.8750008319999996
1.8765500000000002e-05,22.968746496,0.57574999744,1.472374997696,1.8750008319999996
1.8766e-05,22.968746496,0.56949999808,1.473624997568,2.1875007999999996
1.87665e-05,23.749996544,0.57574999744,1.473624997568,1.8750008319999996
1.8767000000000002e-05,22.968746496,0.56949999808,1.472374997696,1.8750008319999996
1.8767500000000003e-05,23.749996544,0.5632499987199999,1.47487499744,1.8750008319999996
1.8768e-05,23.749996544,0.57574999744,1.47487499744,2.1875007999999996
1.87685e-05,23.749996544,0.56949999808,1.47487499744,1.8750008319999996
1.8769000000000003e-05,22.187496448000005,0.56949999808,1.472374997696,1.8750008319999996
1.87695e-05,22.968746496,0.56949999808,1.47487499744,2.1875007999999996
1.877e-05,22.968746496,0.57574999744,1.473624997568,2.1875007999999996
1.8770500000000003e-05,22.968746496,0.57574999744,1.473624997568,1.8750008319999996
1.8771e-05,23.749996544,0.57574999744,1.473624997568,2.1875007999999996
1.87715e-05,22.968746496,0.57574999744,1.473624997568,1.8750008319999996
1.8772000000000003e-05,22.968746496,0.56949999808,1.473624997568,1.8750008319999996
1.87725e-05,23.749996544,0.56949999808,1.472374997696,2.1875007999999996
1.8773e-05,23.749996544,0.57574999744,1.473624997568,1.8750008319999996
1.8773500000000002e-05,23.749996544,0.57574999744,1.473624997568,1.8750008319999996
1.8774e-05,23.749996544,0.56949999808,1.47487499744,1.8750008319999996
1.87745e-05,22.968746496,0.56949999808,1.47487499744,1.8750008319999996
1.8775000000000002e-05,22.968746496,0.57574999744,1.473624997568,1.8750008319999996
1.87755e-05,22.968746496,0.56949999808,1.472374997696,1.8750008319999996
1.8776e-05,23.749996544,0.57574999744,1.472374997696,1.8750008319999996
1.8776500000000002e-05,23.749996544,0.56949999808,1.47487499744,1.5625008640000004
1.8777e-05,22.968746496,0.57574999744,1.473624997568,1.8750008319999996
1.87775e-05,22.968746496,0.56949999808,1.47487499744,2.1875007999999996
1.8778000000000002e-05,23.749996544,0.57574999744,1.47487499744,1.8750008319999996
1.87785e-05,22.968746496,0.56949999808,1.47487499744,1.8750008319999996
1.8779e-05,22.968746496,0.56949999808,1.476124997312,1.8750008319999996
1.8779500000000002e-05,22.187496448000005,0.57574999744,1.473624997568,2.1875007999999996
1.878e-05,22.968746496,0.57574999744,1.472374997696,2.1875007999999996
1.87805e-05,23.749996544,0.56949999808,1.477374997184,1.8750008319999996
1.8781000000000002e-05,23.749996544,0.57574999744,1.477374997184,1.8750008319999996
1.87815e-05,23.749996544,0.57574999744,1.47487499744,1.8750008319999996
1.8782e-05,22.968746496,0.56949999808,1.473624997568,2.1875007999999996
1.8782500000000002e-05,22.968746496,0.57574999744,1.476124997312,2.1875007999999996
1.8783e-05,22.968746496,0.56949999808,1.477374997184,1.8750008319999996
1.87835e-05,22.187496448000005,0.57574999744,1.476124997312,1.5625008640000004
1.8784000000000002e-05,23.749996544,0.56949999808,1.472374997696,1.5625008640000004
1.8784500000000003e-05,23.749996544,0.56949999808,1.47487499744,1.5625008640000004
1.8785e-05,22.968746496,0.56949999808,1.472374997696,1.5625008640000004
1.87855e-05,23.749996544,0.57574999744,1.472374997696,1.8750008319999996
1.8786000000000003e-05,22.968746496,0.57574999744,1.471124997824,2.1875007999999996
1.87865e-05,22.968746496,0.56949999808,1.471124997824,1.8750008319999996
1.8787e-05,23.749996544,0.57574999744,1.473624997568,2.1875007999999996
1.8787500000000003e-05,23.749996544,0.56949999808,1.476124997312,2.1875007999999996
1.8788e-05,23.749996544,0.57574999744,1.476124997312,2.1875007999999996
1.87885e-05,22.968746496,0.57574999744,1.47487499744,2.1875007999999996
1.8789000000000003e-05,23.749996544,0.57574999744,1.47487499744,1.8750008319999996
1.87895e-05,22.968746496,0.56949999808,1.473624997568,1.8750008319999996
1.879e-05,22.968746496,0.56949999808,1.473624997568,2.1875007999999996
1.8790500000000002e-05,23.749996544,0.56949999808,1.47487499744,2.1875007999999996
1.8791e-05,22.968746496,0.5632499987199999,1.473624997568,1.8750008319999996
1.87915e-05,22.968746496,0.56949999808,1.473624997568,1.8750008319999996
1.8792000000000002e-05,22.968746496,0.57574999744,1.472374997696,2.1875007999999996
1.87925e-05,22.968746496,0.56949999808,1.473624997568,1.8750008319999996
1.8793e-05,22.968746496,0.57574999744,1.47487499744,1.8750008319999996
1.8793500000000002e-05,22.968746496,0.56949999808,1.476124997312,1.8750008319999996
1.8794e-05,23.749996544,0.57574999744,1.473624997568,2.1875007999999996
1.87945e-05,22.968746496,0.57574999744,1.473624997568,1.8750008319999996
1.8795000000000002e-05,22.968746496,0.56949999808,1.472374997696,1.8750008319999996
1.87955e-05,22.968746496,0.5632499987199999,1.47487499744,2.1875007999999996
1.8796e-05,22.968746496,0.56949999808,1.47487499744,1.8750008319999996
1.8796500000000002e-05,23.749996544,0.57574999744,1.477374997184,1.8750008319999996
1.8797e-05,23.749996544,0.57574999744,1.47487499744,1.8750008319999996
1.87975e-05,22.968746496,0.57574999744,1.47487499744,2.1875007999999996
1.8798000000000002e-05,22.968746496,0.56949999808,1.473624997568,2.1875007999999996
1.87985e-05,22.968746496,0.56949999808,1.472374997696,1.8750008319999996
1.8799e-05,22.968746496,0.56949999808,1.471124997824,1.8750008319999996
1.8799500000000002e-05,23.749996544,0.56949999808,1.473624997568,1.8750008319999996
1.88e-05,23.749996544,0.57574999744,1.472374997696,2.1875007999999996
1.88005e-05,23.749996544,0.56949999808,1.472374997696,1.8750008319999996
1.8801000000000002e-05,22.968746496,0.57574999744,1.472374997696,2.1875007999999996
1.8801500000000003e-05,23.749996544,0.56949999808,1.473624997568,2.1875007999999996
1.8802e-05,22.968746496,0.57574999744,1.471124997824,2.1875007999999996
1.88025e-05,23.749996544,0.56949999808,1.472374997696,1.8750008319999996
1.8803000000000003e-05,22.968746496,0.5819999967999999,1.471124997824,1.8750008319999996
1.88035e-05,23.749996544,0.57574999744,1.472374997696,2.1875007999999996
1.8804e-05,23.749996544,0.57574999744,1.47487499744,2.1875007999999996
1.8804500000000003e-05,22.968746496,0.57574999744,1.473624997568,1.5625008640000004
1.8805e-05,23.749996544,0.56949999808,1.472374997696,2.1875007999999996
1.88055e-05,23.749996544,0.57574999744,1.472374997696,2.1875007999999996
1.8806000000000003e-05,23.749996544,0.56949999808,1.473624997568,2.5000007679999996
1.88065e-05,23.749996544,0.56949999808,1.47487499744,2.1875007999999996
1.8807e-05,23.749996544,0.56949999808,1.473624997568,1.8750008319999996
1.8807500000000002e-05,23.749996544,0.56949999808,1.473624997568,1.8750008319999996
1.8808e-05,23.749996544,0.57574999744,1.472374997696,2.1875007999999996
1.88085e-05,23.749996544,0.56949999808,1.472374997696,1.8750008319999996
1.8809000000000002e-05,22.968746496,0.57574999744,1.471124997824,1.8750008319999996
1.88095e-05,22.968746496,0.56949999808,1.473624997568,2.1875007999999996
1.881e-05,23.749996544,0.56949999808,1.473624997568,2.1875007999999996
1.8810500000000002e-05,22.968746496,0.5632499987199999,1.472374997696,1.8750008319999996
1.8811e-05,23.749996544,0.57574999744,1.4686249980800001,2.5000007679999996
1.88115e-05,22.968746496,0.57574999744,1.471124997824,2.1875007999999996
1.8812000000000002e-05,23.749996544,0.57574999744,1.473624997568,1.8750008319999996
1.88125e-05,23.749996544,0.57574999744,1.473624997568,2.1875007999999996
1.8813e-05,23.749996544,0.56949999808,1.47487499744,2.1875007999999996
1.8813500000000002e-05,23.749996544,0.57574999744,1.47487499744,1.8750008319999996
1.8814e-05,22.968746496,0.56949999808,1.476124997312,2.1875007999999996
1.88145e-05,22.968746496,0.56949999808,1.47487499744,2.1875007999999996
1.8815000000000002e-05,23.749996544,0.56949999808,1.473624997568,1.8750008319999996
1.88155e-05,22.968746496,0.56949999808,1.473624997568,1.5625008640000004
1.8816e-05,23.749996544,0.57574999744,1.473624997568,2.1875007999999996
1.8816500000000002e-05,23.749996544,0.56949999808,1.476124997312,1.8750008319999996
1.8817e-05,22.968746496,0.56949999808,1.473624997568,2.1875007999999996
1.88175e-05,22.968746496,0.56949999808,1.473624997568,2.1875007999999996
1.8818000000000002e-05,23.749996544,0.56949999808,1.47487499744,2.1875007999999996
1.88185e-05,23.749996544,0.56949999808,1.47487499744,1.8750008319999996
1.8819e-05,23.749996544,0.57574999744,1.476124997312,1.8750008319999996
1.88195e-05,23.749996544,0.56949999808,1.47487499744,2.1875007999999996
1.8820000000000003e-05,22.187496448000005,0.57574999744,1.472374997696,1.8750008319999996
1.88205e-05,22.968746496,0.57574999744,1.473624997568,1.8750008319999996
1.8821e-05,23.749996544,0.57574999744,1.472374997696,1.8750008319999996
1.8821500000000003e-05,22.968746496,0.56949999808,1.471124997824,2.1875007999999996
1.8822e-05,23.749996544,0.5632499987199999,1.473624997568,2.1875007999999996
1.88225e-05,22.968746496,0.5632499987199999,1.473624997568,1.8750008319999996
1.8823000000000003e-05,22.968746496,0.57574999744,1.473624997568,1.8750008319999996
1.88235e-05,22.968746496,0.56949999808,1.476124997312,1.8750008319999996
1.8824e-05,22.968746496,0.57574999744,1.473624997568,1.8750008319999996
1.8824500000000002e-05,23.749996544,0.56949999808,1.473624997568,1.5625008640000004
1.8825e-05,22.968746496,0.57574999744,1.472374997696,1.8750008319999996
1.88255e-05,22.968746496,0.56949999808,1.473624997568,2.1875007999999996
1.8826000000000002e-05,23.749996544,0.56949999808,1.473624997568,2.1875007999999996
1.88265e-05,22.968746496,0.56949999808,1.47487499744,1.8750008319999996
1.8827e-05,23.749996544,0.56949999808,1.473624997568,2.1875007999999996
1.8827500000000002e-05,23.749996544,0.56949999808,1.472374997696,1.8750008319999996
1.8828e-05,23.749996544,0.57574999744,1.473624997568,1.8750008319999996
1.88285e-05,23.749996544,0.57574999744,1.476124997312,1.8750008319999996
1.8829000000000002e-05,23.749996544,0.57574999744,1.472374997696,2.1875007999999996
1.88295e-05,22.968746496,0.57574999744,1.471124997824,1.8750008319999996
1.883e-05,24.531246592000002,0.56949999808,1.473624997568,2.1875007999999996
1.8830500000000002e-05,23.749996544,0.57574999744,1.473624997568,2.1875007999999996
1.8831e-05,22.968746496,0.57574999744,1.471124997824,1.8750008319999996
1.88315e-05,22.968746496,0.57574999744,1.472374997696,1.8750008319999996
1.8832000000000002e-05,23.749996544,0.57574999744,1.472374997696,2.1875007999999996
1.88325e-05,23.749996544,0.56949999808,1.473624997568,1.8750008319999996
1.8833e-05,22.968746496,0.56949999808,1.476124997312,1.8750008319999996
1.8833500000000002e-05,23.749996544,0.56949999808,1.47487499744,2.1875007999999996
1.8834e-05,23.749996544,0.56949999808,1.47487499744,2.1875007999999996
1.88345e-05,23.749996544,0.57574999744,1.47487499744,1.5625008640000004
1.8835000000000002e-05,22.968746496,0.5819999967999999,1.47487499744,1.8750008319999996
1.88355e-05,23.749996544,0.56949999808,1.473624997568,1.8750008319999996
1.8836e-05,22.968746496,0.57574999744,1.473624997568,1.8750008319999996
1.88365e-05,23.749996544,0.57574999744,1.473624997568,1.5625008640000004
1.8837000000000003e-05,23.749996544,0.57574999744,1.473624997568,1.8750008319999996
1.88375e-05,23.749996544,0.57574999744,1.47487499744,1.8750008319999996
1.8838e-05,23.749996544,0.57574999744,1.476124997312,1.8750008319999996
1.8838500000000003e-05,22.968746496,0.57574999744,1.477374997184,2.1875007999999996
1.8839e-05,22.968746496,0.56949999808,1.476124997312,1.8750008319999996
1.88395e-05,22.968746496,0.57574999744,1.477374997184,1.8750008319999996
1.8840000000000003e-05,23.749996544,0.57574999744,1.476124997312,2.1875007999999996
1.88405e-05,22.968746496,0.57574999744,1.476124997312,1.5625008640000004
1.8841e-05,22.968746496,0.57574999744,1.472374997696,1.8750008319999996
1.8841500000000002e-05,22.968746496,0.57574999744,1.473624997568,2.1875007999999996
1.8842e-05,22.968746496,0.57574999744,1.473624997568,2.1875007999999996
1.88425e-05,23.749996544,0.57574999744,1.476124997312,1.8750008319999996
1.8843000000000002e-05,23.749996544,0.57574999744,1.477374997184,1.8750008319999996
1.88435e-05,23.749996544,0.56949999808,1.476124997312,2.1875007999999996
1.8844e-05,22.968746496,0.57574999744,1.47487499744,1.8750008319999996
1.8844500000000002e-05,22.968746496,0.57574999744,1.479874996928,1.8750008319999996
1.8845e-05,23.749996544,0.57574999744,1.478624997056,2.1875007999999996
1.88455e-05,22.968746496,0.57574999744,1.477374997184,2.1875007999999996
1.8846000000000002e-05,22.968746496,0.56949999808,1.473624997568,2.1875007999999996
1.88465e-05,22.968746496,0.56949999808,1.472374997696,2.1875007999999996
1.8847e-05,22.187496448000005,0.57574999744,1.472374997696,2.1875007999999996
1.8847500000000002e-05,23.749996544,0.56949999808,1.472374997696,1.8750008319999996
1.8848e-05,23.749996544,0.57574999744,1.472374997696,2.1875007999999996
1.88485e-05,23.749996544,0.56949999808,1.473624997568,1.8750008319999996
1.8849000000000002e-05,22.968746496,0.56949999808,1.472374997696,1.8750008319999996
1.88495e-05,23.749996544,0.56949999808,1.473624997568,2.1875007999999996
1.885e-05,22.968746496,0.56949999808,1.476124997312,2.1875007999999996
1.8850500000000002e-05,22.968746496,0.56949999808,1.476124997312,1.8750008319999996
1.8851e-05,22.968746496,0.57574999744,1.477374997184,2.1875007999999996
1.88515e-05,23.749996544,0.56949999808,1.478624997056,1.8750008319999996
1.8852000000000002e-05,22.968746496,0.56949999808,1.477374997184,1.8750008319999996
1.88525e-05,23.749996544,0.56949999808,1.476124997312,1.8750008319999996
1.8853e-05,23.749996544,0.56949999808,1.476124997312,1.8750008319999996
1.88535e-05,22.968746496,0.57574999744,1.476124997312,1.8750008319999996
1.8854000000000003e-05,22.968746496,0.56949999808,1.476124997312,2.1875007999999996
1.88545e-05,22.968746496,0.56949999808,1.476124997312,2.1875007999999996
1.8855e-05,23.749996544,0.57574999744,1.47487499744,1.8750008319999996
1.8855500000000003e-05,22.968746496,0.56949999808,1.476124997312,1.8750008319999996
1.8856e-05,22.187496448000005,0.56949999808,1.473624997568,1.8750008319999996
1.88565e-05,23.749996544,0.56949999808,1.47487499744,1.8750008319999996
1.8857000000000003e-05,23.749996544,0.56949999808,1.47487499744,2.1875007999999996
1.88575e-05,23.749996544,0.56949999808,1.476124997312,2.1875007999999996
1.8858e-05,23.749996544,0.5632499987199999,1.476124997312,1.8750008319999996
1.8858500000000002e-05,22.968746496,0.57574999744,1.476124997312,1.8750008319999996
1.8859e-05,22.968746496,0.5819999967999999,1.47487499744,1.8750008319999996
1.88595e-05,23.749996544,0.56949999808,1.473624997568,2.1875007999999996
1.8860000000000002e-05,23.749996544,0.56949999808,1.473624997568,2.1875007999999996
1.88605e-05,23.749996544,0.57574999744,1.473624997568,1.8750008319999996
1.8861e-05,22.968746496,0.5819999967999999,1.471124997824,2.1875007999999996
1.8861500000000002e-05,22.187496448000005,0.56949999808,1.469874997952,1.8750008319999996
1.8862e-05,22.968746496,0.56949999808,1.471124997824,1.8750008319999996
1.88625e-05,23.749996544,0.56949999808,1.472374997696,2.1875007999999996
1.8863000000000002e-05,22.187496448000005,0.56949999808,1.471124997824,2.1875007999999996
1.88635e-05,22.187496448000005,0.56949999808,1.472374997696,1.8750008319999996
1.8864e-05,22.968746496,0.56949999808,1.47487499744,1.8750008319999996
1.8864500000000002e-05,23.749996544,0.56949999808,1.476124997312,1.8750008319999996
1.8865e-05,22.968746496,0.56949999808,1.472374997696,2.1875007999999996
1.88655e-05,22.968746496,0.57574999744,1.473624997568,2.1875007999999996
1.8866000000000002e-05,23.749996544,0.57574999744,1.476124997312,2.1875007999999996
1.88665e-05,22.968746496,0.56949999808,1.477374997184,1.5625008640000004
1.8867e-05,22.968746496,0.56949999808,1.476124997312,2.1875007999999996
1.8867500000000002e-05,22.968746496,0.56949999808,1.473624997568,1.8750008319999996
1.8868e-05,22.968746496,0.57574999744,1.47487499744,1.8750008319999996
1.88685e-05,22.968746496,0.57574999744,1.472374997696,1.8750008319999996
1.8869000000000002e-05,22.968746496,0.57574999744,1.473624997568,2.1875007999999996
1.88695e-05,22.968746496,0.57574999744,1.476124997312,1.8750008319999996
1.887e-05,23.749996544,0.56949999808,1.478624997056,2.1875007999999996
1.88705e-05,23.749996544,0.56949999808,1.476124997312,2.5000007679999996
1.8871000000000003e-05,22.968746496,0.56949999808,1.47487499744,2.1875007999999996
1.88715e-05,22.968746496,0.56949999808,1.476124997312,1.8750008319999996
1.8872e-05,22.968746496,0.57574999744,1.47487499744,1.8750008319999996
1.8872500000000003e-05,23.749996544,0.56949999808,1.476124997312,1.5625008640000004
1.8873e-05,22.968746496,0.57574999744,1.47487499744,2.1875007999999996
1.88735e-05,22.968746496,0.57574999744,1.473624997568,2.1875007999999996
1.8874000000000003e-05,23.749996544,0.57574999744,1.47487499744,2.1875007999999996
1.88745e-05,22.968746496,0.56949999808,1.477374997184,1.8750008319999996
1.8875e-05,23.749996544,0.57574999744,1.478624997056,1.8750008319999996
1.8875500000000002e-05,22.968746496,0.56949999808,1.478624997056,2.1875007999999996
1.8876e-05,22.968746496,0.57574999744,1.473624997568,2.1875007999999996
1.88765e-05,23.749996544,0.57574999744,1.473624997568,1.5625008640000004
1.8877000000000002e-05,23.749996544,0.56949999808,1.477374997184,1.8750008319999996
1.88775e-05,23.749996544,0.56949999808,1.479874996928,1.8750008319999996
1.8878e-05,23.749996544,0.56949999808,1.476124997312,2.5000007679999996
1.8878500000000002e-05,23.749996544,0.56949999808,1.47487499744,2.1875007999999996
1.8879e-05,22.968746496,0.57574999744,1.473624997568,1.8750008319999996
1.88795e-05,22.968746496,0.56949999808,1.473624997568,2.1875007999999996
1.8880000000000002e-05,22.968746496,0.57574999744,1.473624997568,1.8750008319999996
1.88805e-05,23.749996544,0.56949999808,1.47487499744,1.5625008640000004
1.8881e-05,22.968746496,0.56949999808,1.473624997568,1.8750008319999996
1.8881500000000002e-05,23.749996544,0.56949999808,1.473624997568,2.1875007999999996
1.8882e-05,23.749996544,0.56949999808,1.472374997696,2.1875007999999996
1.88825e-05,22.968746496,0.56949999808,1.473624997568,1.8750008319999996
1.8883000000000002e-05,22.968746496,0.56949999808,1.47487499744,1.8750008319999996
1.88835e-05,22.968746496,0.56949999808,1.47487499744,1.8750008319999996
1.8884e-05,22.968746496,0.56949999808,1.47487499744,2.1875007999999996
1.8884500000000002e-05,22.968746496,0.57574999744,1.472374997696,2.1875007999999996
1.8885e-05,22.968746496,0.5819999967999999,1.472374997696,1.8750008319999996
1.88855e-05,23.749996544,0.57574999744,1.473624997568,1.8750008319999996
1.8886000000000002e-05,23.749996544,0.56949999808,1.476124997312,2.1875007999999996
1.88865e-05,22.968746496,0.56949999808,1.476124997312,2.1875007999999996
1.8887e-05,22.968746496,0.56949999808,1.473624997568,1.8750008319999996
1.8887500000000002e-05,22.968746496,0.56949999808,1.471124997824,1.8750008319999996
1.8888000000000003e-05,22.968746496,0.57574999744,1.473624997568,1.8750008319999996
1.88885e-05,23.749996544,0.56949999808,1.477374997184,1.5625008640000004
1.8889e-05,23.749996544,0.56949999808,1.477374997184,1.8750008319999996
1.8889500000000003e-05,22.968746496,0.56949999808,1.473624997568,1.8750008319999996
1.889e-05,22.968746496,0.56949999808,1.472374997696,1.8750008319999996
1.88905e-05,22.968746496,0.56949999808,1.473624997568,2.1875007999999996
1.8891000000000003e-05,23.749996544,0.56949999808,1.472374997696,2.1875007999999996
1.88915e-05,22.968746496,0.57574999744,1.472374997696,2.1875007999999996
1.8892e-05,22.187496448000005,0.57574999744,1.473624997568,1.8750008319999996
1.8892500000000002e-05,22.968746496,0.57574999744,1.476124997312,2.1875007999999996
1.8893e-05,22.968746496,0.56949999808,1.47487499744,2.1875007999999996
1.88935e-05,22.968746496,0.56949999808,1.473624997568,1.8750008319999996
1.8894000000000002e-05,22.968746496,0.56949999808,1.473624997568,2.1875007999999996
1.88945e-05,22.968746496,0.56949999808,1.476124997312,2.1875007999999996
1.8895e-05,22.968746496,0.56949999808,1.473624997568,1.8750008319999996
1.8895500000000002e-05,22.968746496,0.56949999808,1.476124997312,1.8750008319999996
1.8896e-05,23.749996544,0.57574999744,1.47487499744,2.1875007999999996
1.88965e-05,23.749996544,0.56949999808,1.47487499744,1.8750008319999996
1.8897000000000002e-05,22.968746496,0.56949999808,1.476124997312,1.8750008319999996
1.88975e-05,22.968746496,0.57574999744,1.476124997312,2.1875007999999996
1.8898e-05,23.749996544,0.56949999808,1.47487499744,2.1875007999999996
1.8898500000000002e-05,23.749996544,0.56949999808,1.473624997568,2.1875007999999996
1.8899e-05,23.749996544,0.56949999808,1.473624997568,2.1875007999999996
1.88995e-05,22.968746496,0.56949999808,1.47487499744,2.5000007679999996
1.8900000000000002e-05,22.968746496,0.56949999808,1.477374997184,2.1875007999999996
1.89005e-05,22.968746496,0.57574999744,1.477374997184,2.1875007999999996
1.8901e-05,23.749996544,0.57574999744,1.47487499744,1.8750008319999996
1.8901500000000002e-05,22.968746496,0.57574999744,1.47487499744,2.5000007679999996
1.8902e-05,22.968746496,0.56949999808,1.476124997312,2.5000007679999996
1.89025e-05,23.749996544,0.5632499987199999,1.47487499744,2.1875007999999996
1.8903000000000002e-05,23.749996544,0.56949999808,1.473624997568,1.8750008319999996
1.89035e-05,23.749996544,0.56949999808,1.472374997696,1.8750008319999996
1.8904e-05,23.749996544,0.57574999744,1.473624997568,2.1875007999999996
1.8904500000000002e-05,23.749996544,0.56949999808,1.476124997312,1.8750008319999996
1.8905000000000003e-05,22.968746496,0.56949999808,1.473624997568,1.8750008319999996
1.89055e-05,22.968746496,0.56949999808,1.473624997568,2.1875007999999996
1.8906e-05,22.968746496,0.56949999808,1.47487499744,2.1875007999999996
1.8906500000000003e-05,22.968746496,0.57574999744,1.473624997568,2.1875007999999996
1.8907e-05,23.749996544,0.57574999744,1.472374997696,2.5000007679999996
1.89075e-05,22.968746496,0.57574999744,1.47487499744,1.8750008319999996
1.8908000000000003e-05,22.968746496,0.56949999808,1.47487499744,2.1875007999999996
1.89085e-05,22.968746496,0.57574999744,1.473624997568,1.8750008319999996
1.8909e-05,23.749996544,0.5819999967999999,1.47487499744,1.8750008319999996
1.8909500000000003e-05,23.749996544,0.57574999744,1.473624997568,2.1875007999999996
1.891e-05,23.749996544,0.57574999744,1.472374997696,2.1875007999999996
1.89105e-05,22.968746496,0.57574999744,1.471124997824,2.1875007999999996
1.8911000000000002e-05,22.968746496,0.57574999744,1.469874997952,1.8750008319999996
1.89115e-05,23.749996544,0.57574999744,1.472374997696,1.8750008319999996
1.8912e-05,23.749996544,0.57574999744,1.472374997696,1.8750008319999996
1.8912500000000002e-05,23.749996544,0.56949999808,1.473624997568,1.8750008319999996
1.8913e-05,22.968746496,0.56949999808,1.473624997568,2.1875007999999996
1.89135e-05,22.968746496,0.56949999808,1.473624997568,2.5000007679999996
1.8914000000000002e-05,23.749996544,0.57574999744,1.472374997696,2.1875007999999996
1.89145e-05,22.968746496,0.56949999808,1.473624997568,2.1875007999999996
1.8915e-05,22.968746496,0.57574999744,1.473624997568,2.1875007999999996
1.8915500000000002e-05,22.968746496,0.57574999744,1.472374997696,2.5000007679999996
1.8916e-05,23.749996544,0.57574999744,1.472374997696,2.5000007679999996
1.89165e-05,22.968746496,0.57574999744,1.47487499744,2.1875007999999996
1.8917000000000002e-05,23.749996544,0.57574999744,1.47487499744,2.1875007999999996
1.89175e-05,22.968746496,0.57574999744,1.471124997824,2.5000007679999996
1.8918e-05,23.749996544,0.56949999808,1.472374997696,2.1875007999999996
1.8918500000000002e-05,23.749996544,0.57574999744,1.473624997568,2.1875007999999996
1.8919e-05,23.749996544,0.57574999744,1.473624997568,1.8750008319999996
1.89195e-05,23.749996544,0.57574999744,1.471124997824,1.5625008640000004
1.8920000000000002e-05,23.749996544,0.56949999808,1.469874997952,1.8750008319999996
1.89205e-05,23.749996544,0.56949999808,1.471124997824,1.8750008319999996
1.8921e-05,22.968746496,0.56949999808,1.471124997824,1.8750008319999996
1.8921500000000002e-05,22.968746496,0.57574999744,1.473624997568,2.1875007999999996
1.8922000000000003e-05,23.749996544,0.56949999808,1.473624997568,2.1875007999999996
1.89225e-05,23.749996544,0.56949999808,1.472374997696,2.1875007999999996
1.8923e-05,22.968746496,0.57574999744,1.471124997824,2.1875007999999996
1.8923500000000003e-05,23.749996544,0.57574999744,1.473624997568,2.1875007999999996
1.8924e-05,22.968746496,0.57574999744,1.47487499744,2.1875007999999996
1.89245e-05,23.749996544,0.57574999744,1.472374997696,1.8750008319999996
1.8925000000000003e-05,24.531246592000002,0.57574999744,1.472374997696,2.1875007999999996
1.89255e-05,23.749996544,0.57574999744,1.471124997824,2.1875007999999996
1.8926e-05,22.968746496,0.57574999744,1.472374997696,2.5000007679999996
1.8926500000000003e-05,22.968746496,0.57574999744,1.47487499744,2.1875007999999996
1.8927e-05,23.749996544,0.56949999808,1.47487499744,1.8750008319999996
1.89275e-05,22.968746496,0.56949999808,1.47487499744,2.1875007999999996
1.8928000000000002e-05,22.968746496,0.57574999744,1.472374997696,2.1875007999999996
1.89285e-05,22.968746496,0.57574999744,1.473624997568,1.8750008319999996
1.8929e-05,22.968746496,0.56949999808,1.472374997696,2.1875007999999996
1.8929500000000002e-05,22.968746496,0.56949999808,1.472374997696,2.1875007999999996
1.893e-05,23.749996544,0.57574999744,1.472374997696,2.1875007999999996
1.89305e-05,23.749996544,0.56949999808,1.473624997568,1.8750008319999996
1.8931000000000002e-05,22.968746496,0.56949999808,1.471124997824,2.1875007999999996
1.89315e-05,23.749996544,0.56949999808,1.469874997952,2.1875007999999996
1.8932e-05,22.968746496,0.57574999744,1.469874997952,2.1875007999999996
1.8932500000000002e-05,23.749996544,0.56949999808,1.472374997696,1.8750008319999996
1.8933e-05,23.749996544,0.56949999808,1.472374997696,2.1875007999999996
1.89335e-05,22.968746496,0.56949999808,1.472374997696,2.1875007999999996
1.8934000000000002e-05,23.749996544,0.56949999808,1.473624997568,2.1875007999999996
1.89345e-05,23.749996544,0.56949999808,1.473624997568,2.1875007999999996
1.8935e-05,22.968746496,0.56949999808,1.472374997696,1.8750008319999996
1.8935500000000002e-05,23.749996544,0.57574999744,1.472374997696,1.8750008319999996
1.8936e-05,22.968746496,0.57574999744,1.472374997696,2.1875007999999996
1.89365e-05,23.749996544,0.56949999808,1.472374997696,2.1875007999999996
1.8937000000000002e-05,22.968746496,0.57574999744,1.471124997824,1.8750008319999996
1.89375e-05,22.968746496,0.57574999744,1.471124997824,2.1875007999999996
1.8938e-05,23.749996544,0.57574999744,1.472374997696,2.1875007999999996
1.8938500000000002e-05,23.749996544,0.57574999744,1.472374997696,1.8750008319999996
1.8939000000000003e-05,22.968746496,0.57574999744,1.473624997568,2.1875007999999996
1.89395e-05,23.749996544,0.57574999744,1.472374997696,2.5000007679999996
1.894e-05,23.749996544,0.57574999744,1.472374997696,2.1875007999999996
1.8940500000000003e-05,23.749996544,0.57574999744,1.476124997312,2.1875007999999996
1.8941e-05,23.749996544,0.57574999744,1.476124997312,2.1875007999999996
1.89415e-05,23.749996544,0.57574999744,1.473624997568,2.1875007999999996
1.8942000000000003e-05,23.749996544,0.56949999808,1.472374997696,2.1875007999999996
1.89425e-05,22.968746496,0.57574999744,1.473624997568,2.1875007999999996
1.8943e-05,22.968746496,0.57574999744,1.47487499744,2.1875007999999996
1.8943500000000003e-05,22.968746496,0.57574999744,1.476124997312,1.8750008319999996
1.8944e-05,23.749996544,0.56949999808,1.472374997696,2.1875007999999996
1.89445e-05,23.749996544,0.56949999808,1.47487499744,1.8750008319999996
1.8945000000000002e-05,22.968746496,0.56949999808,1.47487499744,2.1875007999999996
1.89455e-05,22.968746496,0.57574999744,1.473624997568,2.1875007999999996
1.8946e-05,23.749996544,0.56949999808,1.472374997696,2.1875007999999996
1.8946500000000002e-05,23.749996544,0.57574999744,1.472374997696,2.1875007999999996
1.8947e-05,23.749996544,0.56949999808,1.471124997824,2.1875007999999996
1.89475e-05,23.749996544,0.57574999744,1.472374997696,1.8750008319999996
1.8948000000000002e-05,23.749996544,0.57574999744,1.472374997696,1.8750008319999996
1.89485e-05,23.749996544,0.57574999744,1.477374997184,1.8750008319999996
1.8949e-05,23.749996544,0.57574999744,1.477374997184,2.1875007999999996
1.8949500000000002e-05,23.749996544,0.57574999744,1.47487499744,2.1875007999999996
1.895e-05,23.749996544,0.56949999808,1.47487499744,2.1875007999999996
1.89505e-05,22.968746496,0.56949999808,1.473624997568,2.1875007999999996
1.8951000000000002e-05,24.531246592000002,0.57574999744,1.473624997568,1.8750008319999996
1.89515e-05,23.749996544,0.57574999744,1.476124997312,2.1875007999999996
1.8952e-05,23.749996544,0.57574999744,1.473624997568,1.8750008319999996
1.8952500000000002e-05,23.749996544,0.57574999744,1.478624997056,1.5625008640000004
1.8953e-05,22.968746496,0.57574999744,1.479874996928,2.1875007999999996
1.89535e-05,23.749996544,0.5819999967999999,1.478624997056,2.1875007999999996
1.8954000000000002e-05,23.749996544,0.57574999744,1.473624997568,2.1875007999999996
1.89545e-05,22.968746496,0.57574999744,1.473624997568,1.8750008319999996
1.8955e-05,23.749996544,0.5819999967999999,1.47487499744,2.1875007999999996
1.8955500000000002e-05,23.749996544,0.57574999744,1.476124997312,1.8750008319999996
1.8956000000000003e-05,23.749996544,0.57574999744,1.476124997312,2.1875007999999996
1.89565e-05,22.968746496,0.57574999744,1.477374997184,1.8750008319999996
1.8957e-05,23.749996544,0.57574999744,1.476124997312,1.8750008319999996
1.8957500000000003e-05,23.749996544,0.56949999808,1.476124997312,1.8750008319999996
1.8958e-05,23.749996544,0.5632499987199999,1.476124997312,1.8750008319999996
1.89585e-05,23.749996544,0.56949999808,1.476124997312,2.1875007999999996
1.8959000000000003e-05,22.968746496,0.57574999744,1.473624997568,1.8750008319999996
1.89595e-05,22.968746496,0.56949999808,1.473624997568,2.1875007999999996
1.896e-05,23.749996544,0.57574999744,1.472374997696,2.1875007999999996
1.8960500000000003e-05,23.749996544,0.56949999808,1.473624997568,1.8750008319999996
1.8961e-05,22.968746496,0.57574999744,1.472374997696,1.8750008319999996
1.89615e-05,23.749996544,0.5819999967999999,1.47487499744,2.1875007999999996
1.8962000000000002e-05,22.968746496,0.57574999744,1.47487499744,2.1875007999999996
1.89625e-05,22.968746496,0.57574999744,1.47487499744,2.1875007999999996
1.8963e-05,23.749996544,0.57574999744,1.476124997312,2.1875007999999996
1.8963500000000002e-05,22.968746496,0.57574999744,1.47487499744,2.1875007999999996
1.8964e-05,23.749996544,0.57574999744,1.47487499744,2.1875007999999996
1.89645e-05,23.749996544,0.57574999744,1.476124997312,1.8750008319999996
1.8965000000000002e-05,23.749996544,0.57574999744,1.47487499744,2.1875007999999996
1.89655e-05,22.968746496,0.57574999744,1.472374997696,1.8750008319999996
1.8966e-05,23.749996544,0.57574999744,1.472374997696,2.5000007679999996
1.8966500000000002e-05,23.749996544,0.56949999808,1.473624997568,2.1875007999999996
1.8967e-05,23.749996544,0.56949999808,1.473624997568,2.1875007999999996
1.89675e-05,22.968746496,0.56949999808,1.473624997568,1.8750008319999996
1.8968000000000002e-05,22.968746496,0.57574999744,1.473624997568,1.8750008319999996
1.89685e-05,23.749996544,0.56949999808,1.476124997312,1.8750008319999996
1.8969e-05,22.968746496,0.57574999744,1.473624997568,2.1875007999999996
1.8969500000000002e-05,23.749996544,0.56949999808,1.473624997568,2.1875007999999996
1.897e-05,23.749996544,0.57574999744,1.47487499744,2.1875007999999996
1.89705e-05,22.968746496,0.56949999808,1.47487499744,1.8750008319999996
1.8971000000000002e-05,23.749996544,0.57574999744,1.473624997568,1.8750008319999996
1.89715e-05,22.968746496,0.56949999808,1.473624997568,1.8750008319999996
1.8972e-05,23.749996544,0.57574999744,1.473624997568,1.8750008319999996
1.8972500000000002e-05,23.749996544,0.57574999744,1.476124997312,1.8750008319999996
1.8973000000000003e-05,23.749996544,0.5819999967999999,1.476124997312,2.1875007999999996
1.89735e-05,23.749996544,0.57574999744,1.473624997568,1.8750008319999996
1.8974e-05,23.749996544,0.57574999744,1.476124997312,2.1875007999999996
1.8974500000000003e-05,22.968746496,0.57574999744,1.47487499744,2.1875007999999996
1.8975e-05,22.968746496,0.57574999744,1.473624997568,1.8750008319999996
1.89755e-05,23.749996544,0.56949999808,1.47487499744,1.8750008319999996
1.8976000000000003e-05,23.749996544,0.57574999744,1.47487499744,2.1875007999999996
1.89765e-05,23.749996544,0.56949999808,1.476124997312,1.5625008640000004
1.8977e-05,22.968746496,0.57574999744,1.47487499744,1.8750008319999996
1.8977500000000003e-05,23.749996544,0.57574999744,1.473624997568,1.8750008319999996
1.8978e-05,23.749996544,0.5819999967999999,1.472374997696,2.1875007999999996
1.89785e-05,23.749996544,0.57574999744,1.473624997568,1.5625008640000004
1.8979000000000002e-05,22.968746496,0.57574999744,1.476124997312,2.1875007999999996
1.89795e-05,23.749996544,0.56949999808,1.47487499744,2.5000007679999996
1.898e-05,23.749996544,0.57574999744,1.473624997568,2.1875007999999996
1.8980500000000002e-05,22.968746496,0.57574999744,1.473624997568,2.1875007999999996
1.8981e-05,23.749996544,0.57574999744,1.476124997312,2.1875007999999996
1.89815e-05,23.749996544,0.56949999808,1.476124997312,2.1875007999999996
1.8982000000000002e-05,24.531246592000002,0.56949999808,1.476124997312,2.5000007679999996
1.89825e-05,23.749996544,0.56949999808,1.47487499744,2.1875007999999996
1.8983e-05,23.749996544,0.57574999744,1.472374997696,2.1875007999999996
1.8983500000000002e-05,22.968746496,0.57574999744,1.47487499744,1.8750008319999996
1.8984e-05,23.749996544,0.57574999744,1.47487499744,2.1875007999999996
1.89845e-05,23.749996544,0.57574999744,1.476124997312,1.5625008640000004
1.8985000000000002e-05,22.968746496,0.57574999744,1.476124997312,2.1875007999999996
1.89855e-05,22.968746496,0.57574999744,1.47487499744,2.1875007999999996
1.8986e-05,22.968746496,0.57574999744,1.473624997568,2.1875007999999996
1.8986500000000002e-05,22.968746496,0.57574999744,1.473624997568,1.8750008319999996
1.8987e-05,22.968746496,0.57574999744,1.473624997568,1.8750008319999996
1.89875e-05,22.968746496,0.56949999808,1.47487499744,1.8750008319999996
1.8988000000000002e-05,22.968746496,0.57574999744,1.476124997312,2.1875007999999996
1.89885e-05,23.749996544,0.57574999744,1.476124997312,1.8750008319999996
1.8989e-05,23.749996544,0.56949999808,1.47487499744,1.8750008319999996
1.8989500000000002e-05,22.968746496,0.5819999967999999,1.473624997568,1.8750008319999996
1.8990000000000003e-05,23.749996544,0.56949999808,1.472374997696,2.1875007999999996
1.89905e-05,23.749996544,0.57574999744,1.473624997568,2.1875007999999996
1.8991e-05,23.749996544,0.57574999744,1.471124997824,1.8750008319999996
1.8991500000000003e-05,23.749996544,0.56949999808,1.473624997568,1.8750008319999996
1.8992e-05,23.749996544,0.57574999744,1.47487499744,1.8750008319999996
1.89925e-05,23.749996544,0.56949999808,1.476124997312,1.8750008319999996
1.8993000000000003e-05,22.968746496,0.57574999744,1.47487499744,1.8750008319999996
1.89935e-05,22.968746496,0.57574999744,1.47487499744,2.1875007999999996
1.8994e-05,23.749996544,0.57574999744,1.473624997568,2.1875007999999996
1.8994500000000003e-05,22.968746496,0.56949999808,1.473624997568,1.8750008319999996
1.8995e-05,23.749996544,0.5819999967999999,1.473624997568,2.1875007999999996
1.89955e-05,23.749996544,0.56949999808,1.476124997312,2.1875007999999996
1.8996000000000002e-05,23.749996544,0.57574999744,1.477374997184,2.1875007999999996
1.89965e-05,23.749996544,0.57574999744,1.478624997056,1.8750008319999996
1.8997e-05,23.749996544,0.57574999744,1.477374997184,1.8750008319999996
1.8997500000000002e-05,22.968746496,0.57574999744,1.476124997312,1.8750008319999996
1.8998e-05,23.749996544,0.57574999744,1.476124997312,2.1875007999999996
1.89985e-05,23.749996544,0.57574999744,1.476124997312,2.5000007679999996
1.8999000000000002e-05,22.968746496,0.57574999744,1.476124997312,1.8750008319999996
1.89995e-05,22.968746496,0.57574999744,1.477374997184,2.1875007999999996
1.9e-05,23.749996544,0.57574999744,1.476124997312,2.1875007999999996
1.9000500000000002e-05,23.749996544,0.56949999808,1.476124997312,1.8750008319999996
1.9001e-05,22.968746496,0.57574999744,1.473624997568,2.1875007999999996
1.90015e-05,22.968746496,0.57574999744,1.473624997568,2.1875007999999996
1.9002000000000002e-05,23.749996544,0.57574999744,1.47487499744,2.1875007999999996
1.90025e-05,22.968746496,0.5819999967999999,1.476124997312,1.5625008640000004
1.9003e-05,22.968746496,0.5819999967999999,1.477374997184,1.8750008319999996
1.9003500000000002e-05,22.968746496,0.57574999744,1.477374997184,2.1875007999999996
1.9004e-05,22.187496448000005,0.56949999808,1.478624997056,2.1875007999999996
1.90045e-05,22.968746496,0.57574999744,1.477374997184,1.8750008319999996
1.9005000000000002e-05,22.968746496,0.56949999808,1.47487499744,2.1875007999999996
1.90055e-05,22.968746496,0.57574999744,1.471124997824,2.1875007999999996
1.9006e-05,23.749996544,0.56949999808,1.473624997568,2.1875007999999996
1.9006500000000002e-05,23.749996544,0.56949999808,1.47487499744,2.1875007999999996
1.9007000000000003e-05,22.968746496,0.56949999808,1.476124997312,1.5625008640000004
1.90075e-05,22.968746496,0.57574999744,1.476124997312,1.5625008640000004
1.9008e-05,22.968746496,0.57574999744,1.47487499744,1.8750008319999996
1.9008500000000003e-05,23.749996544,0.57574999744,1.476124997312,1.8750008319999996
1.9009e-05,22.968746496,0.5819999967999999,1.476124997312,2.1875007999999996
1.90095e-05,23.749996544,0.57574999744,1.476124997312,2.1875007999999996
1.9010000000000003e-05,22.968746496,0.5819999967999999,1.478624997056,2.1875007999999996
1.90105e-05,22.968746496,0.57574999744,1.477374997184,2.1875007999999996
1.9011e-05,22.968746496,0.5819999967999999,1.473624997568,2.1875007999999996
1.9011500000000003e-05,23.749996544,0.5819999967999999,1.472374997696,2.5000007679999996
1.9012e-05,22.968746496,0.57574999744,1.472374997696,2.1875007999999996
1.90125e-05,22.968746496,0.57574999744,1.473624997568,1.8750008319999996
1.9013000000000002e-05,23.749996544,0.56949999808,1.473624997568,2.1875007999999996
1.90135e-05,23.749996544,0.56949999808,1.47487499744,2.1875007999999996
1.9014e-05,23.749996544,0.56949999808,1.476124997312,2.1875007999999996
1.9014500000000002e-05,23.749996544,0.5819999967999999,1.478624997056,2.5000007679999996
1.9015e-05,22.968746496,0.57574999744,1.476124997312,2.1875007999999996
1.90155e-05,23.749996544,0.56949999808,1.473624997568,1.8750008319999996
1.9016000000000002e-05,22.968746496,0.57574999744,1.473624997568,2.1875007999999996
1.90165e-05,23.749996544,0.57574999744,1.477374997184,2.1875007999999996
1.9017e-05,22.968746496,0.5819999967999999,1.476124997312,2.1875007999999996
1.9017500000000002e-05,22.968746496,0.57574999744,1.47487499744,2.5000007679999996
1.9018e-05,23.749996544,0.57574999744,1.476124997312,2.1875007999999996
1.90185e-05,22.968746496,0.57574999744,1.47487499744,2.1875007999999996
1.9019000000000002e-05,23.749996544,0.5819999967999999,1.473624997568,2.1875007999999996
1.90195e-05,22.968746496,0.57574999744,1.473624997568,2.5000007679999996
1.902e-05,22.968746496,0.57574999744,1.47487499744,2.1875007999999996
1.9020500000000002e-05,23.749996544,0.57574999744,1.476124997312,2.1875007999999996
1.9021e-05,23.749996544,0.57574999744,1.47487499744,2.1875007999999996
1.90215e-05,23.749996544,0.57574999744,1.47487499744,2.1875007999999996
1.9022000000000002e-05,23.749996544,0.56949999808,1.47487499744,2.5000007679999996
1.90225e-05,22.968746496,0.56949999808,1.47487499744,2.5000007679999996
1.9023e-05,23.749996544,0.57574999744,1.47487499744,2.1875007999999996
1.9023500000000002e-05,22.968746496,0.57574999744,1.477374997184,1.8750008319999996
1.9024000000000003e-05,22.968746496,0.57574999744,1.477374997184,2.1875007999999996
1.90245e-05,23.749996544,0.56949999808,1.478624997056,2.1875007999999996
1.9025e-05,22.968746496,0.57574999744,1.47487499744,2.5000007679999996
1.9025500000000003e-05,22.968746496,0.56949999808,1.476124997312,2.5000007679999996
1.9026e-05,23.749996544,0.57574999744,1.476124997312,2.1875007999999996
1.90265e-05,22.968746496,0.57574999744,1.476124997312,1.8750008319999996
1.9027000000000003e-05,22.968746496,0.5819999967999999,1.476124997312,2.1875007999999996
1.90275e-05,22.968746496,0.5819999967999999,1.477374997184,2.1875007999999996
1.9028e-05,22.968746496,0.5819999967999999,1.476124997312,2.1875007999999996
1.9028500000000003e-05,23.749996544,0.5819999967999999,1.476124997312,1.8750008319999996
1.9029e-05,23.749996544,0.57574999744,1.476124997312,2.1875007999999996
1.90295e-05,22.968746496,0.5819999967999999,1.477374997184,2.1875007999999996
1.9030000000000002e-05,22.968746496,0.57574999744,1.477374997184,2.1875007999999996
1.90305e-05,23.749996544,0.57574999744,1.478624997056,2.1875007999999996
1.9031e-05,22.968746496,0.57574999744,1.476124997312,1.8750008319999996
1.9031500000000002e-05,22.968746496,0.57574999744,1.476124997312,2.1875007999999996
1.9032e-05,23.749996544,0.5819999967999999,1.47487499744,2.1875007999999996
1.90325e-05,22.968746496,0.56949999808,1.476124997312,2.1875007999999996
1.9033000000000002e-05,22.968746496,0.56949999808,1.476124997312,2.1875007999999996
1.90335e-05,22.968746496,0.57574999744,1.476124997312,2.1875007999999996
1.9034e-05,23.749996544,0.57574999744,1.47487499744,2.1875007999999996
1.9034500000000002e-05,22.968746496,0.5819999967999999,1.47487499744,2.1875007999999996
1.9035e-05,23.749996544,0.5819999967999999,1.476124997312,2.1875007999999996
1.90355e-05,23.749996544,0.57574999744,1.477374997184,2.1875007999999996
1.9036000000000002e-05,23.749996544,0.57574999744,1.473624997568,2.1875007999999996
1.90365e-05,22.968746496,0.57574999744,1.472374997696,2.1875007999999996
1.9037e-05,22.968746496,0.5819999967999999,1.47487499744,2.1875007999999996
1.9037500000000002e-05,23.749996544,0.57574999744,1.477374997184,2.1875007999999996
1.9038e-05,23.749996544,0.57574999744,1.476124997312,2.1875007999999996
1.90385e-05,22.968746496,0.57574999744,1.47487499744,2.5000007679999996
1.9039000000000002e-05,22.968746496,0.56949999808,1.473624997568,1.8750008319999996
1.90395e-05,22.968746496,0.56949999808,1.47487499744,1.8750008319999996
1.904e-05,23.749996544,0.5819999967999999,1.476124997312,2.1875007999999996
1.9040500000000002e-05,23.749996544,0.57574999744,1.4811249968,1.8750008319999996
1.9041000000000003e-05,22.968746496,0.57574999744,1.477374997184,2.1875007999999996
1.90415e-05,23.749996544,0.5819999967999999,1.476124997312,2.1875007999999996
1.9042e-05,23.749996544,0.5819999967999999,1.476124997312,2.1875007999999996
1.9042500000000003e-05,22.968746496,0.57574999744,1.47487499744,2.1875007999999996
1.9043e-05,23.749996544,0.58824999616,1.477374997184,2.5000007679999996
1.90435e-05,22.968746496,0.57574999744,1.476124997312,2.1875007999999996
1.9044000000000003e-05,22.968746496,0.57574999744,1.47487499744,2.1875007999999996
1.90445e-05,23.749996544,0.5819999967999999,1.476124997312,2.1875007999999996
1.9045e-05,23.749996544,0.5819999967999999,1.476124997312,2.1875007999999996
1.9045500000000003e-05,22.968746496,0.5819999967999999,1.476124997312,2.1875007999999996
1.9046e-05,22.968746496,0.56949999808,1.473624997568,2.1875007999999996
1.90465e-05,22.968746496,0.57574999744,1.473624997568,2.1875007999999996
1.9047000000000002e-05,23.749996544,0.57574999744,1.473624997568,1.8750008319999996
1.90475e-05,22.968746496,0.57574999744,1.47487499744,2.1875007999999996
1.9048e-05,23.749996544,0.57574999744,1.47487499744,1.8750008319999996
1.9048500000000002e-05,22.968746496,0.57574999744,1.476124997312,1.8750008319999996
1.9049e-05,22.968746496,0.56949999808,1.473624997568,2.1875007999999996
1.90495e-05,22.968746496,0.56949999808,1.473624997568,2.1875007999999996
1.9050000000000002e-05,22.968746496,0.57574999744,1.473624997568,2.1875007999999996
1.90505e-05,22.968746496,0.57574999744,1.47487499744,1.8750008319999996
1.9051e-05,23.749996544,0.57574999744,1.473624997568,2.1875007999999996
1.9051500000000002e-05,22.968746496,0.57574999744,1.472374997696,2.1875007999999996
1.9052e-05,23.749996544,0.56949999808,1.472374997696,2.1875007999999996
1.90525e-05,23.749996544,0.57574999744,1.472374997696,1.8750008319999996
1.9053000000000002e-05,23.749996544,0.5819999967999999,1.471124997824,2.1875007999999996
1.90535e-05,22.968746496,0.57574999744,1.471124997824,2.1875007999999996
1.9054e-05,22.968746496,0.57574999744,1.473624997568,2.1875007999999996
1.9054500000000002e-05,23.749996544,0.57574999744,1.477374997184,2.1875007999999996
1.9055e-05,22.968746496,0.57574999744,1.476124997312,2.1875007999999996
1.90555e-05,22.968746496,0.57574999744,1.476124997312,2.1875007999999996
1.9056000000000002e-05,23.749996544,0.57574999744,1.473624997568,2.1875007999999996
1.90565e-05,23.749996544,0.57574999744,1.47487499744,1.8750008319999996
1.9057e-05,22.968746496,0.5819999967999999,1.47487499744,2.1875007999999996
1.9057500000000002e-05,22.968746496,0.57574999744,1.47487499744,2.1875007999999996
1.9058000000000003e-05,23.749996544,0.57574999744,1.473624997568,2.1875007999999996
1.90585e-05,22.968746496,0.57574999744,1.473624997568,1.8750008319999996
1.9059e-05,22.968746496,0.5819999967999999,1.473624997568,2.1875007999999996
1.9059500000000003e-05,22.968746496,0.57574999744,1.47487499744,2.5000007679999996
1.906e-05,23.749996544,0.57574999744,1.47487499744,1.8750008319999996
1.90605e-05,23.749996544,0.5819999967999999,1.476124997312,2.1875007999999996
1.9061000000000003e-05,23.749996544,0.57574999744,1.473624997568,2.1875007999999996
1.90615e-05,23.749996544,0.57574999744,1.472374997696,2.1875007999999996
1.9062e-05,23.749996544,0.56949999808,1.473624997568,2.1875007999999996
1.9062500000000003e-05,23.749996544,0.5819999967999999,1.473624997568,2.1875007999999996
1.9063e-05,23.749996544,0.57574999744,1.473624997568,2.1875007999999996
1.90635e-05,22.187496448000005,0.57574999744,1.47487499744,1.8750008319999996
1.9064000000000002e-05,22.968746496,0.57574999744,1.47487499744,2.1875007999999996
1.90645e-05,22.968746496,0.56949999808,1.477374997184,1.8750008319999996
1.9065e-05,22.968746496,0.57574999744,1.476124997312,2.1875007999999996
1.9065500000000002e-05,22.968746496,0.57574999744,1.476124997312,2.5000007679999996
1.9066e-05,22.187496448000005,0.57574999744,1.47487499744,2.1875007999999996
1.90665e-05,22.968746496,0.57574999744,1.47487499744,1.8750008319999996
1.9067000000000002e-05,22.968746496,0.5819999967999999,1.47487499744,1.8750008319999996
1.90675e-05,22.968746496,0.5819999967999999,1.47487499744,2.5000007679999996
1.9068e-05,22.968746496,0.57574999744,1.47487499744,2.5000007679999996
1.9068500000000002e-05,23.749996544,0.57574999744,1.476124997312,2.1875007999999996
1.9069e-05,23.749996544,0.5819999967999999,1.47487499744,2.1875007999999996
1.90695e-05,23.749996544,0.5819999967999999,1.472374997696,2.5000007679999996
1.9070000000000002e-05,22.968746496,0.57574999744,1.473624997568,2.1875007999999996
1.90705e-05,22.968746496,0.57574999744,1.476124997312,2.1875007999999996
1.9071e-05,22.968746496,0.5819999967999999,1.476124997312,2.1875007999999996
1.9071500000000002e-05,22.968746496,0.57574999744,1.477374997184,2.1875007999999996
1.9072e-05,22.968746496,0.57574999744,1.476124997312,2.1875007999999996
1.90725e-05,23.749996544,0.57574999744,1.476124997312,1.8750008319999996
1.9073000000000002e-05,22.968746496,0.5819999967999999,1.472374997696,1.8750008319999996
1.90735e-05,23.749996544,0.5819999967999999,1.472374997696,2.1875007999999996
1.9074e-05,23.749996544,0.5819999967999999,1.471124997824,2.1875007999999996
1.9074500000000002e-05,22.968746496,0.57574999744,1.473624997568,1.8750008319999996
1.9075000000000003e-05,23.749996544,0.5819999967999999,1.473624997568,2.1875007999999996
1.90755e-05,22.968746496,0.57574999744,1.472374997696,2.5000007679999996
1.9076e-05,22.968746496,0.5819999967999999,1.47487499744,2.5000007679999996
1.9076500000000003e-05,22.968746496,0.57574999744,1.477374997184,2.1875007999999996
1.9077e-05,23.749996544,0.5819999967999999,1.473624997568,2.1875007999999996
1.90775e-05,22.968746496,0.57574999744,1.471124997824,2.1875007999999996
1.9078000000000003e-05,22.968746496,0.57574999744,1.473624997568,2.1875007999999996
1.90785e-05,22.968746496,0.56949999808,1.477374997184,1.8750008319999996
1.9079e-05,22.968746496,0.57574999744,1.47487499744,1.8750008319999996
1.9079500000000003e-05,22.968746496,0.57574999744,1.477374997184,1.8750008319999996
1.908e-05,23.749996544,0.5819999967999999,1.47487499744,2.1875007999999996
1.90805e-05,23.749996544,0.57574999744,1.473624997568,1.8750008319999996
1.9081000000000002e-05,22.968746496,0.57574999744,1.471124997824,2.1875007999999996
1.90815e-05,22.968746496,0.5819999967999999,1.473624997568,1.8750008319999996
1.9082e-05,22.968746496,0.5819999967999999,1.473624997568,2.1875007999999996
1.9082500000000002e-05,22.968746496,0.57574999744,1.472374997696,2.1875007999999996
1.9083e-05,23.749996544,0.5819999967999999,1.469874997952,2.1875007999999996
1.90835e-05,23.749996544,0.57574999744,1.473624997568,2.1875007999999996
1.9084000000000002e-05,22.968746496,0.57574999744,1.477374997184,2.1875007999999996
1.90845e-05,22.968746496,0.5819999967999999,1.477374997184,1.8750008319999996
1.9085e-05,23.749996544,0.5819999967999999,1.473624997568,2.1875007999999996
1.9085500000000002e-05,23.749996544,0.5819999967999999,1.473624997568,2.1875007999999996
1.9086e-05,23.749996544,0.57574999744,1.473624997568,2.1875007999999996
1.90865e-05,23.749996544,0.57574999744,1.47487499744,2.1875007999999996
1.9087000000000002e-05,23.749996544,0.5819999967999999,1.473624997568,2.1875007999999996
1.90875e-05,23.749996544,0.5819999967999999,1.473624997568,1.8750008319999996
1.9088e-05,23.749996544,0.5819999967999999,1.471124997824,2.1875007999999996
1.9088500000000002e-05,23.749996544,0.57574999744,1.473624997568,2.1875007999999996
1.9089e-05,23.749996544,0.57574999744,1.47487499744,2.1875007999999996
1.90895e-05,23.749996544,0.5819999967999999,1.473624997568,2.1875007999999996
1.9090000000000002e-05,22.968746496,0.57574999744,1.47487499744,2.1875007999999996
1.90905e-05,22.968746496,0.57574999744,1.47487499744,1.8750008319999996
1.9091e-05,22.968746496,0.5819999967999999,1.473624997568,1.8750008319999996
1.9091500000000002e-05,23.749996544,0.57574999744,1.473624997568,2.1875007999999996
1.9092000000000003e-05,23.749996544,0.57574999744,1.47487499744,2.5000007679999996
1.90925e-05,23.749996544,0.5819999967999999,1.476124997312,1.8750008319999996
1.9093e-05,23.749996544,0.57574999744,1.47487499744,1.8750008319999996
1.9093500000000003e-05,23.749996544,0.5819999967999999,1.472374997696,2.1875007999999996
1.9094e-05,23.749996544,0.57574999744,1.472374997696,2.1875007999999996
1.90945e-05,23.749996544,0.5819999967999999,1.476124997312,2.1875007999999996
1.9095000000000003e-05,23.749996544,0.5819999967999999,1.477374997184,2.1875007999999996
1.90955e-05,22.968746496,0.57574999744,1.476124997312,2.1875007999999996
1.9096e-05,23.749996544,0.5819999967999999,1.47487499744,2.1875007999999996
1.9096500000000003e-05,23.749996544,0.5819999967999999,1.478624997056,1.8750008319999996
1.9097e-05,22.968746496,0.57574999744,1.477374997184,2.1875007999999996
1.90975e-05,23.749996544,0.5819999967999999,1.476124997312,2.1875007999999996
1.9098000000000002e-05,23.749996544,0.57574999744,1.473624997568,2.5000007679999996
1.90985e-05,23.749996544,0.5819999967999999,1.472374997696,2.1875007999999996
1.9099e-05,23.749996544,0.5819999967999999,1.473624997568,2.1875007999999996
1.9099500000000002e-05,23.749996544,0.5819999967999999,1.476124997312,2.1875007999999996
1.91e-05,23.749996544,0.57574999744,1.477374997184,2.5000007679999996
1.91005e-05,23.749996544,0.5819999967999999,1.477374997184,2.1875007999999996
1.9101000000000002e-05,24.531246592000002,0.5819999967999999,1.476124997312,2.5000007679999996
1.91015e-05,22.968746496,0.57574999744,1.47487499744,2.1875007999999996
1.9102e-05,23.749996544,0.57574999744,1.477374997184,2.1875007999999996
1.9102500000000002e-05,23.749996544,0.57574999744,1.476124997312,2.1875007999999996
1.9103e-05,23.749996544,0.57574999744,1.477374997184,2.1875007999999996
1.91035e-05,22.968746496,0.5819999967999999,1.478624997056,1.8750008319999996
1.9104000000000002e-05,23.749996544,0.5819999967999999,1.476124997312,2.1875007999999996
1.91045e-05,23.749996544,0.5819999967999999,1.476124997312,1.8750008319999996
1.9105e-05,22.968746496,0.57574999744,1.47487499744,2.1875007999999996
1.9105500000000002e-05,22.968746496,0.5819999967999999,1.476124997312,1.8750008319999996
1.9106e-05,23.749996544,0.57574999744,1.476124997312,1.8750008319999996
1.91065e-05,23.749996544,0.57574999744,1.47487499744,2.1875007999999996
1.9107000000000002e-05,23.749996544,0.5819999967999999,1.473624997568,2.1875007999999996
1.91075e-05,23.749996544,0.57574999744,1.472374997696,2.1875007999999996
1.9108e-05,23.749996544,0.5819999967999999,1.472374997696,2.1875007999999996
1.9108500000000002e-05,23.749996544,0.5819999967999999,1.47487499744,1.8750008319999996
1.9109000000000003e-05,23.749996544,0.5819999967999999,1.476124997312,2.1875007999999996
1.91095e-05,23.749996544,0.57574999744,1.47487499744,2.1875007999999996
1.911e-05,23.749996544,0.57574999744,1.473624997568,2.1875007999999996
1.9110500000000003e-05,22.968746496,0.57574999744,1.473624997568,2.1875007999999996
1.9111e-05,22.968746496,0.5819999967999999,1.473624997568,1.8750008319999996
1.91115e-05,22.968746496,0.56949999808,1.473624997568,1.8750008319999996
1.9112000000000003e-05,23.749996544,0.57574999744,1.47487499744,2.5000007679999996
1.91125e-05,23.749996544,0.57574999744,1.47487499744,1.8750008319999996
1.9113e-05,22.968746496,0.57574999744,1.473624997568,1.8750008319999996
1.9113500000000003e-05,22.968746496,0.5819999967999999,1.472374997696,2.1875007999999996
1.9114e-05,22.968746496,0.5819999967999999,1.471124997824,2.1875007999999996
1.91145e-05,22.968746496,0.5819999967999999,1.472374997696,2.1875007999999996
1.9115000000000002e-05,23.749996544,0.5819999967999999,1.473624997568,2.1875007999999996
1.91155e-05,22.968746496,0.57574999744,1.477374997184,2.5000007679999996
1.9116e-05,22.968746496,0.57574999744,1.477374997184,2.5000007679999996
1.9116500000000002e-05,22.968746496,0.5819999967999999,1.47487499744,1.8750008319999996
1.9117e-05,23.749996544,0.5819999967999999,1.473624997568,2.1875007999999996
1.91175e-05,23.749996544,0.57574999744,1.47487499744,2.1875007999999996
1.9118000000000002e-05,23.749996544,0.57574999744,1.477374997184,2.5000007679999996
1.91185e-05,22.968746496,0.57574999744,1.477374997184,2.1875007999999996
1.9119e-05,22.968746496,0.5819999967999999,1.47487499744,2.1875007999999996
1.9119500000000002e-05,22.187496448000005,0.57574999744,1.476124997312,2.1875007999999996
1.912e-05,23.749996544,0.5819999967999999,1.476124997312,2.1875007999999996
1.91205e-05,23.749996544,0.57574999744,1.477374997184,2.1875007999999996
1.9121000000000002e-05,22.968746496,0.5819999967999999,1.476124997312,2.5000007679999996
1.91215e-05,22.968746496,0.5819999967999999,1.47487499744,2.5000007679999996
1.9122e-05,22.968746496,0.57574999744,1.47487499744,2.5000007679999996
1.9122500000000002e-05,23.749996544,0.57574999744,1.47487499744,2.1875007999999996
1.9123e-05,23.749996544,0.5819999967999999,1.476124997312,2.5000007679999996
1.91235e-05,22.968746496,0.57574999744,1.473624997568,2.5000007679999996
1.9124000000000002e-05,23.749996544,0.57574999744,1.47487499744,2.1875007999999996
1.91245e-05,23.749996544,0.5819999967999999,1.477374997184,1.8750008319999996
1.9125e-05,23.749996544,0.58824999616,1.476124997312,2.1875007999999996
1.9125500000000002e-05,22.968746496,0.58824999616,1.473624997568,2.1875007999999996
1.9126e-05,23.749996544,0.57574999744,1.47487499744,2.1875007999999996
1.91265e-05,22.968746496,0.57574999744,1.477374997184,2.1875007999999996
1.9127e-05,23.749996544,0.5819999967999999,1.476124997312,2.1875007999999996
1.9127500000000003e-05,23.749996544,0.57574999744,1.477374997184,2.1875007999999996
1.9128e-05,22.968746496,0.57574999744,1.47487499744,2.1875007999999996
1.91285e-05,23.749996544,0.57574999744,1.476124997312,1.8750008319999996
1.9129000000000003e-05,22.968746496,0.57574999744,1.473624997568,2.1875007999999996
1.91295e-05,23.749996544,0.5819999967999999,1.472374997696,2.1875007999999996
1.913e-05,23.749996544,0.5819999967999999,1.472374997696,2.1875007999999996
1.9130500000000003e-05,22.968746496,0.57574999744,1.472374997696,2.1875007999999996
1.9131e-05,23.749996544,0.58824999616,1.473624997568,2.5000007679999996
1.91315e-05,22.968746496,0.5819999967999999,1.47487499744,2.1875007999999996
1.9132000000000002e-05,23.749996544,0.57574999744,1.473624997568,2.1875007999999996
1.91325e-05,23.749996544,0.5819999967999999,1.47487499744,1.8750008319999996
1.9133e-05,23.749996544,0.5819999967999999,1.476124997312,2.1875007999999996
1.9133500000000002e-05,23.749996544,0.5819999967999999,1.476124997312,2.1875007999999996
1.9134e-05,23.749996544,0.57574999744,1.476124997312,2.5000007679999996
1.91345e-05,22.968746496,0.5819999967999999,1.476124997312,2.1875007999999996
1.9135000000000002e-05,23.749996544,0.5819999967999999,1.476124997312,1.8750008319999996
1.91355e-05,22.968746496,0.57574999744,1.47487499744,2.1875007999999996
1.9136e-05,23.749996544,0.5819999967999999,1.472374997696,2.1875007999999996
1.9136500000000002e-05,23.749996544,0.57574999744,1.476124997312,1.8750008319999996
1.9137e-05,22.968746496,0.5819999967999999,1.476124997312,2.1875007999999996
1.91375e-05,23.749996544,0.5819999967999999,1.476124997312,2.1875007999999996
1.9138000000000002e-05,23.749996544,0.57574999744,1.47487499744,2.1875007999999996
1.91385e-05,22.187496448000005,0.5819999967999999,1.476124997312,2.1875007999999996
1.9139e-05,22.968746496,0.5819999967999999,1.477374997184,2.1875007999999996
1.9139500000000002e-05,22.968746496,0.5819999967999999,1.478624997056,2.1875007999999996
1.914e-05,22.968746496,0.5819999967999999,1.478624997056,2.5000007679999996
1.91405e-05,22.968746496,0.5819999967999999,1.478624997056,2.1875007999999996
1.9141000000000002e-05,23.749996544,0.5819999967999999,1.478624997056,2.1875007999999996
1.91415e-05,22.968746496,0.5819999967999999,1.477374997184,1.8750008319999996
1.9142e-05,23.749996544,0.57574999744,1.476124997312,2.1875007999999996
1.9142500000000002e-05,23.749996544,0.5819999967999999,1.477374997184,2.1875007999999996
1.9143e-05,23.749996544,0.5819999967999999,1.473624997568,1.8750008319999996
1.91435e-05,22.968746496,0.5819999967999999,1.47487499744,1.8750008319999996
1.9144000000000002e-05,22.968746496,0.5819999967999999,1.47487499744,1.8750008319999996
1.9144500000000003e-05,23.749996544,0.57574999744,1.477374997184,1.5625008640000004
1.9145e-05,22.968746496,0.57574999744,1.476124997312,1.8750008319999996
1.91455e-05,22.968746496,0.5819999967999999,1.47487499744,2.1875007999999996
1.9146000000000003e-05,23.749996544,0.57574999744,1.473624997568,2.1875007999999996
1.91465e-05,22.968746496,0.5819999967999999,1.473624997568,1.8750008319999996
1.9147e-05,23.749996544,0.58824999616,1.473624997568,2.5000007679999996
1.9147500000000003e-05,23.749996544,0.5819999967999999,1.47487499744,2.1875007999999996
1.9148e-05,23.749996544,0.5819999967999999,1.476124997312,2.1875007999999996
1.91485e-05,23.749996544,0.5819999967999999,1.477374997184,1.8750008319999996
1.9149000000000002e-05,23.749996544,0.5819999967999999,1.476124997312,2.1875007999999996
1.91495e-05,22.968746496,0.5819999967999999,1.47487499744,2.1875007999999996
1.915e-05,22.968746496,0.5819999967999999,1.477374997184,2.1875007999999996
1.9150500000000002e-05,23.749996544,0.57574999744,1.478624997056,2.1875007999999996
1.9151e-05,23.749996544,0.58824999616,1.477374997184,1.8750008319999996
1.91515e-05,22.968746496,0.5819999967999999,1.478624997056,2.1875007999999996
1.9152000000000002e-05,23.749996544,0.58824999616,1.47487499744,2.1875007999999996
1.91525e-05,23.749996544,0.5819999967999999,1.47487499744,2.1875007999999996
1.9153e-05,22.968746496,0.5819999967999999,1.473624997568,2.1875007999999996
1.9153500000000002e-05,23.749996544,0.5819999967999999,1.47487499744,2.1875007999999996
1.9154e-05,22.968746496,0.5819999967999999,1.476124997312,2.1875007999999996
1.91545e-05,22.968746496,0.5819999967999999,1.47487499744,2.1875007999999996
1.9155000000000002e-05,22.968746496,0.5819999967999999,1.472374997696,2.1875007999999996
1.91555e-05,22.968746496,0.5819999967999999,1.472374997696,2.1875007999999996
1.9156e-05,22.968746496,0.5819999967999999,1.476124997312,2.1875007999999996
1.9156500000000002e-05,22.968746496,0.5819999967999999,1.477374997184,1.8750008319999996
1.9157e-05,23.749996544,0.58824999616,1.476124997312,2.1875007999999996
1.91575e-05,22.968746496,0.57574999744,1.476124997312,2.1875007999999996
1.9158000000000002e-05,22.968746496,0.5819999967999999,1.473624997568,2.1875007999999996
1.91585e-05,22.968746496,0.57574999744,1.473624997568,1.8750008319999996
1.9159e-05,22.968746496,0.5819999967999999,1.473624997568,1.8750008319999996
1.9159500000000002e-05,22.187496448000005,0.57574999744,1.477374997184,1.8750008319999996
1.916e-05,22.968746496,0.5819999967999999,1.477374997184,2.1875007999999996
1.91605e-05,22.968746496,0.57574999744,1.478624997056,1.8750008319999996
1.9161000000000002e-05,22.968746496,0.57574999744,1.47487499744,2.1875007999999996
1.9161500000000003e-05,22.968746496,0.5819999967999999,1.473624997568,2.1875007999999996
1.9162e-05,22.968746496,0.57574999744,1.476124997312,2.1875007999999996
1.91625e-05,22.968746496,0.58824999616,1.477374997184,1.8750008319999996
1.9163000000000003e-05,23.749996544,0.5819999967999999,1.477374997184,2.1875007999999996
1.91635e-05,22.968746496,0.5819999967999999,1.476124997312,2.1875007999999996
1.9164e-05,23.749996544,0.57574999744,1.47487499744,1.8750008319999996
1.9164500000000003e-05,23.749996544,0.57574999744,1.479874996928,1.8750008319999996
1.9165e-05,23.749996544,0.57574999744,1.477374997184,2.1875007999999996
1.91655e-05,22.968746496,0.57574999744,1.47487499744,2.1875007999999996
1.9166000000000003e-05,22.968746496,0.57574999744,1.472374997696,2.1875007999999996
1.91665e-05,22.968746496,0.57574999744,1.47487499744,2.5000007679999996
1.9167e-05,22.187496448000005,0.57574999744,1.476124997312,2.1875007999999996
1.9167500000000002e-05,22.968746496,0.57574999744,1.478624997056,2.1875007999999996
1.9168e-05,22.968746496,0.5819999967999999,1.476124997312,2.1875007999999996
1.91685e-05,23.749996544,0.57574999744,1.47487499744,2.1875007999999996
1.9169000000000002e-05,22.968746496,0.57574999744,1.473624997568,1.8750008319999996
1.91695e-05,22.968746496,0.5819999967999999,1.476124997312,2.1875007999999996
1.917e-05,23.749996544,0.5819999967999999,1.477374997184,2.5000007679999996
1.9170500000000002e-05,22.968746496,0.5819999967999999,1.477374997184,2.1875007999999996
1.9171e-05,22.968746496,0.5819999967999999,1.478624997056,2.1875007999999996
1.91715e-05,22.968746496,0.57574999744,1.478624997056,2.5000007679999996
1.9172000000000002e-05,22.968746496,0.5819999967999999,1.477374997184,2.1875007999999996
1.91725e-05,24.531246592000002,0.5819999967999999,1.477374997184,2.1875007999999996
1.9173e-05,24.531246592000002,0.5819999967999999,1.47487499744,2.1875007999999996
1.9173500000000002e-05,22.968746496,0.5819999967999999,1.476124997312,2.1875007999999996
1.9174e-05,22.968746496,0.5819999967999999,1.476124997312,2.1875007999999996
1.91745e-05,22.968746496,0.57574999744,1.477374997184,2.1875007999999996
1.9175000000000002e-05,23.749996544,0.57574999744,1.476124997312,1.8750008319999996
1.91755e-05,22.968746496,0.57574999744,1.477374997184,1.8750008319999996
1.9176e-05,23.749996544,0.5819999967999999,1.47487499744,2.1875007999999996
1.9176500000000002e-05,23.749996544,0.57574999744,1.476124997312,2.1875007999999996
1.9177e-05,22.968746496,0.57574999744,1.477374997184,2.1875007999999996
1.91775e-05,23.749996544,0.5819999967999999,1.476124997312,2.5000007679999996
1.9178000000000002e-05,23.749996544,0.57574999744,1.47487499744,2.1875007999999996
1.9178500000000003e-05,22.968746496,0.5819999967999999,1.473624997568,1.8750008319999996
1.9179e-05,22.968746496,0.5819999967999999,1.47487499744,2.1875007999999996
1.91795e-05,22.968746496,0.5819999967999999,1.477374997184,2.5000007679999996
1.9180000000000003e-05,22.187496448000005,0.57574999744,1.47487499744,2.1875007999999996
1.91805e-05,23.749996544,0.57574999744,1.478624997056,2.1875007999999996
1.9181e-05,23.749996544,0.5819999967999999,1.476124997312,2.1875007999999996
1.9181500000000003e-05,23.749996544,0.5819999967999999,1.476124997312,2.1875007999999996
1.9182e-05,23.749996544,0.57574999744,1.478624997056,2.1875007999999996
1.91825e-05,23.749996544,0.57574999744,1.479874996928,2.1875007999999996
1.9183000000000003e-05,23.749996544,0.57574999744,1.47487499744,1.8750008319999996
1.91835e-05,23.749996544,0.57574999744,1.47487499744,1.8750008319999996
1.9184e-05,23.749996544,0.5819999967999999,1.476124997312,2.1875007999999996
1.9184500000000002e-05,24.531246592000002,0.57574999744,1.478624997056,2.1875007999999996
1.9185e-05,22.968746496,0.5819999967999999,1.477374997184,2.1875007999999996
1.91855e-05,22.968746496,0.57574999744,1.476124997312,2.5000007679999996
1.9186000000000002e-05,22.968746496,0.5819999967999999,1.476124997312,2.1875007999999996
1.91865e-05,22.968746496,0.5819999967999999,1.476124997312,2.1875007999999996
1.9187e-05,23.749996544,0.58824999616,1.477374997184,2.5000007679999996
1.9187500000000002e-05,22.968746496,0.5819999967999999,1.478624997056,2.1875007999999996
1.9188e-05,23.749996544,0.5819999967999999,1.477374997184,2.5000007679999996
1.91885e-05,23.749996544,0.57574999744,1.476124997312,2.5000007679999996
1.9189000000000002e-05,24.531246592000002,0.57574999744,1.476124997312,2.5000007679999996
1.91895e-05,22.968746496,0.57574999744,1.473624997568,2.5000007679999996
1.919e-05,22.968746496,0.57574999744,1.473624997568,2.5000007679999996
1.9190500000000002e-05,22.968746496,0.57574999744,1.47487499744,2.1875007999999996
1.9191e-05,23.749996544,0.57574999744,1.473624997568,1.8750008319999996
1.91915e-05,23.749996544,0.57574999744,1.47487499744,1.8750008319999996
1.9192000000000002e-05,23.749996544,0.5819999967999999,1.47487499744,2.1875007999999996
1.91925e-05,23.749996544,0.57574999744,1.477374997184,1.8750008319999996
1.9193e-05,22.968746496,0.57574999744,1.476124997312,2.1875007999999996
1.9193500000000002e-05,22.968746496,0.5819999967999999,1.477374997184,2.1875007999999996
1.9194e-05,22.968746496,0.57574999744,1.476124997312,2.5000007679999996
1.91945e-05,23.749996544,0.57574999744,1.476124997312,1.8750008319999996
1.9195000000000002e-05,23.749996544,0.5819999967999999,1.477374997184,2.1875007999999996
1.9195500000000003e-05,23.749996544,0.5819999967999999,1.478624997056,2.5000007679999996
1.9196e-05,22.968746496,0.57574999744,1.477374997184,2.1875007999999996
1.91965e-05,23.749996544,0.5819999967999999,1.478624997056,2.1875007999999996
1.9197000000000003e-05,23.749996544,0.57574999744,1.476124997312,2.1875007999999996
1.91975e-05,23.749996544,0.5819999967999999,1.47487499744,2.1875007999999996
1.9198e-05,23.749996544,0.57574999744,1.476124997312,2.5000007679999996
1.9198500000000003e-05,22.968746496,0.57574999744,1.476124997312,2.1875007999999996
1.9199e-05,22.968746496,0.57574999744,1.47487499744,1.8750008319999996
1.91995e-05,22.968746496,0.5819999967999999,1.47487499744,1.8750008319999996
1.9200000000000003e-05,22.968746496,0.5819999967999999,1.47487499744,2.1875007999999996
1.92005e-05,22.968746496,0.58824999616,1.47487499744,1.8750008319999996
1.9201e-05,22.968746496,0.57574999744,1.477374997184,2.1875007999999996
1.9201500000000002e-05,23.749996544,0.57574999744,1.477374997184,2.5000007679999996
1.9202e-05,22.968746496,0.5819999967999999,1.476124997312,2.1875007999999996
1.92025e-05,22.968746496,0.5819999967999999,1.47487499744,2.1875007999999996
1.9203000000000002e-05,23.749996544,0.58824999616,1.473624997568,2.1875007999999996
1.92035e-05,23.749996544,0.5819999967999999,1.472374997696,2.1875007999999996
1.9204e-05,22.968746496,0.57574999744,1.47487499744,1.8750008319999996
1.9204500000000002e-05,23.749996544,0.57574999744,1.476124997312,2.1875007999999996
1.9205e-05,23.749996544,0.5819999967999999,1.47487499744,2.1875007999999996
1.92055e-05,23.749996544,0.5819999967999999,1.47487499744,2.5000007679999996
1.9206000000000002e-05,23.749996544,0.57574999744,1.473624997568,2.1875007999999996
1.92065e-05,23.749996544,0.57574999744,1.477374997184,2.1875007999999996
1.9207e-05,23.749996544,0.57574999744,1.476124997312,1.8750008319999996
1.9207500000000002e-05,22.968746496,0.5819999967999999,1.476124997312,2.1875007999999996
1.9208e-05,23.749996544,0.5819999967999999,1.47487499744,2.5000007679999996
1.92085e-05,23.749996544,0.5819999967999999,1.476124997312,1.8750008319999996
1.9209000000000002e-05,22.968746496,0.57574999744,1.47487499744,2.1875007999999996
1.92095e-05,23.749996544,0.57574999744,1.473624997568,2.1875007999999996
1.921e-05,23.749996544,0.5819999967999999,1.476124997312,2.1875007999999996
1.9210500000000002e-05,22.968746496,0.5819999967999999,1.476124997312,1.8750008319999996
1.9211e-05,22.968746496,0.5819999967999999,1.47487499744,2.1875007999999996
1.92115e-05,22.968746496,0.5819999967999999,1.47487499744,1.8750008319999996
1.9212000000000002e-05,22.968746496,0.5819999967999999,1.476124997312,2.1875007999999996
1.9212500000000003e-05,22.968746496,0.57574999744,1.478624997056,1.8750008319999996
1.9213e-05,23.749996544,0.57574999744,1.476124997312,2.1875007999999996
1.92135e-05,23.749996544,0.57574999744,1.476124997312,1.8750008319999996
1.9214000000000003e-05,23.749996544,0.57574999744,1.476124997312,2.1875007999999996
1.92145e-05,22.968746496,0.57574999744,1.47487499744,2.1875007999999996
1.9215e-05,22.968746496,0.5819999967999999,1.47487499744,1.8750008319999996
1.9215500000000003e-05,22.968746496,0.57574999744,1.477374997184,2.5000007679999996
1.9216e-05,23.749996544,0.5819999967999999,1.47487499744,2.1875007999999996
1.92165e-05,23.749996544,0.57574999744,1.47487499744,1.8750008319999996
1.9217000000000003e-05,22.968746496,0.57574999744,1.473624997568,2.1875007999999996
1.92175e-05,22.968746496,0.5819999967999999,1.476124997312,2.1875007999999996
1.9218e-05,23.749996544,0.5819999967999999,1.476124997312,2.5000007679999996
1.9218500000000002e-05,23.749996544,0.57574999744,1.473624997568,2.1875007999999996
1.9219e-05,23.749996544,0.57574999744,1.473624997568,2.5000007679999996
1.92195e-05,22.968746496,0.5819999967999999,1.473624997568,2.1875007999999996
1.9220000000000002e-05,22.187496448000005,0.5819999967999999,1.473624997568,2.1875007999999996
1.92205e-05,22.968746496,0.5819999967999999,1.473624997568,2.1875007999999996
1.9221e-05,23.749996544,0.57574999744,1.473624997568,2.1875007999999996
1.9221500000000002e-05,23.749996544,0.5819999967999999,1.473624997568,2.1875007999999996
1.9222e-05,22.968746496,0.57574999744,1.476124997312,2.1875007999999996
1.92225e-05,23.749996544,0.57574999744,1.477374997184,2.1875007999999996
1.9223000000000002e-05,22.968746496,0.57574999744,1.473624997568,2.1875007999999996
1.92235e-05,22.968746496,0.57574999744,1.472374997696,2.1875007999999996
1.9224e-05,23.749996544,0.57574999744,1.472374997696,2.1875007999999996
1.9224500000000002e-05,23.749996544,0.57574999744,1.473624997568,1.8750008319999996
1.9225e-05,23.749996544,0.58824999616,1.472374997696,2.1875007999999996
1.92255e-05,23.749996544,0.5819999967999999,1.473624997568,2.1875007999999996
1.9226000000000002e-05,23.749996544,0.57574999744,1.47487499744,2.1875007999999996
1.92265e-05,23.749996544,0.57574999744,1.476124997312,2.1875007999999996
1.9227e-05,23.749996544,0.5819999967999999,1.477374997184,2.1875007999999996
1.9227500000000002e-05,22.968746496,0.57574999744,1.478624997056,2.5000007679999996
1.9228e-05,22.968746496,0.57574999744,1.477374997184,2.1875007999999996
1.92285e-05,22.968746496,0.5819999967999999,1.476124997312,2.1875007999999996
1.9229000000000002e-05,22.968746496,0.58824999616,1.473624997568,2.1875007999999996
1.9229500000000003e-05,23.749996544,0.5819999967999999,1.47487499744,2.1875007999999996
1.923e-05,23.749996544,0.57574999744,1.476124997312,2.5000007679999996
1.92305e-05,23.749996544,0.5819999967999999,1.476124997312,2.1875007999999996
1.9231000000000003e-05,23.749996544,0.5819999967999999,1.476124997312,1.8750008319999996
1.92315e-05,23.749996544,0.5819999967999999,1.476124997312,1.8750008319999996
1.9232e-05,22.968746496,0.5819999967999999,1.47487499744,2.1875007999999996
1.9232500000000003e-05,23.749996544,0.57574999744,1.473624997568,1.8750008319999996
1.9233e-05,23.749996544,0.57574999744,1.471124997824,2.1875007999999996
1.92335e-05,23.749996544,0.5819999967999999,1.472374997696,2.1875007999999996
1.9234000000000003e-05,23.749996544,0.5819999967999999,1.473624997568,2.1875007999999996
1.92345e-05,22.968746496,0.5819999967999999,1.476124997312,2.1875007999999996
1.9235e-05,22.968746496,0.58824999616,1.477374997184,2.1875007999999996
1.9235500000000002e-05,23.749996544,0.5819999967999999,1.477374997184,2.5000007679999996
1.9236e-05,23.749996544,0.57574999744,1.477374997184,2.1875007999999996
1.92365e-05,23.749996544,0.5819999967999999,1.478624997056,2.1875007999999996
1.9237000000000002e-05,23.749996544,0.58824999616,1.476124997312,2.1875007999999996
1.92375e-05,23.749996544,0.5819999967999999,1.47487499744,2.5000007679999996
1.9238e-05,23.749996544,0.57574999744,1.47487499744,2.5000007679999996
1.9238500000000002e-05,22.968746496,0.5819999967999999,1.477374997184,2.1875007999999996
1.9239e-05,22.968746496,0.5819999967999999,1.477374997184,2.1875007999999996
1.92395e-05,22.968746496,0.5819999967999999,1.479874996928,1.8750008319999996
1.9240000000000002e-05,23.749996544,0.5819999967999999,1.476124997312,2.1875007999999996
1.92405e-05,23.749996544,0.57574999744,1.47487499744,1.8750008319999996
1.9241e-05,22.968746496,0.5819999967999999,1.473624997568,2.1875007999999996
1.9241500000000002e-05,22.968746496,0.5819999967999999,1.47487499744,2.1875007999999996
1.9242e-05,23.749996544,0.5819999967999999,1.476124997312,2.1875007999999996
1.92425e-05,22.968746496,0.57574999744,1.47487499744,1.8750008319999996
1.9243000000000002e-05,22.968746496,0.58824999616,1.47487499744,2.5000007679999996
1.92435e-05,23.749996544,0.58824999616,1.47487499744,2.5000007679999996
1.9244e-05,23.749996544,0.5819999967999999,1.47487499744,2.1875007999999996
1.9244500000000002e-05,23.749996544,0.58824999616,1.476124997312,1.8750008319999996
1.9245e-05,23.749996544,0.58824999616,1.476124997312,2.1875007999999996
1.92455e-05,22.968746496,0.58824999616,1.476124997312,2.1875007999999996
1.9246000000000002e-05,23.749996544,0.5819999967999999,1.476124997312,2.5000007679999996
1.9246500000000003e-05,22.968746496,0.58824999616,1.477374997184,2.5000007679999996
1.9247e-05,23.749996544,0.5819999967999999,1.476124997312,2.1875007999999996
1.92475e-05,22.187496448000005,0.5819999967999999,1.47487499744,1.8750008319999996
1.9248000000000003e-05,23.749996544,0.5819999967999999,1.473624997568,1.8750008319999996
1.92485e-05,23.749996544,0.57574999744,1.476124997312,1.8750008319999996
1.9249e-05,22.968746496,0.5819999967999999,1.476124997312,2.1875007999999996
1.9249500000000003e-05,22.968746496,0.5819999967999999,1.47487499744,2.1875007999999996
1.925e-05,22.968746496,0.5819999967999999,1.473624997568,2.1875007999999996
1.92505e-05,22.968746496,0.5819999967999999,1.476124997312,2.1875007999999996
1.9251000000000003e-05,22.968746496,0.5819999967999999,1.476124997312,2.1875007999999996
1.92515e-05,23.749996544,0.5819999967999999,1.47487499744,2.5000007679999996
1.9252e-05,22.968746496,0.5819999967999999,1.473624997568,2.5000007679999996
1.9252500000000002e-05,22.968746496,0.5819999967999999,1.47487499744,2.1875007999999996
1.9253e-05,22.968746496,0.58824999616,1.476124997312,2.1875007999999996
1.92535e-05,22.968746496,0.5819999967999999,1.476124997312,2.5000007679999996
1.9254000000000002e-05,22.968746496,0.57574999744,1.473624997568,2.5000007679999996
1.92545e-05,22.968746496,0.57574999744,1.476124997312,2.1875007999999996
1.9255e-05,22.968746496,0.58824999616,1.47487499744,2.1875007999999996
1.9255500000000002e-05,22.187496448000005,0.5819999967999999,1.476124997312,2.1875007999999996
1.9256e-05,22.968746496,0.5819999967999999,1.47487499744,2.1875007999999996
1.92565e-05,23.749996544,0.56949999808,1.476124997312,2.1875007999999996
1.9257000000000002e-05,22.968746496,0.5819999967999999,1.476124997312,2.1875007999999996
1.92575e-05,22.968746496,0.5819999967999999,1.477374997184,2.1875007999999996
1.9258e-05,22.968746496,0.5819999967999999,1.476124997312,2.1875007999999996
1.9258500000000002e-05,22.187496448000005,0.5819999967999999,1.477374997184,2.1875007999999996
1.9259e-05,22.968746496,0.58824999616,1.478624997056,2.1875007999999996
1.92595e-05,23.749996544,0.5819999967999999,1.477374997184,2.8125007359999996
1.9260000000000002e-05,23.749996544,0.5819999967999999,1.47487499744,2.1875007999999996
1.92605e-05,23.749996544,0.5819999967999999,1.477374997184,2.1875007999999996
1.9261e-05,23.749996544,0.58824999616,1.47487499744,2.1875007999999996
1.9261500000000002e-05,23.749996544,0.58824999616,1.473624997568,2.1875007999999996
1.9262e-05,22.968746496,0.5819999967999999,1.473624997568,2.1875007999999996
1.92625e-05,22.187496448000005,0.58824999616,1.477374997184,2.5000007679999996
1.9263000000000002e-05,22.187496448000005,0.5819999967999999,1.476124997312,2.1875007999999996
1.9263500000000003e-05,22.968746496,0.57574999744,1.473624997568,2.1875007999999996
1.9264e-05,23.749996544,0.5819999967999999,1.473624997568,2.1875007999999996
1.92645e-05,23.749996544,0.58824999616,1.476124997312,2.1875007999999996
1.9265000000000003e-05,22.968746496,0.5819999967999999,1.47487499744,2.1875007999999996
1.92655e-05,23.749996544,0.5819999967999999,1.477374997184,2.1875007999999996
1.9266e-05,23.749996544,0.5819999967999999,1.476124997312,2.1875007999999996
1.9266500000000003e-05,22.968746496,0.5819999967999999,1.47487499744,1.8750008319999996
1.9267e-05,23.749996544,0.58824999616,1.473624997568,1.8750008319999996
1.92675e-05,22.968746496,0.57574999744,1.472374997696,2.1875007999999996
1.9268000000000003e-05,23.749996544,0.5819999967999999,1.47487499744,2.5000007679999996
1.92685e-05,22.968746496,0.5819999967999999,1.476124997312,2.1875007999999996
1.9269e-05,23.749996544,0.5819999967999999,1.473624997568,2.1875007999999996
1.9269500000000002e-05,23.749996544,0.5819999967999999,1.47487499744,2.1875007999999996
1.927e-05,24.531246592000002,0.5819999967999999,1.476124997312,2.5000007679999996
1.92705e-05,23.749996544,0.58824999616,1.476124997312,2.5000007679999996
1.9271000000000002e-05,23.749996544,0.5819999967999999,1.476124997312,2.1875007999999996
1.92715e-05,23.749996544,0.57574999744,1.477374997184,2.1875007999999996
1.9272e-05,24.531246592000002,0.58824999616,1.476124997312,2.1875007999999996
1.9272500000000002e-05,23.749996544,0.57574999744,1.477374997184,2.1875007999999996
1.9273e-05,22.968746496,0.5819999967999999,1.477374997184,2.1875007999999996
1.92735e-05,23.749996544,0.5819999967999999,1.477374997184,2.5000007679999996
1.9274000000000002e-05,23.749996544,0.5819999967999999,1.476124997312,2.5000007679999996
1.92745e-05,22.968746496,0.5819999967999999,1.47487499744,2.1875007999999996
1.9275e-05,23.749996544,0.5819999967999999,1.47487499744,2.5000007679999996
1.9275500000000002e-05,22.968746496,0.5819999967999999,1.476124997312,2.5000007679999996
1.9276e-05,23.749996544,0.57574999744,1.478624997056,2.1875007999999996
1.92765e-05,22.968746496,0.5819999967999999,1.479874996928,2.1875007999999996
1.9277000000000002e-05,23.749996544,0.5819999967999999,1.477374997184,2.1875007999999996
1.92775e-05,22.968746496,0.5819999967999999,1.476124997312,2.1875007999999996
1.9278e-05,22.968746496,0.58824999616,1.477374997184,2.1875007999999996
1.9278500000000002e-05,22.968746496,0.59449999552,1.478624997056,2.1875007999999996
1.9279e-05,23.749996544,0.58824999616,1.47487499744,1.8750008319999996
1.92795e-05,23.749996544,0.5819999967999999,1.476124997312,2.1875007999999996
1.9280000000000002e-05,23.749996544,0.5819999967999999,1.476124997312,2.1875007999999996
1.9280500000000003e-05,24.531246592000002,0.57574999744,1.478624997056,1.8750008319999996
1.9281e-05,22.968746496,0.5819999967999999,1.477374997184,2.1875007999999996
1.92815e-05,22.968746496,0.5819999967999999,1.476124997312,2.1875007999999996
1.9282000000000003e-05,22.968746496,0.5819999967999999,1.477374997184,2.1875007999999996
1.92825e-05,22.968746496,0.57574999744,1.479874996928,2.5000007679999996
1.9283e-05,23.749996544,0.5819999967999999,1.478624997056,1.8750008319999996
1.9283500000000003e-05,22.968746496,0.57574999744,1.476124997312,2.1875007999999996
1.9284e-05,22.187496448000005,0.5819999967999999,1.473624997568,2.5000007679999996
1.92845e-05,22.968746496,0.5819999967999999,1.473624997568,2.1875007999999996
1.9285000000000003e-05,23.749996544,0.58824999616,1.47487499744,2.5000007679999996
1.92855e-05,22.968746496,0.5819999967999999,1.476124997312,2.5000007679999996
1.9286e-05,22.968746496,0.5819999967999999,1.47487499744,2.5000007679999996
1.9286500000000002e-05,23.749996544,0.58824999616,1.473624997568,2.5000007679999996
1.9287e-05,23.749996544,0.58824999616,1.47487499744,2.1875007999999996
1.92875e-05,23.749996544,0.57574999744,1.476124997312,2.1875007999999996
1.9288000000000002e-05,23.749996544,0.58824999616,1.476124997312,2.5000007679999996
1.92885e-05,23.749996544,0.5819999967999999,1.479874996928,2.1875007999999996
1.9289e-05,22.968746496,0.5819999967999999,1.479874996928,2.1875007999999996
1.9289500000000002e-05,22.968746496,0.5819999967999999,1.479874996928,2.1875007999999996
1.929e-05,23.749996544,0.5819999967999999,1.478624997056,2.5000007679999996
1.92905e-05,22.968746496,0.58824999616,1.476124997312,2.1875007999999996
1.9291000000000002e-05,23.749996544,0.59449999552,1.473624997568,2.5000007679999996
1.92915e-05,23.749996544,0.58824999616,1.47487499744,2.8125007359999996
1.9292e-05,23.749996544,0.58824999616,1.476124997312,2.5000007679999996
1.9292500000000002e-05,23.749996544,0.58824999616,1.477374997184,2.5000007679999996
1.9293e-05,23.749996544,0.58824999616,1.476124997312,2.1875007999999996
1.92935e-05,22.968746496,0.5819999967999999,1.478624997056,2.5000007679999996
1.9294000000000002e-05,23.749996544,0.5819999967999999,1.477374997184,2.5000007679999996
1.92945e-05,22.968746496,0.5819999967999999,1.477374997184,2.5000007679999996
1.9295e-05,23.749996544,0.5819999967999999,1.476124997312,2.1875007999999996
1.9295500000000002e-05,22.968746496,0.5819999967999999,1.47487499744,2.1875007999999996
1.9296e-05,22.968746496,0.5819999967999999,1.47487499744,2.5000007679999996
1.92965e-05,22.968746496,0.5819999967999999,1.477374997184,2.1875007999999996
1.9297000000000002e-05,22.968746496,0.5819999967999999,1.477374997184,2.5000007679999996
1.9297500000000003e-05,22.968746496,0.5819999967999999,1.478624997056,2.5000007679999996
1.9298e-05,22.968746496,0.5819999967999999,1.477374997184,2.1875007999999996
1.92985e-05,22.968746496,0.58824999616,1.476124997312,2.1875007999999996
1.9299000000000003e-05,22.968746496,0.58824999616,1.47487499744,2.1875007999999996
1.92995e-05,22.968746496,0.5819999967999999,1.476124997312,2.5000007679999996
1.93e-05,22.968746496,0.57574999744,1.476124997312,2.5000007679999996
1.9300500000000003e-05,22.968746496,0.58824999616,1.477374997184,2.5000007679999996
1.9301e-05,22.968746496,0.58824999616,1.477374997184,2.8125007359999996
1.93015e-05,22.968746496,0.5819999967999999,1.478624997056,2.1875007999999996
1.9302000000000003e-05,22.968746496,0.5819999967999999,1.477374997184,1.8750008319999996
1.93025e-05,22.187496448000005,0.58824999616,1.478624997056,2.1875007999999996
1.9303e-05,22.187496448000005,0.5819999967999999,1.477374997184,2.1875007999999996
1.9303500000000002e-05,22.187496448000005,0.57574999744,1.478624997056,1.8750008319999996
1.9304e-05,22.968746496,0.5819999967999999,1.476124997312,2.1875007999999996
1.93045e-05,22.968746496,0.58824999616,1.478624997056,2.1875007999999996
1.9305000000000002e-05,22.968746496,0.58824999616,1.477374997184,2.1875007999999996
1.93055e-05,22.968746496,0.5819999967999999,1.477374997184,2.1875007999999996
1.9306e-05,22.968746496,0.5819999967999999,1.476124997312,2.1875007999999996
1.9306500000000002e-05,23.749996544,0.58824999616,1.477374997184,2.1875007999999996
1.9307e-05,22.968746496,0.58824999616,1.477374997184,2.5000007679999996
1.93075e-05,22.968746496,0.5819999967999999,1.477374997184,2.1875007999999996
1.9308000000000002e-05,22.968746496,0.5819999967999999,1.477374997184,2.1875007999999996
1.93085e-05,23.749996544,0.5819999967999999,1.479874996928,2.1875007999999996
1.9309e-05,23.749996544,0.58824999616,1.477374997184,2.1875007999999996
1.9309500000000002e-05,22.968746496,0.58824999616,1.477374997184,2.1875007999999996
1.931e-05,22.968746496,0.5819999967999999,1.476124997312,2.5000007679999996
1.93105e-05,23.749996544,0.58824999616,1.478624997056,2.5000007679999996
1.9311000000000002e-05,23.749996544,0.58824999616,1.479874996928,2.1875007999999996
1.93115e-05,22.968746496,0.5819999967999999,1.4811249968,2.1875007999999996
1.9312e-05,22.968746496,0.5819999967999999,1.477374997184,2.1875007999999996
1.9312500000000002e-05,23.749996544,0.5819999967999999,1.479874996928,1.8750008319999996
1.9313e-05,22.968746496,0.5819999967999999,1.479874996928,2.1875007999999996
1.93135e-05,22.968746496,0.58824999616,1.478624997056,2.1875007999999996
1.9314000000000002e-05,23.749996544,0.5819999967999999,1.478624997056,2.1875007999999996
1.9314500000000003e-05,23.749996544,0.58824999616,1.476124997312,2.1875007999999996
1.9315e-05,23.749996544,0.58824999616,1.476124997312,2.1875007999999996
1.93155e-05,22.968746496,0.57574999744,1.476124997312,2.5000007679999996
1.9316000000000003e-05,22.968746496,0.5819999967999999,1.476124997312,2.5000007679999996
1.93165e-05,23.749996544,0.58824999616,1.477374997184,2.1875007999999996
1.9317e-05,23.749996544,0.58824999616,1.47487499744,2.1875007999999996
1.9317500000000003e-05,22.968746496,0.58824999616,1.47487499744,2.1875007999999996
1.9318e-05,22.968746496,0.5819999967999999,1.473624997568,2.5000007679999996
1.93185e-05,22.968746496,0.58824999616,1.47487499744,2.1875007999999996
1.9319000000000003e-05,23.749996544,0.5819999967999999,1.47487499744,2.1875007999999996
1.93195e-05,22.968746496,0.5819999967999999,1.477374997184,1.8750008319999996
1.932e-05,22.968746496,0.58824999616,1.47487499744,2.5000007679999996
1.9320500000000002e-05,23.749996544,0.5819999967999999,1.476124997312,1.8750008319999996
1.9321e-05,22.968746496,0.5819999967999999,1.473624997568,2.1875007999999996
1.93215e-05,22.968746496,0.5819999967999999,1.473624997568,2.1875007999999996
1.9322000000000002e-05,23.749996544,0.5819999967999999,1.473624997568,2.5000007679999996
1.93225e-05,22.968746496,0.58824999616,1.473624997568,1.8750008319999996
1.9323e-05,23.749996544,0.5819999967999999,1.47487499744,2.5000007679999996
1.9323500000000002e-05,22.968746496,0.58824999616,1.473624997568,2.5000007679999996
1.9324e-05,22.968746496,0.5819999967999999,1.47487499744,2.5000007679999996
1.93245e-05,22.968746496,0.58824999616,1.476124997312,2.1875007999999996
1.9325000000000002e-05,23.749996544,0.58824999616,1.47487499744,2.1875007999999996
1.93255e-05,22.968746496,0.58824999616,1.47487499744,2.1875007999999996
1.9326e-05,23.749996544,0.5819999967999999,1.476124997312,2.1875007999999996
1.9326500000000002e-05,22.968746496,0.58824999616,1.477374997184,2.5000007679999996
1.9327e-05,23.749996544,0.58824999616,1.476124997312,1.8750008319999996
1.93275e-05,22.968746496,0.5819999967999999,1.47487499744,1.8750008319999996
1.9328000000000002e-05,22.968746496,0.5819999967999999,1.47487499744,1.8750008319999996
1.93285e-05,23.749996544,0.57574999744,1.47487499744,1.8750008319999996
1.9329e-05,22.968746496,0.5819999967999999,1.47487499744,2.1875007999999996
1.9329500000000002e-05,22.968746496,0.58824999616,1.476124997312,2.1875007999999996
1.933e-05,23.749996544,0.58824999616,1.476124997312,2.1875007999999996
1.93305e-05,22.968746496,0.5819999967999999,1.476124997312,1.8750008319999996
1.9331000000000002e-05,23.749996544,0.5819999967999999,1.478624997056,2.1875007999999996
1.9331500000000003e-05,22.968746496,0.5819999967999999,1.479874996928,2.5000007679999996
1.9332e-05,23.749996544,0.5819999967999999,1.478624997056,2.1875007999999996
1.93325e-05,23.749996544,0.58824999616,1.477374997184,1.8750008319999996
1.9333000000000003e-05,23.749996544,0.58824999616,1.47487499744,2.1875007999999996
1.93335e-05,22.968746496,0.58824999616,1.47487499744,2.1875007999999996
1.9334e-05,23.749996544,0.58824999616,1.47487499744,2.5000007679999996
1.9334500000000003e-05,23.749996544,0.58824999616,1.473624997568,2.1875007999999996
1.9335e-05,23.749996544,0.58824999616,1.472374997696,1.8750008319999996
1.93355e-05,22.968746496,0.5819999967999999,1.473624997568,2.1875007999999996
1.9336000000000003e-05,22.968746496,0.58824999616,1.473624997568,1.8750008319999996
1.93365e-05,23.749996544,0.58824999616,1.476124997312,1.8750008319999996
1.9337e-05,22.968746496,0.58824999616,1.476124997312,1.8750008319999996
1.9337500000000002e-05,23.749996544,0.58824999616,1.478624997056,2.1875007999999996
1.9338e-05,23.749996544,0.5819999967999999,1.478624997056,2.1875007999999996
1.93385e-05,22.968746496,0.5819999967999999,1.479874996928,2.1875007999999996
1.9339000000000002e-05,22.968746496,0.58824999616,1.478624997056,2.1875007999999996
1.93395e-05,22.968746496,0.5819999967999999,1.477374997184,2.5000007679999996
1.934e-05,23.749996544,0.59449999552,1.47487499744,2.1875007999999996
1.9340500000000002e-05,23.749996544,0.59449999552,1.473624997568,1.8750008319999996
1.9341e-05,22.968746496,0.58824999616,1.47487499744,2.1875007999999996
1.93415e-05,23.749996544,0.58824999616,1.47487499744,2.5000007679999996
1.9342000000000002e-05,23.749996544,0.58824999616,1.47487499744,2.5000007679999996
1.93425e-05,23.749996544,0.58824999616,1.473624997568,2.1875007999999996
1.9343e-05,23.749996544,0.58824999616,1.472374997696,2.1875007999999996
1.9343500000000002e-05,23.749996544,0.5819999967999999,1.47487499744,2.1875007999999996
1.9344e-05,23.749996544,0.5819999967999999,1.47487499744,2.1875007999999996
1.93445e-05,23.749996544,0.5819999967999999,1.478624997056,1.8750008319999996
1.9345000000000002e-05,22.968746496,0.58824999616,1.478624997056,2.1875007999999996
1.93455e-05,23.749996544,0.58824999616,1.477374997184,2.1875007999999996
1.9346e-05,23.749996544,0.59449999552,1.476124997312,2.1875007999999996
1.9346500000000002e-05,22.968746496,0.58824999616,1.47487499744,2.1875007999999996
1.9347e-05,22.968746496,0.58824999616,1.478624997056,2.1875007999999996
1.93475e-05,22.968746496,0.58824999616,1.479874996928,2.1875007999999996
1.9348000000000002e-05,23.749996544,0.58824999616,1.479874996928,2.5000007679999996
1.9348500000000003e-05,23.749996544,0.58824999616,1.478624997056,2.1875007999999996
1.9349e-05,23.749996544,0.58824999616,1.477374997184,2.1875007999999996
1.93495e-05,22.968746496,0.58824999616,1.476124997312,2.1875007999999996
1.9350000000000003e-05,23.749996544,0.58824999616,1.476124997312,2.1875007999999996
1.93505e-05,23.749996544,0.58824999616,1.478624997056,2.5000007679999996
1.9351e-05,23.749996544,0.5819999967999999,1.476124997312,2.1875007999999996
1.9351500000000003e-05,23.749996544,0.5819999967999999,1.47487499744,2.1875007999999996
1.9352e-05,23.749996544,0.58824999616,1.472374997696,2.1875007999999996
1.93525e-05,23.749996544,0.58824999616,1.473624997568,1.8750008319999996
1.9353000000000003e-05,22.968746496,0.58824999616,1.472374997696,2.1875007999999996
1.93535e-05,23.749996544,0.5819999967999999,1.473624997568,2.1875007999999996
1.9354e-05,23.749996544,0.5819999967999999,1.477374997184,2.1875007999999996
1.9354500000000002e-05,22.968746496,0.58824999616,1.476124997312,1.8750008319999996
1.9355e-05,22.968746496,0.59449999552,1.476124997312,2.1875007999999996
1.93555e-05,22.968746496,0.5819999967999999,1.476124997312,2.5000007679999996
1.9356000000000002e-05,22.968746496,0.57574999744,1.477374997184,2.1875007999999996
1.93565e-05,22.968746496,0.5819999967999999,1.477374997184,2.1875007999999996
1.9357e-05,22.968746496,0.58824999616,1.476124997312,2.1875007999999996
1.9357500000000002e-05,23.749996544,0.58824999616,1.47487499744,2.5000007679999996
1.9358e-05,23.749996544,0.5819999967999999,1.477374997184,2.5000007679999996
1.93585e-05,22.968746496,0.58824999616,1.476124997312,2.5000007679999996
1.9359000000000002e-05,23.749996544,0.58824999616,1.477374997184,2.1875007999999996
1.93595e-05,23.749996544,0.5819999967999999,1.478624997056,2.1875007999999996
1.936e-05,22.968746496,0.5819999967999999,1.477374997184,2.1875007999999996
1.9360500000000002e-05,23.749996544,0.58824999616,1.477374997184,1.8750008319999996
1.9361e-05,22.968746496,0.58824999616,1.476124997312,2.1875007999999996
1.93615e-05,22.968746496,0.58824999616,1.476124997312,2.1875007999999996
1.9362000000000002e-05,23.749996544,0.59449999552,1.47487499744,2.1875007999999996
1.93625e-05,22.968746496,0.58824999616,1.476124997312,2.1875007999999996
1.9363e-05,22.968746496,0.58824999616,1.47487499744,2.1875007999999996
1.9363500000000002e-05,22.968746496,0.5819999967999999,1.476124997312,2.5000007679999996
1.9364e-05,23.749996544,0.58824999616,1.47487499744,2.5000007679999996
1.93645e-05,22.968746496,0.58824999616,1.476124997312,2.1875007999999996
1.9365000000000002e-05,23.749996544,0.58824999616,1.477374997184,2.5000007679999996
1.9365500000000003e-05,22.968746496,0.5819999967999999,1.476124997312,2.5000007679999996
1.9366e-05,23.749996544,0.5819999967999999,1.47487499744,2.8125007359999996
1.93665e-05,23.749996544,0.5819999967999999,1.476124997312,2.8125007359999996
1.9367000000000003e-05,22.968746496,0.5819999967999999,1.473624997568,2.1875007999999996
1.93675e-05,23.749996544,0.58824999616,1.477374997184,2.1875007999999996
1.9368e-05,22.968746496,0.58824999616,1.477374997184,2.1875007999999996
1.9368500000000003e-05,23.749996544,0.5819999967999999,1.4811249968,2.1875007999999996
1.9369e-05,23.749996544,0.58824999616,1.478624997056,2.5000007679999996
1.93695e-05,22.968746496,0.5819999967999999,1.476124997312,2.1875007999999996
1.9370000000000003e-05,23.749996544,0.5819999967999999,1.478624997056,2.5000007679999996
1.93705e-05,23.749996544,0.58824999616,1.479874996928,2.1875007999999996
1.9371e-05,22.968746496,0.58824999616,1.477374997184,2.1875007999999996
1.9371500000000002e-05,23.749996544,0.5819999967999999,1.47487499744,2.5000007679999996
1.9372e-05,23.749996544,0.57574999744,1.47487499744,2.5000007679999996
1.93725e-05,23.749996544,0.5819999967999999,1.478624997056,2.5000007679999996
1.9373000000000002e-05,23.749996544,0.5819999967999999,1.477374997184,2.1875007999999996
1.93735e-05,23.749996544,0.5819999967999999,1.477374997184,2.1875007999999996
1.9374e-05,23.749996544,0.58824999616,1.476124997312,2.5000007679999996
1.9374500000000002e-05,23.749996544,0.58824999616,1.47487499744,2.5000007679999996
1.9375e-05,23.749996544,0.58824999616,1.47487499744,2.5000007679999996
1.93755e-05,22.968746496,0.5819999967999999,1.477374997184,2.1875007999999996
1.9376000000000002e-05,23.749996544,0.5819999967999999,1.47487499744,2.5000007679999996
1.93765e-05,23.749996544,0.5819999967999999,1.47487499744,2.1875007999999996
1.9377e-05,23.749996544,0.58824999616,1.473624997568,2.5000007679999996
1.9377500000000002e-05,23.749996544,0.58824999616,1.473624997568,2.1875007999999996
1.9378e-05,23.749996544,0.58824999616,1.47487499744,2.1875007999999996
1.93785e-05,23.749996544,0.58824999616,1.47487499744,2.1875007999999996
1.9379000000000002e-05,22.968746496,0.58824999616,1.47487499744,2.5000007679999996
1.93795e-05,22.968746496,0.5819999967999999,1.47487499744,2.5000007679999996
1.938e-05,23.749996544,0.59449999552,1.47487499744,2.5000007679999996
1.9380500000000002e-05,23.749996544,0.59449999552,1.477374997184,2.1875007999999996
1.9381e-05,22.968746496,0.58824999616,1.478624997056,2.1875007999999996
1.93815e-05,22.968746496,0.5819999967999999,1.477374997184,2.1875007999999996
1.9382000000000002e-05,23.749996544,0.5819999967999999,1.477374997184,2.5000007679999996
1.9382500000000003e-05,23.749996544,0.5819999967999999,1.477374997184,2.5000007679999996
1.9383e-05,23.749996544,0.58824999616,1.476124997312,2.1875007999999996
1.9383500000000002e-05,22.968746496,0.58824999616,1.476124997312,2.1875007999999996
1.9384000000000003e-05,22.968746496,0.5819999967999999,1.476124997312,2.1875007999999996
1.93845e-05,23.749996544,0.5819999967999999,1.476124997312,1.8750008319999996
1.9385e-05,22.968746496,0.5819999967999999,1.47487499744,2.1875007999999996
1.9385500000000003e-05,22.968746496,0.58824999616,1.47487499744,2.5000007679999996
1.9386e-05,23.749996544,0.59449999552,1.47487499744,2.1875007999999996
1.93865e-05,22.968746496,0.59449999552,1.47487499744,2.1875007999999996
1.9387000000000003e-05,22.968746496,0.58824999616,1.47487499744,2.5000007679999996
1.93875e-05,22.968746496,0.58824999616,1.473624997568,2.5000007679999996
1.9388e-05,23.749996544,0.59449999552,1.47487499744,2.5000007679999996
1.9388500000000002e-05,23.749996544,0.58824999616,1.476124997312,2.5000007679999996
1.9389e-05,23.749996544,0.58824999616,1.476124997312,2.5000007679999996
1.93895e-05,22.968746496,0.58824999616,1.473624997568,2.1875007999999996
1.9390000000000002e-05,23.749996544,0.58824999616,1.473624997568,2.5000007679999996
1.93905e-05,23.749996544,0.58824999616,1.47487499744,2.1875007999999996
1.9391e-05,23.749996544,0.59449999552,1.47487499744,2.1875007999999996
1.9391500000000002e-05,22.968746496,0.58824999616,1.47487499744,1.8750008319999996
1.9392e-05,23.749996544,0.58824999616,1.47487499744,2.1875007999999996
1.93925e-05,22.968746496,0.59449999552,1.476124997312,1.8750008319999996
1.9393000000000002e-05,22.968746496,0.59449999552,1.476124997312,2.1875007999999996
1.93935e-05,22.968746496,0.58824999616,1.473624997568,2.1875007999999996
1.9394e-05,22.968746496,0.59449999552,1.471124997824,2.1875007999999996
1.9394500000000002e-05,22.968746496,0.59449999552,1.472374997696,2.1875007999999996
1.9395e-05,22.968746496,0.58824999616,1.471124997824,2.1875007999999996
1.93955e-05,22.968746496,0.58824999616,1.473624997568,2.1875007999999996
1.9396000000000002e-05,23.749996544,0.58824999616,1.476124997312,2.5000007679999996
1.93965e-05,22.968746496,0.58824999616,1.47487499744,2.1875007999999996
1.9397e-05,23.749996544,0.58824999616,1.472374997696,2.1875007999999996
1.9397500000000002e-05,22.968746496,0.58824999616,1.472374997696,2.1875007999999996
1.9398e-05,22.968746496,0.58824999616,1.476124997312,2.1875007999999996
1.93985e-05,22.968746496,0.58824999616,1.477374997184,2.5000007679999996
1.9399000000000002e-05,22.968746496,0.58824999616,1.476124997312,2.5000007679999996
1.9399500000000003e-05,22.968746496,0.59449999552,1.476124997312,2.1875007999999996
1.94e-05,23.749996544,0.58824999616,1.47487499744,2.1875007999999996
1.9400500000000002e-05,23.749996544,0.58824999616,1.476124997312,2.1875007999999996
1.9401000000000003e-05,22.968746496,0.58824999616,1.476124997312,2.1875007999999996
1.94015e-05,23.749996544,0.58824999616,1.476124997312,2.1875007999999996
1.9402e-05,23.749996544,0.58824999616,1.47487499744,2.1875007999999996
1.9402500000000003e-05,22.968746496,0.59449999552,1.47487499744,2.1875007999999996
1.9403e-05,23.749996544,0.59449999552,1.476124997312,2.5000007679999996
1.94035e-05,22.968746496,0.58824999616,1.476124997312,2.5000007679999996
1.9404000000000003e-05,22.968746496,0.58824999616,1.47487499744,2.5000007679999996
1.94045e-05,22.968746496,0.59449999552,1.476124997312,2.1875007999999996
1.9405e-05,23.749996544,0.58824999616,1.473624997568,2.5000007679999996
1.9405500000000002e-05,23.749996544,0.58824999616,1.473624997568,2.5000007679999996
1.9406e-05,23.749996544,0.58824999616,1.47487499744,2.1875007999999996
1.94065e-05,22.968746496,0.57574999744,1.47487499744,2.5000007679999996
1.9407000000000002e-05,22.968746496,0.58824999616,1.473624997568,2.1875007999999996
1.94075e-05,22.968746496,0.5819999967999999,1.473624997568,2.1875007999999996
1.9408e-05,23.749996544,0.58824999616,1.472374997696,2.5000007679999996
1.9408500000000002e-05,23.749996544,0.58824999616,1.47487499744,2.1875007999999996
1.9409e-05,22.968746496,0.58824999616,1.47487499744,2.5000007679999996
1.94095e-05,22.968746496,0.58824999616,1.476124997312,2.5000007679999996
1.9410000000000002e-05,23.749996544,0.58824999616,1.476124997312,2.1875007999999996
1.94105e-05,22.968746496,0.58824999616,1.47487499744,2.1875007999999996
1.9411e-05,22.968746496,0.58824999616,1.476124997312,2.1875007999999996
1.9411500000000002e-05,23.749996544,0.5819999967999999,1.477374997184,2.5000007679999996
1.9412e-05,22.968746496,0.5819999967999999,1.476124997312,2.5000007679999996
1.94125e-05,23.749996544,0.58824999616,1.476124997312,2.5000007679999996
1.9413000000000002e-05,23.749996544,0.58824999616,1.47487499744,2.5000007679999996
1.94135e-05,23.749996544,0.58824999616,1.473624997568,2.5000007679999996
1.9414e-05,23.749996544,0.5819999967999999,1.473624997568,2.5000007679999996
1.9414500000000002e-05,23.749996544,0.58824999616,1.47487499744,2.5000007679999996
1.9415e-05,22.968746496,0.58824999616,1.47487499744,2.1875007999999996
1.94155e-05,22.968746496,0.5819999967999999,1.47487499744,2.1875007999999996
1.9416000000000002e-05,23.749996544,0.58824999616,1.473624997568,2.1875007999999996
1.9416500000000003e-05,23.749996544,0.5819999967999999,1.473624997568,2.1875007999999996
1.9417e-05,22.968746496,0.58824999616,1.472374997696,2.1875007999999996
1.9417500000000002e-05,22.968746496,0.59449999552,1.47487499744,2.1875007999999996
1.9418000000000003e-05,22.968746496,0.59449999552,1.473624997568,2.1875007999999996
1.94185e-05,23.749996544,0.58824999616,1.473624997568,2.1875007999999996
1.9419e-05,22.968746496,0.58824999616,1.476124997312,2.1875007999999996
1.9419500000000003e-05,22.968746496,0.59449999552,1.47487499744,2.5000007679999996
1.942e-05,22.968746496,0.58824999616,1.473624997568,2.5000007679999996
1.94205e-05,23.749996544,0.58824999616,1.47487499744,2.1875007999999996
1.9421000000000003e-05,23.749996544,0.58824999616,1.47487499744,2.5000007679999996
1.94215e-05,23.749996544,0.58824999616,1.47487499744,2.5000007679999996
1.9422e-05,22.968746496,0.58824999616,1.473624997568,2.5000007679999996
1.9422500000000003e-05,23.749996544,0.58824999616,1.476124997312,2.5000007679999996
1.9423e-05,23.749996544,0.59449999552,1.476124997312,2.1875007999999996
1.94235e-05,22.968746496,0.58824999616,1.477374997184,1.8750008319999996
1.9424000000000002e-05,23.749996544,0.5819999967999999,1.476124997312,2.5000007679999996
1.94245e-05,23.749996544,0.57574999744,1.477374997184,2.1875007999999996
1.9425e-05,22.968746496,0.58824999616,1.47487499744,2.1875007999999996
1.9425500000000002e-05,23.749996544,0.58824999616,1.47487499744,2.1875007999999996
1.9426e-05,24.531246592000002,0.58824999616,1.479874996928,2.5000007679999996
1.94265e-05,22.187496448000005,0.58824999616,1.4811249968,1.8750008319999996
1.9427000000000002e-05,22.968746496,0.59449999552,1.478624997056,2.1875007999999996
1.94275e-05,22.968746496,0.58824999616,1.477374997184,2.5000007679999996
1.9428e-05,23.749996544,0.58824999616,1.477374997184,2.5000007679999996
1.9428500000000002e-05,23.749996544,0.58824999616,1.478624997056,2.1875007999999996
1.9429e-05,23.749996544,0.58824999616,1.476124997312,2.5000007679999996
1.94295e-05,23.749996544,0.58824999616,1.473624997568,2.5000007679999996
1.9430000000000002e-05,22.968746496,0.58824999616,1.476124997312,2.5000007679999996
1.94305e-05,23.749996544,0.58824999616,1.477374997184,2.5000007679999996
1.9431e-05,23.749996544,0.5819999967999999,1.47487499744,2.1875007999999996
1.9431500000000002e-05,22.968746496,0.58824999616,1.476124997312,2.1875007999999996
1.9432e-05,22.968746496,0.59449999552,1.476124997312,2.5000007679999996
1.94325e-05,23.749996544,0.58824999616,1.478624997056,2.5000007679999996
1.9433000000000002e-05,22.968746496,0.58824999616,1.478624997056,2.1875007999999996
1.94335e-05,22.968746496,0.58824999616,1.4811249968,2.1875007999999996
1.9434e-05,23.749996544,0.58824999616,1.479874996928,2.1875007999999996
1.9434500000000002e-05,22.968746496,0.58824999616,1.47487499744,2.1875007999999996
1.9435000000000003e-05,22.968746496,0.59449999552,1.47487499744,2.5000007679999996
1.94355e-05,23.749996544,0.58824999616,1.47487499744,2.5000007679999996
1.9436e-05,22.968746496,0.58824999616,1.476124997312,2.5000007679999996
1.9436500000000003e-05,23.749996544,0.59449999552,1.478624997056,2.1875007999999996
1.9437e-05,23.749996544,0.58824999616,1.479874996928,2.5000007679999996
1.94375e-05,22.968746496,0.58824999616,1.478624997056,2.1875007999999996
1.9438000000000003e-05,23.749996544,0.5819999967999999,1.478624997056,2.1875007999999996
1.94385e-05,23.749996544,0.58824999616,1.477374997184,2.5000007679999996
1.9439e-05,22.968746496,0.59449999552,1.47487499744,2.1875007999999996
1.9439500000000003e-05,23.749996544,0.5819999967999999,1.47487499744,1.8750008319999996
1.944e-05,23.749996544,0.5819999967999999,1.47487499744,2.1875007999999996
1.94405e-05,23.749996544,0.58824999616,1.477374997184,1.8750008319999996
1.9441000000000002e-05,22.968746496,0.58824999616,1.47487499744,2.1875007999999996
1.94415e-05,23.749996544,0.58824999616,1.473624997568,2.1875007999999996
1.9442e-05,23.749996544,0.58824999616,1.473624997568,2.1875007999999996
1.9442500000000002e-05,22.968746496,0.59449999552,1.47487499744,2.1875007999999996
1.9443e-05,22.968746496,0.59449999552,1.476124997312,2.1875007999999996
1.94435e-05,22.968746496,0.58824999616,1.47487499744,2.1875007999999996
1.9444000000000002e-05,22.187496448000005,0.58824999616,1.47487499744,2.1875007999999996
1.94445e-05,22.968746496,0.58824999616,1.476124997312,2.1875007999999996
1.9445e-05,23.749996544,0.58824999616,1.476124997312,1.8750008319999996
1.9445500000000002e-05,22.968746496,0.59449999552,1.477374997184,2.1875007999999996
1.9446e-05,23.749996544,0.58824999616,1.476124997312,2.5000007679999996
1.94465e-05,22.968746496,0.58824999616,1.477374997184,2.5000007679999996
1.9447000000000002e-05,22.968746496,0.58824999616,1.476124997312,2.1875007999999996
1.94475e-05,22.968746496,0.58824999616,1.477374997184,1.8750008319999996
1.9448e-05,23.749996544,0.58824999616,1.476124997312,2.1875007999999996
1.9448500000000002e-05,22.968746496,0.58824999616,1.478624997056,1.5625008640000004
1.9449e-05,22.968746496,0.5819999967999999,1.476124997312,1.8750008319999996
1.94495e-05,22.968746496,0.58824999616,1.476124997312,2.1875007999999996
1.9450000000000002e-05,22.968746496,0.58824999616,1.476124997312,2.1875007999999996
1.94505e-05,22.968746496,0.59449999552,1.476124997312,1.8750008319999996
1.9451e-05,23.749996544,0.58824999616,1.47487499744,2.1875007999999996
1.9451500000000002e-05,23.749996544,0.5819999967999999,1.473624997568,2.5000007679999996
1.9452000000000003e-05,22.968746496,0.5819999967999999,1.47487499744,2.1875007999999996
1.94525e-05,22.968746496,0.58824999616,1.477374997184,2.1875007999999996
1.9453e-05,23.749996544,0.58824999616,1.477374997184,2.1875007999999996
1.9453500000000003e-05,23.749996544,0.58824999616,1.477374997184,1.8750008319999996
1.9454e-05,22.968746496,0.5819999967999999,1.478624997056,2.1875007999999996
1.94545e-05,22.968746496,0.59449999552,1.478624997056,2.1875007999999996
1.9455000000000003e-05,23.749996544,0.59449999552,1.478624997056,2.1875007999999996
1.94555e-05,23.749996544,0.5819999967999999,1.477374997184,1.8750008319999996
1.9456e-05,23.749996544,0.58824999616,1.476124997312,2.5000007679999996
1.9456500000000003e-05,23.749996544,0.5819999967999999,1.477374997184,1.8750008319999996
1.9457e-05,22.968746496,0.58824999616,1.47487499744,2.1875007999999996
1.94575e-05,22.968746496,0.59449999552,1.476124997312,2.1875007999999996
1.9458000000000002e-05,23.749996544,0.59449999552,1.477374997184,2.5000007679999996
1.94585e-05,22.968746496,0.59449999552,1.477374997184,2.1875007999999996
1.9459e-05,22.968746496,0.59449999552,1.476124997312,2.1875007999999996
1.9459500000000002e-05,22.968746496,0.5819999967999999,1.47487499744,2.1875007999999996
1.946e-05,22.968746496,0.5819999967999999,1.47487499744,2.5000007679999996
1.94605e-05,23.749996544,0.58824999616,1.476124997312,2.1875007999999996
1.9461000000000002e-05,23.749996544,0.58824999616,1.476124997312,2.1875007999999996
1.94615e-05,23.749996544,0.59449999552,1.47487499744,1.8750008319999996
1.9462e-05,23.749996544,0.58824999616,1.476124997312,2.5000007679999996
1.9462500000000002e-05,23.749996544,0.58824999616,1.476124997312,2.1875007999999996
1.9463e-05,22.968746496,0.58824999616,1.476124997312,1.8750008319999996
1.94635e-05,22.968746496,0.58824999616,1.477374997184,1.8750008319999996
1.9464000000000002e-05,23.749996544,0.58824999616,1.47487499744,2.1875007999999996
1.94645e-05,23.749996544,0.58824999616,1.473624997568,1.8750008319999996
1.9465e-05,22.968746496,0.58824999616,1.472374997696,1.5625008640000004
1.9465500000000002e-05,23.749996544,0.59449999552,1.473624997568,2.1875007999999996
1.9466e-05,23.749996544,0.59449999552,1.476124997312,2.1875007999999996
1.94665e-05,22.968746496,0.59449999552,1.47487499744,2.1875007999999996
1.9467000000000002e-05,23.749996544,0.59449999552,1.473624997568,2.1875007999999996
1.94675e-05,23.749996544,0.58824999616,1.476124997312,2.1875007999999996
1.9468e-05,23.749996544,0.58824999616,1.476124997312,2.1875007999999996
1.9468500000000002e-05,22.968746496,0.58824999616,1.476124997312,2.1875007999999996
1.9469000000000003e-05,24.531246592000002,0.59449999552,1.47487499744,2.1875007999999996
1.94695e-05,23.749996544,0.58824999616,1.473624997568,2.1875007999999996
1.947e-05,22.968746496,0.58824999616,1.47487499744,2.5000007679999996
1.9470500000000003e-05,23.749996544,0.59449999552,1.47487499744,2.5000007679999996
1.9471e-05,23.749996544,0.58824999616,1.473624997568,1.8750008319999996
1.94715e-05,23.749996544,0.58824999616,1.471124997824,2.1875007999999996
1.9472000000000003e-05,23.749996544,0.58824999616,1.471124997824,2.1875007999999996
1.94725e-05,23.749996544,0.5819999967999999,1.47487499744,1.8750008319999996
1.9473e-05,23.749996544,0.58824999616,1.476124997312,2.1875007999999996
1.9473500000000003e-05,22.968746496,0.58824999616,1.47487499744,2.1875007999999996
1.9474e-05,22.968746496,0.58824999616,1.476124997312,2.1875007999999996
1.94745e-05,22.187496448000005,0.58824999616,1.477374997184,2.5000007679999996
1.9475000000000002e-05,22.968746496,0.58824999616,1.478624997056,2.5000007679999996
1.94755e-05,22.968746496,0.58824999616,1.479874996928,2.5000007679999996
1.9476e-05,23.749996544,0.58824999616,1.477374997184,1.8750008319999996
1.9476500000000002e-05,22.968746496,0.58824999616,1.476124997312,1.8750008319999996
1.9477e-05,23.749996544,0.59449999552,1.47487499744,2.1875007999999996
1.94775e-05,22.968746496,0.59449999552,1.47487499744,2.1875007999999996
1.9478000000000002e-05,23.749996544,0.58824999616,1.476124997312,2.1875007999999996
1.94785e-05,23.749996544,0.58824999616,1.477374997184,2.5000007679999996
1.9479e-05,22.968746496,0.58824999616,1.47487499744,1.8750008319999996
1.9479500000000002e-05,22.968746496,0.58824999616,1.47487499744,1.8750008319999996
1.948e-05,22.968746496,0.58824999616,1.47487499744,2.1875007999999996
1.94805e-05,23.749996544,0.58824999616,1.47487499744,1.8750008319999996
1.9481000000000002e-05,22.968746496,0.58824999616,1.473624997568,2.1875007999999996
1.94815e-05,22.968746496,0.58824999616,1.47487499744,2.1875007999999996
1.9482e-05,23.749996544,0.5819999967999999,1.477374997184,2.1875007999999996
1.9482500000000002e-05,22.968746496,0.59449999552,1.476124997312,1.8750008319999996
1.9483e-05,22.968746496,0.6007499948799999,1.47487499744,2.1875007999999996
1.94835e-05,23.749996544,0.58824999616,1.47487499744,2.1875007999999996
1.9484000000000002e-05,23.749996544,0.58824999616,1.473624997568,2.1875007999999996
1.94845e-05,23.749996544,0.59449999552,1.476124997312,1.8750008319999996
1.9485e-05,23.749996544,0.58824999616,1.476124997312,2.1875007999999996
1.9485500000000002e-05,23.749996544,0.59449999552,1.476124997312,2.1875007999999996
1.9486000000000003e-05,23.749996544,0.58824999616,1.476124997312,2.1875007999999996
1.94865e-05,23.749996544,0.58824999616,1.477374997184,2.1875007999999996
1.9487e-05,22.968746496,0.58824999616,1.47487499744,1.8750008319999996
1.9487500000000003e-05,23.749996544,0.58824999616,1.477374997184,1.8750008319999996
1.9488e-05,22.968746496,0.58824999616,1.47487499744,1.8750008319999996
1.94885e-05,23.749996544,0.58824999616,1.477374997184,2.1875007999999996
1.9489000000000003e-05,22.968746496,0.59449999552,1.478624997056,1.8750008319999996
1.94895e-05,23.749996544,0.58824999616,1.476124997312,2.1875007999999996
1.949e-05,24.531246592000002,0.59449999552,1.47487499744,2.1875007999999996
1.9490500000000003e-05,22.968746496,0.58824999616,1.476124997312,1.8750008319999996
1.9491e-05,22.968746496,0.59449999552,1.477374997184,2.1875007999999996
1.94915e-05,22.968746496,0.58824999616,1.477374997184,2.1875007999999996
1.9492000000000002e-05,22.187496448000005,0.5819999967999999,1.477374997184,2.5000007679999996
1.94925e-05,22.968746496,0.58824999616,1.479874996928,2.1875007999999996
1.9493e-05,23.749996544,0.58824999616,1.476124997312,2.5000007679999996
1.9493500000000002e-05,23.749996544,0.58824999616,1.476124997312,2.5000007679999996
1.9494e-05,23.749996544,0.58824999616,1.476124997312,2.5000007679999996
1.94945e-05,22.968746496,0.59449999552,1.477374997184,2.5000007679999996
1.9495000000000002e-05,22.968746496,0.59449999552,1.477374997184,2.5000007679999996
1.94955e-05,23.749996544,0.58824999616,1.477374997184,2.1875007999999996
1.9496e-05,23.749996544,0.58824999616,1.47487499744,2.1875007999999996
1.9496500000000002e-05,23.749996544,0.58824999616,1.477374997184,1.8750008319999996
1.9497e-05,22.968746496,0.58824999616,1.478624997056,2.1875007999999996
1.94975e-05,22.968746496,0.58824999616,1.478624997056,2.1875007999999996
1.9498000000000002e-05,23.749996544,0.58824999616,1.477374997184,2.5000007679999996
1.94985e-05,23.749996544,0.58824999616,1.476124997312,2.1875007999999996
1.9499e-05,23.749996544,0.58824999616,1.476124997312,2.1875007999999996
1.9499500000000002e-05,23.749996544,0.5819999967999999,1.476124997312,2.1875007999999996
1.95e-05,23.749996544,0.5819999967999999,1.476124997312,2.1875007999999996
1.95005e-05,23.749996544,0.58824999616,1.476124997312,1.8750008319999996
1.9501000000000002e-05,24.531246592000002,0.58824999616,1.476124997312,2.1875007999999996
1.95015e-05,23.749996544,0.58824999616,1.476124997312,2.1875007999999996
1.9502e-05,23.749996544,0.58824999616,1.476124997312,2.5000007679999996
1.9502500000000002e-05,23.749996544,0.58824999616,1.473624997568,2.5000007679999996
1.9503000000000003e-05,22.968746496,0.59449999552,1.472374997696,2.1875007999999996
1.95035e-05,23.749996544,0.59449999552,1.47487499744,1.8750008319999996
1.9504e-05,23.749996544,0.58824999616,1.476124997312,1.8750008319999996
1.9504500000000003e-05,23.749996544,0.58824999616,1.478624997056,1.8750008319999996
1.9505e-05,22.968746496,0.58824999616,1.477374997184,2.1875007999999996
1.95055e-05,22.968746496,0.58824999616,1.478624997056,2.5000007679999996
1.9506000000000003e-05,22.968746496,0.59449999552,1.476124997312,2.1875007999999996
1.95065e-05,22.968746496,0.58824999616,1.476124997312,1.8750008319999996
1.9507e-05,23.749996544,0.58824999616,1.477374997184,2.1875007999999996
1.9507500000000003e-05,23.749996544,0.58824999616,1.477374997184,2.5000007679999996
1.9508e-05,22.968746496,0.58824999616,1.476124997312,2.5000007679999996
1.95085e-05,22.968746496,0.58824999616,1.477374997184,2.1875007999999996
1.9509000000000002e-05,23.749996544,0.59449999552,1.47487499744,2.1875007999999996
1.95095e-05,22.968746496,0.59449999552,1.476124997312,2.1875007999999996
1.951e-05,23.749996544,0.58824999616,1.47487499744,2.5000007679999996
1.9510500000000002e-05,22.968746496,0.58824999616,1.478624997056,2.1875007999999996
1.9511e-05,22.968746496,0.58824999616,1.477374997184,2.1875007999999996
1.95115e-05,22.968746496,0.58824999616,1.478624997056,1.8750008319999996
1.9512000000000002e-05,23.749996544,0.58824999616,1.476124997312,2.1875007999999996
1.95125e-05,23.749996544,0.58824999616,1.478624997056,2.1875007999999996
1.9513e-05,22.968746496,0.59449999552,1.477374997184,2.1875007999999996
1.9513500000000002e-05,22.968746496,0.58824999616,1.477374997184,2.5000007679999996
1.9514e-05,23.749996544,0.59449999552,1.473624997568,2.5000007679999996
1.95145e-05,22.968746496,0.59449999552,1.473624997568,2.1875007999999996
1.9515000000000002e-05,22.968746496,0.59449999552,1.47487499744,2.1875007999999996
1.95155e-05,22.968746496,0.59449999552,1.478624997056,2.1875007999999996
1.9516e-05,23.749996544,0.58824999616,1.478624997056,2.5000007679999996
1.9516500000000002e-05,23.749996544,0.58824999616,1.478624997056,2.1875007999999996
1.9517e-05,23.749996544,0.58824999616,1.477374997184,2.1875007999999996
1.95175e-05,22.968746496,0.58824999616,1.478624997056,2.1875007999999996
1.9518000000000002e-05,23.749996544,0.58824999616,1.476124997312,2.1875007999999996
1.95185e-05,22.968746496,0.58824999616,1.476124997312,2.5000007679999996
1.9519e-05,23.749996544,0.59449999552,1.476124997312,2.1875007999999996
1.9519500000000002e-05,23.749996544,0.6007499948799999,1.476124997312,2.1875007999999996
1.9520000000000003e-05,23.749996544,0.58824999616,1.476124997312,2.5000007679999996
1.95205e-05,22.187496448000005,0.58824999616,1.479874996928,2.1875007999999996
1.9521e-05,22.968746496,0.58824999616,1.477374997184,2.1875007999999996
1.9521500000000003e-05,23.749996544,0.59449999552,1.477374997184,2.1875007999999996
1.9522e-05,23.749996544,0.59449999552,1.476124997312,2.5000007679999996
1.95225e-05,22.968746496,0.59449999552,1.473624997568,2.1875007999999996
1.9523000000000003e-05,22.968746496,0.59449999552,1.476124997312,2.5000007679999996
1.95235e-05,22.968746496,0.59449999552,1.478624997056,2.1875007999999996
1.9524e-05,23.749996544,0.58824999616,1.479874996928,2.1875007999999996
1.9524500000000003e-05,23.749996544,0.59449999552,1.478624997056,1.8750008319999996
1.9525e-05,24.531246592000002,0.58824999616,1.476124997312,2.5000007679999996
1.95255e-05,23.749996544,0.58824999616,1.477374997184,1.8750008319999996
1.9526000000000002e-05,23.749996544,0.58824999616,1.478624997056,2.1875007999999996
1.95265e-05,22.968746496,0.59449999552,1.478624997056,2.5000007679999996
1.9527e-05,22.968746496,0.59449999552,1.476124997312,2.1875007999999996
1.9527500000000002e-05,22.968746496,0.59449999552,1.47487499744,2.1875007999999996
1.9528e-05,22.968746496,0.58824999616,1.476124997312,2.1875007999999996
1.95285e-05,23.749996544,0.59449999552,1.478624997056,1.8750008319999996
1.9529000000000002e-05,22.968746496,0.58824999616,1.477374997184,2.1875007999999996
1.95295e-05,23.749996544,0.59449999552,1.477374997184,2.5000007679999996
1.953e-05,23.749996544,0.59449999552,1.478624997056,2.1875007999999996
1.9530500000000002e-05,22.968746496,0.59449999552,1.478624997056,2.1875007999999996
1.9531e-05,22.968746496,0.59449999552,1.477374997184,2.1875007999999996
1.95315e-05,23.749996544,0.59449999552,1.477374997184,2.1875007999999996
1.9532000000000002e-05,22.187496448000005,0.58824999616,1.477374997184,2.1875007999999996
1.95325e-05,23.749996544,0.59449999552,1.477374997184,2.1875007999999996
1.9533e-05,24.531246592000002,0.59449999552,1.478624997056,2.1875007999999996
1.9533500000000002e-05,23.749996544,0.58824999616,1.477374997184,2.1875007999999996
1.9534e-05,22.968746496,0.58824999616,1.477374997184,2.1875007999999996
1.95345e-05,23.749996544,0.59449999552,1.478624997056,2.1875007999999996
1.9535000000000002e-05,23.749996544,0.59449999552,1.476124997312,1.8750008319999996
1.95355e-05,22.968746496,0.58824999616,1.476124997312,2.5000007679999996
1.9536e-05,22.968746496,0.58824999616,1.47487499744,2.1875007999999996
1.9536500000000002e-05,22.968746496,0.58824999616,1.479874996928,1.8750008319999996
1.9537000000000003e-05,22.968746496,0.58824999616,1.479874996928,2.1875007999999996
1.95375e-05,22.968746496,0.58824999616,1.478624997056,2.1875007999999996
1.9538e-05,22.968746496,0.58824999616,1.478624997056,2.1875007999999996
1.9538500000000003e-05,22.968746496,0.58824999616,1.478624997056,1.8750008319999996
1.9539e-05,23.749996544,0.58824999616,1.477374997184,2.5000007679999996
1.95395e-05,22.968746496,0.59449999552,1.476124997312,2.1875007999999996
1.9540000000000003e-05,23.749996544,0.58824999616,1.476124997312,2.5000007679999996
1.95405e-05,23.749996544,0.59449999552,1.478624997056,2.1875007999999996
1.9541e-05,23.749996544,0.59449999552,1.476124997312,2.1875007999999996
1.9541500000000003e-05,23.749996544,0.58824999616,1.476124997312,2.1875007999999996
1.9542e-05,23.749996544,0.58824999616,1.47487499744,2.5000007679999996
1.95425e-05,22.968746496,0.59449999552,1.477374997184,2.5000007679999996
1.9543000000000002e-05,22.968746496,0.59449999552,1.478624997056,1.8750008319999996
1.95435e-05,22.968746496,0.58824999616,1.479874996928,2.1875007999999996
1.9544e-05,23.749996544,0.58824999616,1.478624997056,2.5000007679999996
1.9544500000000002e-05,23.749996544,0.58824999616,1.479874996928,1.8750008319999996
1.9545e-05,23.749996544,0.59449999552,1.477374997184,2.1875007999999996
1.95455e-05,22.968746496,0.58824999616,1.479874996928,2.1875007999999996
1.9546000000000002e-05,23.749996544,0.59449999552,1.478624997056,2.1875007999999996
1.95465e-05,23.749996544,0.59449999552,1.477374997184,2.1875007999999996
1.9547e-05,23.749996544,0.59449999552,1.478624997056,2.5000007679999996
1.9547500000000002e-05,23.749996544,0.59449999552,1.478624997056,2.1875007999999996
1.9548e-05,23.749996544,0.59449999552,1.476124997312,2.1875007999999996
1.95485e-05,23.749996544,0.58824999616,1.477374997184,2.1875007999999996
1.9549000000000002e-05,23.749996544,0.59449999552,1.476124997312,2.1875007999999996
1.95495e-05,22.968746496,0.59449999552,1.477374997184,2.1875007999999996
1.955e-05,22.968746496,0.58824999616,1.476124997312,2.1875007999999996
1.9550500000000002e-05,23.749996544,0.58824999616,1.476124997312,2.1875007999999996
1.9551e-05,23.749996544,0.59449999552,1.47487499744,2.1875007999999996
1.95515e-05,22.968746496,0.58824999616,1.477374997184,1.8750008319999996
1.9552000000000002e-05,23.749996544,0.59449999552,1.47487499744,2.1875007999999996
1.95525e-05,24.531246592000002,0.5819999967999999,1.477374997184,2.1875007999999996
1.9553e-05,23.749996544,0.58824999616,1.477374997184,2.5000007679999996
1.9553500000000002e-05,23.749996544,0.58824999616,1.476124997312,2.1875007999999996
1.9554000000000003e-05,23.749996544,0.58824999616,1.476124997312,2.1875007999999996
1.95545e-05,23.749996544,0.58824999616,1.47487499744,1.8750008319999996
1.9555e-05,24.531246592000002,0.58824999616,1.476124997312,2.1875007999999996
1.9555500000000003e-05,23.749996544,0.5819999967999999,1.477374997184,2.5000007679999996
1.9556e-05,23.749996544,0.58824999616,1.476124997312,2.1875007999999996
1.95565e-05,22.968746496,0.58824999616,1.476124997312,2.1875007999999996
1.9557000000000003e-05,23.749996544,0.58824999616,1.47487499744,2.5000007679999996
1.95575e-05,23.749996544,0.59449999552,1.47487499744,2.5000007679999996
1.9558e-05,23.749996544,0.59449999552,1.473624997568,2.1875007999999996
1.9558500000000003e-05,23.749996544,0.59449999552,1.476124997312,2.5000007679999996
1.9559e-05,22.187496448000005,0.59449999552,1.473624997568,2.1875007999999996
1.95595e-05,22.968746496,0.58824999616,1.476124997312,2.1875007999999996
1.9560000000000002e-05,22.968746496,0.59449999552,1.476124997312,2.1875007999999996
1.95605e-05,24.531246592000002,0.58824999616,1.479874996928,2.1875007999999996
1.9561e-05,23.749996544,0.59449999552,1.479874996928,2.5000007679999996
1.9561500000000002e-05,22.968746496,0.59449999552,1.4811249968,2.5000007679999996
1.9562e-05,23.749996544,0.59449999552,1.4811249968,2.5000007679999996
1.95625e-05,23.749996544,0.59449999552,1.478624997056,1.8750008319999996
1.9563000000000002e-05,23.749996544,0.58824999616,1.476124997312,2.1875007999999996
1.95635e-05,24.531246592000002,0.58824999616,1.476124997312,2.5000007679999996
1.9564e-05,23.749996544,0.58824999616,1.478624997056,2.5000007679999996
1.9564500000000002e-05,23.749996544,0.58824999616,1.479874996928,2.1875007999999996
1.9565e-05,23.749996544,0.59449999552,1.4811249968,2.1875007999999996
1.95655e-05,23.749996544,0.59449999552,1.4811249968,2.1875007999999996
1.9566000000000002e-05,23.749996544,0.58824999616,1.4811249968,2.5000007679999996
1.95665e-05,22.968746496,0.59449999552,1.477374997184,2.5000007679999996
1.9567e-05,23.749996544,0.59449999552,1.47487499744,2.1875007999999996
1.9567500000000002e-05,23.749996544,0.58824999616,1.47487499744,2.1875007999999996
1.9568e-05,23.749996544,0.59449999552,1.473624997568,2.1875007999999996
1.95685e-05,23.749996544,0.58824999616,1.476124997312,2.1875007999999996
1.9569000000000002e-05,23.749996544,0.58824999616,1.477374997184,2.1875007999999996
1.95695e-05,23.749996544,0.58824999616,1.477374997184,2.1875007999999996
1.957e-05,23.749996544,0.59449999552,1.478624997056,2.1875007999999996
1.9570500000000002e-05,23.749996544,0.58824999616,1.479874996928,1.8750008319999996
1.9571000000000003e-05,23.749996544,0.58824999616,1.478624997056,2.1875007999999996
1.95715e-05,23.749996544,0.59449999552,1.478624997056,2.1875007999999996
1.9572e-05,23.749996544,0.59449999552,1.476124997312,2.5000007679999996
1.9572500000000003e-05,23.749996544,0.59449999552,1.477374997184,2.5000007679999996
1.9573e-05,24.531246592000002,0.58824999616,1.477374997184,2.1875007999999996
1.95735e-05,23.749996544,0.59449999552,1.478624997056,1.8750008319999996
1.9574000000000003e-05,23.749996544,0.59449999552,1.4823749966720001,2.1875007999999996
1.95745e-05,23.749996544,0.59449999552,1.4811249968,2.1875007999999996
1.9575e-05,23.749996544,0.59449999552,1.478624997056,1.8750008319999996
1.9575500000000003e-05,22.968746496,0.58824999616,1.477374997184,2.1875007999999996
1.9576e-05,22.968746496,0.58824999616,1.477374997184,2.1875007999999996
1.95765e-05,22.968746496,0.58824999616,1.479874996928,1.8750008319999996
1.9577000000000002e-05,22.968746496,0.58824999616,1.477374997184,2.1875007999999996
1.95775e-05,23.749996544,0.58824999616,1.476124997312,2.1875007999999996
1.9578e-05,22.968746496,0.58824999616,1.47487499744,2.1875007999999996
1.9578500000000002e-05,23.749996544,0.59449999552,1.47487499744,2.1875007999999996
1.9579e-05,23.749996544,0.59449999552,1.477374997184,2.5000007679999996
1.95795e-05,23.749996544,0.59449999552,1.478624997056,2.5000007679999996
1.9580000000000002e-05,23.749996544,0.59449999552,1.476124997312,2.5000007679999996
1.95805e-05,22.968746496,0.59449999552,1.479874996928,2.1875007999999996
1.9581e-05,23.749996544,0.59449999552,1.479874996928,2.1875007999999996
1.9581500000000002e-05,22.968746496,0.58824999616,1.476124997312,2.1875007999999996
1.9582e-05,24.531246592000002,0.59449999552,1.47487499744,2.1875007999999996
1.95825e-05,22.968746496,0.58824999616,1.478624997056,2.5000007679999996
1.9583000000000002e-05,22.968746496,0.59449999552,1.478624997056,2.5000007679999996
1.95835e-05,22.968746496,0.58824999616,1.477374997184,2.1875007999999996
1.9584e-05,23.749996544,0.58824999616,1.476124997312,2.1875007999999996
1.9584500000000002e-05,23.749996544,0.58824999616,1.477374997184,1.8750008319999996
1.9585e-05,22.968746496,0.59449999552,1.477374997184,2.1875007999999996
1.95855e-05,23.749996544,0.6007499948799999,1.477374997184,2.1875007999999996
1.9586000000000002e-05,23.749996544,0.59449999552,1.478624997056,2.1875007999999996
1.95865e-05,23.749996544,0.58824999616,1.479874996928,2.1875007999999996
1.9587e-05,23.749996544,0.58824999616,1.479874996928,2.5000007679999996
1.9587500000000002e-05,23.749996544,0.58824999616,1.4811249968,2.1875007999999996
1.9588000000000003e-05,22.968746496,0.58824999616,1.478624997056,2.5000007679999996
1.95885e-05,23.749996544,0.58824999616,1.479874996928,2.1875007999999996
1.9589e-05,23.749996544,0.59449999552,1.477374997184,2.1875007999999996
1.9589500000000003e-05,22.968746496,0.58824999616,1.476124997312,2.1875007999999996
1.959e-05,23.749996544,0.59449999552,1.477374997184,2.5000007679999996
1.95905e-05,23.749996544,0.59449999552,1.479874996928,2.5000007679999996
1.9591000000000003e-05,23.749996544,0.59449999552,1.479874996928,1.8750008319999996
1.95915e-05,22.968746496,0.58824999616,1.479874996928,2.1875007999999996
1.9592e-05,22.968746496,0.6007499948799999,1.479874996928,2.1875007999999996
1.9592500000000003e-05,23.749996544,0.59449999552,1.4811249968,2.1875007999999996
1.9593e-05,22.968746496,0.59449999552,1.477374997184,2.5000007679999996
1.95935e-05,23.749996544,0.6007499948799999,1.477374997184,2.1875007999999996
1.9594000000000002e-05,23.749996544,0.59449999552,1.476124997312,2.1875007999999996
1.95945e-05,22.187496448000005,0.58824999616,1.47487499744,2.1875007999999996
1.9595e-05,22.968746496,0.59449999552,1.478624997056,2.1875007999999996
1.9595500000000002e-05,22.968746496,0.58824999616,1.4823749966720001,2.1875007999999996
1.9596e-05,22.968746496,0.59449999552,1.479874996928,2.5000007679999996
1.95965e-05,23.749996544,0.59449999552,1.478624997056,2.5000007679999996
1.9597000000000002e-05,22.968746496,0.59449999552,1.477374997184,2.5000007679999996
1.95975e-05,22.968746496,0.59449999552,1.478624997056,2.1875007999999996
1.9598e-05,23.749996544,0.58824999616,1.479874996928,2.1875007999999996
1.9598500000000002e-05,23.749996544,0.59449999552,1.479874996928,2.1875007999999996
1.9599e-05,23.749996544,0.59449999552,1.477374997184,1.8750008319999996
1.95995e-05,22.968746496,0.59449999552,1.477374997184,2.1875007999999996
1.9600000000000002e-05,23.749996544,0.59449999552,1.478624997056,2.1875007999999996
1.96005e-05,22.968746496,0.58824999616,1.479874996928,1.5625008640000004
1.9601e-05,22.187496448000005,0.59449999552,1.479874996928,1.8750008319999996
1.9601500000000002e-05,22.968746496,0.59449999552,1.477374997184,2.1875007999999996
1.9602e-05,23.749996544,0.59449999552,1.478624997056,2.1875007999999996
1.96025e-05,22.968746496,0.58824999616,1.478624997056,2.1875007999999996
1.9603000000000002e-05,22.968746496,0.59449999552,1.476124997312,2.5000007679999996
1.96035e-05,22.968746496,0.59449999552,1.473624997568,2.5000007679999996
1.9604e-05,22.968746496,0.59449999552,1.47487499744,2.1875007999999996
1.9604500000000002e-05,22.968746496,0.59449999552,1.477374997184,1.8750008319999996
1.9605000000000003e-05,23.749996544,0.6007499948799999,1.476124997312,2.1875007999999996
1.96055e-05,22.968746496,0.59449999552,1.476124997312,2.1875007999999996
1.9606e-05,22.968746496,0.59449999552,1.477374997184,2.1875007999999996
1.9606500000000003e-05,23.749996544,0.59449999552,1.478624997056,2.5000007679999996
1.9607e-05,23.749996544,0.59449999552,1.478624997056,2.1875007999999996
1.96075e-05,22.968746496,0.59449999552,1.478624997056,1.8750008319999996
1.9608000000000003e-05,22.968746496,0.59449999552,1.476124997312,2.1875007999999996
1.96085e-05,23.749996544,0.58824999616,1.477374997184,1.8750008319999996
1.9609e-05,22.968746496,0.58824999616,1.476124997312,2.1875007999999996
1.9609500000000003e-05,22.968746496,0.59449999552,1.476124997312,1.8750008319999996
1.961e-05,22.968746496,0.59449999552,1.476124997312,2.1875007999999996
1.96105e-05,22.968746496,0.59449999552,1.478624997056,1.8750008319999996
1.9611000000000002e-05,23.749996544,0.59449999552,1.479874996928,2.1875007999999996
1.96115e-05,23.749996544,0.59449999552,1.4811249968,2.1875007999999996
1.9612e-05,23.749996544,0.6007499948799999,1.4811249968,2.5000007679999996
1.9612500000000002e-05,23.749996544,0.6007499948799999,1.4811249968,2.1875007999999996
1.9613e-05,23.749996544,0.6007499948799999,1.478624997056,2.1875007999999996
1.96135e-05,22.968746496,0.6007499948799999,1.477374997184,2.1875007999999996
1.9614000000000002e-05,23.749996544,0.59449999552,1.477374997184,2.1875007999999996
1.96145e-05,22.968746496,0.59449999552,1.478624997056,2.5000007679999996
1.9615e-05,22.968746496,0.6007499948799999,1.47487499744,2.1875007999999996
1.9615500000000002e-05,22.968746496,0.59449999552,1.476124997312,2.1875007999999996
1.9616e-05,23.749996544,0.58824999616,1.478624997056,2.1875007999999996
1.96165e-05,23.749996544,0.58824999616,1.477374997184,1.8750008319999996
1.9617000000000002e-05,22.968746496,0.59449999552,1.47487499744,2.1875007999999996
1.96175e-05,22.968746496,0.6007499948799999,1.477374997184,2.1875007999999996
1.9618e-05,23.749996544,0.6007499948799999,1.478624997056,2.1875007999999996
1.9618500000000002e-05,22.968746496,0.6007499948799999,1.477374997184,2.1875007999999996
1.9619e-05,23.749996544,0.6007499948799999,1.477374997184,2.5000007679999996
1.96195e-05,22.968746496,0.59449999552,1.477374997184,2.5000007679999996
1.9620000000000002e-05,22.968746496,0.59449999552,1.478624997056,2.1875007999999996
1.96205e-05,22.968746496,0.6007499948799999,1.479874996928,2.1875007999999996
1.9621e-05,22.968746496,0.59449999552,1.476124997312,2.1875007999999996
1.9621500000000002e-05,22.968746496,0.59449999552,1.47487499744,2.1875007999999996
1.9622000000000003e-05,22.968746496,0.58824999616,1.473624997568,2.5000007679999996
1.96225e-05,22.968746496,0.59449999552,1.476124997312,2.1875007999999996
1.9623e-05,23.749996544,0.59449999552,1.476124997312,1.8750008319999996
1.9623500000000003e-05,23.749996544,0.59449999552,1.478624997056,1.8750008319999996
1.9624e-05,22.968746496,0.59449999552,1.477374997184,2.1875007999999996
1.96245e-05,23.749996544,0.59449999552,1.477374997184,1.8750008319999996
1.9625000000000003e-05,23.749996544,0.59449999552,1.476124997312,1.8750008319999996
1.96255e-05,22.968746496,0.59449999552,1.477374997184,2.1875007999999996
1.9626e-05,23.749996544,0.59449999552,1.478624997056,2.1875007999999996
1.9626500000000003e-05,22.968746496,0.59449999552,1.479874996928,2.1875007999999996
1.9627e-05,22.968746496,0.6007499948799999,1.478624997056,2.5000007679999996
1.96275e-05,22.968746496,0.59449999552,1.478624997056,2.1875007999999996
1.9628000000000002e-05,23.749996544,0.59449999552,1.476124997312,1.8750008319999996
1.96285e-05,23.749996544,0.6007499948799999,1.478624997056,2.1875007999999996
1.9629e-05,23.749996544,0.59449999552,1.476124997312,2.1875007999999996
1.9629500000000002e-05,23.749996544,0.59449999552,1.47487499744,2.1875007999999996
1.963e-05,22.968746496,0.59449999552,1.477374997184,2.1875007999999996
1.96305e-05,22.968746496,0.59449999552,1.478624997056,2.1875007999999996
1.9631000000000002e-05,22.968746496,0.6007499948799999,1.476124997312,1.8750008319999996
1.96315e-05,23.749996544,0.59449999552,1.477374997184,1.8750008319999996
1.9632e-05,22.968746496,0.59449999552,1.476124997312,1.8750008319999996
1.9632500000000002e-05,23.749996544,0.58824999616,1.478624997056,1.8750008319999996
1.9633e-05,22.187496448000005,0.59449999552,1.478624997056,1.8750008319999996
1.96335e-05,23.749996544,0.59449999552,1.477374997184,1.8750008319999996
1.9634000000000002e-05,23.749996544,0.59449999552,1.478624997056,2.1875007999999996
1.96345e-05,22.968746496,0.59449999552,1.477374997184,1.8750008319999996
1.9635e-05,22.968746496,0.6007499948799999,1.478624997056,2.5000007679999996
1.9635500000000002e-05,22.968746496,0.59449999552,1.476124997312,2.5000007679999996
1.9636e-05,22.968746496,0.59449999552,1.476124997312,2.1875007999999996
1.96365e-05,23.749996544,0.59449999552,1.478624997056,2.1875007999999996
1.9637000000000002e-05,24.531246592000002,0.6007499948799999,1.478624997056,1.8750008319999996
1.96375e-05,23.749996544,0.59449999552,1.477374997184,1.8750008319999996
1.9638e-05,23.749996544,0.59449999552,1.476124997312,2.5000007679999996
1.9638500000000002e-05,23.749996544,0.59449999552,1.476124997312,2.5000007679999996
1.9639000000000003e-05,22.968746496,0.6007499948799999,1.477374997184,2.1875007999999996
1.96395e-05,23.749996544,0.59449999552,1.477374997184,2.1875007999999996
1.9640000000000002e-05,23.749996544,0.59449999552,1.47487499744,2.5000007679999996
1.9640500000000003e-05,23.749996544,0.59449999552,1.477374997184,1.8750008319999996
1.9641e-05,22.968746496,0.59449999552,1.47487499744,2.1875007999999996
1.96415e-05,22.968746496,0.59449999552,1.473624997568,2.1875007999999996
1.9642000000000003e-05,23.749996544,0.59449999552,1.47487499744,2.1875007999999996
1.96425e-05,22.968746496,0.59449999552,1.477374997184,1.8750008319999996
1.9643e-05,23.749996544,0.6007499948799999,1.478624997056,2.1875007999999996
1.9643500000000003e-05,22.968746496,0.59449999552,1.477374997184,2.5000007679999996
1.9644e-05,23.749996544,0.59449999552,1.476124997312,2.1875007999999996
1.96445e-05,23.749996544,0.6007499948799999,1.479874996928,2.1875007999999996
1.9645000000000002e-05,23.749996544,0.6007499948799999,1.478624997056,2.1875007999999996
1.96455e-05,22.968746496,0.6007499948799999,1.477374997184,2.5000007679999996
1.9646e-05,22.968746496,0.59449999552,1.477374997184,2.1875007999999996
1.9646500000000002e-05,22.187496448000005,0.6007499948799999,1.477374997184,2.5000007679999996
1.9647e-05,22.968746496,0.59449999552,1.47487499744,1.8750008319999996
1.96475e-05,22.968746496,0.6007499948799999,1.477374997184,2.1875007999999996
1.9648000000000002e-05,22.968746496,0.6007499948799999,1.476124997312,2.1875007999999996
1.96485e-05,23.749996544,0.59449999552,1.477374997184,1.5625008640000004
1.9649e-05,23.749996544,0.6007499948799999,1.476124997312,1.8750008319999996
1.9649500000000002e-05,22.968746496,0.6007499948799999,1.477374997184,2.5000007679999996
1.965e-05,22.968746496,0.59449999552,1.479874996928,2.1875007999999996
1.96505e-05,22.968746496,0.59449999552,1.478624997056,2.1875007999999996
1.9651000000000002e-05,23.749996544,0.6007499948799999,1.477374997184,2.1875007999999996
1.96515e-05,23.749996544,0.59449999552,1.47487499744,1.8750008319999996
1.9652e-05,23.749996544,0.58824999616,1.47487499744,2.1875007999999996
1.9652500000000002e-05,23.749996544,0.59449999552,1.476124997312,2.1875007999999996
1.9653e-05,23.749996544,0.6007499948799999,1.476124997312,2.1875007999999996
1.96535e-05,22.968746496,0.6007499948799999,1.476124997312,2.1875007999999996
1.9654000000000002e-05,22.968746496,0.59449999552,1.476124997312,2.1875007999999996
1.96545e-05,23.749996544,0.6007499948799999,1.477374997184,2.5000007679999996
1.9655e-05,22.968746496,0.6007499948799999,1.476124997312,2.1875007999999996
1.9655500000000002e-05,22.968746496,0.59449999552,1.478624997056,1.8750008319999996
1.9656000000000003e-05,22.968746496,0.58824999616,1.478624997056,2.1875007999999996
1.96565e-05,23.749996544,0.58824999616,1.476124997312,1.8750008319999996
1.9657000000000002e-05,22.968746496,0.59449999552,1.473624997568,2.1875007999999996
1.9657500000000003e-05,22.968746496,0.6007499948799999,1.47487499744,2.1875007999999996
1.9658e-05,23.749996544,0.6007499948799999,1.477374997184,2.1875007999999996
1.96585e-05,22.968746496,0.59449999552,1.478624997056,2.1875007999999996
1.9659000000000003e-05,22.968746496,0.6007499948799999,1.476124997312,2.1875007999999996
1.96595e-05,23.749996544,0.59449999552,1.47487499744,2.5000007679999996
1.966e-05,23.749996544,0.6007499948799999,1.476124997312,2.5000007679999996
1.9660500000000003e-05,23.749996544,0.6007499948799999,1.479874996928,1.8750008319999996
1.9661e-05,23.749996544,0.6007499948799999,1.478624997056,2.1875007999999996
1.96615e-05,24.531246592000002,0.59449999552,1.477374997184,2.1875007999999996
1.9662000000000003e-05,23.749996544,0.6007499948799999,1.477374997184,2.5000007679999996
1.96625e-05,22.968746496,0.6007499948799999,1.477374997184,2.1875007999999996
1.9663e-05,22.968746496,0.6007499948799999,1.476124997312,1.8750008319999996
1.9663500000000002e-05,23.749996544,0.6007499948799999,1.477374997184,1.8750008319999996
1.9664e-05,22.968746496,0.6007499948799999,1.476124997312,2.1875007999999996
1.96645e-05,23.749996544,0.59449999552,1.479874996928,1.5625008640000004
1.9665000000000002e-05,22.968746496,0.6007499948799999,1.478624997056,2.1875007999999996
1.96655e-05,22.968746496,0.59449999552,1.477374997184,2.5000007679999996
1.9666e-05,23.749996544,0.59449999552,1.476124997312,2.1875007999999996
1.9666500000000002e-05,23.749996544,0.59449999552,1.477374997184,2.1875007999999996
1.9667e-05,23.749996544,0.59449999552,1.477374997184,2.1875007999999996
1.96675e-05,23.749996544,0.59449999552,1.477374997184,1.8750008319999996
1.9668000000000002e-05,23.749996544,0.59449999552,1.47487499744,1.8750008319999996
1.96685e-05,23.749996544,0.6007499948799999,1.476124997312,1.8750008319999996
1.9669e-05,23.749996544,0.59449999552,1.47487499744,2.1875007999999996
1.9669500000000002e-05,23.749996544,0.58824999616,1.476124997312,2.1875007999999996
1.967e-05,23.749996544,0.58824999616,1.477374997184,2.1875007999999996
1.96705e-05,22.968746496,0.59449999552,1.479874996928,1.8750008319999996
1.9671000000000002e-05,23.749996544,0.59449999552,1.478624997056,1.8750008319999996
1.96715e-05,22.968746496,0.59449999552,1.479874996928,2.1875007999999996
1.9672e-05,24.531246592000002,0.60699999424,1.476124997312,2.1875007999999996
1.9672500000000002e-05,23.749996544,0.59449999552,1.477374997184,1.8750008319999996
1.9673000000000003e-05,23.749996544,0.59449999552,1.477374997184,2.1875007999999996
1.96735e-05,22.968746496,0.59449999552,1.477374997184,2.1875007999999996
1.9674000000000002e-05,24.531246592000002,0.59449999552,1.477374997184,1.8750008319999996
1.9674500000000003e-05,22.968746496,0.59449999552,1.478624997056,1.8750008319999996
1.9675e-05,23.749996544,0.59449999552,1.479874996928,2.1875007999999996
1.96755e-05,22.968746496,0.58824999616,1.477374997184,2.1875007999999996
1.9676000000000003e-05,22.968746496,0.59449999552,1.47487499744,2.1875007999999996
1.96765e-05,22.968746496,0.6007499948799999,1.476124997312,1.8750008319999996
1.9677e-05,23.749996544,0.6007499948799999,1.476124997312,1.8750008319999996
1.9677500000000003e-05,23.749996544,0.59449999552,1.47487499744,1.8750008319999996
1.9678e-05,23.749996544,0.59449999552,1.476124997312,2.1875007999999996
1.96785e-05,22.968746496,0.6007499948799999,1.478624997056,2.1875007999999996
1.9679000000000003e-05,22.968746496,0.6007499948799999,1.477374997184,2.1875007999999996
1.96795e-05,22.968746496,0.58824999616,1.477374997184,1.8750008319999996
1.968e-05,23.749996544,0.59449999552,1.476124997312,1.8750008319999996
1.9680500000000002e-05,23.749996544,0.6007499948799999,1.477374997184,1.8750008319999996
1.9681e-05,22.968746496,0.59449999552,1.477374997184,2.1875007999999996
1.96815e-05,23.749996544,0.59449999552,1.477374997184,2.1875007999999996
1.9682000000000002e-05,23.749996544,0.59449999552,1.477374997184,2.1875007999999996
1.96825e-05,22.968746496,0.59449999552,1.478624997056,1.8750008319999996
1.9683e-05,22.968746496,0.60699999424,1.479874996928,2.1875007999999996
1.9683500000000002e-05,23.749996544,0.59449999552,1.4811249968,2.1875007999999996
1.9684e-05,22.968746496,0.59449999552,1.4811249968,2.1875007999999996
1.96845e-05,23.749996544,0.6007499948799999,1.479874996928,2.1875007999999996
1.9685000000000002e-05,23.749996544,0.6007499948799999,1.476124997312,2.1875007999999996
1.96855e-05,23.749996544,0.6007499948799999,1.47487499744,2.1875007999999996
1.9686e-05,22.968746496,0.59449999552,1.476124997312,2.1875007999999996
1.9686500000000002e-05,23.749996544,0.6007499948799999,1.477374997184,2.1875007999999996
1.9687e-05,23.749996544,0.59449999552,1.477374997184,1.8750008319999996
1.96875e-05,22.968746496,0.59449999552,1.476124997312,2.1875007999999996
1.9688000000000002e-05,22.968746496,0.6007499948799999,1.47487499744,1.8750008319999996
1.96885e-05,23.749996544,0.59449999552,1.476124997312,1.8750008319999996
1.9689e-05,22.968746496,0.59449999552,1.47487499744,1.8750008319999996
1.9689500000000002e-05,22.968746496,0.59449999552,1.476124997312,2.1875007999999996
1.9690000000000003e-05,23.749996544,0.59449999552,1.477374997184,2.1875007999999996
1.96905e-05,22.968746496,0.6007499948799999,1.476124997312,2.1875007999999996
1.9691000000000002e-05,23.749996544,0.6007499948799999,1.47487499744,2.1875007999999996
1.9691500000000003e-05,23.749996544,0.59449999552,1.476124997312,2.1875007999999996
1.9692e-05,23.749996544,0.6007499948799999,1.477374997184,2.1875007999999996
1.96925e-05,22.968746496,0.6007499948799999,1.478624997056,2.1875007999999996
1.9693000000000003e-05,23.749996544,0.60699999424,1.478624997056,2.1875007999999996
1.96935e-05,22.968746496,0.6007499948799999,1.477374997184,2.1875007999999996
1.9694e-05,23.749996544,0.6007499948799999,1.477374997184,2.1875007999999996
1.9694500000000003e-05,22.968746496,0.59449999552,1.476124997312,2.1875007999999996
1.9695e-05,22.968746496,0.59449999552,1.473624997568,1.8750008319999996
1.96955e-05,22.968746496,0.6007499948799999,1.47487499744,1.8750008319999996
1.9696000000000003e-05,23.749996544,0.59449999552,1.47487499744,1.8750008319999996
1.96965e-05,23.749996544,0.59449999552,1.477374997184,1.8750008319999996
1.9697e-05,23.749996544,0.59449999552,1.477374997184,2.1875007999999996
1.9697500000000002e-05,22.968746496,0.59449999552,1.477374997184,2.1875007999999996
1.9698e-05,23.749996544,0.59449999552,1.476124997312,1.8750008319999996
1.96985e-05,22.968746496,0.59449999552,1.47487499744,1.8750008319999996
1.9699000000000002e-05,22.968746496,0.6007499948799999,1.477374997184,2.1875007999999996
1.96995e-05,22.968746496,0.59449999552,1.478624997056,2.5000007679999996
1.97e-05,22.968746496,0.6007499948799999,1.478624997056,2.5000007679999996
1.9700500000000002e-05,23.749996544,0.6007499948799999,1.478624997056,1.8750008319999996
1.9701e-05,23.749996544,0.6007499948799999,1.4811249968,1.8750008319999996
1.97015e-05,23.749996544,0.6007499948799999,1.479874996928,1.8750008319999996
1.9702000000000002e-05,23.749996544,0.59449999552,1.4811249968,2.1875007999999996
1.97025e-05,22.968746496,0.6007499948799999,1.4811249968,2.1875007999999996
1.9703e-05,22.968746496,0.6007499948799999,1.479874996928,1.8750008319999996
1.9703500000000002e-05,23.749996544,0.6007499948799999,1.4811249968,1.8750008319999996
1.9704e-05,22.968746496,0.6007499948799999,1.479874996928,2.1875007999999996
1.97045e-05,23.749996544,0.59449999552,1.479874996928,1.5625008640000004
1.9705000000000002e-05,22.968746496,0.6007499948799999,1.478624997056,1.8750008319999996
1.97055e-05,22.968746496,0.59449999552,1.478624997056,2.1875007999999996
1.9706e-05,23.749996544,0.59449999552,1.477374997184,2.1875007999999996
1.9706500000000002e-05,22.968746496,0.59449999552,1.476124997312,2.1875007999999996
1.9707000000000003e-05,22.968746496,0.60699999424,1.477374997184,2.1875007999999996
1.97075e-05,22.968746496,0.59449999552,1.477374997184,2.1875007999999996
1.9708000000000002e-05,22.968746496,0.59449999552,1.476124997312,2.1875007999999996
1.9708500000000003e-05,23.749996544,0.6007499948799999,1.478624997056,2.1875007999999996
1.9709e-05,23.749996544,0.6007499948799999,1.4811249968,1.8750008319999996
1.97095e-05,22.968746496,0.59449999552,1.4811249968,2.1875007999999996
1.9710000000000003e-05,22.968746496,0.59449999552,1.479874996928,2.1875007999999996
1.97105e-05,22.968746496,0.6007499948799999,1.479874996928,2.1875007999999996
1.9711e-05,23.749996544,0.6007499948799999,1.478624997056,1.8750008319999996
1.9711500000000003e-05,22.968746496,0.6007499948799999,1.477374997184,1.8750008319999996
1.9712e-05,23.749996544,0.59449999552,1.476124997312,1.8750008319999996
1.97125e-05,23.749996544,0.59449999552,1.478624997056,1.5625008640000004
1.9713000000000003e-05,23.749996544,0.59449999552,1.476124997312,1.8750008319999996
1.97135e-05,22.968746496,0.6007499948799999,1.47487499744,2.1875007999999996
1.9714e-05,23.749996544,0.6007499948799999,1.47487499744,2.1875007999999996
1.9714500000000002e-05,22.968746496,0.59449999552,1.476124997312,2.1875007999999996
1.9715e-05,23.749996544,0.6007499948799999,1.477374997184,2.1875007999999996
1.97155e-05,23.749996544,0.59449999552,1.476124997312,2.5000007679999996
1.9716000000000002e-05,22.968746496,0.6007499948799999,1.476124997312,1.8750008319999996
1.97165e-05,23.749996544,0.6007499948799999,1.478624997056,2.1875007999999996
1.9717e-05,23.749996544,0.59449999552,1.477374997184,1.8750008319999996
1.9717500000000002e-05,22.968746496,0.6007499948799999,1.477374997184,2.1875007999999996
1.9718e-05,22.968746496,0.59449999552,1.478624997056,2.1875007999999996
1.97185e-05,22.968746496,0.6007499948799999,1.479874996928,2.5000007679999996
1.9719000000000002e-05,22.968746496,0.6007499948799999,1.478624997056,1.8750008319999996
1.97195e-05,23.749996544,0.6007499948799999,1.478624997056,1.8750008319999996
1.972e-05,23.749996544,0.59449999552,1.47487499744,2.1875007999999996
1.9720500000000002e-05,22.968746496,0.59449999552,1.478624997056,1.8750008319999996
1.9721e-05,22.968746496,0.59449999552,1.478624997056,1.8750008319999996
1.97215e-05,23.749996544,0.6007499948799999,1.476124997312,1.8750008319999996
1.9722000000000002e-05,23.749996544,0.59449999552,1.47487499744,2.1875007999999996
1.97225e-05,22.968746496,0.6007499948799999,1.476124997312,2.1875007999999996
1.9723e-05,23.749996544,0.6007499948799999,1.476124997312,2.1875007999999996
1.9723500000000002e-05,22.968746496,0.59449999552,1.47487499744,2.5000007679999996
1.9724e-05,23.749996544,0.59449999552,1.473624997568,2.1875007999999996
1.97245e-05,23.749996544,0.6007499948799999,1.476124997312,2.1875007999999996
1.9725000000000002e-05,23.749996544,0.6007499948799999,1.476124997312,2.1875007999999996
1.9725500000000003e-05,23.749996544,0.59449999552,1.476124997312,1.8750008319999996
1.9726e-05,22.968746496,0.59449999552,1.477374997184,2.1875007999999996
1.97265e-05,22.968746496,0.59449999552,1.478624997056,2.1875007999999996
1.9727000000000003e-05,22.968746496,0.6007499948799999,1.476124997312,2.1875007999999996
1.97275e-05,22.968746496,0.6007499948799999,1.476124997312,2.1875007999999996
1.9728e-05,22.968746496,0.60699999424,1.47487499744,2.1875007999999996
1.9728500000000003e-05,23.749996544,0.6007499948799999,1.479874996928,1.8750008319999996
1.9729e-05,22.968746496,0.59449999552,1.4811249968,1.8750008319999996
1.97295e-05,22.968746496,0.6007499948799999,1.4811249968,2.1875007999999996
1.9730000000000003e-05,22.187496448000005,0.6007499948799999,1.478624997056,2.1875007999999996
1.97305e-05,22.968746496,0.6007499948799999,1.47487499744,1.8750008319999996
1.9731e-05,22.968746496,0.6007499948799999,1.476124997312,1.5625008640000004
1.9731500000000002e-05,23.749996544,0.59449999552,1.479874996928,1.8750008319999996
1.9732e-05,23.749996544,0.59449999552,1.4811249968,1.8750008319999996
1.97325e-05,22.968746496,0.6007499948799999,1.4811249968,1.8750008319999996
1.9733000000000002e-05,23.749996544,0.6007499948799999,1.479874996928,2.1875007999999996
1.97335e-05,22.968746496,0.6007499948799999,1.477374997184,2.1875007999999996
1.9734e-05,23.749996544,0.6007499948799999,1.477374997184,2.1875007999999996
1.9734500000000002e-05,22.968746496,0.59449999552,1.479874996928,2.1875007999999996
1.9735e-05,22.968746496,0.6007499948799999,1.479874996928,1.8750008319999996
1.97355e-05,22.968746496,0.6007499948799999,1.478624997056,1.8750008319999996
1.9736000000000002e-05,22.968746496,0.6007499948799999,1.477374997184,2.1875007999999996
1.97365e-05,22.968746496,0.6007499948799999,1.4823749966720001,1.8750008319999996
1.9737e-05,22.968746496,0.59449999552,1.479874996928,2.1875007999999996
1.9737500000000002e-05,22.968746496,0.6007499948799999,1.479874996928,2.1875007999999996
1.9738e-05,22.968746496,0.6007499948799999,1.478624997056,2.1875007999999996
1.97385e-05,22.968746496,0.6007499948799999,1.478624997056,1.8750008319999996
1.9739000000000002e-05,23.749996544,0.60699999424,1.478624997056,1.8750008319999996
1.97395e-05,22.968746496,0.6007499948799999,1.478624997056,2.1875007999999996
1.974e-05,23.749996544,0.6007499948799999,1.47487499744,2.1875007999999996
1.9740500000000002e-05,23.749996544,0.6007499948799999,1.478624997056,2.1875007999999996
1.9741e-05,23.749996544,0.6007499948799999,1.477374997184,1.8750008319999996
1.97415e-05,23.749996544,0.6007499948799999,1.47487499744,2.1875007999999996
1.9742000000000002e-05,22.968746496,0.59449999552,1.477374997184,2.1875007999999996
1.9742500000000003e-05,23.749996544,0.6007499948799999,1.478624997056,2.1875007999999996
1.9743e-05,23.749996544,0.60699999424,1.476124997312,1.8750008319999996
1.97435e-05,22.968746496,0.6007499948799999,1.476124997312,1.8750008319999996
1.9744000000000003e-05,22.968746496,0.59449999552,1.476124997312,2.1875007999999996
1.97445e-05,23.749996544,0.59449999552,1.479874996928,1.8750008319999996
1.9745e-05,22.968746496,0.6007499948799999,1.479874996928,2.1875007999999996
1.9745500000000003e-05,22.187496448000005,0.59449999552,1.477374997184,2.1875007999999996
1.9746e-05,23.749996544,0.59449999552,1.476124997312,2.1875007999999996
1.97465e-05,23.749996544,0.59449999552,1.476124997312,2.1875007999999996
1.9747000000000003e-05,23.749996544,0.60699999424,1.476124997312,2.1875007999999996
1.97475e-05,22.968746496,0.6007499948799999,1.476124997312,2.1875007999999996
1.9748e-05,22.187496448000005,0.6007499948799999,1.478624997056,2.1875007999999996
1.9748500000000002e-05,23.749996544,0.60699999424,1.479874996928,2.1875007999999996
1.9749e-05,23.749996544,0.6007499948799999,1.476124997312,2.1875007999999996
1.97495e-05,23.749996544,0.6007499948799999,1.47487499744,2.1875007999999996
1.9750000000000002e-05,23.749996544,0.6007499948799999,1.476124997312,2.5000007679999996
1.97505e-05,23.749996544,0.6007499948799999,1.477374997184,2.1875007999999996
1.9751e-05,23.749996544,0.6007499948799999,1.478624997056,2.1875007999999996
1.9751500000000002e-05,22.968746496,0.6007499948799999,1.477374997184,1.8750008319999996
1.9752e-05,23.749996544,0.6007499948799999,1.47487499744,1.8750008319999996
1.97525e-05,23.749996544,0.6007499948799999,1.477374997184,1.8750008319999996
1.9753000000000002e-05,22.968746496,0.6007499948799999,1.478624997056,2.1875007999999996
1.97535e-05,23.749996544,0.6007499948799999,1.478624997056,1.8750008319999996
1.9754e-05,23.749996544,0.59449999552,1.47487499744,1.8750008319999996
1.9754500000000002e-05,22.968746496,0.60699999424,1.47487499744,1.8750008319999996
1.9755e-05,23.749996544,0.60699999424,1.477374997184,2.1875007999999996
1.97555e-05,23.749996544,0.6007499948799999,1.477374997184,2.5000007679999996
1.9756000000000002e-05,23.749996544,0.6007499948799999,1.47487499744,2.1875007999999996
1.97565e-05,23.749996544,0.6007499948799999,1.476124997312,1.8750008319999996
1.9757e-05,23.749996544,0.59449999552,1.478624997056,1.8750008319999996
1.9757500000000002e-05,23.749996544,0.59449999552,1.478624997056,2.1875007999999996
1.9758e-05,22.968746496,0.6007499948799999,1.478624997056,2.1875007999999996
1.97585e-05,23.749996544,0.6007499948799999,1.478624997056,2.1875007999999996
1.9759000000000002e-05,23.749996544,0.6007499948799999,1.478624997056,1.8750008319999996
1.9759500000000003e-05,23.749996544,0.6007499948799999,1.478624997056,2.1875007999999996
1.976e-05,23.749996544,0.60699999424,1.476124997312,2.1875007999999996
1.97605e-05,23.749996544,0.6007499948799999,1.4811249968,1.8750008319999996
1.9761000000000003e-05,22.968746496,0.6007499948799999,1.479874996928,2.1875007999999996
1.97615e-05,23.749996544,0.6007499948799999,1.479874996928,1.8750008319999996
1.9762e-05,23.749996544,0.6007499948799999,1.4811249968,2.1875007999999996
1.9762500000000003e-05,22.968746496,0.6007499948799999,1.4823749966720001,2.1875007999999996
1.9763e-05,23.749996544,0.6007499948799999,1.479874996928,2.5000007679999996
1.97635e-05,23.749996544,0.6007499948799999,1.479874996928,2.5000007679999996
1.9764000000000003e-05,23.749996544,0.59449999552,1.477374997184,2.5000007679999996
1.97645e-05,23.749996544,0.59449999552,1.477374997184,1.8750008319999996
1.9765e-05,23.749996544,0.6007499948799999,1.473624997568,2.1875007999999996
1.9765500000000002e-05,23.749996544,0.6007499948799999,1.47487499744,2.1875007999999996
1.9766e-05,23.749996544,0.59449999552,1.476124997312,2.5000007679999996
1.97665e-05,22.968746496,0.59449999552,1.478624997056,2.1875007999999996
1.9767000000000002e-05,22.968746496,0.6007499948799999,1.477374997184,1.8750008319999996
1.97675e-05,22.968746496,0.6007499948799999,1.478624997056,2.1875007999999996
1.9768e-05,22.968746496,0.60699999424,1.477374997184,2.1875007999999996
1.9768500000000002e-05,22.968746496,0.59449999552,1.479874996928,1.8750008319999996
1.9769e-05,22.968746496,0.6007499948799999,1.47487499744,1.8750008319999996
1.97695e-05,22.968746496,0.6007499948799999,1.47487499744,2.1875007999999996
1.9770000000000002e-05,22.187496448000005,0.59449999552,1.476124997312,2.1875007999999996
1.97705e-05,22.968746496,0.59449999552,1.477374997184,2.1875007999999996
1.9771e-05,23.749996544,0.60699999424,1.479874996928,2.1875007999999996
1.9771500000000002e-05,22.968746496,0.6007499948799999,1.477374997184,2.1875007999999996
1.9772e-05,23.749996544,0.6007499948799999,1.476124997312,1.8750008319999996
1.97725e-05,22.968746496,0.6007499948799999,1.478624997056,2.1875007999999996
1.9773000000000002e-05,23.749996544,0.6007499948799999,1.478624997056,2.1875007999999996
1.97735e-05,23.749996544,0.59449999552,1.477374997184,2.1875007999999996
1.9774e-05,23.749996544,0.59449999552,1.478624997056,1.8750008319999996
1.9774500000000002e-05,23.749996544,0.6007499948799999,1.4811249968,2.1875007999999996
1.9775e-05,22.968746496,0.6007499948799999,1.477374997184,1.8750008319999996
1.97755e-05,22.968746496,0.6007499948799999,1.477374997184,1.8750008319999996
1.9776000000000002e-05,23.749996544,0.6007499948799999,1.476124997312,1.8750008319999996
1.9776500000000003e-05,23.749996544,0.59449999552,1.479874996928,2.1875007999999996
1.9777e-05,22.968746496,0.6007499948799999,1.477374997184,2.1875007999999996
1.97775e-05,22.968746496,0.6007499948799999,1.476124997312,2.1875007999999996
1.9778000000000003e-05,22.968746496,0.6007499948799999,1.47487499744,2.1875007999999996
1.97785e-05,22.968746496,0.6007499948799999,1.47487499744,2.1875007999999996
1.9779e-05,23.749996544,0.60699999424,1.478624997056,2.1875007999999996
1.9779500000000003e-05,22.968746496,0.6007499948799999,1.4811249968,2.1875007999999996
1.978e-05,23.749996544,0.6007499948799999,1.478624997056,2.5000007679999996
1.97805e-05,22.968746496,0.6007499948799999,1.478624997056,2.1875007999999996
1.9781000000000003e-05,23.749996544,0.6007499948799999,1.479874996928,1.8750008319999996
1.97815e-05,22.968746496,0.6007499948799999,1.479874996928,1.8750008319999996
1.9782e-05,23.749996544,0.6007499948799999,1.478624997056,1.8750008319999996
1.9782500000000002e-05,22.968746496,0.6007499948799999,1.477374997184,1.8750008319999996
1.9783e-05,23.749996544,0.60699999424,1.473624997568,1.8750008319999996
1.97835e-05,22.968746496,0.6007499948799999,1.476124997312,2.1875007999999996
1.9784000000000002e-05,22.968746496,0.60699999424,1.476124997312,2.1875007999999996
1.97845e-05,23.749996544,0.6007499948799999,1.477374997184,2.1875007999999996
1.9785e-05,22.968746496,0.60699999424,1.478624997056,1.8750008319999996
1.9785500000000002e-05,23.749996544,0.6007499948799999,1.479874996928,1.8750008319999996
1.9786e-05,22.968746496,0.59449999552,1.479874996928,2.1875007999999996
1.97865e-05,22.187496448000005,0.59449999552,1.477374997184,1.8750008319999996
1.9787000000000002e-05,22.187496448000005,0.60699999424,1.476124997312,1.8750008319999996
1.97875e-05,22.187496448000005,0.6007499948799999,1.476124997312,2.1875007999999996
1.9788e-05,21.4062464,0.60699999424,1.476124997312,2.1875007999999996
1.9788500000000002e-05,21.4062464,0.60699999424,1.478624997056,1.8750008319999996
1.9789e-05,20.624996352000004,0.6007499948799999,1.477374997184,2.1875007999999996
1.97895e-05,19.062496256000003,0.6007499948799999,1.476124997312,2.1875007999999996
1.9790000000000002e-05,19.062496256000003,0.6007499948799999,1.476124997312,2.1875007999999996
1.97905e-05,17.499996160000002,0.60699999424,1.479874996928,1.8750008319999996
1.9791e-05,16.718746112000005,0.60699999424,1.477374997184,1.8750008319999996
1.9791500000000002e-05,15.937496064000001,0.6007499948799999,1.47487499744,1.8750008319999996
1.9792e-05,15.156246015999997,0.60699999424,1.47487499744,2.1875007999999996
1.97925e-05,14.374995968000007,0.6007499948799999,1.476124997312,2.1875007999999996
1.9793000000000002e-05,12.812495872,0.60699999424,1.476124997312,1.8750008319999996
1.9793500000000003e-05,12.031245823999996,0.6007499948799999,1.477374997184,2.1875007999999996
1.9794e-05,11.249995776000006,0.59449999552,1.478624997056,2.1875007999999996
1.97945e-05,9.687495679999998,0.6007499948799999,1.479874996928,1.8750008319999996
1.9795000000000003e-05,8.906245632000008,0.60699999424,1.477374997184,1.8750008319999996
1.97955e-05,7.343745536,0.59449999552,1.47487499744,1.8750008319999996
1.9796e-05,5.781245440000006,0.6007499948799999,1.476124997312,2.1875007999999996
1.9796500000000003e-05,4.999995392000002,0.6007499948799999,1.477374997184,1.8750008319999996
1.9797e-05,4.2187453439999985,0.6007499948799999,1.477374997184,2.1875007999999996
1.97975e-05,3.4374952960000087,0.6007499948799999,1.478624997056,2.1875007999999996
1.9798000000000003e-05,1.8749952000000008,0.6007499948799999,1.477374997184,2.1875007999999996
1.97985e-05,1.0937451519999968,0.60699999424,1.477374997184,1.8750008319999996
1.9799e-05,0.312495104000007,0.60699999424,1.477374997184,1.8750008319999996
1.9799500000000002e-05,-1.250004992000001,0.6007499948799999,1.4811249968,1.8750008319999996
1.98e-05,-1.250004992000001,0.60699999424,1.479874996928,1.8750008319999996
1.98005e-05,-2.0312550399999907,0.6007499948799999,1.479874996928,1.5625008640000004
1.9801000000000002e-05,-3.5937551359999986,0.6007499948799999,1.478624997056,2.1875007999999996
1.98015e-05,-4.375005184000003,0.6007499948799999,1.478624997056,2.1875007999999996
1.9802e-05,-4.375005184000003,0.6007499948799999,1.478624997056,2.1875007999999996
1.9802500000000002e-05,-5.156255231999992,0.59449999552,1.477374997184,1.8750008319999996
1.9803e-05,-5.937505279999996,0.6007499948799999,1.477374997184,2.1875007999999996
1.98035e-05,-5.156255231999992,0.59449999552,1.478624997056,1.8750008319999996
1.9804000000000002e-05,-4.375005184000003,0.59449999552,1.477374997184,1.8750008319999996
1.98045e-05,-3.5937551359999986,0.6007499948799999,1.477374997184,1.8750008319999996
1.9805e-05,-2.8125050879999947,0.6007499948799999,1.476124997312,1.8750008319999996
1.9805500000000002e-05,-1.250004992000001,0.6007499948799999,1.47487499744,1.5625008640000004
1.9806e-05,-0.46875494399999695,0.6007499948799999,1.473624997568,2.1875007999999996
1.98065e-05,-0.46875494399999695,0.6007499948799999,1.476124997312,2.1875007999999996
1.9807000000000002e-05,-0.46875494399999695,0.60699999424,1.47487499744,1.8750008319999996
1.98075e-05,-0.46875494399999695,0.6007499948799999,1.47487499744,2.1875007999999996
1.9808e-05,1.0937451519999968,0.59449999552,1.473624997568,1.8750008319999996
1.9808500000000002e-05,1.0937451519999968,0.59449999552,1.476124997312,1.5625008640000004
1.9809e-05,-0.46875494399999695,0.6007499948799999,1.473624997568,1.8750008319999996
1.98095e-05,-1.250004992000001,0.6007499948799999,1.473624997568,1.8750008319999996
1.9810000000000002e-05,-1.250004992000001,0.59449999552,1.471124997824,2.1875007999999996
1.9810500000000003e-05,-2.0312550399999907,0.6007499948799999,1.471124997824,1.8750008319999996
1.9811e-05,-2.0312550399999907,0.6007499948799999,1.471124997824,2.1875007999999996
1.98115e-05,-2.0312550399999907,0.59449999552,1.471124997824,1.8750008319999996
1.9812000000000003e-05,-2.8125050879999947,0.6007499948799999,1.472374997696,1.8750008319999996
1.98125e-05,-2.8125050879999947,0.60699999424,1.47487499744,1.8750008319999996
1.9813e-05,-1.250004992000001,0.6007499948799999,1.472374997696,2.1875007999999996
1.9813500000000003e-05,-2.0312550399999907,0.6007499948799999,1.4686249980800001,1.8750008319999996
1.9814e-05,-0.46875494399999695,0.6007499948799999,1.467374998208,2.1875007999999996
1.98145e-05,-1.250004992000001,0.6007499948799999,1.467374998208,2.1875007999999996
1.9815000000000003e-05,-0.46875494399999695,0.60699999424,1.467374998208,1.8750008319999996
1.98155e-05,0.312495104000007,0.6007499948799999,1.469874997952,1.8750008319999996
1.9816e-05,0.312495104000007,0.6007499948799999,1.467374998208,2.1875007999999996
1.9816500000000002e-05,0.312495104000007,0.6007499948799999,1.466124998336,2.1875007999999996
1.9817e-05,0.312495104000007,0.6007499948799999,1.466124998336,2.1875007999999996
1.98175e-05,0.312495104000007,0.6007499948799999,1.469874997952,1.8750008319999996
1.9818000000000002e-05,0.312495104000007,0.6007499948799999,1.4686249980800001,2.1875007999999996
1.98185e-05,-0.46875494399999695,0.59449999552,1.466124998336,1.8750008319999996
1.9819e-05,-1.250004992000001,0.6007499948799999,1.4686249980800001,2.1875007999999996
1.9819500000000002e-05,-0.46875494399999695,0.6007499948799999,1.471124997824,2.1875007999999996
1.982e-05,-1.250004992000001,0.6007499948799999,1.471124997824,1.8750008319999996
1.98205e-05,-1.250004992000001,0.6007499948799999,1.469874997952,1.8750008319999996
1.9821000000000002e-05,-0.46875494399999695,0.6007499948799999,1.4686249980800001,2.1875007999999996
1.98215e-05,-0.46875494399999695,0.6007499948799999,1.4686249980800001,2.1875007999999996
1.9822e-05,-0.46875494399999695,0.60699999424,1.469874997952,1.8750008319999996
1.9822500000000002e-05,0.312495104000007,0.6007499948799999,1.472374997696,2.1875007999999996
1.9823e-05,0.312495104000007,0.60699999424,1.471124997824,1.8750008319999996
1.98235e-05,1.0937451519999968,0.60699999424,1.471124997824,1.8750008319999996
1.9824000000000002e-05,1.0937451519999968,0.60699999424,1.471124997824,1.8750008319999996
1.98245e-05,1.0937451519999968,0.60699999424,1.473624997568,1.5625008640000004
1.9825e-05,0.312495104000007,0.6007499948799999,1.472374997696,2.1875007999999996
1.9825500000000002e-05,0.312495104000007,0.6007499948799999,1.472374997696,2.1875007999999996
1.9826e-05,-0.46875494399999695,0.60699999424,1.472374997696,2.1875007999999996
1.98265e-05,-0.46875494399999695,0.6007499948799999,1.473624997568,1.8750008319999996
1.9827000000000002e-05,-0.46875494399999695,0.60699999424,1.472374997696,1.8750008319999996
1.9827500000000003e-05,-0.46875494399999695,0.60699999424,1.471124997824,1.8750008319999996
1.9828e-05,-0.46875494399999695,0.6007499948799999,1.472374997696,1.8750008319999996
1.98285e-05,-1.250004992000001,0.60699999424,1.476124997312,1.5625008640000004
1.9829000000000003e-05,-0.46875494399999695,0.60699999424,1.476124997312,1.8750008319999996
1.98295e-05,-0.46875494399999695,0.60699999424,1.47487499744,1.8750008319999996
1.983e-05,-0.46875494399999695,0.60699999424,1.476124997312,1.8750008319999996
1.9830500000000003e-05,-0.46875494399999695,0.60699999424,1.476124997312,2.1875007999999996
1.9831e-05,-0.46875494399999695,0.60699999424,1.476124997312,1.8750008319999996
1.98315e-05,0.312495104000007,0.6007499948799999,1.478624997056,1.8750008319999996
1.9832000000000003e-05,0.312495104000007,0.6132499936,1.477374997184,1.8750008319999996
1.98325e-05,0.312495104000007,0.6132499936,1.477374997184,1.8750008319999996
1.9833e-05,-0.46875494399999695,0.60699999424,1.477374997184,1.8750008319999996
1.9833500000000002e-05,-0.46875494399999695,0.6007499948799999,1.478624997056,2.1875007999999996
1.9834e-05,-0.46875494399999695,0.60699999424,1.478624997056,2.1875007999999996
1.98345e-05,-0.46875494399999695,0.6007499948799999,1.479874996928,1.5625008640000004
1.9835000000000002e-05,-0.46875494399999695,0.60699999424,1.4823749966720001,2.1875007999999996
1.98355e-05,-0.46875494399999695,0.60699999424,1.4823749966720001,1.8750008319999996
1.9836e-05,-1.250004992000001,0.60699999424,1.479874996928,2.5000007679999996
1.9836500000000002e-05,-1.250004992000001,0.60699999424,1.479874996928,1.8750008319999996
1.9837e-05,-0.46875494399999695,0.60699999424,1.4811249968,2.1875007999999996
1.98375e-05,-0.46875494399999695,0.60699999424,1.4811249968,1.8750008319999996
1.9838000000000002e-05,-0.46875494399999695,0.60699999424,1.4823749966720001,1.8750008319999996
1.98385e-05,-0.46875494399999695,0.60699999424,1.484874996416,2.1875007999999996
1.9839e-05,0.312495104000007,0.60699999424,1.483624996544,1.8750008319999996
1.9839500000000002e-05,-0.46875494399999695,0.60699999424,1.4823749966720001,1.5625008640000004
1.984e-05,-0.46875494399999695,0.60699999424,1.4823749966720001,1.8750008319999996
1.98405e-05,0.312495104000007,0.6007499948799999,1.483624996544,1.5625008640000004
1.9841000000000002e-05,-0.46875494399999695,0.6007499948799999,1.4823749966720001,1.8750008319999996
1.98415e-05,0.312495104000007,0.60699999424,1.4811249968,2.1875007999999996
1.9842e-05,0.312495104000007,0.60699999424,1.483624996544,1.8750008319999996
1.9842500000000002e-05,-0.46875494399999695,0.60699999424,1.4823749966720001,1.5625008640000004
1.9843e-05,-0.46875494399999695,0.6132499936,1.4823749966720001,1.8750008319999996
1.98435e-05,-0.46875494399999695,0.60699999424,1.4823749966720001,1.8750008319999996
1.9844000000000002e-05,-0.46875494399999695,0.60699999424,1.4811249968,1.5625008640000004
1.9844500000000003e-05,-0.46875494399999695,0.60699999424,1.478624997056,1.8750008319999996
1.9845e-05,0.312495104000007,0.6007499948799999,1.478624997056,1.8750008319999996
1.98455e-05,-0.46875494399999695,0.6007499948799999,1.479874996928,1.8750008319999996
1.9846000000000003e-05,-0.46875494399999695,0.59449999552,1.4823749966720001,1.8750008319999996
1.98465e-05,-0.46875494399999695,0.60699999424,1.4823749966720001,1.8750008319999996
1.9847e-05,-0.46875494399999695,0.60699999424,1.483624996544,1.5625008640000004
1.9847500000000003e-05,-0.46875494399999695,0.60699999424,1.48737499616,1.2500008959999995
1.9848e-05,-0.46875494399999695,0.60699999424,1.48737499616,1.5625008640000004
1.98485e-05,-0.46875494399999695,0.60699999424,1.489874995904,1.5625008640000004
1.9849000000000003e-05,-1.250004992000001,0.6007499948799999,1.488624996032,1.5625008640000004
1.98495e-05,-0.46875494399999695,0.6007499948799999,1.488624996032,1.8750008319999996
1.985e-05,0.312495104000007,0.6007499948799999,1.486124996288,1.8750008319999996
1.9850500000000002e-05,0.312495104000007,0.6007499948799999,1.483624996544,1.5625008640000004
1.9851e-05,0.312495104000007,0.60699999424,1.4823749966720001,1.8750008319999996
1.98515e-05,0.312495104000007,0.6007499948799999,1.4823749966720001,1.8750008319999996
1.9852000000000002e-05,-0.46875494399999695,0.6007499948799999,1.4823749966720001,1.5625008640000004
1.98525e-05,-0.46875494399999695,0.6007499948799999,1.4823749966720001,1.5625008640000004
1.9853e-05,-0.46875494399999695,0.60699999424,1.4823749966720001,1.8750008319999996
1.9853500000000002e-05,0.312495104000007,0.60699999424,1.4823749966720001,1.8750008319999996
1.9854e-05,-0.46875494399999695,0.60699999424,1.483624996544,1.8750008319999996
1.98545e-05,0.312495104000007,0.60699999424,1.484874996416,1.5625008640000004
1.9855000000000002e-05,-0.46875494399999695,0.6007499948799999,1.4823749966720001,1.8750008319999996
1.98555e-05,-0.46875494399999695,0.6007499948799999,1.4811249968,1.8750008319999996
1.9856e-05,-0.46875494399999695,0.60699999424,1.477374997184,1.8750008319999996
1.9856500000000002e-05,-0.46875494399999695,0.6007499948799999,1.478624997056,1.5625008640000004
1.9857e-05,-0.46875494399999695,0.6007499948799999,1.478624997056,1.5625008640000004
1.98575e-05,-0.46875494399999695,0.60699999424,1.478624997056,1.8750008319999996
1.9858000000000002e-05,-0.46875494399999695,0.60699999424,1.478624997056,2.1875007999999996
1.98585e-05,-0.46875494399999695,0.60699999424,1.479874996928,1.5625008640000004
1.9859e-05,-0.46875494399999695,0.60699999424,1.479874996928,1.8750008319999996
1.9859500000000002e-05,0.312495104000007,0.6007499948799999,1.479874996928,1.8750008319999996
1.986e-05,-1.250004992000001,0.6007499948799999,1.478624997056,1.8750008319999996
1.98605e-05,-0.46875494399999695,0.60699999424,1.479874996928,1.5625008640000004
1.9861000000000002e-05,-0.46875494399999695,0.60699999424,1.478624997056,1.8750008319999996
1.9861500000000003e-05,-0.46875494399999695,0.60699999424,1.478624997056,1.8750008319999996
1.9862e-05,-0.46875494399999695,0.60699999424,1.478624997056,1.8750008319999996
1.98625e-05,-0.46875494399999695,0.60699999424,1.479874996928,2.1875007999999996
1.9863000000000003e-05,-0.46875494399999695,0.60699999424,1.478624997056,1.8750008319999996
1.98635e-05,-0.46875494399999695,0.6007499948799999,1.478624997056,1.5625008640000004
1.9864e-05,0.312495104000007,0.6132499936,1.477374997184,2.1875007999999996
1.9864500000000003e-05,0.312495104000007,0.60699999424,1.478624997056,1.8750008319999996
1.9865e-05,-0.46875494399999695,0.6007499948799999,1.47487499744,1.5625008640000004
1.98655e-05,-0.46875494399999695,0.6007499948799999,1.472374997696,1.8750008319999996
1.9866000000000003e-05,0.312495104000007,0.59449999552,1.471124997824,2.1875007999999996
1.98665e-05,0.312495104000007,0.59449999552,1.47487499744,1.5625008640000004
1.9867e-05,0.312495104000007,0.60699999424,1.476124997312,1.8750008319999996
1.9867500000000002e-05,-0.46875494399999695,0.6007499948799999,1.47487499744,1.8750008319999996
1.9868e-05,0.312495104000007,0.6007499948799999,1.47487499744,1.5625008640000004
1.98685e-05,0.312495104000007,0.6007499948799999,1.477374997184,1.8750008319999996
1.9869000000000002e-05,0.312495104000007,0.6007499948799999,1.47487499744,1.8750008319999996
1.98695e-05,-0.46875494399999695,0.6007499948799999,1.473624997568,1.5625008640000004
1.987e-05,-0.46875494399999695,0.59449999552,1.472374997696,1.8750008319999996
1.9870500000000002e-05,0.312495104000007,0.6007499948799999,1.473624997568,1.8750008319999996
1.9871e-05,0.312495104000007,0.60699999424,1.473624997568,1.5625008640000004
1.98715e-05,0.312495104000007,0.6007499948799999,1.47487499744,1.5625008640000004
1.9872000000000002e-05,-0.46875494399999695,0.59449999552,1.47487499744,1.8750008319999996
1.98725e-05,-0.46875494399999695,0.59449999552,1.476124997312,1.8750008319999996
1.9873e-05,-0.46875494399999695,0.6007499948799999,1.476124997312,1.5625008640000004
1.9873500000000002e-05,0.312495104000007,0.6007499948799999,1.476124997312,1.8750008319999996
1.9874e-05,0.312495104000007,0.6007499948799999,1.47487499744,1.8750008319999996
1.98745e-05,-0.46875494399999695,0.60699999424,1.47487499744,1.5625008640000004
1.9875000000000002e-05,-0.46875494399999695,0.60699999424,1.473624997568,1.8750008319999996
1.98755e-05,-0.46875494399999695,0.59449999552,1.472374997696,1.8750008319999996
1.9876e-05,-1.250004992000001,0.6007499948799999,1.472374997696,1.8750008319999996
1.9876500000000002e-05,-0.46875494399999695,0.6007499948799999,1.472374997696,1.8750008319999996
1.9877e-05,-0.46875494399999695,0.60699999424,1.472374997696,1.8750008319999996
1.98775e-05,-1.250004992000001,0.60699999424,1.471124997824,1.5625008640000004
1.9878000000000002e-05,-0.46875494399999695,0.6007499948799999,1.472374997696,1.8750008319999996
1.9878500000000003e-05,-1.250004992000001,0.60699999424,1.473624997568,1.8750008319999996
1.9879e-05,-1.250004992000001,0.60699999424,1.473624997568,1.8750008319999996
1.98795e-05,-0.46875494399999695,0.59449999552,1.476124997312,1.8750008319999996
1.9880000000000003e-05,-0.46875494399999695,0.60699999424,1.476124997312,1.8750008319999996
1.98805e-05,-0.46875494399999695,0.59449999552,1.478624997056,1.8750008319999996
1.9881e-05,-1.250004992000001,0.6007499948799999,1.476124997312,2.1875007999999996
1.9881500000000003e-05,0.312495104000007,0.6007499948799999,1.477374997184,2.1875007999999996
1.9882e-05,-0.46875494399999695,0.6007499948799999,1.477374997184,2.1875007999999996
1.98825e-05,-0.46875494399999695,0.6007499948799999,1.477374997184,1.8750008319999996
1.9883000000000003e-05,-0.46875494399999695,0.60699999424,1.476124997312,1.8750008319999996
1.98835e-05,0.312495104000007,0.6007499948799999,1.477374997184,1.8750008319999996
1.9884e-05,-1.250004992000001,0.6007499948799999,1.479874996928,1.5625008640000004
1.9884500000000002e-05,-0.46875494399999695,0.6007499948799999,1.479874996928,1.5625008640000004
1.9885e-05,-0.46875494399999695,0.6007499948799999,1.4811249968,1.8750008319999996
1.98855e-05,-0.46875494399999695,0.60699999424,1.479874996928,1.8750008319999996
1.9886000000000002e-05,-0.46875494399999695,0.60699999424,1.478624997056,1.8750008319999996
1.98865e-05,-0.46875494399999695,0.60699999424,1.478624997056,1.8750008319999996
1.9887e-05,-1.250004992000001,0.60699999424,1.477374997184,1.8750008319999996
1.9887500000000002e-05,-0.46875494399999695,0.60699999424,1.477374997184,1.8750008319999996
1.9888e-05,0.312495104000007,0.60699999424,1.476124997312,1.8750008319999996
1.98885e-05,0.312495104000007,0.6007499948799999,1.477374997184,1.2500008959999995
1.9889000000000002e-05,-1.250004992000001,0.60699999424,1.477374997184,1.8750008319999996
1.98895e-05,-1.250004992000001,0.6007499948799999,1.476124997312,1.8750008319999996
1.989e-05,0.312495104000007,0.60699999424,1.478624997056,1.5625008640000004
1.9890500000000002e-05,-0.46875494399999695,0.60699999424,1.4823749966720001,1.5625008640000004
1.9891e-05,-0.46875494399999695,0.6007499948799999,1.483624996544,1.8750008319999996
1.98915e-05,-0.46875494399999695,0.6007499948799999,1.4823749966720001,1.8750008319999996
1.9892000000000002e-05,-0.46875494399999695,0.6007499948799999,1.479874996928,1.8750008319999996
1.98925e-05,-0.46875494399999695,0.6007499948799999,1.4811249968,1.5625008640000004
1.9893e-05,-0.46875494399999695,0.60699999424,1.4823749966720001,1.8750008319999996
1.9893500000000002e-05,-0.46875494399999695,0.60699999424,1.4823749966720001,1.8750008319999996
1.9894e-05,0.312495104000007,0.60699999424,1.4811249968,1.8750008319999996
1.98945e-05,-0.46875494399999695,0.6132499936,1.479874996928,1.8750008319999996
1.9895000000000002e-05,-1.250004992000001,0.60699999424,1.479874996928,1.5625008640000004
1.9895500000000003e-05,0.312495104000007,0.60699999424,1.479874996928,1.5625008640000004
1.9896e-05,0.312495104000007,0.60699999424,1.479874996928,1.8750008319999996
1.9896500000000002e-05,0.312495104000007,0.60699999424,1.4823749966720001,1.5625008640000004
1.9897000000000003e-05,-1.250004992000001,0.6007499948799999,1.4811249968,1.5625008640000004
1.98975e-05,-0.46875494399999695,0.60699999424,1.4823749966720001,1.8750008319999996
1.9898e-05,-0.46875494399999695,0.60699999424,1.4823749966720001,1.8750008319999996
1.9898500000000003e-05,0.312495104000007,0.60699999424,1.4811249968,1.5625008640000004
1.9899e-05,-0.46875494399999695,0.60699999424,1.4823749966720001,1.8750008319999996
1.98995e-05,0.312495104000007,0.60699999424,1.483624996544,1.8750008319999996
1.9900000000000003e-05,-0.46875494399999695,0.60699999424,1.4823749966720001,1.5625008640000004
1.99005e-05,-0.46875494399999695,0.60699999424,1.4823749966720001,1.5625008640000004
1.9901e-05,0.312495104000007,0.60699999424,1.4811249968,1.8750008319999996
1.9901500000000002e-05,-0.46875494399999695,0.60699999424,1.4811249968,1.8750008319999996
1.9902e-05,-0.46875494399999695,0.60699999424,1.4823749966720001,1.8750008319999996
1.99025e-05,-0.46875494399999695,0.60699999424,1.4811249968,1.8750008319999996
1.9903000000000002e-05,-0.46875494399999695,0.60699999424,1.479874996928,1.5625008640000004
1.99035e-05,0.312495104000007,0.6007499948799999,1.479874996928,1.5625008640000004
1.9904e-05,0.312495104000007,0.60699999424,1.479874996928,1.8750008319999996
1.9904500000000002e-05,-1.250004992000001,0.6007499948799999,1.483624996544,1.5625008640000004
1.9905e-05,-1.250004992000001,0.60699999424,1.484874996416,1.8750008319999996
1.99055e-05,-0.46875494399999695,0.60699999424,1.4823749966720001,1.8750008319999996
1.9906000000000002e-05,-0.46875494399999695,0.60699999424,1.478624997056,1.8750008319999996
1.99065e-05,-0.46875494399999695,0.60699999424,1.478624997056,1.8750008319999996
1.9907e-05,-0.46875494399999695,0.60699999424,1.479874996928,1.8750008319999996
1.9907500000000002e-05,-0.46875494399999695,0.6007499948799999,1.4811249968,1.8750008319999996
1.9908e-05,-0.46875494399999695,0.6007499948799999,1.479874996928,1.8750008319999996
1.99085e-05,0.312495104000007,0.6007499948799999,1.4811249968,1.8750008319999996
1.9909000000000002e-05,-0.46875494399999695,0.60699999424,1.478624997056,1.8750008319999996
1.99095e-05,0.312495104000007,0.60699999424,1.47487499744,1.8750008319999996
1.991e-05,-0.46875494399999695,0.60699999424,1.476124997312,1.8750008319999996
1.9910500000000002e-05,-0.46875494399999695,0.60699999424,1.479874996928,1.8750008319999996
1.9911e-05,0.312495104000007,0.60699999424,1.479874996928,1.5625008640000004
1.99115e-05,0.312495104000007,0.60699999424,1.478624997056,1.8750008319999996
1.9912000000000002e-05,0.312495104000007,0.60699999424,1.477374997184,1.8750008319999996
1.9912500000000003e-05,-0.46875494399999695,0.60699999424,1.479874996928,1.5625008640000004
1.9913e-05,-1.250004992000001,0.6007499948799999,1.478624997056,1.8750008319999996
1.9913500000000002e-05,-0.46875494399999695,0.6007499948799999,1.478624997056,1.8750008319999996
1.9914000000000003e-05,-0.46875494399999695,0.6007499948799999,1.478624997056,1.8750008319999996
1.99145e-05,0.312495104000007,0.6007499948799999,1.478624997056,1.5625008640000004
1.9915e-05,-0.46875494399999695,0.60699999424,1.477374997184,1.8750008319999996
1.9915500000000003e-05,-0.46875494399999695,0.60699999424,1.47487499744,1.8750008319999996
1.9916e-05,-0.46875494399999695,0.60699999424,1.47487499744,1.5625008640000004
1.99165e-05,0.312495104000007,0.6007499948799999,1.477374997184,1.5625008640000004
1.9917000000000003e-05,-0.46875494399999695,0.60699999424,1.477374997184,1.8750008319999996
1.99175e-05,-0.46875494399999695,0.60699999424,1.47487499744,1.8750008319999996
1.9918e-05,0.312495104000007,0.6007499948799999,1.473624997568,2.1875007999999996
1.9918500000000003e-05,-0.46875494399999695,0.60699999424,1.47487499744,2.1875007999999996
1.9919e-05,0.312495104000007,0.60699999424,1.476124997312,1.8750008319999996
1.99195e-05,0.312495104000007,0.60699999424,1.479874996928,1.8750008319999996
1.9920000000000002e-05,0.312495104000007,0.60699999424,1.477374997184,1.5625008640000004
1.99205e-05,0.312495104000007,0.6007499948799999,1.477374997184,1.5625008640000004
1.9921e-05,0.312495104000007,0.60699999424,1.477374997184,1.5625008640000004
1.9921500000000002e-05,0.312495104000007,0.60699999424,1.47487499744,1.5625008640000004
1.9922e-05,-0.46875494399999695,0.60699999424,1.476124997312,1.8750008319999996
1.99225e-05,-0.46875494399999695,0.60699999424,1.478624997056,1.5625008640000004
1.9923000000000002e-05,0.312495104000007,0.6132499936,1.478624997056,1.8750008319999996
1.99235e-05,0.312495104000007,0.6007499948799999,1.477374997184,1.8750008319999996
1.9924e-05,0.312495104000007,0.60699999424,1.476124997312,1.5625008640000004
1.9924500000000002e-05,-0.46875494399999695,0.6132499936,1.478624997056,1.5625008640000004
1.9925e-05,0.312495104000007,0.60699999424,1.476124997312,1.8750008319999996
1.99255e-05,0.312495104000007,0.60699999424,1.476124997312,1.5625008640000004
1.9926000000000002e-05,-0.46875494399999695,0.60699999424,1.47487499744,2.1875007999999996
1.99265e-05,-1.250004992000001,0.60699999424,1.47487499744,1.5625008640000004
1.9927e-05,0.312495104000007,0.60699999424,1.47487499744,1.5625008640000004
1.9927500000000002e-05,0.312495104000007,0.60699999424,1.478624997056,1.8750008319999996
1.9928e-05,0.312495104000007,0.6132499936,1.477374997184,1.8750008319999996
1.99285e-05,0.312495104000007,0.6007499948799999,1.477374997184,1.8750008319999996
1.9929000000000002e-05,-1.250004992000001,0.6007499948799999,1.477374997184,1.5625008640000004
1.9929500000000003e-05,-0.46875494399999695,0.6007499948799999,1.477374997184,1.5625008640000004
1.993e-05,-0.46875494399999695,0.60699999424,1.477374997184,1.5625008640000004
1.9930500000000002e-05,-0.46875494399999695,0.60699999424,1.479874996928,1.5625008640000004
1.9931000000000003e-05,-0.46875494399999695,0.6132499936,1.478624997056,1.8750008319999996
1.99315e-05,0.312495104000007,0.60699999424,1.478624997056,1.8750008319999996
1.9932e-05,-0.46875494399999695,0.60699999424,1.477374997184,1.5625008640000004
1.9932500000000003e-05,-0.46875494399999695,0.6132499936,1.479874996928,1.5625008640000004
1.9933e-05,-0.46875494399999695,0.60699999424,1.478624997056,1.8750008319999996
1.99335e-05,-1.250004992000001,0.6132499936,1.477374997184,1.8750008319999996
1.9934000000000003e-05,-0.46875494399999695,0.6007499948799999,1.477374997184,1.8750008319999996
1.99345e-05,-0.46875494399999695,0.6007499948799999,1.479874996928,1.5625008640000004
1.9935e-05,0.312495104000007,0.60699999424,1.479874996928,1.5625008640000004
1.9935500000000003e-05,-1.250004992000001,0.60699999424,1.479874996928,1.2500008959999995
1.9936e-05,-0.46875494399999695,0.60699999424,1.47487499744,1.5625008640000004
1.99365e-05,-0.46875494399999695,0.60699999424,1.476124997312,1.2500008959999995
1.9937000000000002e-05,-1.250004992000001,0.60699999424,1.476124997312,1.8750008319999996
1.99375e-05,0.312495104000007,0.60699999424,1.477374997184,1.8750008319999996
1.9938e-05,0.312495104000007,0.60699999424,1.478624997056,1.5625008640000004
1.9938500000000002e-05,-0.46875494399999695,0.60699999424,1.477374997184,1.5625008640000004
1.9939e-05,-0.46875494399999695,0.60699999424,1.477374997184,1.8750008319999996
1.99395e-05,-0.46875494399999695,0.60699999424,1.476124997312,1.8750008319999996
1.9940000000000002e-05,-1.250004992000001,0.6132499936,1.47487499744,1.5625008640000004
1.99405e-05,-0.46875494399999695,0.60699999424,1.477374997184,1.5625008640000004
1.9941e-05,-0.46875494399999695,0.60699999424,1.477374997184,1.8750008319999996
1.9941500000000002e-05,-1.250004992000001,0.6132499936,1.476124997312,1.5625008640000004
1.9942e-05,-0.46875494399999695,0.60699999424,1.476124997312,1.8750008319999996
1.99425e-05,-0.46875494399999695,0.60699999424,1.477374997184,1.5625008640000004
1.9943000000000002e-05,-0.46875494399999695,0.60699999424,1.477374997184,1.5625008640000004
1.99435e-05,-0.46875494399999695,0.60699999424,1.478624997056,1.2500008959999995
1.9944e-05,0.312495104000007,0.6132499936,1.47487499744,1.5625008640000004
1.9944500000000002e-05,-0.46875494399999695,0.60699999424,1.476124997312,1.5625008640000004
1.9945e-05,-0.46875494399999695,0.60699999424,1.476124997312,1.8750008319999996
1.99455e-05,-0.46875494399999695,0.60699999424,1.477374997184,1.5625008640000004
1.9946000000000002e-05,-0.46875494399999695,0.60699999424,1.477374997184,1.8750008319999996
1.9946500000000003e-05,-0.46875494399999695,0.6132499936,1.478624997056,1.5625008640000004
1.9947e-05,0.312495104000007,0.6132499936,1.479874996928,1.8750008319999996
1.9947500000000002e-05,-0.46875494399999695,0.60699999424,1.479874996928,1.5625008640000004
1.9948000000000003e-05,-0.46875494399999695,0.6132499936,1.479874996928,1.5625008640000004
1.99485e-05,-0.46875494399999695,0.6132499936,1.479874996928,1.5625008640000004
1.9949e-05,-0.46875494399999695,0.6132499936,1.4811249968,1.8750008319999996
1.9949500000000003e-05,-0.46875494399999695,0.6007499948799999,1.479874996928,1.5625008640000004
1.995e-05,-0.46875494399999695,0.6007499948799999,1.478624997056,1.5625008640000004
1.99505e-05,0.312495104000007,0.6007499948799999,1.479874996928,1.5625008640000004
1.9951000000000003e-05,-0.46875494399999695,0.60699999424,1.479874996928,1.5625008640000004
1.99515e-05,-0.46875494399999695,0.60699999424,1.479874996928,1.2500008959999995
1.9952e-05,-1.250004992000001,0.60699999424,1.478624997056,1.2500008959999995
1.9952500000000003e-05,-0.46875494399999695,0.60699999424,1.479874996928,1.5625008640000004
1.9953e-05,-0.46875494399999695,0.60699999424,1.479874996928,1.8750008319999996
1.99535e-05,0.312495104000007,0.60699999424,1.479874996928,1.5625008640000004
1.9954000000000002e-05,0.312495104000007,0.60699999424,1.479874996928,1.8750008319999996
1.99545e-05,-0.46875494399999695,0.60699999424,1.478624997056,1.2500008959999995
1.9955e-05,-0.46875494399999695,0.60699999424,1.479874996928,1.8750008319999996
1.9955500000000002e-05,0.312495104000007,0.60699999424,1.4811249968,1.5625008640000004
1.9956e-05,-0.46875494399999695,0.60699999424,1.478624997056,1.5625008640000004
1.99565e-05,-0.46875494399999695,0.6132499936,1.479874996928,1.5625008640000004
1.9957000000000002e-05,-0.46875494399999695,0.6132499936,1.478624997056,1.8750008319999996
1.99575e-05,-0.46875494399999695,0.6132499936,1.477374997184,1.5625008640000004
1.9958e-05,-0.46875494399999695,0.60699999424,1.478624997056,1.5625008640000004
1.9958500000000002e-05,0.312495104000007,0.60699999424,1.4811249968,1.8750008319999996
1.9959e-05,-0.46875494399999695,0.60699999424,1.478624997056,1.5625008640000004
1.99595e-05,-0.46875494399999695,0.6132499936,1.478624997056,1.5625008640000004
1.9960000000000002e-05,-0.46875494399999695,0.6132499936,1.478624997056,1.5625008640000004
1.99605e-05,0.312495104000007,0.60699999424,1.4811249968,1.2500008959999995
1.9961e-05,-0.46875494399999695,0.6132499936,1.479874996928,1.5625008640000004
1.9961500000000002e-05,-0.46875494399999695,0.60699999424,1.478624997056,1.5625008640000004
1.9962e-05,0.312495104000007,0.60699999424,1.479874996928,1.5625008640000004
1.99625e-05,-0.46875494399999695,0.60699999424,1.4811249968,1.5625008640000004
1.9963000000000002e-05,-0.46875494399999695,0.6132499936,1.478624997056,1.8750008319999996
1.9963500000000003e-05,-0.46875494399999695,0.60699999424,1.478624997056,1.8750008319999996
1.9964e-05,-0.46875494399999695,0.60699999424,1.479874996928,1.5625008640000004
1.9964500000000002e-05,0.312495104000007,0.60699999424,1.4823749966720001,1.5625008640000004
1.9965000000000003e-05,0.312495104000007,0.60699999424,1.4823749966720001,1.5625008640000004
1.99655e-05,-0.46875494399999695,0.60699999424,1.4823749966720001,1.5625008640000004
1.9966e-05,-0.46875494399999695,0.6007499948799999,1.4823749966720001,1.5625008640000004
1.9966500000000003e-05,-0.46875494399999695,0.60699999424,1.4811249968,1.5625008640000004
1.9967e-05,0.312495104000007,0.6132499936,1.479874996928,1.5625008640000004
1.99675e-05,0.312495104000007,0.60699999424,1.479874996928,1.2500008959999995
1.9968000000000003e-05,-0.46875494399999695,0.6132499936,1.476124997312,1.2500008959999995
1.99685e-05,-1.250004992000001,0.60699999424,1.479874996928,1.5625008640000004
1.9969e-05,-0.46875494399999695,0.60699999424,1.4811249968,1.8750008319999996
1.9969500000000003e-05,-1.250004992000001,0.6132499936,1.4823749966720001,1.5625008640000004
1.997e-05,-0.46875494399999695,0.6132499936,1.4823749966720001,1.2500008959999995
1.99705e-05,-0.46875494399999695,0.60699999424,1.479874996928,1.2500008959999995
1.9971000000000002e-05,-0.46875494399999695,0.6132499936,1.478624997056,1.5625008640000004
1.99715e-05,-0.46875494399999695,0.60699999424,1.478624997056,1.5625008640000004
1.9972e-05,-0.46875494399999695,0.60699999424,1.477374997184,1.5625008640000004
1.9972500000000002e-05,-0.46875494399999695,0.6132499936,1.479874996928,1.5625008640000004
1.9973e-05,0.312495104000007,0.6132499936,1.4811249968,1.8750008319999996
1.99735e-05,0.312495104000007,0.6132499936,1.479874996928,1.8750008319999996
1.9974000000000002e-05,-0.46875494399999695,0.6132499936,1.4811249968,1.8750008319999996
1.99745e-05,-0.46875494399999695,0.60699999424,1.4823749966720001,1.8750008319999996
1.9975e-05,-0.46875494399999695,0.60699999424,1.477374997184,1.8750008319999996
1.9975500000000002e-05,-0.46875494399999695,0.60699999424,1.477374997184,1.2500008959999995
1.9976e-05,0.312495104000007,0.60699999424,1.476124997312,1.5625008640000004
1.99765e-05,0.312495104000007,0.6132499936,1.476124997312,1.5625008640000004
1.9977000000000002e-05,-0.46875494399999695,0.60699999424,1.47487499744,1.5625008640000004
1.99775e-05,-0.46875494399999695,0.60699999424,1.477374997184,1.5625008640000004
1.9978e-05,0.312495104000007,0.60699999424,1.478624997056,1.8750008319999996
1.9978500000000002e-05,-0.46875494399999695,0.60699999424,1.477374997184,1.2500008959999995
1.9979e-05,-0.46875494399999695,0.6132499936,1.478624997056,1.8750008319999996
1.99795e-05,0.312495104000007,0.60699999424,1.4811249968,1.5625008640000004
1.9980000000000002e-05,-0.46875494399999695,0.60699999424,1.479874996928,1.5625008640000004
1.9980500000000003e-05,-0.46875494399999695,0.60699999424,1.479874996928,1.5625008640000004
1.9981e-05,0.312495104000007,0.60699999424,1.479874996928,1.5625008640000004
1.9981500000000002e-05,-0.46875494399999695,0.60699999424,1.478624997056,1.5625008640000004
1.9982000000000003e-05,-0.46875494399999695,0.60699999424,1.477374997184,1.5625008640000004
1.99825e-05,-0.46875494399999695,0.60699999424,1.477374997184,1.8750008319999996
1.9983e-05,0.312495104000007,0.60699999424,1.476124997312,1.5625008640000004
1.9983500000000003e-05,0.312495104000007,0.60699999424,1.477374997184,1.2500008959999995
1.9984e-05,-0.46875494399999695,0.60699999424,1.476124997312,1.5625008640000004
1.99845e-05,0.312495104000007,0.60699999424,1.477374997184,1.5625008640000004
1.9985000000000003e-05,0.312495104000007,0.60699999424,1.477374997184,1.5625008640000004
1.99855e-05,-0.46875494399999695,0.60699999424,1.478624997056,1.5625008640000004
1.9986e-05,-0.46875494399999695,0.60699999424,1.479874996928,1.5625008640000004
1.9986500000000003e-05,-0.46875494399999695,0.60699999424,1.478624997056,1.2500008959999995
1.9987e-05,-0.46875494399999695,0.6132499936,1.478624997056,1.5625008640000004
1.99875e-05,-0.46875494399999695,0.60699999424,1.4811249968,1.5625008640000004
1.9988000000000002e-05,-0.46875494399999695,0.60699999424,1.4811249968,1.5625008640000004
1.99885e-05,-0.46875494399999695,0.60699999424,1.4811249968,1.2500008959999995
1.9989e-05,0.312495104000007,0.60699999424,1.4811249968,1.5625008640000004
1.9989500000000002e-05,0.312495104000007,0.6007499948799999,1.478624997056,1.5625008640000004
1.999e-05,-0.46875494399999695,0.6007499948799999,1.478624997056,1.8750008319999996
1.99905e-05,-0.46875494399999695,0.60699999424,1.478624997056,1.5625008640000004
1.9991000000000002e-05,0.312495104000007,0.60699999424,1.478624997056,1.5625008640000004
1.99915e-05,-0.46875494399999695,0.60699999424,1.478624997056,1.5625008640000004
1.9992e-05,0.312495104000007,0.60699999424,1.477374997184,1.5625008640000004
1.9992500000000002e-05,0.312495104000007,0.6007499948799999,1.4811249968,1.2500008959999995
1.9993e-05,-0.46875494399999695,0.60699999424,1.478624997056,1.2500008959999995
1.99935e-05,-0.46875494399999695,0.60699999424,1.477374997184,1.5625008640000004
1.9994000000000002e-05,0.312495104000007,0.60699999424,1.478624997056,1.5625008640000004
1.99945e-05,-0.46875494399999695,0.60699999424,1.4811249968,1.5625008640000004
1.9995e-05,-0.46875494399999695,0.6132499936,1.479874996928,1.5625008640000004
1.9995500000000002e-05,0.312495104000007,0.60699999424,1.478624997056,1.8750008319999996
1.9996e-05,0.312495104000007,0.6132499936,1.478624997056,1.5625008640000004
1.99965e-05,-0.46875494399999695,0.6132499936,1.479874996928,1.5625008640000004
1.9997000000000002e-05,-0.46875494399999695,0.6132499936,1.477374997184,1.5625008640000004
1.9997500000000003e-05,-0.46875494399999695,0.60699999424,1.478624997056,1.2500008959999995
1.9998e-05,-0.46875494399999695,0.60699999424,1.478624997056,1.5625008640000004
1.9998500000000002e-05,0.312495104000007,0.60699999424,1.4811249968,1.5625008640000004
1.9999000000000003e-05,0.312495104000007,0.6132499936,1.4811249968,1.5625008640000004
1.99995e-05,0.312495104000007,0.60699999424,1.479874996928,1.2500008959999995
